1.154439
1.751523
1.960321
2.888938
3.883170
4.889744
5.947658
6.823605
7.678288
8.197288
8.554090
8.813503
9.097364
9.387387
9.093493
7.335662
5.623769
4.120493
2.198340
-0.290584
-2.828664
-4.985092
-6.543212
-7.669433
-8.238708
-7.684842
-7.891201
2.495657
8.268220
1.967399
-4.908993
-13.756301
-25.533951
-25.766476
-18.081675
-8.010878
-4.605081
-1.223841
5.807786
12.522335
13.429722
12.825522
11.171585
8.596343
6.886528
6.025162
4.445056
6.038780
7.424365
-2.149631
-12.878287
1.826522
5.127073
-0.908230
-17.086838
-30.086990
-29.583097
-27.506237
-26.233267
-25.567522
-19.931414
-4.860089
-3.187046
0.463850
1.261080
6.687194
4.679495
4.102648
25.044182
19.956068
19.081367
22.446728
22.580715
0.914433
-0.323902
-2.604591
-1.818622
-1.029192
-0.217618
0.568903
1.422021
2.283474
3.141224
3.996502
4.833526
5.668106
6.412507
7.181107
7.774549
8.121182
7.358421
5.640673
4.329478
3.436596
2.542631
1.338928
0.481734
-0.565491
-2.176623
-3.743307
-5.893379
-7.386192
2.079548
-0.984915
0.921828
-2.215373
-8.804201
-15.470704
-17.358372
-19.489491
-23.131607
-22.126347
-20.887838
-26.171129
-25.230434
-18.871304
-11.502068
0.000549
1.318060
7.427416
8.467987
8.659904
8.044153
12.153440
10.864854
14.392185
20.425051
26.029209
25.326220
17.285742
4.828960
-2.767514
-5.145967
-1.647069
-2.515274
4.456239
4.730546
4.520533
3.599123
2.587978
1.907418
1.938500
1.026713
4.647913
9.628624
7.293407
1.267113
-4.714830
-8.217581
-9.009038
-9.693318
-10.968303
-10.352961
-7.494995
-5.627840
3.788673
5.475737
5.694978
4.841367
4.124160
3.637465
3.161139
1.828792
6.718234
10.679103
5.671742
0.174536
-4.094360
-6.765967
-7.464304
-8.785319
-10.300535
-10.165817
-7.701219
-4.013610
3.320305
6.043012
6.229734
5.362841
4.653687
4.108202
3.473667
1.958891
7.298193
9.886613
5.116451
0.311336
-3.325002
-5.932256
-6.977717
-8.525566
-10.325005
-10.315051
-7.640457
-3.879784
2.762816
5.969041
6.205106
5.380531
4.690366
4.192182
3.612945
2.180466
4.734621
15.519199
5.366853
0.386347
-3.085560
-5.923979
-7.418913
-8.873055
-10.484617
-10.289909
-7.898303
-3.553747
4.665335
5.159393
5.618926
5.215475
4.636549
4.093036
3.370171
1.791666
4.765390
15.691336
4.912646
-0.221705
-3.759199
-6.619373
-7.892748
-9.174850
-10.577873
-10.356236
-8.025505
-3.874286
4.866954
5.475749
5.888666
5.404801
4.745365
4.209562
3.496694
1.955008
4.806950
15.616181
5.144786
0.228986
-3.187062
-6.083955
-7.508997
-8.636118
-9.975106
-9.446083
-7.297437
-2.508320
4.732479
5.163694
5.518697
5.119086
4.429729
3.900023
3.239199
1.745501
4.603005
16.409712
4.830703
-0.634506
-4.349871
-7.040274
-7.933922
-9.178342
-10.488126
-10.024944
-7.177438
-3.510647
5.304617
5.776981
6.033817
5.386765
4.716823
4.174551
3.642579
2.118595
4.935704
14.990675
5.291798
0.281264
-3.346610
-6.213912
-7.466469
-8.851423
-10.368032
-9.861765
-7.054404
-3.116514
5.195919
5.573485
5.845310
5.334944
4.621351
4.131426
3.635156
2.224459
4.492255
15.564747
4.704848
-0.680901
-4.434885
-7.027982
-7.733279
-9.066579
-10.551350
-9.934709
-6.929379
-3.037779
5.425000
5.868576
6.098975
5.486861
4.749705
4.185422
3.663606
2.122760
4.831245
13.704198
4.888227
0.057629
-3.618873
-6.496798
-7.596675
-9.016470
-10.604549
-9.957651
-7.012127
-3.134363
5.349738
5.806718
6.085358
5.520167
4.796108
4.224427
3.636439
2.079896
4.768405
13.431362
4.675467
0.000126
-3.581771
-6.462518
-7.508344
-8.750697
-10.269335
-9.410514
-6.605090
-2.502247
5.448910
5.823603
5.995000
5.347199
4.631381
4.078085
3.593732
2.068029
4.786365
12.886717
4.387080
-0.406541
-4.108865
-6.937411
-7.738627
-9.137332
-10.738113
-9.949950
-6.924097
-3.174333
5.513042
6.013185
6.261961
5.663122
4.921057
4.360497
3.859530
2.299855
4.842117
12.476563
4.611099
0.145383
-3.450317
-6.328367
-7.292747
-8.843933
-10.555643
-9.691269
-6.645405
-3.058671
5.485214
5.935445
6.188836
5.571377
4.872815
4.373780
3.934487
2.485636
4.471073
13.118287
4.332981
-0.507168
-4.214986
-6.923029
-7.611774
-9.039274
-10.674252
-9.736377
-6.633398
-2.737453
5.684453
6.158740
6.376586
5.699485
4.986661
4.419095
3.914853
2.289496
4.907337
11.501524
4.258966
-0.075231
-3.638725
-6.558252
-7.435240
-8.985569
-10.759194
-9.817445
-6.663723
-3.046221
5.579426
6.071654
6.331174
5.699021
4.991786
4.414361
3.923492
2.320807
4.990438
11.366207
4.320211
0.066630
-3.483408
-6.432517
-7.319843
-8.681484
-10.337016
-9.320820
-6.318188
-2.440930
5.665936
6.073697
6.237749
5.578063
4.856102
4.256116
3.773129
2.228987
5.037401
10.831844
4.031598
-0.275142
-3.880522
-6.866860
-7.739721
-9.206221
-10.911270
-9.960126
-6.795054
-2.825280
5.744433
6.220912
6.479685
5.853181
5.130295
4.551523
4.050657
2.426656
5.049275
10.946115
4.032774
-0.117459
-3.596035
-6.501156
-7.363215
-8.953985
-10.720926
-9.774530
-6.522052
-2.777834
5.755711
6.224343
6.484954
5.828350
5.106892
4.565885
4.145763
2.664726
4.785606
11.719841
3.942394
-0.532189
-4.142160
-6.866814
-7.622144
-9.101951
-10.764551
-9.723639
-6.466894
-2.385381
5.942728
6.399891
6.683173
5.968495
5.162678
4.571996
4.055984
2.424824
5.255506
10.403145
3.804851
-0.268284
-3.737556
-6.678747
-7.547585
-9.112393
-10.905684
-9.893194
-6.580091
-2.661240
5.840449
6.304220
6.531567
5.914692
5.171539
4.581174
4.078051
2.445954
5.366673
10.564733
3.914052
-0.159617
-3.627877
-6.563779
-7.420940
-8.794294
-10.417661
-9.372231
-6.240583
-2.146631
5.919876
6.339147
6.563127
5.848294
5.005791
4.417625
3.964441
2.407975
5.347419
10.290965
3.682421
-0.624273
-4.141433
-6.978828
-7.801112
-9.316468
-10.963065
-9.841497
-6.524271
-2.497782
5.996714
6.432271
6.710499
6.033516
5.237187
4.631674
4.130410
2.518049
5.579660
10.276287
3.768817
-0.335901
-3.778524
-6.665491
-7.521256
-9.090490
-10.821102
-9.736640
-6.386246
-2.507008
5.969695
6.427613
6.714475
6.049222
5.243125
4.696320
4.268316
2.788543
5.105305
11.051690
3.862394
-0.744597
-4.303917
-6.933102
-7.682703
-9.196620
-10.758520
-9.634376
-6.240993
-2.219915
6.160177
6.582897
6.820147
6.130162
5.295228
4.679598
4.197596
2.549446
5.617478
10.114677
3.626697
-0.699562
-4.153609
-6.920064
-7.729562
-9.291631
-10.946294
-9.814906
-6.377805
-2.418204
6.097314
6.530885
6.792086
6.116693
5.297735
4.675919
4.186975
2.564456
5.772458
10.198853
3.780966
-0.519756
-3.948354
-6.735414
-7.541291
-8.929404
-10.431555
-9.341978
-6.075735
-2.018707
6.124379
6.508629
6.716216
6.018740
5.144379
4.522483
4.095534
2.527911
5.714597
9.945001
3.671171
-0.854437
-4.338465
-7.098570
-7.934467
-9.444355
-10.962833
-9.767282
-6.315857
-2.251648
6.234715
6.621207
6.880188
6.200317
5.372423
4.726484
4.249390
2.621881
5.935044
9.927634
3.723911
-0.681059
-4.091478
-6.834381
-7.648657
-9.218986
-10.839076
-9.705722
-6.186072
-2.390738
6.201091
6.582119
6.854367
6.191900
5.346321
4.769709
4.343866
2.866411
5.643215
10.626761
3.940091
-0.937716
-4.482448
-7.103415
-7.878256
-9.324595
-10.745255
-9.597586
-6.029791
-2.055884
6.349082
6.721676
6.855714
6.234566
5.446655
4.774733
4.294610
2.652477
6.043892
9.823302
3.667120
-0.893287
-4.328650
-7.036385
-7.865525
-9.395502
-10.947372
-9.791849
-6.179941
-2.269903
6.314079
6.656884
6.828860
6.237754
5.428960
4.746973
4.277244
2.631858
6.192802
9.929321
3.743964
-0.738553
-4.152337
-6.888114
-7.695540
-9.062278
-10.479867
-9.423885
-5.935493
-1.895547
6.291159
6.634636
6.691932
6.107347
5.258731
4.619189
4.192390
2.586040
6.185065
9.709099
3.734881
-1.118840
-4.583482
-7.257958
-8.123695
-9.577929
-10.959035
-9.759011
-6.093328
-2.146542
6.431777
6.764981
6.901390
6.260640
5.477898
4.804202
4.337049
2.685629
6.243655
9.973836
3.805007
-0.887701
-4.309791
-6.952289
-7.730806
-9.299567
-10.892410
-9.758328
-6.011985
-2.272478
6.393389
6.757299
6.898533
6.281645
5.488260
4.883309
4.527139
2.985931
6.057270
10.443290
3.836928
-1.304207
-4.831277
-7.381231
-8.234249
-9.607965
-10.865983
-9.682639
-5.934308
-1.791359
6.558822
6.888471
7.028567
6.454206
5.546403
4.865774
4.391705
2.735045
6.229652
9.942293
3.667064
-1.262966
-4.664687
-7.178869
-7.957675
-9.471828
-11.023015
-9.872518
-5.940725
-2.141700
6.502738
6.834430
6.997413
6.372880
5.549559
4.865704
4.403692
2.734499
6.265406
10.156354
3.850813
-1.155771
-4.571455
-7.091098
-7.783059
-9.159530
-10.620619
-9.631486
-5.690845
-1.941550
6.459865
6.748819
6.836874
6.257237
5.369455
4.711498
4.367237
2.805853
6.317718
9.996738
3.643716
-1.738312
-5.144537
-7.654740
-8.625998
-10.004875
-11.175545
-9.836888
-6.133500
-1.835144
6.708395
6.995623
7.112233
6.523219
5.688370
4.995788
4.563955
2.884357
6.393684
10.252395
3.609132
-1.492249
-4.806050
-7.246810
-8.007612
-9.498645
-11.084132
-9.880239
-5.781556
-1.943274
6.629792
6.997365
7.126043
6.549474
5.681740
5.074006
4.731106
3.226821
6.673167
10.324869
4.058261
-1.886297
-5.357253
-7.640004
-8.620353
-9.966589
-11.018373
-9.722502
-5.893176
-1.446630
6.927597
7.210254
7.365821
6.677606
5.754284
5.059717
4.620291
2.966551
6.374344
10.137802
3.422273
-1.920904
-5.204981
-7.516628
-8.415482
-9.823051
-11.264183
-10.016142
-5.863118
-1.705307
6.825202
7.129931
7.310370
6.686752
5.769100
5.065689
4.661527
3.037794
6.608168
10.495589
3.496762
-1.866055
-5.182137
-7.525316
-8.445570
-9.671881
-10.992344
-9.749945
-5.979760
-1.411617
6.483489
6.764572
6.947308
6.367635
5.405040
4.738485
4.412690
2.862963
7.141006
10.780409
3.817592
-2.220704
-5.509943
-7.694381
-8.705222
-10.100869
-11.346588
-9.873391
-5.740144
-1.426769
7.033269
7.340538
7.539746
6.824285
5.890326
5.176723
4.818558
3.158648
6.917701
10.697733
3.624233
-2.132766
-5.462561
-7.724900
-8.616454
-9.987555
-11.415271
-10.032753
-5.785910
-1.450274
7.032468
7.362816
7.559770
6.840911
5.898536
5.275906
4.930953
3.434003
6.843552
10.247101
4.008177
-2.307703
-5.756755
-7.978084
-9.026393
-10.245012
-11.292275
-9.925828
-5.864608
-1.221053
7.241133
7.507451
7.618294
6.908050
6.003438
5.245234
4.865141
3.238558
6.957791
9.806220
3.616377
-2.187481
-5.516567
-7.737271
-8.764620
-10.117196
-11.513711
-10.245519
-5.870452
-1.470579
7.214073
7.507431
7.666386
6.974351
6.018660
5.295311
4.888298
3.227493
7.140028
9.967148
3.696686
-2.092825
-5.427152
-7.651005
-8.605831
-9.821990
-11.233864
-10.090322
-5.725880
-1.272636
6.246169
6.808742
6.942647
6.496092
5.519161
4.865289
3.932679
2.970357
1.112723
9.753283
4.860317
-2.579761
-6.160005
-8.316533
-9.191217
-10.139979
-11.014277
-9.578259
-5.363054
-2.038594
6.343853
6.835533
6.864066
6.409759
5.450156
4.743300
3.947291
3.216244
1.206304
9.606841
6.079150
-1.049110
-5.031885
-7.482742
-8.264472
-8.972606
-9.825524
-9.669252
-5.096848
-3.242060
5.901161
6.310225
6.278026
6.004684
4.958688
4.308207
3.672636
3.355236
1.379800
9.146633
6.824980
-0.292500
-4.630776
-7.404345
-8.413680
-9.221360
-10.066239
-10.034192
-5.329552
-3.154048
5.468287
5.831633
5.992990
5.978228
4.846161
4.120892
3.427758
2.923773
0.881679
9.392598
6.241180
-0.640562
-4.772205
-7.459862
-8.487177
-9.326938
-10.206101
-9.980492
-5.476039
-3.512026
5.671883
6.078632
6.015745
5.923144
4.896835
4.195115
3.380206
3.164388
1.245599
10.053365
7.085086
-0.117931
-4.654827
-7.553613
-8.661426
-9.505693
-10.318988
-10.126006
-5.485294
-3.369870
5.308672
5.639626
5.770592
5.750262
4.673841
3.957784
3.156649
3.001864
1.024972
10.352032
6.643440
-0.856354
-5.108813
-7.876603
-9.119346
-9.933739
-10.459390
-9.659713
-5.659104
-3.213836
5.612927
6.161998
6.132041
6.171905
4.994309
4.274996
3.387048
3.193402
1.229365
10.665629
7.294971
-0.211811
-4.678421
-7.558943
-8.740482
-9.598477
-10.305577
-9.908334
-5.584571
-3.422853
5.993305
6.282236
6.113336
6.080915
4.965198
4.247807
3.470715
3.348758
1.616358
10.774668
7.369565
-0.449182
-4.972424
-7.971862
-9.310200
-10.059776
-10.563387
-9.917968
-5.932818
-3.233945
5.911436
6.565933
6.521744
6.562494
5.316538
4.525796
3.665195
3.259385
1.203507
9.272952
6.129545
-0.473614
-4.454262
-7.194517
-8.360429
-8.996050
-9.511886
-9.872133
-6.443476
-3.906935
-4.342068
4.371532
6.207037
6.277964
5.005231
4.164454
3.240627
3.425450
1.989865
12.548514
7.980632
1.052333
-3.593455
-7.066045
-8.673044
-9.745440
-10.876525
-10.507833
-6.340956
-3.331748
5.576474
6.211237
6.470264
6.497406
5.237865
4.435782
3.615849
2.813470
0.850767
9.885366
5.046815
-1.504031
-5.415426
-7.872795
-8.944009
-9.250085
-9.121623
-9.018510
-6.617037
-3.548059
-3.248834
6.903386
6.056896
6.282905
5.032569
4.157765
3.096322
3.276954
2.295273
15.062483
9.156197
3.135723
-2.681675
-6.896660
-8.506131
-9.323498
-10.279984
-10.683392
-6.622967
-3.676742
6.259060
6.641176
6.518692
6.614233
5.218482
4.431234
3.691790
3.225657
1.359589
8.339995
5.113418
-1.212937
-5.013171
-7.617355
-8.986222
-9.470781
-9.750368
-9.630350
-7.060284
-3.502210
-3.357836
4.251784
6.338655
6.648085
5.476078
4.564307
3.591692
3.627695
2.122654
12.438286
7.565457
1.079233
-3.260840
-6.917621
-8.697704
-9.630113
-10.631904
-10.477720
-6.588106
-3.722093
6.304926
6.752882
6.802128
6.896151
5.497206
4.626206
3.729422
3.069956
0.961671
9.362478
4.899580
-1.442373
-5.152533
-7.665738
-8.949680
-9.254470
-9.381419
-9.263218
-6.670722
-3.560383
-3.613610
3.761736
5.908730
6.154885
5.031436
4.223202
3.094717
3.261291
2.256292
14.937734
7.537960
1.561098
-3.336123
-7.386874
-9.382101
-10.197720
-11.047280
-10.379191
-6.381208
-3.422488
6.088932
6.937516
7.030086
7.099029
5.654201
4.776590
3.911192
2.959404
1.014228
9.855092
4.272413
-2.265684
-6.177805
-8.569757
-9.789535
-9.986937
-9.933692
-8.941128
-6.972477
-3.300496
-2.848243
6.360047
6.280094
6.583838
5.400678
4.553034
3.506170
3.606879
2.736129
15.762208
8.347741
1.381527
-3.927111
-8.178808
-10.141480
-10.778069
-11.437892
-10.168003
-6.043345
-3.072831
6.645374
7.390100
7.247681
7.467772
6.023726
5.145233
4.071294
3.007480
1.054508
10.082532
4.063325
-2.869935
-7.189281
-9.631057
-10.789653
-10.656203
-10.341040
-8.708158
-7.215161
-3.259077
-2.520932
6.727394
6.616005
7.035287
5.854850
4.829323
3.697472
3.810061
2.534024
15.468089
7.993235
1.764945
-3.228828
-7.284734
-9.011913
-9.356681
-9.773190
-10.011304
-6.416690
-3.341943
6.842958
7.230665
7.072814
6.997069
5.536764
4.630352
3.722254
3.030721
1.041672
8.762438
4.878388
-2.223482
-5.795748
-8.241210
-9.691603
-9.874011
-9.722112
-8.743663
-6.804549
-2.776449
-3.372900
6.481250
6.749785
7.074627
5.646313
4.800869
3.600299
3.834610
2.185453
13.441323
6.984338
0.379327
-3.815237
-7.607018
-9.602023
-10.136479
-10.678709
-10.118974
-6.523784
-3.283265
7.091558
7.548637
7.387980
7.533710
5.904814
5.030919
4.131844
3.488257
1.482096
8.609989
4.796486
-2.903150
-6.555373
-8.937068
-10.406203
-10.478993
-10.286938
-8.810205
-6.882478
-2.703267
-2.742610
5.534204
7.525005
7.984361
6.243903
5.342853
4.230352
3.991864
2.165024
11.501148
6.122737
-1.079153
-4.354854
-7.507110
-9.380417
-9.719176
-10.001827
-9.695278
-7.199963
-3.221479
7.020333
6.293628
6.379884
6.861170
5.406970
4.495949
3.485867
3.113327
0.863958
11.050545
6.702411
-2.634249
-6.169945
-8.952555
-10.377913
-10.297539
-9.953855
-8.315337
-5.869811
-2.300696
-2.993988
4.025352
6.817620
7.626259
6.284526
5.254614
4.050983
4.015039
2.054296
9.997777
8.583933
0.074297
-3.834550
-7.393249
-9.111919
-8.873343
-8.084578
-8.409437
-6.128140
-2.909380
-4.980765
4.266766
6.878123
7.375752
5.766465
4.889528
3.743038
3.495730
1.522455
9.510010
7.619585
-0.799115
-4.280845
-7.461641
-9.345651
-9.558656
-9.520093
-8.926560
-6.159919
-2.373179
6.266643
6.633347
6.664991
7.078220
5.548658
4.621785
3.565701
3.570039
1.431999
10.821812
7.813018
-2.874656
-6.673686
-9.553766
-11.292647
-11.312537
-10.995336
-8.666393
-5.723170
-1.692195
8.178132
7.279856
7.097006
7.461521
6.289472
5.026769
3.927090
3.629985
1.387837
11.194838
7.283104
-2.502957
-6.556528
-9.500327
-10.730851
-10.302383
-9.204730
-7.908933
-6.086913
-1.888950
-4.095023
4.089214
7.574181
7.561592
6.513933
5.631322
4.364943
4.252442
2.162496
9.374619
8.044343
0.193744
-3.707571
-7.296691
-9.269421
-9.258276
-8.685549
-8.701909
-5.953626
-2.533833
7.561404
6.519742
6.369306
6.635036
5.376989
4.189771
3.102409
2.945711
0.940358
10.338264
7.774400
-2.260429
-6.244896
-9.335227
-11.160815
-11.151852
-10.677415
-8.704070
-5.843026
-1.608257
6.710487
7.587356
7.357177
7.808375
6.479334
5.056207
3.967721
3.644693
1.422740
10.173005
7.308374
-1.991837
-6.145422
-9.301730
-10.782869
-10.362244
-9.135907
-8.104993
-6.065438
-1.875807
-3.869161
2.889472
7.954740
7.696787
6.658815
5.816149
4.633177
4.557775
2.633402
10.048859
7.461329
-1.395231
-5.227881
-8.447336
-10.533428
-10.572971
-10.056292
-8.966792
-5.954131
-1.880864
8.162679
7.503383
7.576918
8.029444
6.724059
5.194681
4.129706
3.510260
1.263162
10.417848
6.157071
-4.203789
-8.175570
-10.782765
-12.193117
-11.680518
-10.653986
-7.867527
-6.039896
-1.358907
-2.109193
6.933562
8.207133
7.891124
6.706113
5.805029
4.572400
4.202635
2.004650
9.567767
7.310042
-1.779787
-5.349746
-8.708211
-10.502645
-10.059855
-8.826058
-8.340367
-5.612783
-2.338750
7.857738
6.869766
6.529717
6.866988
5.480862
4.277146
3.180766
3.148667
1.102969
10.138412
8.328433
-2.809994
-6.746990
-9.999597
-12.110441
-12.026143
-11.466923
-8.621609
-5.345797
-1.251800
8.849693
8.120138
7.912954
8.255884
6.786201
5.387761
4.324484
3.640198
1.210880
10.773986
6.692959
-4.532048
-8.230064
-10.960922
-12.091975
-11.084792
-8.744274
-6.871655
-5.180362
-1.952341
-3.644897
4.175468
7.747667
8.459855
6.598457
5.681815
4.363106
4.213750
2.198565
9.996668
8.070600
-1.326375
-4.726114
-8.503821
-10.958179
-10.633000
-9.124860
-8.059219
-4.984863
-1.579919
8.391781
7.528759
7.334496
7.602525
6.105066
4.856350
3.759699
3.178150
0.915188
12.177764
5.214947
-5.535651
-9.160758
-11.856937
-13.691375
-12.392604
-10.790215
-8.486979
-5.271509
-0.265097
9.100130
9.494419
9.216271
8.734993
7.267016
6.288971
5.090219
3.909592
1.529062
9.949838
4.365583
-6.023703
-8.859651
-10.932187
-12.010749
-10.832880
-8.077137
-6.981900
-4.497690
-1.982656
-2.910536
5.802865
8.346171
8.356205
6.642273
5.584532
4.174135
3.628579
1.648805
11.454738
5.290421
-3.310848
-5.948575
-8.845085
-11.438922
-11.425314
-10.599638
-8.811060
-5.139914
-0.806382
8.865259
9.297210
9.200703
9.015410
7.204071
6.104554
4.837387
3.375347
1.112441
8.750796
3.471242
-6.751461
-10.044800
-12.271109
-13.555636
-12.121856
-9.751554
-7.619220
-5.415570
-0.590483
9.213873
9.266779
9.015305
9.085303
7.128733
6.145537
4.867212
4.135356
1.816716
9.833021
4.892850
-5.445203
-8.312696
-10.665724
-12.636597
-12.101959
-10.032028
-7.906037
-4.776324
-0.779975
8.696985
8.888226
8.634436
8.721004
6.666136
5.650715
4.351985
3.258432
0.914935
9.978792
4.173917
-6.184606
-9.330485
-11.646883
-13.227153
-12.227058
-9.843320
-7.545671
-4.724976
-0.374817
8.890442
8.892877
8.673832
8.698174
6.657256
5.596460
4.318268
3.509813
1.090189
10.540162
5.084694
-5.677597
-8.447678
-11.002450
-12.659252
-11.625585
-8.997875
-7.214966
-4.137123
-1.045267
8.895103
8.701448
8.150172
8.008684
5.886820
4.794490
3.537191
2.828702
0.666993
11.442519
5.084850
-5.373589
-8.237970
-12.598211
-13.563333
-11.845488
-9.913349
-9.266978
-5.859590
-0.229230
9.485739
9.780431
9.236947
9.501102
7.425513
6.321423
5.209154
3.873378
1.663344
10.114112
3.880591
-4.730952
-10.206662
-13.421699
-13.458472
-11.456332
-9.372855
-7.847398
-6.839592
-1.211160
-0.847953
8.534591
8.753108
8.768662
6.635298
5.697425
4.506840
4.143303
2.289479
13.285067
7.146914
-3.859010
-8.194180
-11.998283
-13.073492
-11.439651
-10.264677
-10.073623
-8.247179
-1.429084
9.968036
10.367262
9.920952
9.810138
8.286503
7.205526
5.615762
4.167186
2.257526
9.261359
3.053329
-5.907375
-11.369384
-14.298565
-13.182901
-11.157751
-9.556395
-8.754262
-6.938686
-0.897531
-0.406772
9.413846
9.346090
9.419265
7.312085
6.392025
5.172955
4.367243
2.378798
11.483725
6.181337
-4.535506
-8.322445
-11.702133
-13.038341
-11.360381
-9.881869
-9.523339
-6.822859
-0.930372
9.750490
9.983416
9.649043
9.799373
7.592536
6.557903
5.427201
4.266056
2.087315
9.398824
4.028296
-5.372337
-10.652301
-14.171199
-13.486720
-11.523961
-9.815622
-9.636392
1.079716
0.625258
-0.531449
0.278819
1.265113
2.253220
3.247085
4.232747
5.146159
5.983314
6.940810
7.737257
7.723444
6.137507
4.160189
2.307362
1.676604
1.045771
0.610712
0.268737
-0.098001
-0.610984
-0.854599
0.443039
-1.380034
-0.381684
4.980780
2.960944
-8.281854
-16.063995
-23.127764
-21.923904
-14.875145
-5.020864
5.129293
7.019175
9.966224
8.568142
8.006208
9.051076
9.402118
8.566099
7.080540
5.212578
4.154440
3.075796
1.926435
6.369039
-3.015469
-11.816233
-13.812066
-14.905197
-15.436663
-10.738626
-7.469846
-7.880187
-2.601423
5.886797
11.534351
13.086561
11.984721
9.397896
7.353890
5.709429
4.532954
2.553069
7.277958
5.506824
-0.339097
-9.218671
-15.647840
-19.056545
-17.888218
-13.672907
-11.959739
-10.612222
-5.476947
3.798448
11.364812
11.052198
10.443017
8.944500
7.330718
6.011697
4.939209
2.418725
9.726101
9.158205
2.146024
-9.067986
-15.216815
-18.419737
-16.576933
-13.406355
-11.035838
-8.976344
-4.758193
2.083814
11.270241
10.946325
10.682277
9.447593
7.959005
6.737067
5.690441
3.074010
10.365231
9.763203
3.955924
-7.190362
-13.099411
-16.785307
-15.329069
-12.564568
-10.469270
-8.090492
-4.317807
1.892741
10.939883
10.537994
10.260870
9.055630
7.551087
6.388192
5.609286
3.081754
10.396730
9.411216
4.781227
-6.486459
-12.564290
-16.027630
-14.753557
-12.162455
-9.952893
-8.133886
-4.525850
2.518925
10.970531
10.356177
10.108360
9.397113
7.485598
6.332712
5.415844
2.973501
10.241022
8.586716
3.994959
-7.038561
-13.098236
-15.600305
-14.209779
-11.917764
-9.887884
-9.134929
-5.426742
1.771001
11.599921
11.359952
11.072135
9.827237
8.438865
7.286149
6.308237
3.729338
10.124740
6.244562
3.418847
-6.857922
-12.219254
-14.881709
-13.775365
-11.441463
-8.785505
-8.280724
-5.789199
0.857031
7.105688
10.467982
10.374994
9.774196
7.905073
6.817273
5.947555
4.003104
10.786934
7.381849
4.604280
-5.336431
-9.722109
-13.823053
-13.343233
-11.268268
-8.857307
-8.622213
-5.500488
0.155118
8.418846
11.030634
10.726421
9.633249
8.171892
7.004365
6.261349
3.906120
10.101256
5.927938
3.554856
-5.741024
-10.197506
-13.983920
-13.342053
-11.300650
-8.939687
-8.795901
-5.883248
-0.150151
7.133428
10.775478
10.684802
10.155976
8.147759
6.988927
6.085136
4.048793
10.575437
6.378250
4.368198
-5.350623
-9.857886
-13.712958
-13.266508
-11.205087
-9.407569
-9.311917
-6.008300
-0.016621
7.947536
11.310013
11.118836
10.109147
8.678885
7.511607
6.734451
4.288393
9.798559
5.402892
3.215089
-6.108957
-10.582231
-13.912575
-13.285648
-11.098582
-8.369050
-8.573311
-5.909334
-0.589564
5.415610
10.460629
10.361732
9.937229
7.862319
6.678446
5.734263
3.915105
11.038428
7.234295
4.729980
-4.277244
-8.663294
-13.120434
-13.094221
-11.254375
-9.646802
-9.645306
-6.286334
1.048859
11.576085
11.147676
11.034431
9.888625
8.391406
7.224550
6.178134
3.732236
9.668951
4.369951
2.573147
-7.325345
-12.662947
-14.213480
-13.129164
-11.023931
-8.533686
-8.687420
-6.681938
-1.158814
-1.831369
9.632267
9.477329
9.122986
7.209392
5.977331
5.015325
3.664925
12.065268
10.328985
6.430884
-3.985141
-8.303910
-12.152848
-12.723675
-11.080829
-9.682353
-9.131266
-6.817671
0.965807
10.043239
12.147085
11.900068
10.697378
9.407421
8.273074
6.719990
3.961136
9.515461
3.507203
0.900448
-7.264856
-13.490404
-14.145005
-12.785718
-10.716851
-8.711706
-8.317629
-7.201044
-3.200050
-2.239130
-1.574650
9.705474
9.489817
7.774350
6.054416
4.895521
3.284918
13.008272
13.570469
9.740781
-0.961868
-7.700795
-11.941920
-12.793375
-11.194164
-9.662233
-8.798396
-4.736179
0.119401
11.105316
11.929893
11.462468
10.029450
8.537004
7.273765
5.734156
3.153129
10.444489
5.256665
1.662261
-7.932589
-13.452993
-14.302929
-13.103376
-11.153017
-9.259208
-8.423067
-6.975880
-2.073160
-1.695960
8.184778
9.084294
8.775172
6.830693
5.369858
3.950521
3.006737
1.974899
14.593466
9.199319
-4.557561
-8.977271
-11.250602
-12.307651
-10.684399
-9.011986
-8.433537
-7.148472
-0.640702
10.916535
11.497441
10.562889
9.639058
8.192760
7.263916
5.245228
3.537947
11.768307
7.343572
1.105903
-8.108811
-13.505975
-14.930293
-13.945177
-11.830226
-9.423992
-8.927464
-7.560214
-3.387071
-2.263925
-2.726997
9.662156
9.362859
7.417298
6.268784
4.930496
4.403419
2.851551
14.499715
7.538394
-6.631403
-9.008608
-10.438005
-11.213271
-9.738783
-7.934650
-7.364196
-4.730631
0.824849
11.129833
11.488646
10.591146
10.088426
7.704920
6.431377
4.702675
3.025568
0.222728
10.771210
2.702086
-8.728439
-12.814084
-14.148797
-13.353338
-11.268036
-8.803453
-6.693788
-5.940069
-1.622782
-0.493372
10.703838
9.280310
8.827956
6.608128
5.100935
3.505021
2.952314
1.139724
13.215884
8.926828
-3.743286
-9.124948
-12.532572
-13.538791
-11.594878
-9.517863
-8.665072
-5.587751
1.870432
12.065529
12.081681
11.339944
10.113046
8.498172
7.269991
5.211125
3.249455
1.221327
9.115605
1.030747
-9.238034
-13.706918
-14.839194
-13.840348
-11.532063
-9.119649
-7.521814
-7.002295
-3.143025
-2.235593
-2.468889
9.803862
9.520784
7.472438
6.018177
4.402214
3.622405
2.435172
13.825637
9.290958
-3.184289
-8.019967
-11.483466
-12.920029
-11.287957
-9.198400
-8.371208
-5.436574
0.469778
11.964007
12.240213
11.409424
10.447689
8.578349
7.307280
5.151523
3.145389
0.535234
9.914381
1.728044
-9.280437
-13.390272
-14.582438
-13.661102
-11.358689
-8.744631
-6.989172
-6.002277
-2.007796
-1.058065
9.210602
9.377465
9.041050
6.898311
5.271067
3.714185
2.905719
1.481981
13.294639
9.059532
-3.299453
-8.730362
-11.723539
-13.245929
-11.604008
-9.337866
-8.257765
-5.725700
0.668298
12.422392
12.775078
12.561747
11.158435
9.637979
8.337906
6.010509
3.819517
1.208099
7.658732
0.486000
-9.133111
-13.763400
-15.024252
-13.959243
-11.740424
-9.254184
-8.733110
-6.969600
-1.590155
-0.265921
8.941676
10.261006
9.960409
7.664672
6.241352
4.625806
3.780588
1.803695
13.156290
7.208663
-6.471449
-10.425188
-12.951724
-13.624805
-11.419066
-9.005055
-8.152781
-5.171291
0.556162
12.822462
12.726296
11.762619
10.442703
8.793255
7.479803
5.570597
3.593982
1.382457
8.544269
2.564516
-8.230248
-13.130080
-14.821888
-14.057856
-11.727377
-9.048341
-8.450833
-6.318519
-0.856170
0.148600
9.494077
10.649209
10.380429
8.042603
6.559665
4.928929
3.645946
1.407852
11.673023
5.649993
-7.558643
-11.061131
-13.149035
-13.491083
-11.310802
-8.550709
-7.404510
-5.605200
0.057214
12.314393
12.252887
12.441184
11.103552
9.442392
8.052608
6.131227
4.015458
1.818303
5.858324
2.378980
-8.102136
-12.716220
-14.655799
-14.142330
-11.426959
-8.615742
-8.332973
-7.011532
-1.633538
-1.252414
6.074493
10.421895
10.168372
8.053943
6.417892
4.615364
3.798427
1.974126
12.790580
6.583539
-5.329850
-9.649518
-12.013916
-13.385183
-11.526720
-9.197579
-8.061506
-6.044769
1.009991
13.361153
13.252689
12.371872
10.969496
9.345613
7.947478
5.787150
3.605512
1.024695
7.362976
-0.789746
-9.237195
-13.039704
-14.678991
-13.936374
-11.418519
-8.847831
-8.287651
-7.508962
-3.813410
-2.271896
-2.601172
10.956182
10.452252
8.506337
6.603638
4.804770
3.463324
2.567903
13.923450
8.030734
-4.325483
-7.703949
-11.014141
-12.975012
-11.414151
-8.915877
-7.802353
-5.355353
-0.138993
11.905725
12.427734
12.773901
11.308225
9.761443
8.347183
5.991976
3.747632
1.835412
8.904841
-0.275937
-9.590620
-13.264090
-14.876994
-14.182487
-11.491956
-8.611459
-8.453175
-7.172180
-2.413230
0.131972
9.149625
11.003076
10.704197
8.365280
6.788504
5.097102
3.850842
1.728053
12.456013
5.737590
-7.371665
-10.290148
-12.684419
-13.665351
-11.414854
-8.686852
-7.649234
-5.289993
-0.001739
11.987795
12.269854
12.978176
11.552140
9.925938
8.451864
6.423086
4.133981
1.927476
5.391382
2.107291
-8.045742
-12.652088
-14.981124
-14.675479
-11.798319
-8.827104
-8.363877
-7.718187
-1.331241
0.822759
9.791489
11.683175
11.146557
8.815277
7.421121
5.783246
4.129270
1.757407
9.747126
4.222101
-7.967802
-11.383430
-13.732293
-14.191561
-11.751744
-8.679260
-7.456299
-6.843889
-1.224409
10.368027
10.736630
13.236011
11.913519
10.205019
8.831072
6.854002
4.562147
2.349041
6.136146
1.824020
-8.116946
-12.743650
-15.035047
-14.775456
-11.752231
-8.519216
-7.789411
-7.887057
-2.318442
0.504184
8.105956
12.131334
11.560130
9.308542
7.972137
6.225359
4.529241
2.146030
9.409314
3.894057
-8.106953
-11.473385
-13.672699
-14.149093
-11.520569
-8.125825
-6.729840
-6.898079
-1.418548
3.609675
11.434895
12.695894
11.241222
9.495605
8.032390
6.243257
4.381392
2.056907
7.279273
2.526943
-7.120182
-12.105774
-14.686141
-14.819177
-11.956037
-8.643251
-7.679104
-8.060492
-2.525273
0.604094
8.883854
11.979788
11.862527
9.494057
7.626013
5.818870
4.286124
1.989595
9.993403
4.007674
-7.246991
-11.272677
-13.682735
-14.300850
-11.774180
-8.712119
-7.621318
-7.246426
-1.062262
2.110608
12.067000
12.413218
11.016389
9.245288
7.766239
6.001478
4.140928
1.870101
7.377254
2.465829
-7.525426
-11.604086
-14.282972
-14.551497
-11.735878
-8.489325
-7.714900
-7.950177
-2.893161
-0.949714
6.455008
11.807521
11.649220
9.370933
7.463207
5.547904
4.220296
2.162536
11.821539
5.048070
-6.262436
-10.136074
-12.502724
-14.068521
-11.759858
-8.774098
-7.500945
-6.953232
-1.535419
11.161169
11.428061
13.853026
12.587431
10.911785
9.376895
7.364232
4.798285
2.622161
5.676548
-0.771673
-8.847686
-12.689563
-15.238021
-15.011408
-11.507837
-8.132944
-7.708057
-8.874506
-4.679933
0.551899
8.468864
12.226876
11.777728
9.478966
7.972293
6.145533
4.498075
2.313377
11.044089
4.180399
-7.274743
-10.546350
-13.086604
-14.298340
-11.764731
-8.602563
-7.407124
-6.947861
-2.066936
10.870295
11.353932
14.100263
12.720329
10.996691
9.424599
7.344116
4.844790
2.606913
5.743541
0.214341
-7.932245
-12.536229
-15.438269
-15.496523
-12.047275
-8.575508
-7.771191
-8.606681
-3.057898
0.650151
9.405884
13.179457
11.846579
10.073929
8.587134
6.838388
4.906168
2.520933
9.918396
2.263696
-7.885436
-11.713890
-14.662868
-15.339867
-12.211497
-8.556079
-7.089580
-7.741266
-3.183832
1.384676
10.417209
14.399774
13.001484
11.261102
9.632648
7.656047
5.348207
3.015284
7.331838
0.259010
-6.876852
-12.707684
-15.838413
-16.138134
-12.537447
-8.724958
-7.313490
-8.408864
-4.156340
1.459467
9.304135
14.480350
13.200217
11.436935
9.913853
7.953095
5.598810
3.209684
7.662871
0.267255
-8.208763
-13.052096
-15.936369
-16.204639
-12.392407
-8.369701
-6.654493
-7.710861
-4.676517
3.717580
10.664523
15.002088
13.481098
11.608527
9.833611
8.013963
5.790086
3.427926
5.494343
0.109492
-6.432963
-13.187272
-16.878872
-16.959499
-12.810052
-8.850386
-7.356317
-8.443902
-4.643197
1.101637
9.430415
14.695686
13.379720
11.691400
10.117484
8.118588
5.716375
3.284163
7.957590
0.369084
-7.547409
-13.276222
-16.236830
-16.270535
-12.663056
-8.865424
-7.357298
-8.404237
-3.245983
1.758518
10.715803
15.194029
13.647346
11.758792
10.005881
8.142635
5.817238
3.415145
4.986325
0.217477
-5.802794
-12.978760
-17.302877
-17.454451
-13.006831
-8.830026
-7.191327
-8.072644
-4.328548
0.979583
8.654645
14.642890
13.301471
11.563148
9.906306
7.851184
5.698330
2.917079
9.334260
2.900188
-7.965858
-13.083966
-16.486391
-16.660358
-13.130686
-9.446383
-7.639686
-6.982643
-2.948962
1.745589
8.054647
14.808179
13.364693
11.445508
9.644625
7.654178
5.490209
2.761007
7.390284
2.878501
-6.059371
-11.451737
-16.337574
-17.655405
-13.140152
-8.686865
-6.545329
-6.750165
-2.794581
2.485226
5.725043
14.478569
13.320826
11.538426
9.807981
7.708470
5.687982
2.899013
8.910678
2.727515
-6.509388
-12.640703
-16.243328
-16.670238
-13.003626
-9.102514
-7.262352
-7.176258
-3.822631
10.037409
13.077105
13.740144
12.015735
9.755445
7.754101
5.948965
3.995011
1.561986
8.214547
3.371919
-4.644870
-11.616022
-16.408527
-17.759598
-13.892377
-9.407635
-6.796187
-8.038354
-4.130982
2.785029
8.260222
14.830435
13.596946
11.629986
9.799050
8.179320
5.898440
3.415202
5.863325
0.930837
-6.009290
-12.293054
-15.922575
-16.686758
-12.857030
-8.619466
-6.725068
-8.030381
-6.093835
1.454894
6.381351
14.492443
13.306519
11.529484
9.857573
8.024652
5.824763
3.221454
7.445650
2.311281
-5.591746
-11.181314
-14.626855
-16.036856
-12.772907
-8.432531
-6.472685
-7.623721
-4.752971
1.437036
6.486494
14.752674
13.683986
11.823489
10.100422
8.018324
5.922979
3.209410
6.144015
1.537382
-5.051888
-10.950068
-14.840873
-16.650888
-13.042017
-8.211884
-5.926029
-6.692657
-5.390671
0.261984
4.961684
15.090314
13.912017
12.185604
10.471613
8.593235
6.497202
3.826537
6.287142
1.128877
-5.422033
-11.928792
-15.379067
-16.588587
-13.006212
-8.587520
-6.473009
-7.555289
-6.211788
1.023599
5.198852
14.884421
13.776318
11.988708
10.271657
8.363108
6.253099
3.582595
5.868403
1.533625
-4.736166
-11.381121
-14.986451
-16.542446
-13.005765
-8.633138
-6.455566
-7.585135
-5.180765
0.129656
4.758810
14.842975
13.932720
12.078644
10.400463
8.529277
6.337908
3.515759
6.403223
1.262782
-4.994576
-11.063713
-14.628226
-16.152699
-12.482379
-8.065089
-6.055971
-7.085460
-5.616971
0.969358
5.791783
14.531050
13.325101
11.549681
9.702753
7.737110
5.700861
2.901526
7.920444
2.533976
-4.190039
-9.934220
-14.167202
-16.720982
-13.229706
-8.518755
-6.422013
-7.142048
-5.472774
0.219088
4.377877
15.063131
14.134741
12.373343
10.687394
8.561682
6.413857
3.687149
6.904738
0.143762
-5.251674
-11.335081
-14.825329
-16.233475
-12.495149
-8.000186
-5.902833
-6.973083
-5.673417
0.446080
5.496662
14.302133
13.288853
11.257472
9.369988
7.375159
5.361310
2.817801
8.664649
2.769339
-4.024246
-9.733042
-13.745608
-16.744427
-13.546333
-8.744348
-6.548148
-7.265056
-5.961243
-0.743563
3.581425
15.307017
14.649218
12.826275
11.083344
9.121894
6.858070
4.118473
7.034615
-0.221041
-4.989813
-11.476645
-14.856223
-16.021994
-12.418586
-8.235099
-6.450672
-7.722766
-5.608061
0.155846
6.266843
14.349258
13.376308
11.444128
9.466440
7.471267
5.263513
2.670342
9.112743
2.453003
-3.915067
-8.274400
-13.452596
-16.810736
-14.264476
-8.863928
-6.158663
-6.576860
-5.338993
-2.109437
2.710141
15.735467
15.354603
13.608429
11.931585
10.050025
7.636240
4.943352
7.123165
-1.860509
-5.683207
-12.268891
-15.687984
-16.607361
-12.971653
-8.461300
-6.344516
-7.509724
-6.961323
-0.830459
4.662489
15.158689
14.212991
12.130763
10.315012
8.485778
6.210192
3.547323
6.045899
1.547957
-4.904322
-10.315557
-14.248321
-16.640310
-13.719181
-8.617228
-5.639466
-6.368135
-5.198411
-2.769542
3.591109
16.720043
15.979538
13.692689
11.754486
10.004674
7.651130
5.358084
3.468169
-2.154507
-4.522286
-12.058407
-16.593050
-17.430300
-13.938616
-9.333777
-6.808590
-8.153417
-7.455286
-1.948675
2.406029
15.634835
14.836098
12.950684
11.221123
9.428983
7.144906
4.264818
7.796979
2.400560
-4.662098
-11.726303
-15.607203
-16.879543
-13.484213
-9.071810
-6.445954
-7.759727
-5.720526
0.016128
6.357243
17.133972
16.061562
13.362659
11.392991
9.413039
7.014370
4.667747
1.468857
-0.416839
-1.164906
-10.259311
-17.045042
-18.764042
-15.102491
-10.105198
-6.896684
-7.301387
-6.292466
-1.522759
2.821661
15.810810
15.021957
13.165628
11.217501
9.232369
6.973659
3.789756
9.381888
1.996368
-4.914093
-12.193273
-15.932573
-17.169380
-13.520599
-9.098481
-6.605691
-7.701468
-6.821084
1.907622
7.849616
17.232386
15.932817
13.260582
10.921367
8.955885
6.506208
4.157412
0.734231
-1.427501
-1.124263
-9.925209
-17.038908
-19.079578
-15.401784
-10.057515
-6.420494
-6.438764
-5.294000
-2.529924
2.454095
16.229034
15.356544
13.421008
11.430831
9.332485
7.049720
4.167305
9.279469
0.810423
-4.393295
-12.041013
-16.052412
-17.387497
-13.854929
-9.107062
-6.602272
-7.397735
-6.709524
0.362460
8.013070
17.581511
16.262165
13.266471
11.152965
9.040626
6.528013
4.161963
0.741463
-1.491089
-0.396513
-8.943797
-17.233431
-19.589752
-15.875007
-10.897329
-7.194284
-7.188642
-5.374211
-2.410018
0.914572
17.096001
16.752808
14.813394
12.904493
10.985868
8.429852
4.972262
14.769874
-1.376666
-3.753184
-11.525829
-16.077415
-17.503517
-13.996075
-8.892915
-5.635423
-6.135981
-5.627398
-1.417382
8.829524
17.606588
16.733364
13.848595
11.484786
9.352434
6.893730
4.445930
9.768010
-2.340862
-1.672846
-8.396363
-17.839577
-20.445498
-16.531897
-11.335344
-7.468186
-7.158697
-6.387560
-1.809118
2.181983
16.922718
16.446865
14.672328
12.798635
10.642107
8.005002
4.404583
14.660108
-1.687776
-3.914478
-11.182870
-16.073008
-17.716309
-14.239243
-8.940878
-5.493249
-6.116852
-5.442016
-2.183971
7.447703
17.191463
16.232222
13.468897
11.159492
9.157391
6.767137
4.402498
10.856461
-1.407633
-1.923748
-9.741527
-17.237772
-19.712175
-16.003162
-10.449463
-6.786869
-6.797962
-5.430922
-2.513916
2.218703
16.040167
15.220747
13.297026
11.075071
9.047257
6.577576
3.644168
10.078728
0.994030
-3.830382
-11.473614
-15.980600
-17.660206
-14.185661
-9.124613
-6.338203
-7.254863
-5.590663
-1.411371
7.318516
18.084558
16.907869
13.768910
11.309654
9.250244
6.632862
4.409891
1.015604
-2.226112
0.510230
-7.120374
-17.638372
-20.411680
-16.395796
-10.964008
-7.309406
-6.872152
-5.541349
-3.400478
0.692733
17.334023
17.036062
15.028399
13.012214
10.702990
7.916847
4.773039
8.830382
-1.644028
-4.735696
-12.922503
-17.402054
-18.062773
-14.144691
-8.876874
-6.277367
-7.337325
-6.700623
-0.607826
7.120594
18.973286
17.301952
13.999573
11.638543
9.534326
6.807322
4.708172
0.451204
-2.568443
-0.089290
-7.271423
-18.690538
-21.044376
-16.712471
-11.288550
-6.638954
-5.479714
-3.879823
-3.933717
1.828250
18.649479
18.202795
15.807013
13.445050
10.865571
8.134388
5.133792
8.303534
-3.846281
-6.264172
-14.348709
-18.863007
-18.517221
-13.848658
-8.813619
-6.344705
-6.941625
-5.606197
0.916176
5.659641
17.860115
16.404863
13.736085
11.215669
8.885000
6.252188
3.523632
4.938916
0.730822
-1.505738
-11.158662
-18.781069
-20.265856
-16.010695
-10.096976
-6.203509
-4.543009
-2.692800
0.491365
8.203728
18.495138
17.183672
14.549125
11.684055
8.863296
6.038258
3.382739
6.007473
-2.955382
-2.249928
-11.095936
-20.298382
-21.094147
-16.434271
-10.309948
-7.127574
-6.302421
-5.089117
0.677399
5.734603
18.545036
17.436319
15.247684
12.621758
9.868730
6.900378
3.821848
4.939779
-1.781411
-4.269432
-13.270416
-19.752186
-20.032681
-15.759534
-10.110648
-7.094722
-6.784104
-5.020292
1.616053
7.895534
18.849705
17.925760
15.189609
12.394332
9.639070
6.537958
3.543531
3.832049
-3.639035
-3.793217
-12.071431
-19.654179
-20.073736
-15.705757
-9.501947
-6.166466
-5.951539
-4.868411
-1.895191
5.696069
19.422556
18.690304
15.587491
13.017333
10.316502
7.244961
4.347198
3.105181
-3.624899
-3.106617
-12.013295
-20.622869
-20.873343
-16.155655
-10.260597
-7.060100
-6.986826
-5.309079
1.295122
6.901570
18.903767
17.338598
14.874171
12.158504
9.368451
6.379117
3.429503
5.100140
-0.987903
-3.059985
-12.211710
-19.937658
-20.626913
-16.220018
-10.302314
-6.945698
-6.241247
-3.468858
0.645449
7.586703
19.121683
18.091364
15.069473
12.175877
9.455976
6.376003
3.592370
3.062526
-2.458614
-2.475081
-13.285944
-20.701403
-20.823002
-16.186266
-10.580470
-6.423174
-6.189018
-4.814849
-1.584817
3.081426
17.946527
17.140036
15.158501
12.710332
10.321000
7.459890
4.315072
8.825544
-2.683321
-6.629524
-13.851517
-18.744186
-18.171247
-13.304272
-8.997994
-6.803810
-7.543157
-6.350859
-1.404681
3.593867
16.928667
15.874803
13.939160
11.546157
9.464840
6.870974
4.286069
9.608632
-0.782612
-5.294813
-12.026188
-18.080521
-18.409168
-13.785148
-8.507751
-5.607726
-6.208051
-4.671423
-1.548058
4.379126
17.163923
16.053446
13.766896
11.085654
8.879929
6.289157
3.637942
9.560858
-0.369925
-3.883083
-11.718253
-18.455467
-19.164555
-14.672590
-9.145076
-6.408871
-6.908645
-5.517738
-1.659845
4.065350
17.246626
16.413797
14.103234
11.772402
9.504946
6.854552
3.961200
9.305148
-0.143175
-4.861593
-12.399381
-18.684441
-18.943357
-14.254915
-9.064857
-6.247585
-6.836625
-4.407996
-0.894947
5.207415
17.813118
16.250740
13.931645
11.181813
8.915077
6.242289
3.235042
8.732045
-0.210103
-3.679022
-11.774649
-18.698721
-19.442595
-15.045251
-9.240102
-6.132501
-6.492488
-5.153075
-1.024340
4.604990
2.557599
1.687718
1.377354
2.048942
2.830793
3.646798
4.489244
5.344049
6.205600
7.056921
7.864598
8.524007
9.087391
9.302783
9.374868
8.843121
7.086022
5.247453
3.475837
1.988219
0.047386
-2.159274
-4.094432
-5.843652
-7.300957
-7.668808
-7.042281
0.999359
3.908137
-2.067218
-3.556526
-2.401964
-3.663515
-4.207200
-5.352925
-6.441706
-6.686260
-8.162056
-8.965693
-9.766637
-10.082558
-7.782773
-7.588703
-8.433722
-9.059407
-10.130797
-12.079408
-14.737054
-16.734304
-14.674344
-0.088787
-1.119302
-0.064661
0.001953
0.773499
1.599813
2.447006
3.308703
4.199137
5.114404
6.044845
7.005502
7.957006
8.895683
9.444715
9.601443
9.039428
8.269250
7.387345
6.303648
4.968159
3.395860
1.668648
-0.098572
-1.848024
-3.515110
-5.005197
-6.380940
-7.816708
-9.663635
-10.786826
-11.550417
-6.703583
-7.191710
-7.721940
-8.164296
-8.522141
-8.731024
-8.858961
-8.585698
-8.596424
-8.932837
-9.518382
-9.814615
-9.431479
-11.318347
-11.963343
0.848331
-7.351187
-6.703211
-6.472073
-5.586771
-4.743805
-3.805143
-2.972168
-2.128785
-1.344400
-0.587750
0.148452
0.877113
1.592070
2.294706
3.012658
3.658601
4.222368
4.945466
5.413894
5.796983
6.157794
6.318671
6.621847
6.396416
4.380081
2.693409
1.671622
1.171671
0.196818
0.377432
0.618778
-2.718607
-3.367054
0.876009
0.709898
-0.166007
-0.446920
-0.284360
1.012166
0.393249
2.848705
2.753569
2.495474
2.343972
1.806743
-0.865511
-3.216088
0.046111
-4.209558
-4.197415
-3.727968
-2.875943
-1.903863
-0.959072
-0.058999
0.744236
2.728560
3.531678
4.422999
5.216312
5.836750
6.535896
7.202822
7.974660
8.673225
8.232932
5.146994
5.337467
4.221151
2.796999
2.064284
1.118877
0.045812
-0.936559
-1.343859
-1.292903
0.241232
0.191727
-1.131279
6.402021
1.387836
-1.468497
-3.740145
-5.889264
-7.166981
-7.152276
-6.157909
-6.653871
-6.252630
-4.674923
-3.577931
-2.955402
-4.053800
-5.500290
-6.312763
-6.196400
-5.566617
-4.867026
-4.356121
-3.932038
-3.639987
-3.398054
-3.163441
-2.939650
-2.704058
-2.453010
-2.296139
-2.217543
-2.189645
-1.456788
-0.769565
5.007407
1.095533
-2.331949
0.894883
0.169839
1.289601
1.369174
2.155984
2.988608
3.844201
4.726815
5.641787
6.564774
7.524735
8.332816
8.961305
9.354557
9.530857
9.590855
9.551112
8.056690
6.403918
5.061397
3.759647
2.361070
0.898318
-0.566190
-1.969974
-3.311119
-4.657295
-6.203476
-8.177000
-10.486812
-12.285560
-15.138012
-11.443020
-13.588021
-15.731489
-17.632448
-19.113506
-19.555906
-19.428427
1.565891
-3.399605
-0.575020
-0.567641
0.157873
0.927983
1.720977
2.519253
3.313854
4.100624
4.870702
5.616608
6.283112
6.780529
7.046737
6.984360
6.855979
6.321287
5.553603
4.550327
3.308203
1.843769
0.212304
-1.507660
-3.239941
-4.958435
-6.925095
-8.769049
-8.987547
-9.202497
-4.455744
-5.579208
-6.778698
-7.742381
-8.418551
-8.837556
-8.942554
-8.474201
-7.950811
-7.093929
-6.167609
-5.259489
-4.746382
-4.730972
-5.257882
1.176163
-1.463694
-0.537967
-0.328619
0.542953
1.424496
2.309191
3.193731
4.055582
4.945157
5.765073
6.648064
7.390012
8.198979
8.805538
9.158023
9.407286
9.372747
9.228598
8.213850
6.740752
4.632045
2.833326
-0.619439
-3.841461
-6.910279
-9.620125
-10.523566
-11.258366
-11.733904
-10.072590
-1.186239
-0.954870
1.203688
2.550103
1.985172
1.009964
-1.322080
-3.512291
2.167453
4.027501
2.146974
-0.565750
-1.784443
-2.581421
-3.318403
-3.698372
-4.732836
-5.931133
-6.783954
-5.743443
-3.407897
-3.884666
-5.626355
-7.916458
-9.799611
-11.468992
-14.062254
-16.180225
-16.577856
-17.122162
-19.330296
-23.754738
-1.855228
-2.111630
-1.579355
-1.535659
-0.725699
0.117985
0.973138
1.832930
2.680463
3.485025
4.304317
5.025203
5.760201
6.358180
6.957891
7.518086
7.268989
6.038385
4.867843
1.828130
0.762305
-0.178150
-1.237183
-2.130847
-3.071613
-4.173361
-5.758886
-6.621461
-0.821784
-0.522037
-2.188241
-1.631386
1.141725
0.816626
-3.251829
-4.103226
-3.936969
-3.470545
-4.035766
-4.729740
3.499357
2.549070
2.175324
2.367162
3.173624
3.619562
0.611104
-0.403075
-1.573278
-0.788363
-1.525734
-0.820311
-1.437833
-0.715227
-1.350409
-1.166598
-3.092505
-1.854706
-2.167124
-4.330974
-5.774819
-6.658139
-7.068586
-7.128462
-7.112029
-5.472254
-3.671470
-5.120645
-5.057868
-4.026888
1.581196
0.885512
1.932828
2.101834
2.980417
3.923079
4.904660
5.923134
6.931305
7.695549
8.397029
8.764818
9.027733
9.437138
9.777563
9.656182
7.906660
6.305574
4.658366
2.995113
0.718985
-1.716953
-3.903065
-5.541604
-6.911893
-7.729256
-7.495701
-7.825541
3.138902
3.909663
1.465759
-2.405923
-13.713328
-23.125393
-27.057314
-19.681393
-9.588560
-4.371525
1.410951
4.783788
12.634051
12.845357
12.119533
10.022292
8.126376
6.431237
5.779256
3.805978
5.574874
4.540639
-3.050224
-7.985982
-13.427836
-16.896061
-14.844163
-11.599120
-8.565284
-6.410175
-4.920493
-3.711596
-3.013543
-2.630176
-2.393070
-2.232618
-2.073622
-1.972667
-1.888736
-1.861810
-2.049058
-1.869900
-1.813168
-1.962333
-2.333069
-2.365638
-2.176541
-2.081683
-2.203972
-2.532531
4.588098
-7.733529
-4.138850
-4.820217
-5.217053
-5.875113
-6.363993
1.404088
0.624197
1.762093
1.919897
2.780904
3.651117
4.548202
5.467404
6.412025
7.348081
8.069687
8.628045
8.598351
8.248618
7.767785
6.287439
4.604928
3.014357
1.548799
0.163785
-1.166408
-2.461737
-3.767488
-5.108118
-6.495630
-7.967650
-9.494549
-10.327184
-10.974145
-6.291387
-6.887623
-7.506543
-8.108868
-8.463033
-8.566013
-8.488815
-7.790001
-6.864676
-5.850526
-5.067335
-4.785892
-5.019227
-5.566926
-6.233397
0.698828
-2.120583
-1.114365
-0.978319
-0.135499
0.693756
1.604736
2.514242
3.408602
4.261253
5.038337
5.683088
6.305355
6.807310
7.375453
7.855334
8.075634
6.911398
5.126683
3.516649
1.174444
-0.699212
-2.489115
-4.234009
-5.738599
-6.945508
-7.473793
-7.993371
-8.340940
-3.170884
-2.509256
-2.367468
0.059766
-0.086227
0.807908
-4.267623
-4.525444
-5.940216
-6.225937
-6.267010
-5.947236
-5.890700
-6.267612
-7.059498
-8.501419
-10.450790
-13.510386
-13.144587
-14.943122
-13.180772
-10.161551
-0.907681
-6.050287
-6.811368
-5.689445
-4.392894
-3.214735
-2.156488
-1.149305
-0.188953
0.713066
1.598537
2.486741
3.395388
4.299293
5.232462
5.997806
6.894687
7.750021
8.472676
8.805863
8.151725
7.467987
6.973116
6.539639
5.889773
5.139663
4.313809
3.315176
1.815889
0.452935
-0.923127
-2.394736
-4.019133
-5.962879
-8.402762
-10.133821
-10.788377
-5.695899
-6.385131
1.228782
-0.141422
1.045498
1.156047
2.061130
3.018368
3.990223
4.963466
5.849622
6.573340
7.182319
7.683822
8.234189
8.751949
9.118315
7.700939
6.156298
4.294973
2.819486
1.686014
-0.049847
-1.608101
-3.064517
-4.561375
-5.251719
-4.978422
-5.148487
-6.306132
4.289870
6.695568
-5.546654
-8.809980
-9.340905
-3.798265
-7.128086
-6.414786
-5.151058
-4.644910
-4.932654
-4.976096
-4.185886
-3.653358
-3.215744
-3.053994
-3.109420
-3.200202
-3.315243
-3.386623
-3.411629
-3.488803
-3.814109
-4.484816
3.209919
2.876547
0.103552
-1.887808
-4.252616
-6.033698
-8.723254
2.659432
0.428557
0.423286
0.398436
1.146787
1.944914
2.792266
3.687428
4.578916
5.529191
6.309766
7.111119
7.743762
8.308375
8.891612
9.309180
9.478779
9.308892
8.428984
6.434971
4.374481
2.992463
0.038695
-3.060296
-5.730834
-7.830571
-9.523839
-10.560959
-11.093557
-11.169006
-10.865038
-5.548860
-5.491983
-3.843561
-2.688227
-3.191892
-3.228271
-3.599681
-2.828459
-1.858633
-3.998324
-6.826846
-5.875356
-5.557551
-4.917736
1.161693
-6.288339
2.059622
1.547290
-0.472378
0.295602
1.156073
2.028481
2.909940
3.807236
4.710529
5.615694
6.510352
7.394373
8.168945
8.953622
9.427011
8.974090
7.673187
5.767858
3.719480
1.755600
-0.048246
-1.690230
-3.473010
-4.951854
-6.433406
-8.360044
-10.000134
-11.232873
-7.713721
-9.179221
-11.199011
-13.540339
-16.142181
-18.792553
-21.049221
-22.334560
-20.619545
-18.905659
-16.839338
-17.433882
1.160675
2.192573
3.362674
1.521731
0.305178
1.592441
1.750273
2.694093
3.701965
4.703743
5.664421
6.534831
7.079954
7.490185
7.893119
8.479705
8.975811
8.761425
6.843050
5.267682
3.570975
2.496146
1.215824
-0.423588
-1.903706
-3.401210
-4.872615
-5.492269
-4.578224
-5.369986
-4.821064
2.922868
3.335531
-2.900904
-9.823553
-8.070610
-6.317016
-6.050389
-6.394112
-6.644604
-7.312096
-8.382741
-9.993914
-9.602618
-7.902279
-6.200822
-4.051812
-2.234105
-2.427380
-2.778559
-0.584352
5.190778
4.053367
2.062274
0.128892
-1.915123
-4.070872
-6.470673
-10.918970
0.817494
0.367279
1.523721
1.590930
2.444607
3.324975
4.237660
5.172901
6.115804
7.096653
7.948846
8.532724
9.036172
9.270252
9.505738
9.651500
8.862177
6.772176
5.043472
3.816767
1.556381
-1.279644
-4.072403
-6.453052
-7.193104
-8.668286
-8.785405
-9.216569
-8.862300
-4.336503
-6.308136
-7.195008
-7.092817
-8.582137
-11.287190
-14.761597
-9.851166
-6.283802
-5.175845
-5.824243
-7.224452
-8.569048
-9.814365
-10.842278
-11.847184
-9.245193
-14.093148
-15.772968
0.019444
0.233807
1.179417
1.446961
2.301460
3.205425
4.131295
5.083076
6.062500
7.027809
8.029237
8.855171
9.354751
9.483999
9.416765
9.306874
9.258086
7.406068
5.884737
3.895429
2.008264
-0.486237
-3.006646
-5.304991
-7.249493
-8.664625
-8.936922
-8.639973
-8.586146
-8.049864
7.470599
-3.686731
-10.848273
-11.406076
-20.455561
-22.326237
-19.981201
-14.444800
-4.593904
3.669491
3.418624
7.233656
9.343350
13.151712
13.064707
11.995643
9.971669
7.358717
5.753318
4.843406
