0.004767
-0.099862
-0.030154
0.002538
0.001276
0.010556
0.014338
0.012155
0.004576
-0.001317
-0.002409
-0.011342
-0.020520
-0.013271
-1.354034
4.900052
0.638823
0.624108
0.776652
0.179591
-0.328725
-0.507509
-0.068552
0.002197
-0.126034
-2.038842
-1.363778
0.803626
2.819149
2.224887
2.226703
0.609097
-2.283586
-2.423097
-0.822247
0.706999
3.196286
1.894715
1.349434
-0.607087
-1.120239
0.500831
2.213351
3.187733
3.226281
0.671692
-0.067933
0.049658
2.553741
1.570535
0.074318
2.023057
1.429991
-0.325060
-2.317806
-0.973297
0.969522
-0.820123
-5.942933
0.049800
-0.959344
-4.549204
0.481360
2.119810
-12.119512
-26.704178
-18.730295
-12.307492
-20.271648
-18.545038
-11.858950
-0.833325
10.389277
2.718714
0.408206
-0.630359
-0.557990
-0.513547
-0.437568
-0.344284
-0.233831
-0.115012
0.001301
0.112035
0.214083
0.317453
0.413022
0.487233
0.551000
-0.117670
5.324095
-0.599965
0.941822
2.492895
1.480798
0.357570
-0.141131
-0.154446
-0.415336
-0.510763
-1.890907
-4.457024
-2.648553
-2.725919
-1.602824
-0.166055
-0.326234
-1.291850
-0.866127
5.848882
6.229935
-0.431765
-2.448082
-3.852698
-4.056185
-4.894315
-4.137088
-2.659265
-0.896357
-1.410399
-1.919619
1.385420
-0.772007
0.183373
-1.555066
-2.147069
0.043896
2.328480
3.684087
3.354734
1.843517
2.470394
2.497368
-0.024194
-0.818479
-1.902328
-2.875212
-1.343064
2.953894
5.148263
4.273554
-1.129063
-2.808986
0.872738
2.037713
2.018349
2.490250
1.803602
1.467739
0.806007
0.308475
-0.051044
1.800704
1.632266
2.064558
0.365368
-1.010547
-0.770320
1.929083
3.503963
3.087472
-1.431933
-3.298499
-0.216036
1.462908
0.691626
1.144989
0.324746
-0.293779
-0.829075
-1.189407
0.338992
1.925394
1.148446
1.303857
-0.686376
-2.194921
-1.868652
1.171717
2.784026
2.811701
-1.518281
-3.473520
0.037487
1.454869
0.731935
1.071906
0.311264
-0.322445
-0.841443
-1.224875
0.660530
1.955853
0.834731
0.914632
-1.151320
-2.650697
-2.217308
0.877981
2.479123
2.424193
-0.829821
-3.000578
-0.975696
1.623840
0.732853
1.011346
0.574703
0.272993
-0.389786
-0.868906
0.588441
1.916562
1.122916
1.054621
-1.059839
-2.486384
-2.166033
0.796567
2.543546
2.625203
-0.829196
-3.039980
-1.189065
1.667561
0.573611
0.815971
0.442385
-0.018930
-0.720980
-1.111009
0.367253
1.950948
1.157075
1.073328
-0.995924
-2.567885
-2.275867
0.637471
2.342294
2.459067
-0.885841
-3.033701
-1.152400
1.596212
0.459563
0.650971
0.306503
-0.087194
-0.764313
-1.231108
0.525488
2.185172
1.055068
0.966542
-1.254392
-2.686674
-2.307317
0.735396
2.602029
2.547890
-0.713084
-2.855425
-1.406643
1.772346
0.388040
0.472585
0.032912
-0.540415
-0.971567
-1.173635
0.199318
2.046602
0.879908
1.001910
-1.135637
-2.740117
-2.381720
0.729223
2.444675
2.535347
-0.617149
-2.916460
-0.816146
1.733566
0.615235
0.700432
0.307145
-0.086306
-0.572322
-0.764547
0.451066
2.180547
0.822715
0.937549
-1.319952
-2.921697
-2.446175
0.881034
2.695630
2.750378
-0.356728
-2.535446
-1.156200
1.874470
0.530231
0.510717
-0.087753
-0.751090
-0.964235
-1.040086
0.292826
2.254976
0.865273
0.886526
-1.361062
-3.000749
-2.481066
0.857808
2.621555
2.763328
-0.435824
-2.696902
-0.876336
1.661556
0.601856
0.565313
0.136841
-0.333208
-0.622262
-0.681939
0.383994
2.333946
0.900236
0.979031
-1.322700
-3.033433
-2.479835
0.921462
2.711928
2.921283
-0.476058
-2.702902
-1.029078
1.556605
0.435827
0.343501
-0.053247
-0.561863
-0.753620
-0.831374
0.443752
2.480197
0.891678
0.932077
-1.425773
-3.078733
-2.474996
0.983639
2.861059
2.926283
-0.216403
-2.461279
-1.010044
1.567270
0.464630
0.312434
-0.172284
-0.838811
-0.862339
-0.755662
0.259616
2.478016
1.011548
1.025052
-1.396532
-3.124655
-2.545186
0.942783
2.743053
2.947760
-0.222283
-2.509540
-1.083731
1.433652
0.319221
0.118307
-0.295476
-0.864243
-0.834347
-0.649512
0.357114
2.611011
1.037721
0.981359
-1.450056
-3.189828
-2.509166
1.127400
2.973583
3.140800
0.065591
-2.141759
-1.027135
1.703837
0.504027
0.205477
-0.379182
-1.063780
-0.939479
-0.705995
0.399472
2.676935
1.018244
0.963110
-1.531096
-3.309873
-2.604996
1.063547
2.900348
3.122592
-0.010617
-2.314758
-0.917239
1.355488
0.344941
0.022135
-0.392766
-1.039694
-0.869017
-0.568120
0.374240
2.740056
1.076060
0.997003
-1.546153
-3.314187
-2.610208
1.102743
2.955759
3.191437
0.037707
-2.295593
-0.882924
1.347948
0.306542
-0.046025
-0.434969
-1.122515
-0.868039
-0.582947
0.636885
2.864056
1.059470
0.978465
-1.570451
-3.370166
-2.584932
1.217156
3.168642
3.270002
0.213150
-2.092534
-0.720181
1.438084
0.485698
0.099559
-0.337465
-1.005869
-0.788747
-0.419675
0.978276
2.797959
1.011209
0.999040
-1.585091
-3.485168
-2.778580
0.987802
2.863492
3.174777
0.176275
-2.167969
-1.016847
1.337487
0.223570
-0.217188
-0.629322
-1.260381
-0.940715
-0.480042
1.157621
2.951069
1.001886
0.876534
-1.745453
-3.590303
-2.824175
1.042971
2.946811
3.257020
0.440898
-1.824543
-0.721587
1.616159
0.440894
-0.083112
-0.641703
-1.194008
-0.866236
-0.382857
1.197909
2.999692
0.972641
0.872590
-1.829275
-3.709721
-2.901539
0.998944
2.903594
3.234882
0.331718
-2.016410
-0.702324
1.392288
0.356766
-0.163318
-0.576348
-1.197486
-0.838744
-0.320676
1.184108
2.995237
0.979391
0.884552
-1.827393
-3.736707
-2.966780
0.960954
2.881894
3.235657
0.344793
-2.027297
-0.746698
1.398435
0.286821
-0.250856
-0.656136
-1.293082
-0.857864
-0.329345
1.405796
3.120142
0.991721
0.898421
-1.860693
-3.766640
-2.895000
1.088662
3.112240
3.310012
0.536485
-1.801967
-0.884581
1.473403
0.378699
-0.254572
-0.744230
-1.221022
-0.807554
-0.218169
1.271497
3.092784
1.000839
0.912649
-1.859282
-3.865995
-3.082723
0.917614
2.869698
3.239969
0.494207
-1.887385
-0.673403
1.407421
0.271842
-0.362183
-0.785914
-1.319515
-0.838208
-0.191394
1.368158
3.184056
0.996757
0.851779
-1.956160
-3.956418
-3.141006
0.925624
2.899336
3.334633
0.729502
-1.577361
-1.352141
1.533300
0.304045
-0.457821
-1.006889
-1.350556
-0.837048
-0.126764
1.518392
3.310038
1.025776
0.876747
-2.017208
-4.017017
-3.113983
1.005721
3.003276
3.358716
0.688505
-1.692587
-0.921916
1.457566
0.303168
-0.461484
-0.925238
-1.303113
-0.780136
-0.057950
1.493605
3.289662
1.005149
0.858209
-2.013397
-4.071748
-3.235632
0.907545
2.906548
3.306903
0.701629
-1.713312
-1.183932
1.395424
0.192733
-0.605441
-1.020189
-1.443646
-0.832294
-0.077052
1.713931
3.422182
1.038964
0.892366
-2.069798
-4.060752
-3.113292
1.049938
3.134629
3.381200
0.867220
-1.540624
-1.251600
1.498273
0.332228
-0.541117
-1.028426
-1.331711
-0.759115
0.045058
1.579956
3.392587
1.038934
0.895495
-2.079848
-4.201778
-3.325711
0.899514
2.937546
3.354839
0.826430
-1.596118
-1.242175
1.400524
0.172011
-0.720277
-1.132549
-1.504962
-0.808182
0.052194
1.703897
3.515351
1.050641
0.825267
-2.177997
-4.294015
-3.382038
0.924033
2.997906
3.488910
0.963894
-1.355498
-1.124379
1.476891
0.310260
-0.690850
-1.207514
-1.471206
-0.771810
0.137454
1.833006
3.627497
1.066869
0.845735
-2.259856
-4.392045
-3.390442
0.958837
3.047968
3.460418
0.995845
-1.455570
-1.117297
1.489901
0.300085
-0.702826
-1.169394
-1.455515
-0.744832
0.179110
1.810082
3.617314
1.038546
0.832882
-2.276496
-4.464249
-3.513682
0.888601
2.992223
3.453783
0.941081
-1.493643
-1.127600
1.426008
0.211892
-0.784812
-1.223741
-1.599616
-0.684848
0.203708
2.036923
3.748913
1.074447
0.875722
-2.340166
-4.456543
-3.408879
0.998569
3.170306
3.526327
1.149270
-1.309638
-0.990950
1.486758
0.318022
-0.791474
-1.315135
-1.544623
-0.758026
0.251446
1.895100
3.720296
1.062226
0.847938
-2.364138
-4.634075
-3.653329
0.838054
2.987046
3.487138
1.079825
-1.382508
-1.107870
1.409246
0.141169
-0.940987
-1.476407
-1.764657
-0.583171
0.419926
2.077905
3.887211
1.144511
0.827551
-2.397450
-4.672031
-3.659182
0.892257
3.067314
3.647522
1.382643
-1.037272
-0.896043
1.621228
0.412795
-0.764247
-1.371138
-1.516337
-0.661890
0.378824
2.036770
3.890241
1.077548
0.821518
-2.538711
-4.833234
-3.765456
0.777855
2.933803
3.522199
1.281095
-1.247217
-1.181358
1.452624
0.125038
-1.035326
-1.686872
-1.834264
-0.612716
0.538586
2.169537
4.006775
1.126046
0.803069
-2.484593
-4.833252
-3.807625
0.812623
2.996630
3.528141
1.311715
-1.233089
-1.338209
1.396573
0.052528
-1.172794
-1.812563
-1.998698
-0.479571
0.770639
2.453242
4.154038
1.184537
0.967649
-2.420547
-4.692205
-3.599234
1.019043
3.269707
3.637699
1.718076
-0.891734
-1.144282
1.801082
0.409228
-0.837782
-1.435310
-1.419862
-0.568925
0.520042
1.976208
3.929585
1.127367
0.971054
-2.464981
-4.920281
-3.953106
0.656082
2.852104
3.529648
1.418535
-1.163533
-1.380787
1.481808
0.011933
-1.255131
-1.902815
-2.000120
-0.482188
0.897632
2.232487
4.178689
1.161866
0.895355
-2.465732
-4.976315
-3.967949
0.679981
2.885629
3.615198
1.829462
-0.690903
-0.590091
1.724406
0.420865
-0.996189
-1.551643
-1.427761
-0.573829
0.559262
2.161343
4.176160
1.142398
0.882744
-2.662236
-5.111879
-4.049630
0.619068
2.834110
3.573235
1.653875
-0.943504
-1.254012
1.668797
0.182765
-1.128722
-1.791494
-1.739271
-0.517089
0.877246
2.190737
4.197520
1.095523
0.811667
-2.514911
-5.159727
-4.187429
0.521917
2.764737
3.483490
1.786242
-0.867597
-1.206140
1.864522
0.269788
-1.040590
-1.716497
-1.653939
-0.485208
0.907941
2.283420
4.315952
1.234910
0.975971
-2.488887
-5.061316
-4.051215
0.612281
2.866945
3.556301
1.959807
-0.661006
-0.929368
1.901152
0.175881
-1.341825
-1.928552
-1.723699
-0.531246
1.043528
2.148500
4.255297
1.161789
0.958108
-2.362845
-5.221465
-4.329941
0.437673
2.726385
3.435302
1.794937
-0.859373
-1.154611
1.824039
0.151421
-1.257519
-1.896405
-1.807010
-0.327670
1.261378
2.239818
4.392636
1.185370
0.914731
-2.485337
-5.330894
-4.426066
0.307524
2.625358
3.530740
1.999035
-0.568014
-0.794844
1.761871
0.317948
-1.219759
-1.764483
-1.547960
-0.573720
0.963460
2.283499
4.543479
1.267275
0.935992
-2.706372
-5.484812
-4.500969
0.309882
2.675439
3.521036
2.033028
-0.699174
-0.862862
1.740135
0.185226
-1.304329
-1.898749
-1.724037
-0.479624
1.135491
2.302255
4.501120
1.194860
0.879437
-2.538226
-5.474018
-4.592505
0.245848
2.616608
3.452624
1.996634
-0.744627
-0.879704
1.704414
0.120973
-1.356197
-1.986984
-1.844807
-0.368949
1.299961
2.533504
4.626678
1.389681
1.259796
-2.166579
-5.470265
-4.303607
0.573303
2.934922
3.763490
3.031262
-0.357432
-2.381906
1.806428
0.230609
-1.586374
-2.503866
-2.624432
-1.303435
0.294354
1.442812
4.534033
1.572231
0.753060
-2.397824
-6.038528
-5.153135
0.163586
2.726571
3.288463
2.976397
-0.518547
-2.467493
1.848628
0.533156
-1.196168
-2.396540
-2.865015
-1.653916
0.019459
2.389033
5.005111
1.830955
0.193593
-3.342243
-6.673764
-5.652350
0.330693
3.303404
3.764598
3.801754
0.235206
-1.720891
2.285534
1.392603
-0.337278
-1.660014
-2.182305
-0.896330
0.897009
2.979304
5.169693
1.975039
0.610074
-3.435248
-6.746435
-5.561540
0.547550
3.337283
4.043662
4.219267
0.092975
-1.926024
2.412388
1.065714
-0.634668
-2.008955
-2.594586
-1.430536
0.192509
2.521273
5.230413
1.921468
0.033246
-3.939626
-7.338098
-6.355983
0.048529
3.107785
3.685911
4.880765
0.712316
-1.000525
3.129873
1.831285
0.079836
-1.385514
-1.958775
-0.660713
1.157245
3.086156
5.556289
1.980695
0.607889
-3.712229
-7.399494
-6.233592
0.230638
3.040354
4.176930
5.311871
0.739169
-1.333576
3.105930
1.406536
-0.484962
-1.842266
-2.400473
-1.291271
0.236793
2.242263
5.785445
2.546269
0.057901
-4.373373
-8.231487
-7.172321
-0.560629
2.410687
3.641875
5.018496
1.083206
-0.952279
3.250149
1.754264
-0.191334
-1.618394
-2.293431
-1.168493
0.378092
2.643336
5.961387
2.174355
-0.063576
-4.413828
-8.455523
-7.508377
-0.608822
2.581086
4.052703
5.645576
1.734445
-0.452280
3.513448
2.099640
0.122443
-1.252815
-1.907583
-0.716381
0.922259
2.848099
6.421460
3.158599
0.347268
-4.726877
-8.833577
-7.527542
-0.800808
2.282967
4.047170
5.889774
0.794475
-1.582939
2.443168
0.899633
-0.983902
-2.444273
-3.215667
-2.351679
-1.108289
2.475211
6.809199
3.251125
-0.943139
-5.372566
-9.385778
-8.442122
-1.639392
2.372668
3.420543
5.116273
3.124388
1.699360
4.354774
3.166916
1.297233
-0.120946
-0.714220
0.699976
2.757558
3.828852
6.469840
3.128860
1.316213
-3.881716
-8.128720
-6.718792
-0.409592
2.446925
4.631078
4.408655
0.446655
-2.006046
2.086226
-0.326470
-2.280750
-3.625946
-4.380890
-3.746120
-2.898873
1.186011
6.870107
3.673437
-1.080761
-5.118141
-9.336751
-8.867703
-2.127681
2.050474
2.533124
4.138840
4.534104
2.312640
4.774420
3.258250
1.592802
-0.090434
-0.956953
0.270664
2.289267
5.080236
7.365340
3.675082
0.482686
-5.236921
-9.156769
-7.588572
-0.797128
2.662627
5.216302
5.766061
1.328421
-1.113139
2.390294
0.558426
-1.340246
-2.746420
-3.560092
-2.837308
-1.868124
1.572587
7.040481
3.993627
-0.601649
-4.980002
-9.367029
-8.724871
-2.106328
1.803594
3.123507
5.016229
3.156155
1.520120
4.189322
2.940409
1.136609
-0.212952
-0.926296
0.295443
2.133910
3.888536
7.064869
3.580064
0.583204
-4.619654
-8.909374
-7.650055
-1.093380
2.224072
4.585723
5.698390
0.877083
-1.612166
2.776375
0.419593
-1.471536
-2.898117
-3.778144
-3.216630
-2.391063
1.353058
6.821369
3.714861
-0.644250
-4.767468
-9.103873
-8.706949
-2.037174
2.097614
2.932424
4.602372
4.992306
2.530943
5.268601
3.457904
1.719287
0.377587
-0.293449
1.014782
3.047130
4.220006
7.262204
3.872616
1.116592
-4.493020
-9.136662
-7.528273
-1.236645
1.902059
4.699468
5.029750
0.855008
-1.604581
2.473627
-0.177341
-2.207740
-3.502871
-4.263266
-3.740696
-3.306207
0.536854
6.661103
3.778975
-0.404407
-4.374702
-8.900656
-8.814362
-2.498453
1.369965
2.528483
4.326416
5.273692
2.866534
5.621619
3.851725
1.945431
0.692213
0.158407
1.652716
3.505793
4.479292
7.332378
3.866920
1.474031
-3.973675
-9.037334
-7.286837
-1.196927
1.824597
4.649988
4.601831
0.802460
-1.717735
1.924009
-0.655037
-2.889674
-4.033553
-4.732888
-4.221455
-3.976275
0.161221
6.865866
4.272983
0.043868
-3.920284
-8.552106
-8.667884
-2.617732
1.071932
2.000146
3.584983
4.634326
1.990256
4.792837
2.981172
1.108900
-0.196327
-0.928918
0.275764
2.196485
5.041260
7.970243
4.337835
0.539215
-4.917322
-9.141474
-7.822821
-1.139778
2.491378
4.723788
5.544535
1.217180
-1.173419
2.823251
0.379892
-1.696412
-2.995755
-3.876616
-3.418690
-3.099910
0.570058
6.717263
4.166820
0.293765
-3.611283
-8.192829
-8.256008
-1.937806
1.965143
2.865573
4.444779
2.938856
1.626595
4.678791
2.889402
0.999836
-0.049304
-0.730103
0.433171
2.149280
3.912409
7.410817
4.127063
0.774014
-4.288076
-8.921755
-7.879352
-1.572927
1.964776
4.510304
5.736112
1.209221
-1.079945
2.754926
0.370072
-1.797258
-2.929373
-3.658273
-3.080538
-2.769287
0.649305
6.877664
4.595213
0.673883
-3.186547
-8.023030
-8.144476
-2.072829
1.666109
2.769192
4.366183
2.109082
0.503412
3.812071
2.173387
0.135449
-0.787451
-1.412176
-0.447482
0.884281
2.386244
7.537502
5.031024
0.960499
-4.211857
-8.577052
-8.090004
-1.397273
1.973757
3.910924
5.422254
2.471348
-1.024243
3.488717
1.477841
-0.994404
-2.076851
-2.862245
-2.407163
-1.931367
-0.045991
6.710220
3.982189
0.606933
-3.332329
-8.245862
-8.566917
-2.393560
1.812248
2.243539
3.710522
2.060008
-0.126109
3.214447
2.183719
-0.098486
-1.342454
-2.370425
-1.836655
-0.813980
2.425225
7.225262
4.539390
0.639960
-4.094962
-8.753912
-8.543599
-2.146047
2.594153
3.338729
4.828463
2.663274
-0.143325
3.572340
2.471734
0.212021
-0.859757
-1.670616
-0.989067
0.109533
1.660629
6.677250
4.008990
1.067157
-3.054277
-7.695160
-7.839397
-1.307559
2.334386
3.531119
5.071694
2.539840
-0.782922
3.786297
2.171603
-0.406683
-1.199223
-1.626186
-0.822533
-0.047073
0.775775
6.744139
4.358086
1.632631
-2.174074
-7.649313
-8.007913
-1.771260
1.374172
2.789622
4.284506
1.445311
-1.659680
2.953344
1.047199
-1.486458
-2.501981
-3.332160
-2.877931
-2.494612
0.050408
7.262745
4.652838
0.803061
-3.228882
-7.957558
-8.423895
-2.501896
2.279272
2.379548
3.778936
2.184787
-0.494095
3.515202
2.349369
0.169434
-0.936293
-1.809762
-1.142548
0.045207
2.632285
7.303788
4.419936
0.864453
-3.336661
-7.521688
-7.650178
-0.910573
2.839282
3.696870
4.949170
2.394157
-0.689488
3.821757
2.107763
-0.369364
-1.313894
-1.965961
-1.310675
-0.572890
0.703388
6.702628
4.427754
1.305331
-2.402661
-7.519515
-8.172454
-1.777491
1.815672
2.831661
4.288058
1.387204
-1.586861
3.089305
1.459624
-0.940807
-2.053692
-2.970747
-2.591524
-2.147163
0.520716
7.339260
4.728879
0.690112
-3.219612
-7.923452
-8.446753
-2.398693
2.652996
2.927806
4.308752
2.678267
-0.027514
3.797651
2.742862
0.409873
-0.383798
-0.933490
-0.045221
1.146358
2.320873
7.262789
4.765398
1.827122
-2.049428
-7.384521
-7.356576
-1.141705
1.975622
3.571174
4.976073
1.325753
-1.469276
2.918164
0.993702
-1.584642
-2.493446
-3.198162
-2.883276
-3.214561
-1.179469
6.765583
4.832282
1.437540
-1.930662
-7.111749
-8.053413
-2.017732
2.061370
2.294722
3.736817
1.485416
-1.153523
3.132903
2.009444
-0.330705
-1.258484
-2.032934
-1.495079
-0.763774
1.993189
7.801651
4.725819
0.975381
-3.202105
-7.553575
-7.755295
-0.782780
2.970723
3.517369
4.788604
2.825299
-0.345482
4.092921
2.675684
-0.004071
-0.895051
-1.357560
-0.621262
-0.008197
0.611502
6.805387
4.553321
2.146416
-1.245386
-7.390790
-7.688348
-1.336661
1.556867
3.009348
4.472833
0.801455
-2.120422
2.642123
0.769517
-1.940615
-2.948229
-3.864083
-3.855156
-5.787317
-1.424613
6.785335
4.931539
1.346939
-2.651468
-7.393991
-7.963372
-1.790257
2.848709
2.482944
3.896640
2.581304
0.217034
3.937184
2.861740
0.498140
-0.209804
-0.833862
-0.177282
0.754675
2.578099
7.953088
4.796924
1.760513
-2.515198
-7.594640
-7.208813
-0.349228
2.632885
3.850171
5.194428
1.722909
-0.722103
4.456916
1.849429
-0.796096
-1.593606
-2.029566
-1.671655
-2.232809
0.750645
6.867353
4.655105
2.859830
-0.805038
-7.020225
-7.323804
-1.624171
1.161908
2.455081
4.527631
-0.136791
-2.297915
2.467334
0.107363
-2.436831
-3.252825
-3.974751
-4.019625
-6.523452
0.357222
7.797882
4.500214
1.097053
-2.647058
-7.436464
-7.419455
-0.959852
3.211405
3.092329
4.483704
1.995393
0.089530
4.332947
2.649369
0.341650
-0.252850
-0.505467
0.293969
0.851962
2.630465
7.588933
4.412647
2.651679
-1.420214
-6.969387
-6.478679
-0.557912
2.279509
3.818988
4.201351
0.325396
-1.653824
2.924946
0.523099
-2.085454
-3.016767
-3.825823
-4.238801
-7.145025
-0.477365
6.770261
4.657212
2.562718
-0.925693
-5.899282
-6.483120
-0.475621
2.415219
2.986529
4.489161
0.823151
-1.381617
3.364355
1.642163
-0.861379
-1.558438
-1.823029
-1.366537
-2.560120
1.626034
7.815467
4.544453
2.404038
-1.954937
-7.071971
-6.458805
-0.322046
2.441349
3.599856
4.480223
0.684780
-1.486891
3.606293
1.400364
-1.134648
-2.184026
-2.911864
-3.121066
-5.910790
0.240706
7.026011
4.454589
2.535840
-1.042677
-6.148807
-6.346982
-0.077580
2.574409
3.065780
4.444869
0.714506
-1.488075
3.564159
1.469162
-1.162993
-2.131368
-2.777071
-2.791277
-4.999669
0.932289
7.784221
4.331932
1.743057
-2.706793
-7.299471
-6.931901
0.017075
3.097317
3.514246
4.864467
1.625286
-0.268383
4.506540
2.622821
0.051080
-0.963746
-1.146729
-0.712197
-2.396943
2.368328
7.375137
5.420830
2.534423
-1.240491
-6.745726
-6.223585
-0.370897
1.549017
3.096282
5.792302
0.781014
-1.231378
2.599560
-0.225034
-2.988942
-4.373025
-5.438369
-6.161269
-9.132459
-0.584382
6.905372
6.041942
2.989394
-1.141651
-6.195149
-6.248388
0.080913
2.442056
3.103967
5.355913
2.894534
0.581377
5.348630
2.945023
0.057008
-0.901320
-1.047509
0.070183
0.450763
2.688478
7.154749
5.332069
1.698857
-1.709995
-6.577573
-5.371653
0.052895
1.696329
3.183038
4.872120
0.841682
-1.868668
1.120213
-0.892268
-3.675350
-4.766313
-5.629559
-5.976560
-8.803028
-0.729014
5.865120
5.596311
4.508655
0.486261
-5.340811
-5.781395
0.143565
2.013261
2.812003
4.897336
1.395303
-0.741312
4.277544
1.552054
-1.160872
-2.190297
-2.399345
-1.604408
-1.952930
1.935515
7.069460
5.207153
3.135065
-0.189738
-5.982186
-5.210907
0.261304
1.798077
3.249898
6.005754
1.115267
-1.073391
2.720836
0.296992
-2.389647
-3.652909
-4.317050
-4.197874
-6.774371
-0.083838
5.998937
-0.119854
-0.365395
-0.289734
-0.073188
0.054391
0.159458
0.232375
0.292827
0.340802
0.376752
0.402289
0.421625
1.021188
3.522716
-0.210528
1.042351
2.110698
0.749484
-0.008880
0.361535
0.582914
0.609656
0.378339
-1.252370
-2.017112
-0.370064
0.052355
-0.030839
-1.312100
-2.327701
-4.068557
-3.243993
-3.449210
-2.018729
2.122859
4.454441
2.728014
0.237275
-1.587389
-1.690054
-0.068405
2.607485
1.854337
0.846944
-0.219042
-0.250383
0.240697
2.904458
2.567255
1.450216
0.765069
-0.213435
-0.817430
-0.220805
2.524999
3.400127
0.610116
-0.118942
-1.736709
-2.694482
-0.992570
3.892700
4.999254
3.797018
1.924404
0.133198
1.158177
3.853727
3.128437
1.308218
0.094889
-0.911421
-0.960405
-3.059577
1.439524
4.815827
2.126060
2.018291
-1.566082
-4.573875
-3.478329
0.810905
2.211102
2.742536
1.612788
-0.490210
-0.090068
3.150013
1.337061
-1.335426
-2.566408
-1.900591
-1.850385
-4.820003
0.873362
5.667502
2.995382
2.899026
-1.063550
-5.194635
-4.707942
0.144424
1.538903
2.187186
1.788483
-0.775004
-0.459183
3.319098
1.316898
-1.531631
-2.715368
-2.234697
-1.753615
-4.499603
1.386517
6.413194
3.209015
2.824888
-1.479779
-5.480212
-4.711658
0.545499
2.069723
2.715946
2.740186
-0.346030
-0.171172
3.377533
1.474004
-1.604361
-2.896039
-3.296983
-4.590652
-7.476792
0.831689
6.232736
4.595934
4.086396
0.211865
-4.042006
-3.320444
1.811252
2.932890
3.647634
3.172952
0.075043
-0.117059
3.503426
1.024437
-2.090242
-3.472880
-3.992898
-4.505068
-8.268695
0.630072
5.726851
5.281065
3.641741
0.531283
-3.663989
-3.371676
1.959091
2.946821
3.937013
3.211663
0.040870
-0.425404
0.867530
-0.545993
-3.677376
-5.463619
-6.799602
-8.989250
-11.861007
-0.804024
5.415604
5.441000
5.106707
0.750172
-3.241865
-2.506076
3.657288
4.720984
4.734172
4.371273
0.616153
0.233663
1.982751
0.571509
-2.524071
-4.222919
-5.222545
-5.637148
-8.887156
1.679617
6.823917
5.049096
4.052848
-0.476154
-4.247011
-3.003228
2.990978
4.110544
4.890606
4.753301
0.678289
0.193300
1.565688
0.216957
-2.955163
-4.787102
-6.116928
-7.106929
-10.645980
0.462999
6.259796
5.255567
4.526137
0.234116
-3.556495
-2.637577
3.445856
4.491473
5.071876
4.920310
0.909126
0.418184
2.014178
0.683672
-2.246525
-4.099253
-5.158272
-5.718532
-9.039579
1.550880
6.553059
5.338677
4.565390
0.071619
-4.013707
-3.003253
2.844918
3.828978
4.774774
4.746406
0.767656
0.158276
0.903160
-0.300478
-3.602173
-5.513107
-7.039185
-9.284842
-11.990226
-0.104680
6.036781
5.385503
4.467021
0.236033
-3.589737
-2.714163
4.108157
4.965271
5.473527
6.035930
1.620282
1.131456
2.939576
1.407443
-1.224634
-3.036526
-3.871833
-4.121421
-7.196746
2.376876
6.680020
5.607878
3.511550
0.468199
-4.237043
-3.432598
2.416438
3.437433
4.817952
4.434522
0.895444
0.102006
-0.009670
-1.001132
-4.385210
-6.588365
-8.665282
-11.505988
-14.281739
-1.621476
5.104556
5.668434
5.026398
0.999843
-3.487127
-3.140492
4.097869
4.661742
5.311471
6.631977
3.033250
3.055784
5.732085
3.330400
0.585304
-0.613011
-0.362174
-0.565494
-0.205273
4.054066
6.749782
2.907724
-0.663688
-3.731085
-6.762591
-3.803193
1.454565
3.277973
4.542677
4.026886
1.408431
-1.078495
-1.726882
-3.520164
-5.037347
-7.697510
-10.464060
-13.639227
-15.974963
-3.749101
3.288430
5.618344
5.623576
1.362162
-3.262329
-3.891901
2.573414
3.747231
4.184368
5.932240
6.227599
8.084579
6.606266
4.249650
1.432478
0.167054
0.544292
0.393210
1.359382
5.924741
7.425954
3.527478
-1.331835
-4.385848
-9.104083
-6.808518
-0.336336
1.904471
4.090665
4.191339
1.134820
-0.528091
0.370277
-1.378533
-3.682459
-5.637660
-7.617833
-10.859504
-13.599831
-0.153315
6.230370
5.700563
4.151653
-0.781816
-6.065637
-6.243694
0.862611
2.330568
3.777645
6.645980
5.987503
2.785401
7.058617
4.714185
1.117127
0.112290
-0.091980
-0.692118
-0.259781
2.897441
6.265091
4.353211
0.787599
-3.717128
-8.960210
-5.386352
2.734396
3.860007
4.311914
6.114484
2.060254
-2.670836
-0.176057
-1.821721
-3.957179
-6.143521
-7.884919
-10.538409
-12.713571
-4.224595
3.028738
6.033274
5.940525
2.387209
-3.036717
-4.097978
1.100136
1.746045
2.974698
5.591272
4.231433
0.748693
5.490662
3.168390
-0.337582
-0.991709
-0.969173
0.274643
0.614653
3.529320
6.613326
4.541784
1.708109
-2.179215
-7.409338
-5.658505
0.096979
1.599809
3.343326
5.440053
1.053598
-1.954736
1.331935
-0.789761
-3.520190
-5.248279
-6.962884
-10.249620
-13.218637
-2.596448
4.878506
6.072684
4.288116
0.530178
-4.951758
-5.020853
2.019970
3.139044
3.514346
5.369473
4.424273
1.202018
6.136235
4.063350
0.475693
-0.796174
-0.888905
-1.517370
-1.371262
2.826966
6.486680
3.920281
2.680775
-1.414556
-6.710718
-4.146413
1.838787
3.087998
4.236044
5.212086
1.425743
-2.011365
-0.039661
-1.753159
-3.987594
-6.023590
-8.402798
-11.936949
-14.189401
-4.122563
3.527016
6.234744
5.295168
1.820644
-3.580337
-4.224445
2.099797
3.200442
3.564306
5.173998
5.400942
2.123734
6.492171
4.549380
0.949427
0.059778
-0.575420
1.232122
1.811666
4.061646
6.587973
3.965048
1.153752
-2.752571
-7.775757
-5.883526
-0.016969
1.633301
3.394906
4.855855
0.968428
-1.990863
0.320831
-1.446088
-3.952113
-5.864483
-8.061373
-11.474906
-14.079816
-3.346824
4.183845
5.785367
4.956728
1.443835
-4.482879
-4.622233
2.408442
3.572886
3.885251
5.550468
5.884581
1.766829
6.443305
4.375237
0.705100
-0.555880
-1.090564
-1.255912
-1.030696
3.200692
6.551035
4.846564
2.367241
-1.668413
-6.814329
-4.583886
1.127025
2.408686
3.485138
5.147866
1.416547
-1.892716
-0.094893
-1.788351
-3.797376
-5.598511
-7.055517
-9.416607
-13.213471
-3.499199
3.610025
5.416806
6.147423
2.323054
-3.321231
-3.946146
2.156932
3.294721
3.877332
5.728267
2.555873
0.296150
5.024226
3.127011
-0.627304
-1.815165
-2.340941
-1.627329
-3.285404
2.368650
6.306211
4.517524
3.294961
-0.008742
-5.612049
-5.120240
0.558421
2.068598
3.613161
5.340418
1.100549
-1.077064
1.031806
-0.071280
-2.987990
-4.939483
-6.488079
-8.651178
-13.137757
-3.100756
3.966583
5.830702
6.350069
2.837951
-2.997096
-3.589506
2.452316
3.522962
4.249778
6.070755
1.499734
-0.566697
4.230430
2.293050
-1.582441
-3.201912
-3.523603
-4.763016
-8.918299
0.333570
5.746438
5.907639
5.234594
2.144629
-3.767632
-3.495461
2.180507
3.643363
4.125619
5.459270
1.150184
-1.098315
0.464162
-0.135790
-3.709366
-6.077930
-8.537295
-11.870852
-15.314352
-4.890142
2.943964
5.764157
6.049579
3.177523
-2.092319
-2.280305
4.170468
4.865763
5.670245
6.730763
3.558919
1.084996
5.390132
3.653829
0.148209
-1.548659
-1.530634
-2.386738
-4.155266
2.124179
5.950029
4.074405
3.194999
-0.275591
-5.927411
-3.759098
2.646559
3.756336
4.637741
5.705538
1.952381
-1.641538
-0.182638
-2.089214
-4.239119
-6.301916
-9.127679
-12.121277
-15.138222
-4.830751
2.773071
5.509433
5.486079
2.328509
-2.798636
-3.733323
1.956125
3.354142
4.287604
5.511904
5.649944
2.297576
6.254780
4.296840
0.784590
-0.042944
0.150370
1.255645
1.603345
4.467860
6.459281
3.949327
1.416958
-2.454086
-7.512154
-5.802053
-0.027133
1.587457
3.152601
5.010135
1.314492
-1.410576
0.674070
-1.157559
-3.571017
-5.337419
-7.526579
-10.443582
-13.834391
-3.664035
3.281613
5.481394
6.377105
2.990103
-2.600095
-3.480782
2.047364
3.172884
3.806557
5.481489
1.857075
-0.262747
4.367119
2.349374
-1.487370
-2.892742
-3.673163
-4.682459
-8.547340
0.313725
5.717735
6.017597
5.615556
2.453202
-3.449217
-3.494239
1.862217
3.572439
3.950620
5.171797
1.165933
-1.025420
0.451504
0.066938
-2.936433
-5.089528
-7.035425
-9.274820
-13.624887
-4.119479
2.723604
5.699619
7.216621
4.381558
-1.119048
-1.908448
3.550709
4.720415
4.789716
5.905098
1.159679
-0.877822
2.487884
1.303040
-2.897931
-4.561541
-5.419187
-7.095406
-11.707198
-2.150613
4.290718
6.185946
7.445144
4.559876
-1.186037
-1.883214
3.649522
4.931967
4.684142
5.231571
1.291146
-0.810827
0.729784
0.171106
-3.353718
-5.565465
-7.805566
-10.128661
-14.510299
-4.951146
2.177679
5.824810
7.618168
5.347400
-0.141440
-1.200429
4.456358
5.377096
5.192125
5.934702
1.258130
-0.830666
2.469062
1.344078
-2.852982
-4.667530
-5.911057
-8.108548
-13.115824
-2.830436
4.090210
5.892607
6.951870
4.616100
-1.129651
-1.657000
4.283229
5.597504
5.274789
6.343573
1.751598
-0.220175
1.337360
0.826856
-3.092271
-5.352737
-7.363467
-9.598712
-14.645667
-3.930563
3.350660
5.829805
6.886959
4.479531
-1.039078
-1.844375
3.873592
5.079706
5.435363
6.185490
2.019773
-0.106521
2.985768
1.798641
-2.111652
-4.266574
-5.509678
-7.584453
-12.505717
-2.027992
4.682238
6.042114
6.729756
3.799547
-1.957246
-2.445703
3.055299
4.700953
4.915354
6.425222
1.661667
-0.431368
1.236042
0.424087
-3.655885
-5.824260
-8.139316
-10.513532
-15.403837
-4.511125
3.348663
5.819788
6.354050
3.932052
-1.101029
-1.878640
3.868886
5.069435
5.760750
6.390408
2.696291
0.509413
4.134168
2.551539
-1.078054
-3.347217
-4.010736
-5.658762
-10.314798
-0.642750
5.265224
6.124911
6.167762
3.097415
-1.861503
-2.498859
2.703025
4.201321
4.382712
5.588550
1.730457
-0.535128
0.525440
-0.630288
-3.522953
-5.641084
-8.400989
-11.431205
-15.234360
-5.357455
1.713572
5.544089
7.287300
5.000663
-0.169602
-1.436387
3.466683
4.671774
4.817196
5.528788
1.879588
-0.272488
2.900013
1.529487
-2.353613
-4.359767
-5.350936
-6.806073
-11.492113
-2.144454
4.544966
6.147585
7.190119
4.888370
-0.892619
-1.800733
3.300324
4.917764
4.540795
5.175818
1.446049
-0.580669
0.571430
-0.232999
-3.340699
-5.692750
-8.211278
-10.717737
-14.917045
-5.676085
0.938333
5.709598
8.199962
6.434052
1.311938
-0.259876
4.747101
5.902133
5.135624
5.604475
1.455386
-0.460894
1.791429
0.853357
-3.341380
-5.382740
-7.451828
-9.188167
-13.062736
-4.818202
1.954353
5.841617
8.281938
6.839668
1.271461
-0.094726
4.820842
6.036316
5.008481
6.252110
1.655806
-0.313311
1.066704
0.199896
-3.214290
-5.843699
-8.155389
-10.357545
-14.142712
-5.814892
0.437454
5.673582
9.106867
8.074518
2.317786
0.093350
5.792408
6.574640
5.118767
6.222745
1.474415
-0.496681
1.060928
0.342066
-3.514681
-5.924639
-8.566925
-11.069927
-14.239091
-6.299273
-0.141026
5.719792
9.536069
8.582696
2.803990
0.549646
6.536053
7.305025
5.542564
5.589672
1.957373
0.055414
0.983047
0.714781
-2.383403
-5.171175
-7.684104
-9.426505
-13.304665
-5.410883
0.585726
4.997681
8.571136
7.341980
1.597606
-0.406044
4.438017
5.534268
4.591092
5.944785
1.311091
-0.525531
1.040973
0.212277
-3.493455
-6.266802
-9.059918
-10.943143
-14.313617
-6.737938
-0.579492
5.510927
9.674323
8.596649
3.193421
0.774293
6.207923
7.299186
5.685276
5.203702
1.828718
0.091480
0.989061
0.826212
-2.157715
-5.222895
-6.935905
-8.057720
-11.399082
-4.069968
1.613733
4.745678
7.018280
5.974140
-0.083237
-1.403399
3.167695
4.783099
4.265768
5.290822
1.135092
-0.810662
0.846484
1.105583
-3.143088
-5.570527
-5.051351
-7.895960
-10.929529
-5.818240
1.720420
4.338922
6.694757
5.597449
0.211735
-1.463151
3.514484
5.132874
4.349356
4.858993
1.626697
-0.221489
1.149530
2.042278
-1.820273
-4.475828
-2.053015
-4.668644
-7.880032
-3.102750
3.665308
3.999725
4.340702
2.981717
-2.825495
-3.673318
1.674090
3.779453
3.744843
4.438234
1.693626
0.045356
1.361998
2.087284
-1.953491
-4.877100
-7.488431
-10.462574
-14.035049
-7.911054
0.237666
4.701062
8.071030
7.041248
2.112861
0.438661
6.152206
7.019695
5.281315
5.207672
2.171082
0.102941
2.156677
2.533163
-0.683783
-3.508531
-6.127943
-8.741935
-12.971425
-6.447688
0.844011
4.127542
7.871841
7.037116
1.216081
-1.095213
4.668495
5.901344
4.572757
5.005251
2.290328
0.124492
0.729077
0.733797
-2.663351
-5.568266
-8.238997
-11.290367
-15.848549
-7.715113
0.049812
4.938208
8.207515
6.921895
2.284220
0.358737
4.985230
5.879221
5.046481
5.107080
2.236743
0.019643
0.627829
1.077081
-2.775338
-5.793625
-8.035655
-10.627932
-16.072212
-7.652710
0.449612
5.509406
7.666884
6.370507
2.013072
0.462217
5.587112
6.562201
5.658486
5.553305
2.616096
0.600947
1.054973
1.488955
-1.851242
-5.059716
-7.288490
-9.922379
-15.775454
-6.733056
1.318387
5.616020
7.387707
6.289865
1.717937
0.622389
5.684970
6.557200
5.603621
5.396667
2.901362
0.820828
0.956396
1.493878
-1.933316
-5.255259
-7.748910
-10.581781
-16.161333
-7.029453
0.966669
5.476739
7.911371
6.750375
2.405947
0.776407
5.565420
6.060815
5.306469
5.326856
2.889765
0.701530
0.767230
1.415383
-1.978670
-5.267926
-7.665708
-10.386662
-15.148271
-7.016408
1.071245
5.378973
7.824961
6.343871
2.067315
0.522215
5.230120
5.953245
5.223792
5.226197
2.762390
0.642169
0.904227
1.085398
-2.373830
-5.708119
-8.419316
-11.441206
-16.854889
-7.299139
1.120084
5.609323
6.824858
5.481703
1.593551
0.106684
4.950308
6.331844
5.747072
5.625537
3.464623
1.026059
2.196852
2.315624
-0.787541
-4.365364
-6.791459
-9.498674
-15.917297
-6.216217
2.466568
5.590066
6.675941
5.406338
1.186572
-0.176903
4.741210
6.049528
5.638757
5.505734
3.060518
0.960437
1.363511
0.849794
-2.341558
-5.675639
-8.506220
-11.752442
-16.859800
-7.198866
1.259170
5.460988
6.755617
5.659644
2.034939
0.334569
5.077971
6.626320
5.915025
5.685986
4.746137
1.325329
2.468613
2.570637
-0.452289
-3.990879
-6.376195
-9.101078
-15.333180
-5.757471
3.153169
5.575090
6.545055
5.095272
0.797033
-0.769728
3.983297
5.438918
5.250264
5.245538
3.195912
1.007384
1.223343
0.520808
-2.589027
-5.914648
-8.914409
-12.136534
-17.138584
-7.481160
0.892814
5.379985
6.988794
5.677131
2.173446
0.297013
4.712288
6.292525
5.599242
5.484148
4.782149
1.199030
3.027901
2.499661
-0.284220
-3.561088
-5.979637
-8.819881
-14.795097
-5.304216
3.395309
5.640494
6.479459
5.336419
0.929434
-0.767162
3.897222
5.689588
5.269491
5.015668
3.413379
1.358667
1.362272
0.324440
-2.575220
-5.865918
-8.778825
-12.239950
-17.264528
-6.832993
0.797884
4.992665
8.249629
7.816941
3.978366
1.364266
5.667776
6.191498
5.443960
5.305161
3.065893
0.579804
0.617943
1.414194
-2.058706
-5.391999
-8.472367
-11.642796
-15.201334
-7.106458
0.733271
5.678170
8.734745
8.591277
3.907296
0.762694
6.846193
7.065985
5.854805
4.950778
5.085569
1.355924
0.722463
0.596509
-1.451116
-4.633693
-6.735890
-8.924549
-12.293941
-6.224259
0.686572
3.584486
7.038338
6.694904
1.539883
-0.610738
2.444706
3.809160
4.204836
4.460761
3.069510
0.449459
0.769564
1.486410
-2.441692
-5.736350
-8.690457
-11.493398
-14.917609
-8.722367
-1.274529
4.664810
9.353140
8.808928
3.966297
0.955134
6.207198
6.976037
5.848776
4.946587
4.847099
0.990572
0.807400
1.972819
0.302412
-2.833786
-2.389942
-4.593474
-6.882240
-2.830402
4.082354
3.510984
3.798225
2.774314
-3.472868
-4.643084
-0.786879
1.433677
2.444768
3.447606
2.514473
0.364619
1.345016
1.684641
-2.198288
-5.493795
-10.170920
-13.373925
-17.175274
-9.160283
-1.573321
5.298539
9.505930
9.405375
5.455571
2.093476
6.995913
7.893348
6.509598
5.240258
4.930167
1.016824
0.854004
1.464745
0.519046
-2.525055
-3.322049
-4.736860
-7.259221
-2.839235
4.323170
4.091849
3.174261
2.102787
-3.637210
-4.828668
-0.996464
1.819635
2.558760
3.376380
3.792541
0.866945
1.934307
1.372294
-1.949842
-5.486221
-9.952175
-13.417208
-18.683832
-8.461763
-0.302202
4.940952
9.293897
9.518008
5.771943
2.421328
7.319619
7.953327
6.578388
5.357436
5.029324
1.363547
0.788999
1.330929
0.387395
-2.574364
-5.005383
-4.718977
-7.000783
-6.725119
3.116807
3.821907
3.852998
2.637066
-2.630299
-4.075966
-0.458125
2.054355
2.410170
3.121273
3.920545
0.812736
0.402031
0.782634
-1.400258
-4.816639
-10.046333
-13.371049
-17.116146
-12.490547
-0.640047
4.029698
9.386978
10.116771
7.036115
3.695426
7.470000
9.078592
7.090950
5.439140
4.826624
1.692302
-0.395414
1.025822
-0.042224
-2.150319
-2.504624
-3.893882
-5.503412
-5.583929
4.160848
4.112543
3.131958
1.921187
-3.598683
-5.010632
-1.273560
1.474376
2.379040
3.389644
4.092950
0.982512
0.577240
0.909398
-1.305747
-4.594179
-9.531833
-12.866343
-16.334499
-12.115220
-0.281838
4.272816
8.652119
9.320422
6.192435
2.741433
6.875918
7.975967
6.276184
5.271608
4.793118
0.896556
-0.524508
1.499724
0.285211
-2.564423
-2.363853
-4.192951
-6.479257
-2.333427
5.016301
4.222614
2.534411
1.449798
-3.850636
-5.062404
-1.497664
1.373083
2.551690
3.439619
3.786065
0.780922
2.078124
1.370580
-1.967772
-5.540002
-10.895813
-14.744695
-19.920818
-8.806584
-0.196448
4.773675
9.647040
10.012466
6.602988
3.497556
7.724103
8.770301
6.825100
5.382205
4.793931
2.844082
0.845159
0.821891
-0.107814
-2.510274
-5.137601
-3.935669
-5.757046
-2.017295
4.973241
4.092032
2.337120
1.161286
-4.304655
-5.312976
-1.543103
1.720650
2.394330
2.849089
3.974642
1.052429
1.993601
0.717105
-2.032853
-5.419743
-12.908834
-17.054539
-21.374874
-8.453388
-0.818029
2.994875
11.207985
12.266438
8.767356
5.193889
8.514235
11.105839
8.236214
5.499827
3.865449
3.518497
0.890459
0.270600
0.073785
-1.872205
-3.401746
-3.555731
-5.392262
-0.999365
5.058777
3.174764
0.798227
-0.568419
-4.898377
-5.633613
-1.769997
1.691126
2.815533
2.120697
3.607854
1.229256
2.659412
0.702066
-1.672313
-6.084977
-5.012169
-8.190510
-10.915954
-5.614405
1.037184
3.612518
6.004953
5.963375
2.482119
0.072818
3.214720
5.091613
4.572321
3.796340
3.924799
0.927424
1.700928
2.897242
1.532482
-0.406987
-2.649981
-6.363243
-8.920143
-3.853946
4.304643
3.257211
1.758717
1.070702
-2.791853
-4.216384
-0.952898
2.743000
3.766889
2.668313
2.645007
2.126256
3.198466
1.869732
-0.257119
-3.835658
-2.307724
-5.897068
-8.180255
-3.931671
3.646107
3.728175
3.766281
3.841753
-0.628766
-2.950574
0.496591
3.466320
3.734364
3.598556
3.957789
0.438292
2.305132
1.970783
0.557419
-2.336704
-3.915988
-6.575151
-9.272714
-4.388548
3.753937
3.997591
4.067337
3.343748
-1.051690
-2.883293
0.046229
2.687083
3.148599
2.981679
3.253331
-0.010669
1.439631
0.269593
-0.158533
-3.170994
-4.763363
-6.994741
-9.799196
-4.757432
2.630419
3.967223
4.810484
4.916565
0.894096
-1.167540
1.624051
3.894507
4.291045
3.145942
3.503141
1.057608
2.069306
1.063435
-0.009684
-1.965669
-3.055171
-6.648449
-9.073711
-4.354924
3.551361
3.617859
3.553602
3.170249
-1.248167
-3.123336
0.235202
3.094516
3.635679
3.131439
3.639000
0.156181
2.328749
2.180101
0.714458
-0.899368
-3.598048
-7.010085
-9.676627
-4.619002
3.358537
3.704328
4.010702
3.446284
-0.635876
-2.203553
0.746009
3.470983
3.761915
3.225488
3.718039
1.390786
2.515944
2.011949
0.706898
-2.546114
-2.632470
-6.101984
-8.566786
-3.811712
3.878825
3.952526
4.272179
3.342062
-1.997428
-3.684656
-0.249973
2.492101
2.559119
2.752168
4.000647
0.803923
2.704398
0.955104
-1.834539
-2.429163
-3.527287
-5.998490
-8.659376
-4.464612
2.771827
3.545757
5.495170
4.684387
-0.284677
-1.948980
0.494083
2.516946
2.541752
2.884948
3.793154
0.224688
1.942503
0.360051
-1.443107
-2.136207
-3.237596
-6.848104
-9.058595
-4.980589
2.957089
4.006758
4.750835
3.816006
-0.959472
-2.736542
0.442720
3.174723
3.074508
3.180949
3.435526
0.985070
2.644925
1.418980
-1.438343
-1.643667
-2.981273
-5.769414
-7.759862
-4.349401
3.232699
3.959399
4.990381
4.060545
-0.987611
-2.620039
0.082116
2.582733
2.470490
2.814681
3.826381
0.332618
2.138996
1.009623
-0.881035
-1.990747
-3.324991
-6.521505
-8.605210
-4.765406
3.091344
3.860673
4.614684
3.598576
-1.272504
-2.793493
0.325657
2.841491
2.738848
2.997689
3.082643
0.951198
2.501512
1.285060
-1.524043
-1.756486
-2.963542
-6.019283
-8.056364
-4.439040
2.958086
3.826810
5.022686
4.259880
-0.768257
0.559744
1.807783
1.365528
1.221085
0.989145
0.715774
0.496150
0.311059
0.162587
0.040587
-0.056082
-0.154389
-0.286177
-0.436238
-0.576648
0.499981
4.279603
0.124031
0.408573
0.326516
-0.247119
-0.812375
-1.548937
-2.095496
-2.994589
-3.766169
-5.477878
-17.872663
-18.387718
-20.553331
-7.580458
-1.411210
-2.459893
-2.615158
-3.185435
-2.841345
-2.020589
-3.043859
-4.189359
-5.316222
-6.964731
-0.163877
2.506992
7.308483
9.919508
10.871262
11.177174
10.617217
11.368583
12.339762
0.068869
1.101358
0.622490
0.433316
0.152444
-0.078591
-0.259067
-0.378183
-0.451670
-0.507471
-0.552045
-0.580573
-0.592615
-0.611483
-0.587438
-0.532473
-0.440441
-0.361187
-0.305731
-0.266659
-0.215411
-0.158019
-0.088715
-0.042748
-0.005351
0.022887
0.077899
0.296172
-1.060881
-0.795237
-0.219758
0.400161
0.785160
0.983435
1.355794
1.967058
2.787286
3.812390
4.922453
2.945441
1.941400
0.903319
-0.661859
-3.048586
-5.654908
-5.385703
2.193389
0.072509
-0.412778
-0.038782
0.022672
0.045474
0.030184
0.044386
0.070858
0.087904
0.089348
0.058688
0.038793
0.019886
0.009577
0.008723
0.030116
0.064200
0.117999
0.156924
0.212526
0.268183
0.323204
0.379717
0.016003
6.538078
0.885997
2.309799
3.420684
1.692999
0.044956
-5.231147
-7.712805
-7.381847
-30.101578
-18.940643
-2.662911
-5.412636
-6.759555
-8.822706
-30.101625
0.955665
0.147886
0.054822
-0.043581
-0.031764
-0.004862
0.007429
-0.062716
-1.380855
-9.513319
-9.651939
-9.741072
-10.853614
-12.989442
-15.004220
-16.350355
-16.635077
0.503173
1.407425
1.623356
2.269610
3.043953
2.944826
4.427462
6.060309
7.375826
1.456868
-15.322265
-10.364448
1.369645
15.182563
23.609829
22.756258
18.285257
15.569991
13.269396
3.141474
0.186552
-2.499880
0.145625
9.901789
10.770129
8.173005
4.210526
1.006455
-0.823819
-2.075208
-2.866708
-3.574962
-3.962158
-3.976412
-3.881836
-3.603608
-3.744696
-3.631726
-3.090943
-2.334210
-2.548310
-1.599219
-0.778064
-0.165615
0.540257
1.224946
1.764310
1.847308
1.493549
0.623369
-1.239262
-4.168855
-6.616975
-8.611660
-10.556545
-12.236832
-9.875424
5.719216
-0.524364
-0.121573
-0.192412
0.017215
0.067052
0.095776
0.100899
0.101424
0.114390
0.114371
0.122614
0.121330
0.121852
0.111476
0.108532
0.110985
0.112726
0.083363
0.059661
0.041510
0.028199
0.021834
0.016110
0.012531
0.010187
0.022041
0.064476
0.122627
-1.674096
-2.202617
5.224464
6.159761
4.579099
3.095388
1.243085
-0.597159
-2.615721
-4.634023
-7.604462
-0.315615
6.571882
5.873487
4.316677
2.658834
1.302202
0.340533
-0.295220
-0.700879
-0.964683
-1.176083
-1.348263
-1.505007
-1.627535
-1.708071
-1.744094
-1.702709
-1.645132
-1.565840
-1.481680
-1.402621
-1.320263
-1.236905
-1.144078
-1.042627
-0.948154
-2.283626
-2.970132
-3.915738
-4.996997
-5.724073
-5.865965
-5.605930
-5.320470
-5.105866
-4.871843
-4.590124
-4.052286
-1.300793
1.158982
3.318212
3.043709
2.801162
0.792148
-1.023530
-0.313066
-0.828382
-0.656330
-0.133650
0.206417
0.432612
0.580772
0.648833
0.665820
0.645184
0.596463
0.520284
0.433424
0.307936
0.157462
0.007670
-0.146866
-0.292045
-0.432897
5.752326
4.276886
3.005147
0.819562
-0.748529
-1.176909
-0.963998
-3.278968
-8.731277
-8.281079
-10.000757
-6.903396
-3.830630
-1.219956
1.774577
1.602615
-1.035925
2.280045
0.961085
1.262690
1.366539
2.368988
2.962698
4.055543
4.953454
5.465476
4.911888
3.078738
1.661697
0.154721
-1.034458
-1.130828
-1.064148
-1.760721
-2.114745
-1.872333
-1.297623
0.249077
2.601241
2.739202
2.661371
1.002567
1.340833
2.712914
0.487504
4.555247
3.847725
2.844558
1.995577
1.228218
0.649910
0.249331
-0.065869
-0.295102
-0.479529
-0.625973
-0.758423
-0.886730
-1.041246
-1.145189
2.666248
2.231837
-1.083040
3.599377
1.332207
-0.196794
-0.672035
-1.158745
-1.043011
-1.027122
-1.066398
-1.152708
-2.582502
-4.060300
-5.072083
-30.097788
-27.026085
-29.174456
-15.356879
-2.637972
4.157085
1.900984
0.633177
1.830564
-1.695620
-1.305941
-3.485732
-3.572098
0.078032
0.265367
0.199055
0.167604
-0.575569
0.253650
0.048495
0.041232
0.063464
0.049376
0.071202
0.136063
0.982631
4.689124
4.668013
4.480784
3.426088
2.395450
1.302075
0.216963
-0.552542
1.950627
1.616398
0.835557
1.021986
0.828241
0.195620
0.792759
0.367455
0.275630
0.116028
-0.073154
-0.221094
-0.337157
-0.430769
-0.495915
-0.524290
-0.546137
-0.551099
-0.595784
-0.634968
-1.741733
4.727513
0.964763
0.776156
0.670194
0.278093
-0.107223
-0.434537
-0.804222
-1.397828
-1.476529
-3.567514
-2.812853
0.353091
2.383703
2.670590
3.760258
1.428886
-1.650098
-2.735044
-1.900020
-0.501596
3.075825
2.550364
2.313136
0.973229
0.907164
1.146924
0.601650
0.474044
0.132075
-2.187187
-2.633621
5.012433
13.527901
6.201218
1.166377
-0.288731
-1.418840
-4.311559
-5.777842
-7.958843
-8.663212
-9.214791
-9.886724
-10.370655
-10.727305
-11.148455
-11.338428
-11.377831
-11.080709
-10.570009
-9.899671
0.239885
5.116565
-3.816954
0.311140
0.009926
0.011023
0.005961
0.004372
0.004274
0.003441
0.023739
0.340379
1.770552
2.349494
2.632341
2.740672
3.017885
0.206710
0.313905
-0.040987
0.077401
0.033045
0.001332
-0.001527
0.011072
0.045534
0.096971
0.139835
0.157828
0.159905
0.157449
0.163365
0.137528
0.109783
0.101381
0.104763
0.112192
0.123217
0.146985
0.174144
0.206728
0.264852
0.322237
0.164354
-1.173737
-1.486466
-1.891314
-2.275102
-2.662723
-2.350657
-2.435772
-2.394123
-2.262169
-1.964207
-1.570396
-1.052105
-0.359935
0.426554
1.141089
1.715606
2.020559
-0.232082
-1.866896
-1.967356
-1.405583
-1.067450
-0.815639
-0.622969
-0.475348
-0.362194
-0.255986
-0.148594
-0.032279
0.081262
0.239413
0.441194
0.619013
-0.392581
4.275240
0.237129
2.011899
3.730281
0.795578
-0.161553
-0.014908
0.372706
0.485399
0.540027
-0.091561
1.015543
3.002730
-9.426653
-18.234747
-16.642611
-19.240614
-17.994730
2.756765
-5.348237
-3.075129
-0.929723
0.963963
4.184453
5.577091
6.514524
7.163679
8.024067
8.761007
9.009775
9.330092
9.858956
10.649246
12.186342
-0.009608
-10.567789
-8.345879
-4.430392
-1.176867
1.403018
3.253256
4.703715
5.773095
6.399615
6.694569
6.719433
6.707336
6.544110
6.315863
5.931876
5.701582
5.451916
5.101354
4.713995
2.908419
1.579634
1.219357
0.711025
0.005245
-0.903234
-1.991178
-3.070854
-5.197587
-5.956316
-6.342136
-6.850420
-7.722329
-8.553172
-9.281757
-9.109664
-7.985857
-5.949699
-3.260684
0.070595
0.885730
0.484315
0.393200
0.198463
0.014357
-0.128607
-0.235145
-0.299888
-0.339141
-0.365406
-0.384906
-0.402691
-0.416389
-0.410130
2.858848
1.550817
1.170178
1.069770
0.556956
-0.217710
-0.572871
-0.515736
-0.658347
-1.051751
-3.390060
-1.444586
-0.624626
1.066709
2.297829
1.963014
0.793225
-0.476092
-0.760659
-1.492326
-1.670902
-1.359196
-1.196004
-1.156474
-1.025298
-0.808237
-2.094605
-2.815533
-3.706543
-5.087665
-6.418850
-7.652177
-8.601218
-9.052731
-8.120046
-5.018606
-1.934182
-1.412113
-2.204725
-0.539775
1.264841
1.593748
1.654995
1.873940
3.565282
4.240799
3.110489
2.498155
1.838046
1.268268
0.825627
0.518726
0.311281
0.147820
0.005827
-0.148602
-0.351525
-0.601451
-0.891016
-1.140792
-1.352752
-1.522036
2.961638
5.147305
1.497919
1.425996
0.594641
0.116157
0.035977
-1.007531
-1.326067
-1.557853
-1.566893
-5.310528
-8.163005
-14.746452
-27.897406
-19.378420
-30.098019
-7.538969
-10.463028
-4.434238
0.006935
-0.012788
12.637707
30.101873
29.646242
26.814901
27.097734
27.264620
30.096668
1.056046
0.510360
-0.061107
-0.027087
-0.033711
-0.067168
-0.071437
-0.039281
-0.013019
0.021595
0.077069
0.119325
0.165071
0.195051
0.237805
0.253487
0.216916
0.169919
0.117992
0.091815
0.080560
0.091869
-1.163194
-1.553892
-1.973632
-2.365601
-2.795510
-3.140882
-3.319394
-3.265209
-2.984897
-2.462347
-1.759637
-1.076672
-0.518777
-0.085209
-0.086411
-0.353055
-0.685490
0.457119
-1.766335
-1.311779
2.874558
-0.325622
-0.406801
-0.452985
-0.196592
-0.092095
-0.034062
0.004015
0.038342
0.068614
0.090432
0.096061
0.108380
0.107257
0.122570
0.432341
4.358899
-0.060533
0.945243
1.626492
0.803518
0.129028
-0.119739
-0.031887
-0.191587
-0.556381
-2.489776
-1.492123
1.049140
1.655202
2.431901
2.408620
0.594320
0.076178
-0.119817
-0.653917
-1.046362
-1.359476
-1.647035
-1.836941
-1.942634
-2.009268
-1.659647
-1.662911
-1.884355
-1.480899
-1.107890
1.306448
14.166359
3.803794
0.538448
0.816360
2.392852
2.331967
2.055043
1.977591
3.463220
-0.309621
-0.404270
-0.574627
-0.256902
-0.183756
-0.130768
-0.084775
-0.066370
-0.055668
-0.062499
-0.053416
-0.023285
-0.010122
0.012285
0.054619
0.109716
2.002424
4.692450
0.297485
0.911259
0.521625
-0.057729
-0.369257
-0.246590
1.260911
-5.897841
-22.407475
-18.425411
-17.178986
-9.703645
12.398820
9.531690
3.669422
7.539675
7.293947
11.988812
12.196486
8.822742
4.581306
3.674182
2.729173
1.933416
0.773950
-0.705048
-2.046021
-2.662669
-2.913542
-3.953905
-0.268283
-0.922057
-1.049800
-0.722579
-0.555361
-0.401824
-0.270671
-0.170098
-0.095749
-0.022730
0.043579
0.110388
0.177343
0.238646
0.318208
0.433172
0.512545
3.548169
1.785098
1.557153
1.280102
0.687779
0.357809
0.086320
1.007726
1.692081
1.968847
0.415929
1.616090
1.029639
2.151211
0.687838
-0.281706
-0.463411
-1.658253
-2.080409
0.684990
1.528346
0.090030
3.789638
3.539471
0.928144
-0.061628
-2.708545
-3.517209
-0.454079
2.249725
3.664501
5.268147
2.439200
