1.153173
1.353518
1.310161
1.712343
2.146732
2.544828
2.877331
3.094853
3.200158
3.197467
3.121681
3.004282
2.898846
2.777564
8.261866
-2.910566
-7.652085
-5.424151
-6.813674
-8.685204
-7.895100
-4.685799
0.850427
2.406260
1.345838
1.244258
4.803649
5.238144
5.510890
4.943377
4.422997
3.722460
2.469819
1.734208
1.340246
13.460805
11.087859
-1.984698
-2.822526
-4.691911
-1.025091
2.565156
-4.104690
-13.375666
-13.686938
-9.974395
7.661428
6.919967
5.905775
4.687852
3.345931
1.854861
-0.886078
-3.946613
-6.021114
2.095671
7.199427
3.413242
-6.047164
-16.912342
-23.068207
-13.471436
-18.175468
-23.844744
-27.791700
-26.993633
-27.107409
-25.328558
-17.486887
-5.568412
3.872855
6.755158
8.698993
1.445711
1.127711
-0.408308
-0.482769
-0.076229
0.361235
0.791709
1.202148
1.582589
1.914942
2.204334
2.426160
2.574526
2.650317
2.646148
2.579456
8.841051
3.126262
-2.731159
-3.891668
-4.427372
-7.689060
-9.998365
-7.170829
-3.783339
-2.958062
-1.925333
-12.859074
2.358863
2.909997
2.926134
3.204207
3.380821
3.203266
2.914470
2.956721
5.415305
-6.281207
1.013391
5.469690
3.161948
4.088430
4.771841
6.404901
3.538461
-6.002720
-16.700132
-23.550909
-25.371635
5.922441
6.029709
3.377923
4.161309
4.609421
4.950153
4.935438
4.140132
2.987091
7.053059
8.189942
0.300123
1.159105
2.849454
0.838815
3.798616
-0.418951
-11.966617
-15.104162
2.361421
1.156769
1.752138
1.884062
1.960104
2.013574
1.807550
1.833770
1.734117
1.578700
6.866968
6.041543
-1.512528
-1.643650
2.038280
-2.021424
-1.105973
-6.896113
-13.306348
-14.584746
2.998483
1.935256
2.447161
2.547788
2.432647
2.416160
2.181226
2.123334
1.986183
1.804934
7.153995
5.427321
-2.056168
-2.744943
1.108149
-2.600609
-1.322729
-6.024827
-11.975391
-14.996262
3.049954
1.799108
2.430552
2.387145
2.266717
2.234993
2.033214
1.960317
1.785212
1.608494
7.105162
4.988825
-2.352813
-3.473391
0.710367
-2.623458
-1.307144
-5.943787
-11.526091
-14.005765
3.368671
2.146813
2.044240
2.464876
1.930857
1.868955
1.756075
1.786561
1.703007
1.633956
7.648239
5.490209
-1.896107
-3.620577
0.433576
-1.947730
-1.343819
-6.309302
-11.819145
-14.386096
3.309990
2.050097
1.934156
2.380171
1.777964
1.703927
1.607861
1.605728
1.513206
1.450581
7.778897
5.311344
-2.154459
-3.720854
0.419385
-2.284342
-1.607963
-6.168963
-11.544363
-14.081676
3.302642
2.215559
1.978399
2.421861
1.826765
1.761386
1.678261
1.710196
1.652255
1.628395
8.491438
6.090337
-1.762375
-3.204095
0.244604
-2.072046
-1.457267
-6.297130
-11.988419
-13.976412
3.311769
2.240296
2.035307
2.541504
1.865652
1.750608
1.642033
1.623261
1.524729
1.414054
8.048853
5.994365
-1.886577
-3.309768
0.332783
-2.770433
-1.671248
-6.076848
-11.647198
-14.189497
3.706054
2.219818
2.151031
2.545790
1.975784
1.883114
1.764113
1.780773
1.718413
1.648933
8.283689
6.181062
-1.461218
-3.166382
0.173873
-2.562626
-1.459429
-6.106097
-11.560034
-13.604443
3.631528
2.533653
2.274332
2.710454
2.069116
1.929847
1.768799
1.702704
1.572154
1.404283
8.232624
6.331792
-1.675773
-3.647498
-0.261168
-3.009821
-1.793672
-6.291996
-11.633062
-14.234674
3.567353
2.248244
2.201267
2.538865
2.013496
1.887958
1.755021
1.736246
1.632574
1.516168
8.439849
6.289157
-1.532849
-3.558193
-0.266367
-2.902327
-1.712465
-6.206752
-11.397992
-14.218733
3.518866
2.216828
2.158849
2.498395
1.967220
1.839337
1.720693
1.693302
1.596908
1.487307
8.933896
6.817472
-1.332343
-3.253306
-0.437510
-3.056036
-1.926865
-6.462188
-11.739517
-14.000958
3.604129
2.298896
2.233389
2.584574
2.071792
1.920349
1.761734
1.688006
1.559901
1.384876
8.787448
6.562948
-1.500456
-3.818035
-0.787033
-3.400517
-1.990541
-6.296796
-11.354340
-14.077098
3.731194
2.381360
2.302246
2.624334
2.117882
1.963897
1.818277
1.760054
1.661767
1.506369
8.950356
6.905037
-1.248460
-3.835351
-0.879532
-3.267985
-1.752744
-6.249603
-11.368800
-13.502071
3.839142
2.561640
2.396995
2.767876
2.236411
2.037999
1.857664
1.759386
1.616622
1.416964
9.093155
6.953557
-1.284352
-3.919276
-1.196214
-3.587349
-2.120704
-6.456335
-11.387619
-14.155939
3.986518
2.532614
2.287676
2.578696
2.094954
1.917742
1.763913
1.673029
1.553473
1.374620
9.225760
7.014520
-1.179902
-4.019950
-1.300751
-3.642802
-2.046391
-6.406075
-11.313519
-14.168512
4.014186
2.550685
2.306370
2.584018
2.112397
1.918286
1.770579
1.675397
1.575654
1.423617
9.679845
7.515015
-0.887249
-3.544187
-1.356964
-3.712484
-2.220035
-6.657720
-11.614393
-13.992893
4.007531
2.567744
2.307565
2.584090
2.142440
1.937039
1.775027
1.658843
1.536475
1.363114
9.433441
7.023940
-1.103666
-3.846628
-1.551515
-3.867273
-2.351697
-6.522629
-11.179139
-13.991096
4.154563
2.674449
2.388104
2.652323
2.167863
1.954970
1.793829
1.678823
1.547321
1.363241
9.602777
7.301626
-1.051812
-4.012045
-1.724439
-3.904800
-2.218624
-6.438188
-11.178525
-13.378854
4.267099
2.861662
2.531828
2.842365
2.319176
2.061799
1.868946
1.733476
1.568384
1.363132
9.604386
7.356213
-0.961046
-3.845193
-1.963447
-4.067776
-2.503390
-6.650212
-11.195006
-14.010842
4.193086
2.700313
2.406631
2.639791
2.174892
1.919902
1.752030
1.614281
1.464921
1.285836
9.564452
7.286304
-0.887778
-3.895204
-1.979710
-4.156997
-2.493850
-6.613446
-11.127578
-13.991178
4.222157
2.724212
2.435794
2.675968
2.196503
1.927525
1.763018
1.629618
1.494782
1.328500
9.974741
7.813862
-0.558131
-3.331362
-2.017573
-4.200964
-2.654544
-6.794819
-11.401668
-13.769083
4.252773
2.777544
2.464845
2.735516
2.259565
1.959052
1.773516
1.625299
1.439538
1.227116
9.632058
7.450212
-0.697394
-3.623235
-2.191425
-4.356441
-2.733362
-6.736546
-11.134413
-13.873615
4.332878
2.816352
2.523435
2.743205
2.256728
1.957867
1.776965
1.618384
1.459463
1.266830
9.745336
7.601661
-0.592002
-3.641287
-2.274854
-4.376861
-2.623468
-6.660923
-11.094200
-13.256770
4.458614
3.006655
2.597001
2.948287
2.417850
2.064286
1.851707
1.695006
1.477849
1.236657
9.824745
7.859980
-0.397833
-3.445691
-2.514462
-4.532342
-2.868360
-6.840007
-11.214850
-13.911378
4.421653
2.888611
2.552456
2.778229
2.282017
1.935459
1.735311
1.571341
1.354398
1.123496
9.700083
7.702444
-0.423633
-3.493428
-2.482528
-4.581189
-2.896250
-6.866290
-11.167098
-13.878982
4.424311
2.882295
2.554869
2.812089
2.300385
1.950022
1.760050
1.583415
1.387971
1.174310
10.135530
8.242743
-0.057665
-2.915450
-2.590317
-4.678792
-2.995105
-7.019760
-11.453033
-13.593534
4.482298
2.958469
2.589896
2.883523
2.359125
1.970766
1.761401
1.580587
1.350811
1.115597
9.799048
7.935953
-0.115760
-3.106773
-2.707267
-4.777955
-3.073142
-6.928252
-11.167775
-13.827740
4.529757
2.977009
2.604392
2.853809
2.327122
1.940936
1.736513
1.534016
1.320569
1.085429
9.933518
8.134171
0.010624
-3.189926
-2.814009
-4.873887
-2.977936
-6.848630
-11.165187
-13.202969
4.568048
3.085990
2.721883
2.976000
2.443411
1.999449
1.779567
1.576172
1.339888
1.096663
10.039482
8.417075
0.316335
-2.803541
-3.044798
-5.062026
-3.177773
-6.988071
-11.262810
-13.793242
4.609467
3.023569
2.672248
2.888713
2.360513
1.912452
1.692127
1.476884
1.243322
0.985295
9.882329
8.245889
0.273544
-2.876055
-3.013915
-5.080738
-3.206718
-6.989964
-11.183256
-13.788675
4.583002
2.990404
2.641840
2.878524
2.340406
1.896156
1.685098
1.460159
1.259632
1.036927
10.253048
8.732159
0.665393
-2.195243
-3.146644
-5.178124
-3.316462
-7.179361
-11.476992
-13.417044
4.646455
3.094385
2.763021
2.940260
2.405706
1.925633
1.696662
1.452439
1.220315
0.953392
9.990420
8.478197
0.590334
-2.432686
-3.181498
-5.313931
-3.342785
-7.007096
-11.175269
-13.642421
4.691969
3.110304
2.711952
2.922436
2.371258
1.877562
1.642094
1.395519
1.215535
0.971461
10.160438
8.700727
0.719763
-2.405464
-3.180604
-5.237538
-3.201117
-6.962400
-11.238940
-13.069005
4.816424
3.283401
2.856647
3.072957
2.507515
1.975299
1.714203
1.483624
1.208429
0.933764
10.006781
8.690881
0.937839
-1.921631
-3.616939
-5.570030
-3.574405
-7.150275
-11.192790
-13.575309
4.806898
3.183169
2.754488
2.936256
2.371665
1.831608
1.556178
1.305010
1.088874
0.833746
10.134281
8.801497
0.937844
-2.100011
-3.414426
-5.508023
-3.414859
-7.088841
-11.254219
-13.626877
4.832766
3.191401
2.713611
2.946105
2.354337
1.810473
1.518509
1.265391
1.127847
0.889913
10.544912
9.276222
1.264583
-1.429047
-3.479459
-5.474760
-3.489556
-7.340729
-11.662856
-13.274100
5.066320
3.427291
2.916601
3.133659
2.530832
1.940523
1.662613
1.415197
1.081389
0.775986
9.805281
8.548160
0.997722
-1.443605
-3.704489
-5.636004
-3.811376
-7.317147
-11.187225
-13.422234
4.974761
3.279579
2.801830
3.010193
2.377831
1.786688
1.499309
1.225074
1.041956
0.804245
10.166579
8.935719
1.228401
-1.440204
-3.585746
-5.580827
-3.538871
-7.202876
-11.305947
-12.891311
5.015819
3.466534
3.192991
3.320882
2.721519
2.062782
1.752882
1.489040
1.087057
0.726429
9.797278
8.808241
1.366695
-0.960324
-4.146240
-5.920809
-4.085397
-7.403860
-11.192442
-13.397367
5.110919
3.450641
2.883744
3.059823
2.405963
1.785053
1.465820
1.187729
0.900315
0.615586
9.847132
8.793190
1.405754
-0.862583
-3.790452
-5.837175
-3.926720
-7.382245
-11.266574
-13.413192
5.290708
3.583842
3.004809
3.199327
2.502441
1.876638
1.553160
1.263355
0.954951
0.678271
9.974250
8.957723
1.557309
-0.070219
-3.975173
-5.353918
-3.863976
-7.708717
-11.564926
-12.972069
5.275648
3.645468
3.114778
3.280070
2.561127
1.853350
1.506618
1.204774
0.856891
0.555635
9.714537
8.768992
1.528180
-0.125156
-3.488189
-5.667777
-4.106823
-7.465983
-11.408092
-13.385116
5.368202
3.622218
3.069023
3.199730
2.467521
1.788986
1.428253
1.119742
0.839378
0.568327
9.812526
8.889892
1.679391
-0.029384
-3.826981
-5.764561
-4.104601
-7.472398
-11.376579
-12.710914
5.453175
3.796670
3.242885
3.355715
2.699107
1.971036
1.601231
1.284649
0.876155
0.529550
9.748176
9.056962
1.956314
0.248868
-4.523186
-6.257197
-4.422471
-7.507806
-11.264017
-13.130438
5.508838
3.750229
3.206112
3.263286
2.577888
1.860850
1.458946
1.128737
0.752359
0.425907
9.711889
8.946978
1.886921
0.099358
-4.212240
-6.165752
-4.305160
-7.467646
-11.260487
-13.204009
5.554792
3.775192
3.243747
3.283041
2.577761
1.837389
1.438123
1.090960
0.751865
0.445712
10.036519
9.305326
2.158808
0.780405
-4.542524
-5.120179
-3.743885
-7.808918
-11.801888
-12.897251
5.405737
3.798050
2.592327
3.157461
2.225857
1.370143
0.908746
0.549767
0.233943
-0.054428
10.293772
10.718648
4.012419
0.636426
-3.726244
-6.765285
-3.813444
-6.627370
-11.450277
-12.929317
5.552694
3.919144
2.714962
3.223032
2.343093
1.469224
0.923582
0.523310
0.221423
-0.058008
11.195633
12.279595
5.408177
0.434470
-4.206465
-7.295590
-3.466111
-5.680101
-11.053164
-12.196913
8.109498
4.168066
2.969951
3.456213
2.674692
1.779730
1.200155
0.792381
0.499918
0.274803
11.286569
12.248248
5.928546
1.625228
-4.332567
-6.259489
-2.965437
-6.433083
-11.499521
-12.995585
3.532155
4.030064
2.788309
3.258731
2.400008
1.429118
0.823270
0.360012
0.006524
-0.305914
10.999989
12.180837
6.175019
1.499357
-3.772672
-7.259984
-3.434553
-5.725927
-10.964973
-12.965336
-15.675357
4.418591
3.162814
3.574721
2.732590
1.821831
1.184477
0.735052
0.415704
0.175209
11.056245
11.972546
6.430980
3.034886
-3.803370
-5.921979
-2.936318
-6.465369
-11.361412
-12.847664
-15.454995
4.242359
2.957655
3.402741
2.504390
1.497930
0.815089
0.329515
-0.071994
-0.440506
10.654073
11.804446
6.778966
2.603418
-3.831338
-7.244102
-3.219641
-5.660045
-10.635128
-13.104529
-15.828444
4.579029
3.212983
3.571137
2.664774
1.673688
0.935388
0.422092
0.016791
-0.329793
10.912660
12.095588
7.015733
2.903283
-3.339388
-7.496709
-3.497385
-5.357436
-10.205867
-12.606179
-15.087533
4.644342
3.320573
3.680275
2.780622
1.774392
1.070746
0.570762
0.167981
-0.185554
10.825389
11.927551
7.507450
3.645438
-4.328504
-7.151039
-3.167971
-5.732786
-10.521686
-13.244681
0.018568
4.322474
2.906307
3.228091
2.350315
1.244609
0.416615
-0.212655
-0.759688
-1.254497
11.255283
13.261772
8.584343
2.589409
-4.282821
-8.879836
-4.184110
-4.907408
-8.821757
-12.837661
-16.005234
5.585577
4.490865
4.622865
3.614603
2.704325
1.941403
1.392002
1.044225
0.809937
11.054707
11.341737
6.345867
3.797978
-4.758996
-3.515791
-1.965744
-6.594801
-10.861717
-12.920417
5.672221
3.771506
2.418848
2.820305
1.826665
0.698650
-0.156423
-0.853289
-1.483443
-2.073996
11.268818
13.729253
9.078248
2.378298
-4.868996
-8.527081
-5.163265
-5.422555
-8.665421
-12.833058
-16.236805
-2.683650
5.315082
5.543677
4.309784
3.410805
2.483836
1.822308
1.449008
1.180187
11.904175
12.566676
7.786936
3.358374
-5.121173
-5.103931
-1.971738
-5.169274
-9.728653
-12.058646
2.092095
4.196543
2.826465
3.125627
2.276641
1.159785
0.318132
-0.365612
-0.981787
-1.550039
11.128257
13.192520
9.315680
3.357977
-5.326641
-9.745131
-4.940605
-5.298895
-8.639415
-13.156560
-16.182026
6.263656
4.754588
4.822379
3.716633
2.703434
1.883071
1.240491
0.770427
0.391186
11.238414
11.836752
7.349042
3.198618
-5.694412
-5.344902
-2.180636
-5.671772
-10.067792
-12.624762
2.778993
4.269210
2.883572
3.186882
2.211238
1.080408
0.213606
-0.493323
-1.148322
-1.750774
11.332699
13.553699
9.346282
3.624525
-4.624577
-9.490799
-5.417641
-5.599097
-9.154510
-12.500670
-16.051001
-3.544773
5.509964
5.691150
4.388624
3.431077
2.537513
1.874169
1.407706
1.069297
11.230263
11.212353
6.953439
3.480908
-6.201624
-2.866884
-1.431575
-5.572952
-9.649482
-12.270299
6.035085
3.992304
2.634238
2.911193
1.854622
0.707927
-0.167696
-0.902417
-1.593820
-2.290389
10.643249
13.227652
9.319909
3.323319
-4.912525
-9.138373
-5.991774
-5.912334
-9.026899
-12.490064
-15.696543
-14.167969
5.924197
6.101618
4.754025
3.744836
2.838937
2.168634
1.704458
1.301889
11.095334
10.681032
6.359775
3.596545
-6.462671
-1.600956
-1.743096
-6.050341
-9.964422
-12.505202
5.811770
3.864779
2.512153
2.802382
1.707970
0.533344
-0.360436
-1.111147
-1.862742
-2.661807
10.751576
13.459828
9.635386
3.377365
-5.772100
-10.035674
-6.670818
-6.196424
-9.198551
-13.034819
-16.677794
-1.273698
5.738209
5.913208
4.536073
3.493215
2.508480
1.794032
1.294107
0.926904
12.054266
12.684468
7.933217
3.358435
-6.635550
-5.602765
-2.362320
-5.304584
-10.022245
-11.645364
3.223089
4.596154
3.191693
3.439419
2.504220
1.266636
0.363330
-0.398759
-1.137606
-1.905702
11.221554
13.460530
9.498731
3.676240
-5.122353
-9.773211
-6.093634
-6.008233
-9.895121
-12.837403
-16.607784
6.122856
5.465571
5.493981
4.247449
3.110784
2.156778
1.467993
0.920792
0.492732
11.461753
11.827966
7.509356
3.224542
-6.869052
-5.554622
-2.518780
-5.512316
-10.021882
-11.504421
3.808741
4.741285
3.345312
3.531579
2.584431
1.314988
0.419774
-0.317913
-1.056000
-1.815832
11.018918
13.203168
9.731010
4.232129
-5.802827
-11.018070
-6.140387
-5.875864
-10.332595
-12.867097
-16.576584
6.531719
4.993539
4.934819
3.745552
2.531692
1.631859
0.956134
0.360151
-0.153382
11.315027
13.265059
10.049026
4.272278
-7.354873
-9.075103
-2.491643
-5.104845
-10.347195
-11.441674
-14.815590
5.599830
3.807849
3.747986
2.444308
1.088198
0.189585
-0.517762
-1.175347
-1.830879
10.923394
13.891361
10.669811
5.183726
-4.559913
-9.730057
-5.333859
-5.194820
-10.811760
-12.156600
-16.173130
6.337153
4.943855
4.677813
3.531943
2.224999
1.203438
0.456943
-0.168531
-0.733117
11.514292
14.630418
11.690794
5.746255
-4.981645
-10.310773
-4.502460
-4.664967
-9.875943
-11.394259
-15.595542
6.109266
4.601196
4.444015
3.310200
2.004271
1.082782
0.389997
-0.212899
-0.772699
11.386724
13.796066
10.361912
4.815833
-4.856761
-9.670309
-3.263974
-5.236836
-11.353538
-11.319857
-14.576078
6.272245
4.542531
4.434113
3.194978
1.741021
0.821592
0.163056
-0.446402
-1.044431
10.985312
13.054304
9.959239
5.229481
-5.577850
-8.783485
-3.443021
-5.461231
-11.339868
-12.454784
-15.319550
5.960980
4.221082
4.111174
2.750532
1.338431
0.353138
-0.415393
-1.118457
-1.870544
11.030651
14.468350
11.490675
4.977815
-5.143799
-9.762684
-5.975404
-5.267248
-10.231720
-11.901917
-15.994031
6.685740
5.269048
4.899797
3.796819
2.510529
1.520605
0.773811
0.141051
-0.415254
11.951045
14.527260
10.884395
4.648014
-5.443338
-9.301825
-3.987060
-5.384262
-11.266696
-11.873982
-14.798574
6.124956
4.708886
4.537754
3.302837
1.850362
0.878011
0.158985
-0.485735
-1.132791
11.246250
13.405011
10.387556
5.297188
-4.093093
-9.943993
-4.065161
-5.179996
-11.469254
-12.426466
-15.530950
6.214313
4.481376
4.294399
3.066110
1.659781
0.648648
-0.135368
-0.853567
-1.597447
11.250156
14.529086
11.570179
5.047523
-4.716507
-10.118866
-6.067114
-4.997538
-9.877984
-11.134951
-15.323581
6.776846
5.339199
5.036096
3.890125
2.527051
1.571463
0.889559
0.276441
-0.294293
11.669909
13.418449
10.225823
5.171620
-6.346267
-7.150663
-2.666123
-5.982481
-11.941450
-13.000887
-15.103089
5.773870
4.057590
3.816073
2.448279
0.970538
-0.004390
-0.773595
-1.561979
-2.192913
10.690250
13.881577
11.295385
5.178221
-5.176178
-11.031149
-6.607569
-5.817174
-11.095339
-12.187738
-15.838799
6.548327
5.110384
4.760670
3.575086
2.161767
1.194491
0.447458
-0.233804
-0.895625
11.584475
14.690273
11.589097
5.228096
-5.825332
-10.342896
-4.488784
-5.631097
-11.431395
-12.104292
-14.656276
6.699914
5.217113
4.947365
3.697707
2.148064
1.172665
0.458620
-0.214740
-0.881047
11.304925
12.957973
9.970976
5.524950
-5.192796
-8.000999
-2.970235
-6.035933
-12.087992
-13.661485
-15.380373
5.844135
4.046202
3.771318
2.412967
0.851257
-0.162839
-0.992046
-1.852474
3.106865
11.394775
14.680505
11.902849
5.109811
-6.027963
-11.145621
-6.771268
-5.899352
-10.703116
-11.670577
-15.295994
7.313857
5.831923
5.397176
4.171899
2.723524
1.746618
1.011590
0.349859
-0.258970
12.357804
14.297782
10.746146
4.925271
-7.017122
-7.654696
-2.498232
-6.065474
-12.037003
-13.099796
-14.646121
6.010522
4.513785
4.230252
2.814106
1.270323
0.322261
-0.409081
-1.195941
-1.748928
10.644578
12.114795
9.387087
5.813373
-6.134004
-9.117278
-5.144453
-7.675413
-12.574201
-13.691618
5.092307
5.572645
4.011379
3.678589
2.388821
0.837445
-0.129167
-0.940034
-1.851542
3.470202
12.197150
14.788166
10.649671
3.891666
-7.611430
-13.753869
-6.893538
-5.899341
-10.525661
-11.805535
-15.401342
6.932239
5.658376
5.301307
4.007111
2.547130
1.655624
0.972128
0.262251
-0.433328
12.262186
12.814592
8.671919
4.572236
-7.555048
-7.448639
-3.550131
-7.893674
-12.904399
-13.256541
7.608669
5.319229
3.860618
3.359705
2.113637
0.552990
-0.426074
-1.253879
-2.136446
3.470337
11.482435
13.820396
9.804479
3.755550
-8.027921
-12.808784
-6.990482
-7.581988
-12.336411
-12.335777
-14.889396
6.717978
5.129483
4.746750
3.493036
1.913651
0.980525
0.277304
-0.502883
3.722083
11.859977
13.539319
9.769197
4.423237
-9.232279
-9.726742
-4.544705
-7.676092
-12.464083
-12.417248
3.595093
5.917408
4.444314
3.998345
2.658501
1.065016
0.094557
-0.711874
-1.662943
3.649178
11.637363
13.600846
9.395391
3.825163
-7.558547
-10.608814
-5.586754
-7.997544
-12.908071
-13.019617
-15.347511
6.543722
4.908666
4.406719
3.088097
1.452035
0.476021
-0.328197
-1.206571
3.684759
12.038482
14.173681
9.972363
4.284591
-8.163718
-12.089042
-5.847822
-7.130904
-12.121002
-12.189363
-14.742425
6.421094
5.059646
4.738990
3.357967
1.747426
0.844789
0.000628
-0.794877
3.901140
12.048797
12.518229
9.830914
4.648468
-8.803421
-10.234815
-5.176329
-8.217381
-13.611771
-13.696954
3.295701
5.790076
4.508897
4.183210
3.007550
1.467893
0.220397
-0.869844
-1.555672
4.065044
13.378975
15.116302
10.878371
2.196135
-11.310258
-16.797110
-8.479007
-7.355741
-12.046711
-12.004642
-12.610572
8.081252
6.894660
6.571716
5.297190
3.615216
2.504168
1.662252
0.956859
0.293914
12.675191
11.712179
8.850670
4.090324
-10.712075
-11.181081
-5.212998
-7.893165
-13.143621
-11.905739
8.176651
6.088659
4.647349
4.379702
3.215201
1.635242
0.450990
-0.531735
-1.303672
4.155169
13.467348
14.826589
11.725901
3.577166
-12.490259
-19.819195
-9.967894
-7.893219
-12.342296
-12.459683
-12.621682
7.606521
6.386794
6.245723
5.171184
3.485402
2.413009
1.554241
0.760978
-0.082633
13.129972
13.462652
10.302118
3.922615
-11.723666
-13.530497
-6.592872
-8.723692
-13.296628
-12.469788
-0.630041
6.852833
5.515419
5.167670
4.065151
2.484963
1.317132
0.337717
-0.593140
4.657760
12.962016
13.733867
4.568030
4.431435
-0.194798
0.294248
0.773149
1.220552
1.621986
1.952480
2.187927
2.321172
2.403895
2.408983
7.039458
2.617793
-1.775764
-3.635302
-3.968590
-6.185963
-5.474407
-4.757257
-5.691637
-7.199042
-6.128255
3.773071
3.395090
4.018694
4.257372
4.319058
3.725851
3.541914
3.440241
3.861731
4.386360
4.948375
13.450165
13.553322
2.879637
-5.050240
-6.178283
-0.451780
1.495687
0.677546
-4.109344
-7.912478
-5.465621
6.956959
6.376261
5.704721
4.446963
3.214859
1.676307
-0.151596
-2.065670
-3.464083
9.514818
9.313902
0.061237
0.321331
-3.047483
-5.408705
-2.459607
-9.798186
-17.117445
-14.889034
-14.512378
5.975543
5.377792
4.593311
3.620411
2.404727
0.314286
-1.655405
-3.919398
1.735322
9.933715
10.908489
7.097103
3.503662
-6.026757
-9.370223
-8.048087
-12.398332
-15.364462
-12.137732
8.167212
6.055449
5.524245
4.466047
3.277846
1.738034
0.575101
-2.358502
-3.861380
1.771010
10.764717
12.377152
8.339440
1.905803
-8.330290
-12.680317
-7.471142
-10.640744
-14.210853
-12.127442
8.616798
6.284574
5.783050
4.650990
3.462955
1.798456
0.625182
-1.901026
-3.571575
2.088671
11.534909
13.060181
8.192436
1.488541
-8.583113
-12.354626
-6.851837
-10.181067
-14.074368
-12.189399
9.068136
6.530705
5.789774
4.742320
3.649063
1.927322
0.714252
-0.322062
-1.276270
4.338007
13.191259
13.960696
8.917565
1.507299
-11.137107
-14.305679
-7.779078
-10.982327
-15.058939
-12.556226
8.738509
6.283726
5.709267
4.423635
3.458064
1.720363
0.459057
-0.527779
-1.183572
4.318754
13.186543
13.686437
9.966332
1.508076
-12.532977
-17.490623
-8.936367
-10.284641
-14.157767
-12.497681
8.825077
6.217339
5.569177
4.736037
3.789829
1.990747
0.643438
-0.548378
4.158314
4.317181
15.296476
16.190346
8.881168
-1.125129
-14.989192
-18.614101
-8.340924
-9.087448
-13.902221
-12.094034
2.280903
7.176230
6.632815
5.828887
4.827025
3.014858
1.762860
0.633045
-0.418738
4.979780
15.010966
15.299795
8.433685
-0.302416
-13.859044
-17.707142
-8.251565
-9.387508
-13.508691
-12.196222
9.254275
6.859102
6.271396
5.451537
4.466359
2.663622
1.388005
0.179240
-0.441778
4.911605
15.162621
15.720887
7.985630
-1.246909
-14.541083
-18.175024
-8.320325
-9.252542
-13.405526
-12.545885
0.196484
7.275702
6.721725
5.928832
4.990909
3.170703
1.915432
0.791161
-0.165646
5.202977
14.743459
14.832097
8.758397
0.176053
-14.747899
-19.142096
-8.779687
-9.675948
-13.591187
-11.941226
9.367835
6.933478
6.281533
5.442516
4.461892
2.611947
1.288211
0.001346
4.750976
4.933231
15.473372
16.237732
7.784071
-1.987613
-15.435758
-19.015181
-8.346739
-8.691967
-12.527198
-12.489796
-13.330615
7.771727
7.295069
6.424688
5.406851
3.634230
2.381979
1.264627
0.225112
5.438222
14.036276
13.458332
9.127935
1.154970
-14.620406
-18.947643
-9.488863
-10.592564
-13.887682
-11.542195
9.188651
6.517148
5.820330
4.904355
4.015613
2.106810
0.679336
-0.300192
4.728432
4.711059
15.844117
16.835016
8.464147
-2.848571
-16.985317
-19.530655
-10.206185
-9.204027
-11.840139
-11.898331
-12.326132
9.650150
9.039682
7.649932
6.503972
4.701591
3.544777
2.660657
1.570159
0.736546
12.362996
9.341129
7.041317
3.164635
-11.406836
-17.239416
-9.000337
-9.397984
-12.313983
-9.489865
9.248934
6.621592
5.920214
4.782963
3.888489
1.201157
-0.328140
-0.890639
3.972686
3.735275
16.178644
17.481680
10.545767
-2.884455
-18.337219
-20.783682
-11.738584
-10.005771
-10.808578
-11.245785
-11.790733
-12.993747
-2.276965
10.391948
9.355453
7.635586
6.259686
5.504134
4.599576
3.825963
12.882421
8.347646
5.756389
2.142754
-12.089439
-13.057573
-7.565978
-8.522520
-9.835607
-8.472986
9.259135
6.660439
5.918908
4.024803
2.992726
0.594951
-0.740252
-1.564257
3.573450
3.743611
14.694032
15.395139
11.056683
-0.716009
-16.610531
-20.823692
-12.463089
-9.097751
-10.967512
-10.855273
-10.576485
-11.695017
9.488376
8.788036
7.376057
5.320727
4.074985
3.150205
1.928969
1.187084
11.955243
9.432331
7.729520
3.390049
-12.132387
-12.469394
-7.695374
-8.387278
-12.589755
-8.514793
10.273055
8.215608
7.610465
5.559651
4.146929
1.742452
0.479692
-0.664917
-0.913906
-0.126990
14.302998
15.975334
12.046090
0.710642
-15.855228
-23.800980
-15.181423
-10.314193
-10.986158
-9.483226
-7.791103
6.193160
9.430552
8.882335
7.413447
5.351515
4.308332
2.336953
-0.260122
-0.713194
12.676764
11.007929
8.231558
2.720235
-13.581384
-14.549356
-7.794066
-9.381380
-11.990831
-9.034803
10.171723
7.877101
6.254900
5.181914
3.592944
1.017520
-0.223195
-1.146641
4.002602
4.190683
14.470134
16.062735
11.397557
-0.696001
-15.965559
-20.317768
-10.944457
-8.876954
-12.140347
-10.500641
-10.701486
8.219310
9.321804
8.574714
7.247701
5.215477
3.888537
2.901439
1.600467
0.868348
13.187162
11.779639
8.666606
2.337042
-14.096016
-15.732244
-7.408031
-8.844234
-13.115034
-9.971486
9.863655
7.535182
6.036231
4.596437
3.120945
0.627357
-0.681756
-1.323822
3.700746
3.715772
14.604009
16.777397
12.352024
-1.041647
-16.687464
-20.850792
-12.291022
-10.207961
-12.355340
-10.371921
-10.983784
-9.242107
10.641001
9.775064
8.513141
6.514584
5.158941
3.253874
-0.156551
-0.805611
12.210496
10.241189
7.692070
2.583005
-13.548031
-14.946959
-8.078753
-9.495042
-11.429942
-8.012252
9.982011
7.539052
5.997455
4.785832
3.267852
0.718350
-0.543860
-1.216679
3.876764
3.949689
14.538501
16.764343
12.394315
-0.538161
-16.519463
-21.033787
-12.558432
-9.483511
-12.452073
-10.620139
-10.417968
0.432833
10.243601
9.276633
7.956144
5.909742
4.533634
3.355204
1.576334
0.859258
13.673080
11.550837
7.955729
1.856661
-14.043864
-18.111694
-8.809461
-9.504215
-11.865437
-8.048679
10.723985
8.268751
6.730124
5.263635
3.885651
1.509290
0.271849
-0.876086
-0.948396
4.021616
14.241521
16.142704
12.405798
0.166277
-16.188414
-24.139570
-14.336389
-10.142660
-12.656993
-10.196408
-9.289404
10.556983
9.286289
8.435919
6.989162
4.900004
3.710269
1.736233
-0.805428
2.038067
12.727027
12.418521
9.211291
2.083840
-14.251373
-20.020718
-10.364852
-10.076936
-11.898839
-8.790489
11.116636
8.540744
6.943429
5.706438
4.409606
2.148383
0.837411
-0.334609
-0.341893
4.857651
14.291459
15.810373
11.880055
0.579420
-16.099405
-23.983904
-13.433494
-10.310638
-13.143373
-10.390600
-9.750772
9.592452
8.117162
7.262113
5.732350
3.623839
2.444227
1.423552
0.656684
6.003418
14.138955
14.044964
9.560232
0.979339
-15.316134
-22.584904
-11.224403
-10.514793
-13.395639
-9.767805
11.233791
8.474115
6.836915
5.417750
4.343419
2.418556
0.967200
0.239564
5.191802
5.113639
15.004237
17.128908
9.484810
-2.190279
-16.550863
-20.905787
-12.740694
-10.476770
-13.070397
-10.067253
-11.656710
10.671109
9.648796
8.643527
7.123694
5.085043
3.833448
2.853488
1.589638
1.391600
13.371315
11.747282
8.126813
1.816623
-14.870414
-20.111467
-11.149652
-9.665293
-13.079677
-9.134632
10.933198
8.507028
7.175961
5.441551
3.936539
1.397875
0.079914
-0.563855
-0.746118
4.217870
14.860245
17.093039
11.115584
-2.549649
-16.820107
-21.954561
-13.531930
-11.405793
-11.924726
-9.450437
-10.984151
-9.548613
11.368757
10.354821
8.941348
6.945513
5.651899
2.687657
-0.574965
-0.692800
11.976548
10.416874
7.789938
2.722774
-12.586732
-18.664051
-10.311543
-9.866616
-10.557448
-6.573434
11.377325
8.895468
7.325928
5.833688
4.299586
1.787072
0.577219
-0.357316
-0.421139
4.646919
14.282067
15.951507
11.945837
-0.031940
-16.167747
-24.419977
-15.832948
-11.292318
-13.070325
-10.070017
-8.574924
10.776041
9.383000
8.321115
6.702051
4.590569
3.421046
2.133851
0.848157
6.111792
14.163567
14.126155
9.331413
0.217091
-15.224389
-23.297791
-12.378675
-11.205759
-13.159186
-9.016544
12.060431
9.338467
7.677777
6.017795
4.970711
2.834877
1.462935
0.294100
0.043471
5.153313
14.162043
16.088099
10.912733
-0.467614
-16.582773
-25.100904
-14.133984
-11.824154
-14.264866
-9.876834
3.915406
10.249631
8.792005
7.613052
6.161597
4.058582
2.814280
1.593120
0.904744
5.960185
14.453759
15.498814
10.136569
-0.141225
-16.639627
-25.200653
-12.291255
-11.202282
-14.267136
-10.027494
12.016631
9.488654
8.047277
6.327881
5.126938
3.209344
1.779307
0.735154
0.410745
5.387326
14.357188
16.409035
10.327222
-1.257925
-16.969311
-24.911829
-13.206450
-11.574104
-14.392847
-10.036017
3.214281
10.506647
8.737523
7.411121
5.935456
3.820374
2.530577
1.224510
1.039469
6.078744
14.445208
15.777007
9.261860
-0.970792
-16.412491
-23.997168
-11.791623
-11.558866
-14.919349
-10.533484
2.289166
10.461141
8.789030
7.030833
5.820148
3.910229
2.470448
1.213620
0.912530
5.912996
14.288061
15.978380
9.763476
-1.190829
-16.478436
-24.505976
-14.312549
-11.887056
-14.328728
-9.942729
-10.347185
10.984791
9.203938
7.791376
6.304313
4.258608
2.923404
1.617251
1.224911
6.333740
14.225722
15.039098
9.506310
-0.459313
-15.929291
-24.382809
-14.500917
-12.404770
-14.580486
-10.286096
3.038960
10.477161
8.797626
7.161050
5.875854
3.947639
2.533091
1.397762
1.050720
6.093694
14.643195
16.708265
9.079175
-2.068992
-16.276125
-22.810570
-14.672516
-11.911135
-14.062140
-9.707179
-10.790485
11.528977
10.225827
8.978035
7.371138
5.302673
3.964643
2.756593
1.816265
6.963018
14.139788
14.036177
8.786499
-0.123087
-15.793294
-24.673910
-14.454947
-11.972120
-13.712158
-9.392847
12.495598
10.007694
8.604803
6.706337
5.371490
3.300441
1.922489
0.983667
0.606835
5.560064
14.038378
16.403797
10.290325
-1.584954
-16.521557
-24.972906
-16.848560
-13.064131
-14.280328
-9.720292
-9.190476
11.482544
10.158673
8.726421
7.132642
5.060076
3.749308
2.366878
1.194852
6.186475
14.225158
15.476081
9.615165
-0.586498
-15.997313
-24.735735
-13.853882
-12.351478
-14.459608
-9.750192
12.944651
10.536933
9.101411
7.079292
5.801586
3.808494
2.338731
1.121028
0.556310
5.408438
13.615962
16.633219
10.387478
-1.217510
-16.756571
-25.781641
-14.254050
-12.890741
-15.229877
-10.608274
3.144017
11.781644
10.391526
8.691626
7.104720
5.104265
3.700875
1.958299
0.928619
1.049423
13.891022
16.470831
10.517148
-1.091714
-16.734289
-26.126574
-13.093974
-12.045043
-15.091023
-10.616475
5.537315
11.956446
10.328203
8.211953
6.788009
5.014678
3.444585
1.823862
1.073729
0.948270
13.269182
16.309788
10.862618
-0.687932
-17.256542
-26.957621
-13.866071
-12.152400
-15.168075
-11.379677
7.167539
11.951183
10.353854
8.201490
6.738773
4.866798
3.337745
1.721643
1.057061
0.472176
13.248026
16.526730
10.827022
-0.888607
-17.338060
-25.860308
-12.761996
-12.306947
-15.871979
-12.787079
0.776058
12.592762
11.160977
8.799787
7.546996
5.627833
4.032429
1.884149
0.316460
-0.100532
13.343781
15.789014
11.163956
0.368462
-17.509851
-27.761276
-16.015068
-13.144099
-14.972860
-10.353400
6.258090
12.121387
10.763235
8.613979
7.135479
5.258979
3.630184
1.557086
0.537685
-0.089322
13.271299
16.979288
11.823991
-0.656163
-17.068344
-26.068466
-12.708838
-12.071783
-15.923548
-12.724550
0.095712
13.009426
11.680485
9.260536
8.057369
6.064011
4.386175
1.378927
-0.363725
-0.783398
12.623255
15.201390
11.126905
0.580142
-16.884048
-26.683435
-15.515034
-13.275670
-15.034028
-9.835659
1.943157
12.880504
10.845919
8.993955
7.390551
5.307673
3.789238
-0.345478
-0.937976
-1.041526
11.807210
15.997183
13.809680
0.734203
-15.042878
-24.823595
-13.507914
-11.374866
-14.981009
-10.379578
-8.719061
13.666497
11.555403
9.571288
8.076208
6.119267
4.587157
-0.891778
-1.707806
-1.474244
10.846298
14.047862
12.193162
2.182736
-13.743106
-23.110056
-13.957711
-11.376337
-14.379930
-9.483271
-8.265714
12.534082
10.692863
8.859089
7.317668
5.388556
3.782666
1.373526
0.372968
0.044216
12.141412
16.236771
12.263125
-0.322972
-15.262383
-24.405531
-10.696239
-11.841331
-16.267790
-13.796003
-7.849969
13.312940
11.277416
9.425969
7.802754
5.524706
3.940782
1.913294
0.953421
0.755866
12.061801
15.207225
12.026233
1.453369
-15.271987
-24.079481
-15.118514
-12.513597
-16.057213
-13.657165
-3.786672
13.082426
11.085713
8.910946
7.315022
5.458352
3.787959
2.599617
2.021853
6.781375
12.383993
15.653892
10.725077
-1.580168
-15.496603
-24.990160
-15.579010
-12.562719
-15.578566
-11.401901
-7.996863
13.607228
11.507270
9.278704
7.778442
5.909904
4.199985
3.017328
2.321693
7.005740
12.552429
15.831208
8.549740
-2.666143
-15.290204
-23.080296
-13.483553
-11.482908
-15.229286
-10.783120
-9.451780
13.796456
11.666131
9.601724
7.978609
6.235496
4.521011
3.282085
2.582426
7.386556
12.247648
14.947837
7.834839
-2.212252
-15.198806
-20.907587
-13.490199
-12.322711
-16.095085
-11.639639
-8.867397
13.584711
11.726458
9.467646
7.910314
6.178394
4.392334
3.300812
2.693170
7.479970
12.203782
14.877204
8.493737
-2.222810
-15.255220
-24.102797
-15.532234
-12.692114
-15.769195
-11.532978
-8.342075
13.896923
12.166169
9.815379
8.315845
6.579940
4.783225
3.542674
2.860081
2.370490
12.321448
14.897246
8.669654
-2.119024
-15.293875
-23.194836
-15.980605
-12.937139
-15.943752
-11.751585
-7.929138
13.909250
11.867043
9.602897
8.028526
6.296810
4.472904
3.581368
2.944399
7.805222
12.338992
14.944360
7.081053
-3.453741
-15.116022
-21.275574
-15.075347
-12.456305
-15.276180
-11.084019
-9.470446
13.168999
12.107530
10.169143
8.630215
6.837503
5.049693
3.902169
3.177786
8.143447
12.533552
14.447260
7.045108
-2.786205
-14.745927
-21.601246
-14.702691
-12.424538
-15.688646
-10.883289
-9.066478
13.614293
11.651412
9.498298
7.710827
6.050567
4.196016
3.499910
2.933832
7.894332
12.066707
13.963901
6.943671
-3.177718
-14.894302
-20.191225
-15.033276
-13.308635
-16.126932
-12.203259
-9.223296
9.216619
12.598263
10.660843
9.041107
7.262726
5.510492
4.224573
3.479317
8.453687
12.864316
14.363965
7.556884
-2.447798
-14.542857
-22.711449
-15.937222
-12.516286
-15.524749
-10.531223
-8.168578
14.020265
11.839585
9.551719
7.774971
6.165189
4.262990
3.554963
2.957974
7.861845
12.050059
14.183225
7.353901
-3.362716
-14.960239
-20.929913
-16.032026
-13.484478
-15.994888
-11.971669
-8.774449
8.152858
13.277063
11.139583
9.378055
7.645374
6.007948
4.515569
3.617861
8.627790
12.839633
13.878805
7.541164
-2.099356
-14.307363
-22.201626
-15.422790
-11.981999
-15.751486
-10.589757
-7.552598
13.969149
12.132208
9.969934
8.194104
6.688347
4.791162
3.885618
3.228915
7.994251
11.155540
12.897618
8.934517
-1.482891
-14.636327
-24.387423
-17.644514
-14.466831
-16.930347
-12.657714
-6.985496
14.585997
13.273097
11.161471
9.724613
7.914464
6.135273
4.328072
3.298183
2.781968
11.897765
14.058239
9.071201
-0.834293
-14.654930
-23.146620
-14.094319
-12.516125
-17.692411
-13.993485
-7.060658
8.788298
14.286691
12.029402
10.478551
8.570351
6.782413
2.590950
0.634971
0.590799
11.675949
14.260848
10.754033
1.743265
-16.081995
-26.630713
-22.045700
-15.241913
-15.609664
-10.104702
-4.771682
14.503371
13.667522
11.475471
9.971125
8.112182
6.165158
2.575790
1.462396
1.042763
12.575933
16.244518
12.256371
-0.410535
-15.018561
-22.989714
-15.587521
-14.065866
-18.276760
-14.694806
-7.013140
8.288140
15.393496
13.014144
10.473450
8.679674
6.899348
1.535871
-0.550236
-0.155153
11.008800
11.660851
8.958162
2.745645
-14.222406
-23.415209
-20.819468
-14.025544
-14.075412
-9.698621
-4.669416
14.480061
13.248517
10.966166
9.138450
7.321733
5.357329
3.163909
2.497140
1.905068
11.648512
15.588465
10.593749
-1.165995
-12.668437
-21.633249
-14.659349
-14.408394
-18.977896
-15.804331
-8.119245
7.338434
15.661331
13.278908
10.707569
8.889542
7.143765
2.216711
-0.304951
0.102848
11.170409
11.692177
8.916303
1.697559
-14.291321
-22.627251
-19.620409
-13.404652
-13.891940
-9.795083
-4.664071
11.643581
13.301811
11.192296
9.348495
7.739286
5.708967
3.875024
3.094319
7.689422
11.186612
13.351027
10.144675
-0.530099
-11.886846
-20.955450
-14.961137
-15.148739
-19.573608
-15.919137
-8.117939
6.952506
15.091958
13.770360
11.101993
9.282961
7.547353
3.379303
-0.122534
0.200957
11.918037
12.040000
9.600760
1.688103
-13.931904
-22.523565
-20.013773
-12.266961
-13.324011
-9.085132
-4.251937
11.069782
13.399489
11.465256
9.278421
7.937441
5.859826
3.469513
2.690520
2.206600
11.036968
10.744079
10.591425
0.730682
-10.363197
-17.529268
-14.031544
-15.825544
-20.608906
-16.984953
-8.877750
3.075494
14.165764
14.382230
11.542372
9.720860
8.209958
2.684364
-0.122291
0.336493
12.230506
11.696383
9.079897
2.067976
-13.339036
-22.035994
-20.894726
-13.113883
-13.319221
-8.634479
-4.627414
11.246134
13.279578
11.555609
9.409218
8.113996
6.139233
3.236356
2.543665
2.240185
11.380898
11.223310
10.440069
0.726960
-10.736945
-18.815464
-14.930481
-16.233875
-20.046072
-16.203501
-8.042776
4.621453
15.615160
14.112375
11.401757
9.576303
7.823100
2.268744
-0.249159
0.297910
11.444989
11.618949
8.370328
1.285476
-13.302950
-22.278376
-20.720358
-14.640620
-14.351453
-9.935425
-4.129580
12.315035
13.772993
11.830107
10.019904
8.393257
6.266574
4.218930
3.353543
7.861463
10.775541
12.271392
9.922555
-0.035185
-10.679205
-17.641567
-14.425942
-17.451866
-21.640415
-17.602877
-8.687908
3.195559
11.390585
15.521664
12.720699
11.078087
9.435596
5.007120
0.825521
1.200424
11.906880
11.266944
7.482861
0.133635
-14.497144
-21.734873
-18.854990
-12.669024
-12.907782
-8.909954
-4.133906
10.886969
13.952294
11.733934
9.864192
8.384478
6.074045
3.959738
3.066287
5.225038
8.686749
10.356647
11.417911
1.440621
-9.595708
-17.748339
-12.802162
-17.846457
-23.604549
-18.921537
-8.958318
-0.485595
7.562822
17.373859
14.196927
12.176042
10.333916
5.431075
1.928904
2.312325
10.497499
10.349349
4.818586
-1.876259
-13.658037
-19.275951
-15.360311
-9.861564
-10.846917
-8.840862
-5.403769
6.561951
14.115093
11.942777
9.855981
8.496441
5.096806
-0.445373
-0.522189
-0.351771
9.980397
13.539628
11.093968
1.275449
-11.566255
-19.516245
-17.041126
-16.727352
-18.033972
-14.162011
-6.046361
8.251653
15.468593
14.708058
11.819510
9.614774
5.213835
1.077991
0.046154
0.695352
11.168038
11.783867
7.527531
-1.376731
-11.926815
-15.450077
-15.146485
-13.006483
-14.353859
-12.313849
-6.950349
0.649615
12.638781
14.028794
12.344389
11.454082
7.677926
0.736516
-0.275217
0.251983
11.189178
12.466982
9.173887
2.064333
-11.387739
-19.545786
-18.208979
-15.517436
-15.877961
-11.079156
-5.807631
9.590978
15.696667
13.263682
10.354310
7.939928
4.647433
0.421961
0.084969
0.547617
11.093815
12.326986
9.048768
0.519972
-13.279393
-20.892462
-18.242790
-14.762138
-15.037974
-10.832827
-4.822437
10.888761
15.618539
12.921463
10.927368
8.192315
5.493235
1.293950
0.483013
0.839245
10.923549
11.574860
8.517831
0.895788
-11.921346
-17.440290
-15.278406
-14.679028
-16.642057
-12.739845
-6.343497
4.951394
14.296270
14.278961
11.499546
9.662114
5.884735
1.233321
0.280464
0.740509
11.124684
12.140492
8.526792
0.729274
-12.220632
-19.844706
-18.204466
-15.685008
-15.793162
-11.491314
-5.228544
8.532624
16.221664
13.876284
11.098981
8.949229
4.457854
0.608479
0.248322
0.718151
11.192858
12.131400
8.306523
0.813810
-11.606591
-17.164366
-17.715816
-16.548239
-16.470085
-12.521619
-5.346264
5.374110
14.767009
14.681602
11.589955
9.751684
6.455317
1.364846
0.235767
0.717860
11.864340
12.383345
10.227736
2.474351
-13.711761
-23.512583
-22.270430
-17.538563
-16.546904
-12.249133
-3.949213
8.432219
16.137234
14.311350
12.210345
10.839689
5.098264
0.973530
0.739876
1.214360
11.431256
13.418750
11.342160
1.904605
-13.571820
-23.469585
-25.043583
-18.345928
-16.302626
-12.985617
-3.738283
9.289138
17.655689
15.179206
13.735458
10.836644
5.828557
1.742389
0.588662
1.152213
12.387975
13.830540
10.380652
0.331223
-14.696395
-23.122362
-22.065357
-17.166721
-15.639055
-13.086836
-4.910780
6.011024
17.209764
15.279088
13.507339
12.221467
6.024174
1.897318
0.274245
0.860015
12.322801
13.775455
11.306990
1.757170
-13.999508
-23.678694
-24.433924
-17.831125
-16.068893
-12.611829
-3.688468
9.230418
17.389332
15.679132
13.613922
10.300987
6.205928
1.908787
0.545589
1.127319
12.313192
13.727303
10.273884
0.225514
-15.540998
-23.286633
-22.289915
-17.014828
-15.352228
-13.262505
-4.470649
5.448417
17.445717
15.347776
14.120491
12.736105
6.157384
2.086804
0.429616
1.016955
12.270123
13.122808
10.304487
1.155958
-14.345726
-23.716948
1.683980
1.385466
1.472455
1.351363
1.446026
1.725889
1.971819
2.158553
2.304663
2.382017
2.386106
2.304484
2.122000
1.858749
1.547790
6.066698
-0.231767
-6.626260
-7.729580
-8.377029
-7.899479
-6.987367
-3.567836
-1.421929
-1.137448
0.029077
1.111249
12.906093
9.585796
0.691184
-14.403768
3.272536
0.622161
1.887048
2.446442
2.302634
1.811542
0.996037
-0.212210
-1.265686
-2.366925
-1.238091
-2.427143
-2.192023
-2.130204
-2.317415
-1.931759
-2.100659
-2.221703
-2.454196
0.927133
0.568856
0.350824
0.245337
0.626110
1.035514
1.441419
1.832124
2.203257
2.544727
2.839072
3.086734
3.276537
3.389686
3.369062
3.179864
2.895391
2.592252
2.278460
1.935823
1.537380
1.077179
0.552988
-0.037582
-0.692089
-1.433389
-2.428386
-4.192992
1.106265
0.896129
0.670006
0.390666
0.079728
-0.419191
-1.028181
-1.709766
-2.486903
-3.346649
-4.323721
-1.842135
-0.782388
-1.119278
-1.605704
-2.117361
-2.537397
-2.917652
-4.344142
1.454396
-2.346537
-2.395615
-2.521824
-2.281843
-1.827181
-1.290868
-0.706470
-0.096838
0.500965
1.078701
1.619662
2.129955
2.604657
3.026629
3.393623
3.684688
3.889843
4.000896
4.011171
3.929011
3.743361
3.490439
11.325807
12.321072
2.643662
-0.951969
-2.211060
-10.402281
-15.365008
3.150688
22.247034
-0.796758
4.122478
5.453384
6.118586
2.917143
1.733999
3.363477
0.780476
4.244933
2.135413
-0.931371
-1.720953
-1.900615
1.409207
6.985401
5.762463
6.107749
-24.751827
-26.716478
-25.806721
-23.366739
-19.430475
-15.545690
-11.784108
-8.230684
-3.219681
-1.235943
5.411570
7.582033
9.591853
9.953864
10.539454
10.918818
11.288697
11.351272
5.352148
10.740624
16.872511
14.399046
13.792576
13.087462
8.848835
3.425721
-0.730784
6.708673
7.042384
6.538784
5.938671
7.178730
5.927655
5.032569
4.148405
3.257215
2.494850
1.796820
1.085587
0.280432
-0.445322
-1.081650
-1.713681
-2.378570
-3.230958
-3.898747
-4.475133
-4.965211
0.243660
0.345484
0.450158
0.643263
0.772654
0.904219
1.074618
1.362610
1.816266
2.388243
3.137141
3.873854
4.129852
4.006989
3.804913
3.396578
2.138884
-0.486045
0.815027
0.593209
1.075755
0.999439
1.361339
1.784063
2.187387
2.570349
2.917727
3.227124
3.468203
3.607167
3.636191
3.589079
3.504247
3.395025
3.258842
2.856905
2.442554
2.084781
1.713584
1.280386
0.781658
0.218533
-0.417023
-1.143829
-2.126721
-4.091958
0.984819
8.557039
12.256398
13.121541
10.966311
7.095781
4.042450
2.161857
1.500586
2.322180
3.361907
1.643825
1.047694
0.579823
0.466415
0.690312
1.041354
1.416160
1.789945
2.132128
2.427640
2.673729
2.851322
2.938145
2.920233
2.799560
2.601726
2.330508
2.002895
1.623617
1.193173
0.697067
0.136739
-0.507970
-1.221613
-2.013988
-2.962747
0.457110
0.540948
0.506865
0.438258
0.326586
0.042478
-0.289531
-0.660798
-1.121094
-1.699220
-2.373531
-3.009969
0.184053
-0.206392
0.055119
0.187941
0.058154
-0.499008
-1.315347
1.293503
-0.144055
0.388731
0.363867
0.766323
1.246775
1.700627
2.119794
2.500452
2.833535
3.100388
3.295056
3.435702
3.498131
3.479582
3.388849
3.236517
3.030882
2.812908
0.762641
-4.828690
-9.117708
-10.776759
-9.583170
-9.082916
-8.254597
-2.522719
13.404247
9.065558
6.512585
5.204507
4.564497
3.266182
4.588611
4.526304
3.073300
0.932717
-1.183754
-3.094264
-4.470485
-4.794285
-0.807379
-0.468509
-0.125364
0.209997
0.542394
0.870725
0.826172
0.244070
-0.530357
-0.756814
-0.737682
-0.902950
-1.495951
-1.863391
-1.533488
-1.795265
-2.935687
-4.376022
-5.187725
-3.587794
-3.514154
-3.595264
0.546686
0.120056
0.194170
0.127310
0.362010
0.793505
1.238195
1.659808
2.029622
2.336863
2.553571
2.685275
2.729075
2.694122
2.594111
2.452438
5.065388
0.102582
-3.331352
-11.710059
-11.461875
-8.664946
-5.758580
-3.502882
-3.023388
-3.396598
-4.085808
-4.441957
1.782321
15.928117
8.259210
16.203461
14.524709
9.035577
-1.739272
-15.539289
-30.111399
-30.100233
-30.099924
-30.100027
8.876701
7.857617
8.160412
8.326078
9.236636
9.397511
7.092432
5.612255
4.933371
4.974103
5.013919
5.073788
5.157221
5.348352
5.472462
5.579950
4.773447
7.630153
6.315639
4.926745
4.063700
3.603097
3.418157
3.373099
3.336737
1.010196
1.202704
1.081066
0.903066
1.454994
1.560155
0.797846
1.343110
1.273728
1.559579
1.952302
2.302693
2.606240
2.839043
2.948346
2.932074
2.820133
2.666055
2.539964
2.390901
8.247938
-1.697472
-6.167741
-5.489654
-6.567429
-8.613935
-7.851552
-5.155520
-0.562865
0.487528
-1.352025
0.338401
2.359812
5.875402
6.039058
5.874662
5.764998
4.674395
3.365601
2.442363
2.198202
13.905110
5.258944
-3.801972
-1.657526
-1.903001
-0.357716
1.782293
-6.824247
-12.766498
-12.412114
-8.989886
7.010819
8.017820
7.379377
4.075077
0.538921
-2.118921
-3.973824
-3.363732
-2.969257
2.673892
2.935481
2.958662
2.782770
2.467540
2.007420
1.383248
0.550784
-0.434606
-1.636157
-3.107072
-6.523042
-15.289694
-23.244591
3.057026
5.786403
5.389501
5.274325
4.901827
4.527165
4.254565
4.156426
4.315821
0.772341
-0.739172
-2.302286
-3.243306
-4.020368
-4.622906
1.461779
1.355717
1.305921
1.231941
1.603691
2.002934
2.380420
2.727856
3.042626
3.298522
3.442833
3.432010
3.281150
3.061416
2.831817
2.389886
1.923784
1.474273
1.024313
0.560562
0.063642
-0.470280
-1.064755
-1.721420
-2.450763
-3.335756
-4.773432
-0.555262
-0.729713
-0.888151
-1.219453
-1.603046
-1.027045
-0.907476
-0.792653
-0.707059
-0.567311
-0.488849
-0.439108
-0.418357
-0.462917
-0.616697
-0.905934
-1.332855
1.443607
-0.495616
-0.117399
-0.110898
0.387255
0.884674
1.365613
1.818876
2.213420
2.541263
2.780467
2.927903
2.990167
3.010921
3.022811
2.992747
10.454720
6.652409
0.461819
-4.574444
-13.721166
-13.387301
-10.375445
-7.613166
-5.882249
-4.636372
-4.231052
-2.747254
7.220567
10.515450
14.744091
15.708180
13.366545
9.591394
-0.353428
3.324114
-0.853682
-2.271317
-4.093557
-2.723922
-2.316277
-2.623071
-2.125210
-1.915017
-2.508087
-2.405472
-2.903224
-3.193537
-3.270801
-3.323999
-3.528921
1.087971
-2.284318
-2.384506
-2.147541
-1.314381
-0.554300
0.113722
0.731745
1.330621
1.906615
2.482234
3.118161
3.710099
4.299810
4.885758
5.454842
5.884874
6.201768
6.371927
6.270670
5.590805
4.955444
4.532799
4.129241
3.683430
3.203705
2.705823
2.172752
1.540884
0.939157
0.350946
-0.285335
-1.009242
-1.799938
-2.779271
-3.807998
-4.915468
-5.844007
-7.413605
1.389685
0.615715
1.011441
0.966819
1.344802
1.760731
2.127787
2.432359
2.639246
2.716717
2.692529
2.616118
2.540471
2.437398
2.259306
2.275853
-1.835222
-4.416567
-4.178818
-6.368952
-8.947877
-6.827569
-4.000642
-4.019825
-3.758389
-0.867724
6.651392
6.436498
6.109730
6.092216
5.318069
4.083338
3.427002
2.860136
2.032233
1.291708
0.725193
0.114913
-0.612264
-1.451867
-2.486005
1.152523
1.785457
2.292641
2.711326
2.906847
2.880932
2.679140
2.398072
2.269068
2.602587
2.829269
2.833135
1.744627
0.183535
-1.194018
-2.303573
-2.776881
-3.064394
1.967167
0.810844
0.989843
0.864563
1.124158
1.520501
1.928068
2.327149
2.692377
3.000285
3.205966
3.311686
3.327845
3.296352
3.231440
3.102546
2.912507
2.663962
3.962563
-4.221948
-8.646420
-9.609193
-7.378485
-5.536337
-4.949509
-4.460829
-5.644528
-7.254669
-7.353833
5.250572
15.399143
13.045240
13.275597
5.918378
8.266720
4.894456
-1.516838
-3.103868
4.423122
5.870017
5.626611
-28.923315
-30.160900
-30.103907
-30.090918
-27.569639
-22.047934
1.659397
1.237679
0.489834
0.455141
0.747740
1.136587
1.490193
1.823694
2.103588
2.327398
2.494935
2.593878
2.623760
2.579475
2.417712
2.055026
1.504141
0.832775
0.102859
-0.662760
-1.462352
-2.394526
1.291112
1.740815
2.133788
2.303557
2.324465
2.186700
1.839508
1.187314
0.297913
-0.743646
-1.881416
-2.997272
-4.061723
-5.142558
-5.978859
-6.164835
-7.557373
-11.393226
-2.751049
-3.119222
-2.480410
1.388829
0.655162
1.163270
1.134791
1.509067
1.919308
2.286878
2.555210
2.690937
2.704887
2.633159
2.541994
2.470828
2.353770
6.811922
0.204646
-3.374584
-4.494670
-4.943360
-7.750133
-9.500949
-6.628304
-3.862316
-3.904938
-2.666012
1.122953
5.120378
5.572851
5.536862
5.564572
5.165679
4.299391
4.101336
3.962614
3.542274
2.920699
2.186131
1.393943
0.577325
-0.263083
1.926561
2.266036
2.620148
2.795448
2.590415
2.109792
1.304221
1.488056
2.078764
0.966333
-0.161366
-1.188561
-1.992109
-2.872277
-3.156033
-3.073779
1.451665
0.675279
1.083432
1.013557
1.467226
1.890601
2.286943
2.657396
2.969768
3.216586
3.378248
3.416433
3.357192
3.265823
3.159697
3.049012
3.764691
-5.502910
-8.606688
-8.519258
-7.622233
-7.037834
-5.854198
-1.509247
14.892438
13.380110
11.250660
6.275091
4.250432
3.066516
-6.281332
-2.367950
2.258526
0.653808
-0.868898
-3.616571
-5.185771
-2.100030
1.571772
0.722363
-0.787841
-2.498507
-4.156457
-5.597356
-6.715250
-7.306523
-8.111567
-8.398798
1.050235
0.679982
0.836330
0.793875
1.235604
1.669053
2.081100
2.460540
2.791575
3.079478
3.299163
3.421465
3.405552
3.280259
3.128948
2.988659
2.873132
-2.220011
-7.016225
-8.375935
-7.359654
-6.959708
-6.182673
-3.845546
0.433897
2.086388
2.311805
0.809864
0.905299
4.247617
4.799925
3.837417
3.106122
2.880665
2.273516
1.551895
0.968399
0.014119
-1.378298
14.729210
9.076755
-0.790404
-4.672726
-6.286106
-2.795203
-2.414512
-8.972667
-13.723950
-11.172106
-7.143072
