-0.008630
0.002089
-0.003130
-0.002542
-0.006297
0.006370
0.012060
0.004480
0.004850
-0.002283
-0.002814
-0.009836
-0.015291
-0.009878
0.879436
2.514062
-1.002629
-1.104524
-0.001370
0.486082
0.604438
0.670374
1.041939
0.574462
0.468451
-2.796309
-3.719546
-2.436180
-1.252761
-1.054521
0.255445
1.685262
1.008924
-0.008664
0.490769
2.097208
1.515816
-2.927197
-2.514920
-1.585145
-0.353986
2.267369
1.876029
0.933590
1.591846
2.554028
-3.914433
-1.837797
0.101062
0.721078
2.217642
4.015920
3.796493
2.714267
3.642378
24.998396
30.025469
25.557459
0.000389
-11.058942
-11.566612
-7.543834
-5.984372
-1.184675
-4.043686
-4.155062
7.027974
14.698935
0.431508
-5.657700
-5.909909
-1.361058
6.996487
2.509654
0.494907
-0.419126
-0.498445
-0.476758
-0.401006
-0.310469
-0.203318
-0.087424
0.022354
0.131158
0.231598
0.328539
0.420105
0.489664
0.546278
1.823531
4.748185
-1.057791
-2.269393
-0.175621
0.145424
-0.163101
0.156606
0.290468
-0.270846
-0.480872
-2.758271
-4.619482
-4.403563
-4.331431
-1.796159
0.665427
0.197554
-0.547613
0.289408
3.648665
-2.062000
-2.234431
2.102675
-4.950019
-3.494242
-3.185971
-2.596796
-2.940686
-3.573277
-3.503068
-1.292511
4.861506
-0.163109
1.070143
-0.803297
-2.519530
-1.395327
-0.460760
-0.221654
0.059780
0.996389
2.428683
1.568179
-1.386249
-1.422665
-0.283319
-0.847219
1.347299
2.673700
2.464085
2.645109
-1.874909
-6.256269
-0.256640
1.482743
3.522722
4.984865
4.618290
4.064385
3.561516
3.413710
4.078093
2.573265
-2.113461
-0.887931
0.268251
-0.736263
-0.187305
-0.072555
0.426306
1.166406
-1.356897
-5.166931
-0.839580
1.004258
1.893251
3.503306
3.139381
2.205092
1.272735
0.812257
1.862104
0.616280
-2.984360
-1.675024
-0.467270
-1.612906
-0.932088
-0.313872
0.299843
1.143941
-1.706282
-5.430015
-0.538846
0.925020
1.783841
3.285755
2.965999
2.057189
1.197662
0.720805
1.694547
0.349221
-3.186814
-1.840674
-0.549663
-1.613866
-0.904876
-0.244084
0.401842
1.224200
0.405898
-5.092597
-1.081709
0.425235
1.588485
3.089088
2.986230
2.261891
1.215446
0.742887
1.590889
0.403878
-2.602190
-1.681844
-0.517758
-1.302749
-0.787734
-0.253221
0.594330
1.479458
0.490157
-4.897083
-1.287799
0.486936
1.417456
2.914269
2.922312
2.054932
0.944862
0.481519
1.458513
0.403927
-2.517139
-1.630846
-0.441053
-1.376239
-0.840341
-0.237533
0.524846
1.382056
0.421264
-4.792345
-1.274574
0.305906
1.111224
2.530045
2.602947
1.772684
0.620856
0.018109
1.257972
0.419607
-2.517653
-1.536975
-0.466773
-1.304020
-0.759203
-0.149837
0.676135
1.517482
0.643445
-4.754399
-1.614799
0.460498
1.129724
2.471538
2.504024
1.561949
0.738351
0.486793
1.677717
0.601596
-2.631321
-1.678740
-0.583745
-1.574376
-0.810830
-0.020685
0.599741
1.363915
0.682421
-4.696902
-1.020744
0.122839
0.788536
2.085192
2.223718
1.560368
0.876215
0.868437
2.028586
0.961415
-2.452748
-1.538730
-0.501616
-1.494867
-0.741199
0.045942
0.770579
1.593788
0.906971
-4.689763
-1.523921
0.289120
0.871676
2.087164
2.074594
1.252375
0.902183
0.942005
2.109194
0.973272
-2.459292
-1.588938
-0.486248
-1.463201
-0.639126
0.192602
0.822483
1.572393
0.951524
-4.561820
-1.229658
-0.061950
0.433516
1.583478
1.777869
1.229160
0.993227
1.273230
2.416834
1.318188
-2.273816
-1.389758
-0.351406
-1.381002
-0.608685
0.222914
0.889765
1.653551
0.934526
-4.483541
-1.380878
-0.152337
0.215767
1.297763
1.533128
0.958210
0.826971
1.122372
2.448496
1.413532
-2.130678
-1.269851
-0.299459
-1.307494
-0.513073
0.315839
0.979272
1.709029
1.224485
-4.340615
-1.583641
-0.223743
0.110599
1.147941
1.360579
0.784096
0.989999
1.517205
2.705535
1.569073
-2.096551
-1.288973
-0.365800
-1.388667
-0.547143
0.363295
0.980921
1.687775
1.220896
-4.217771
-1.580879
-0.439893
-0.302644
0.636875
0.945115
0.458489
0.738988
1.423218
2.714149
1.622851
-1.916601
-1.161042
-0.203362
-1.236616
-0.372305
0.519396
1.139046
1.872687
1.468166
-4.126033
-1.841633
-0.377453
-0.186489
0.694445
0.912328
0.451950
0.932653
1.659365
2.899290
1.718566
-1.937900
-1.173351
-0.229189
-1.282995
-0.409065
0.543696
1.166548
1.850891
1.506150
-4.070614
-1.606377
-0.704589
-0.585438
0.244387
0.619115
0.211903
0.820682
1.736576
3.018173
1.853646
-1.750501
-1.050902
-0.177991
-1.219826
-0.333966
0.615589
1.219682
1.874738
1.552085
-3.944686
-1.580441
-0.810180
-0.795198
-0.012065
0.415583
0.021334
0.775867
1.825512
3.272183
2.047958
-1.654054
-0.888447
-0.017820
-1.086615
-0.195014
0.734442
1.347406
1.980624
1.814716
-3.753372
-1.623850
-0.921140
-0.852954
-0.070674
0.367656
0.141295
1.024888
2.148164
3.504109
2.163379
-1.630172
-0.920212
-0.105640
-1.225672
-0.399381
0.623095
1.262233
1.935309
1.780139
-3.637129
-1.857583
-1.028015
-1.202042
-0.513297
-0.030919
-0.243046
0.697890
1.906663
3.407304
2.054986
-1.532458
-0.871024
-0.067151
-1.166006
-0.283124
0.755786
1.372207
2.053338
2.023983
-3.453721
-1.790447
-1.057113
-1.130953
-0.485587
-0.073400
-0.115766
0.954862
2.230028
3.606144
2.219339
-1.516328
-0.829183
-0.085660
-1.173033
-0.308314
0.768901
1.407619
2.056591
2.077108
-3.436546
-1.666803
-1.279712
-1.434362
-0.795075
-0.257928
-0.308656
0.847526
2.229736
3.618211
2.246553
-1.432209
-0.779896
-0.068867
-1.179429
-0.293601
0.790088
1.402118
2.038588
2.075985
-3.302996
-1.717102
-1.349745
-1.606540
-1.009172
-0.434505
-0.483196
0.784264
2.350192
3.904803
2.472701
-1.291906
-0.568130
0.072846
-1.036950
-0.143089
0.916029
1.537127
2.143489
2.358719
-3.106539
-2.200969
-1.442682
-1.709846
-1.146386
-0.589576
-0.419941
0.898754
2.455352
3.828710
2.458299
-1.261366
-0.620807
0.018921
-1.142654
-0.277283
0.850305
1.472365
2.097152
2.316918
-3.016041
-1.806448
-1.573925
-1.942544
-1.424880
-0.800536
-0.666796
0.777742
2.418379
3.844187
2.468580
-1.189885
-0.587073
0.028099
-1.120951
-0.225173
0.925736
1.529828
2.209075
2.524155
-2.858317
-3.008249
-1.550231
-1.940928
-1.503410
-0.950187
-0.622117
0.878108
2.600286
4.044169
2.600194
-1.087662
-0.456321
0.074308
-1.070335
-0.191348
0.986757
1.614833
2.227391
2.654877
-2.794993
-2.363346
-1.737558
-2.192243
-1.751912
-1.110588
-0.756981
0.819091
2.621186
4.030998
2.620517
-1.100485
-0.435652
0.115623
-1.059072
-0.186673
0.977062
1.582492
2.196902
2.633774
-2.705478
-2.730095
-1.765676
-2.336345
-1.949633
-1.265051
-0.959452
0.720213
2.750654
4.337167
2.850914
-0.929659
-0.210598
0.172385
-0.955564
-0.057168
1.119094
1.726676
2.320350
2.929208
-2.474945
-3.035067
-1.953309
-2.498380
-2.120082
-1.428679
-0.929785
0.816264
2.774493
4.191532
2.789819
-0.941752
-0.270503
0.144014
-1.037720
-0.201531
1.042989
1.657141
2.259570
2.876276
-2.431652
-2.935945
-1.983716
-2.663295
-2.350388
-1.612015
-1.170820
0.712316
2.748605
4.230633
2.788551
-0.874866
-0.240606
0.174005
-1.007514
-0.129837
1.141351
1.732036
2.389270
3.032536
-2.215216
-2.900969
-2.120883
-2.665372
-2.407564
-1.719350
-1.128531
0.867370
2.968593
4.447317
2.951760
-0.767484
-0.125323
0.152793
-1.005120
-0.041754
1.247818
1.826249
2.414448
3.206418
-2.161486
-2.983022
-2.249113
-2.919846
-2.644566
-1.892258
-1.270197
0.786627
2.953821
4.390522
2.938066
-0.838715
-0.098053
0.215260
-0.986037
-0.079665
1.222364
1.791510
2.387678
3.148382
-2.092988
-2.956155
-2.314029
-3.024137
-2.783410
-2.005466
-1.441456
0.815900
3.164226
4.731192
3.215116
-0.579207
0.142936
0.252734
-0.917266
0.029808
1.340153
1.914987
2.529038
3.461279
-1.858727
-2.891246
-2.487828
-3.212228
-3.006412
-2.238885
-1.462689
0.763983
3.047485
4.492754
3.056957
-0.733747
0.034114
0.228186
-1.003634
-0.073501
1.303939
1.856927
2.454015
3.377897
-1.782637
-2.927665
-2.544426
-3.384873
-3.225304
-2.466050
-1.728307
0.849332
3.068262
4.553348
3.101978
-0.455757
0.182162
0.349298
-0.889602
0.037311
1.392532
1.922204
2.581334
3.573406
-1.597732
-2.937409
-2.555409
-3.254561
-3.112773
-2.377952
-1.447861
0.971828
3.362281
4.728186
3.320169
-0.309008
0.172171
0.150260
-1.081247
-0.103184
1.361526
1.943333
2.564941
3.748898
-1.489826
-3.002619
-2.763361
-3.732367
-3.616603
-2.882396
-1.916781
0.812189
3.189377
4.583894
3.173231
-0.080250
0.292280
0.380840
-0.916304
0.007820
1.443280
1.972132
2.579253
3.731834
-1.373832
-3.008315
-2.781333
-3.855127
-3.783865
-3.053491
-2.100408
0.887792
3.485215
4.973629
3.493734
0.195008
0.646461
0.481789
-0.728450
0.232583
1.565166
2.049979
2.642477
4.084341
-1.215234
-3.130248
-2.670907
-3.778049
-3.672828
-2.845742
-1.648105
0.947116
3.516822
4.725124
3.584042
-0.370715
0.415855
0.223348
-1.075570
-0.228240
1.257399
1.857129
2.533804
3.822939
-1.197731
-3.100396
-2.844549
-4.041442
-4.025381
-3.278070
-2.186413
0.895401
3.420569
4.582582
3.416388
0.240430
0.545233
0.442052
-0.897482
-0.011278
1.437793
1.981227
2.684447
4.179350
-0.949145
-2.657052
-2.684099
-3.829315
-3.852264
-2.983543
-1.721803
0.971647
3.589453
4.787618
3.706106
0.035969
0.556915
0.158186
-1.086082
-0.169304
1.364841
1.936460
2.626760
4.237534
-0.972459
-3.147503
-2.956292
-4.201024
-4.174647
-3.388800
-2.114283
0.834148
3.551902
4.569432
3.537827
0.319184
0.593257
0.423374
-0.947513
-0.098301
1.397355
1.944670
2.615904
4.252814
-0.915853
-3.111251
-2.797063
-4.167284
-4.165553
-3.359151
-2.076031
0.851909
3.857728
4.906372
4.017673
0.135424
0.908769
0.454222
-0.765312
0.002991
1.413536
1.958012
2.675531
4.395712
-0.699266
-2.781819
-2.648906
-4.312975
-4.473273
-3.604965
-2.303569
0.516849
3.359075
4.261761
3.601882
0.427826
0.896405
0.608466
-0.886997
-0.198828
1.307776
1.823191
2.542258
4.149070
-0.809703
-3.008944
-2.782405
-4.292308
-4.386002
-3.564892
-2.272462
0.904396
3.726313
4.478899
3.820166
0.668171
0.899450
0.490564
-0.923434
-0.165013
1.330763
1.880691
2.675418
4.380500
-0.635357
-2.756464
-2.804956
-4.266452
-4.411945
-3.512415
-2.089704
0.861118
3.852310
4.676841
4.039174
0.233738
0.917321
0.235192
-1.103570
-0.252138
1.370360
1.961982
2.677155
4.580719
-0.598120
-2.769432
-2.883800
-4.499698
-4.630475
-3.760649
-2.346195
0.787923
3.770118
4.529661
3.841802
0.734544
0.922770
0.487976
-0.984590
-0.249690
1.374139
1.949589
2.664827
4.524326
-0.517953
-2.748835
-2.908795
-4.589233
-4.742645
-3.882603
-2.513724
0.753649
3.967633
4.849751
4.120204
0.834096
1.297820
0.747834
-0.729195
0.100652
1.522174
2.029283
2.810622
2.874838
0.701192
-3.628064
-3.051358
-4.870221
-5.227639
-4.504835
-3.335000
-0.483747
2.189323
3.397340
2.935426
0.725423
0.415437
0.396072
-1.320634
-0.065205
2.013301
2.247788
2.808355
2.934668
1.762320
-3.777404
-3.643086
-5.320914
-5.538104
-4.864188
-3.561875
-0.293563
2.584639
4.429986
2.872085
1.095671
0.400653
0.139121
-1.353128
0.230933
2.748059
2.924672
3.326072
3.986701
3.519502
-3.737369
-4.119251
-5.633355
-5.709020
-4.921360
-3.280777
0.469315
3.597261
5.352694
3.635156
1.526924
1.005104
0.285187
-1.076952
0.439081
2.664403
2.799197
3.331053
4.028887
3.031873
-3.750624
-3.820225
-5.753810
-6.003837
-5.267115
-3.768367
-0.220041
2.800421
4.548833
3.037250
1.387271
0.544495
0.052066
-1.497946
0.050184
2.754521
2.895945
3.262915
4.111053
3.963119
-2.958156
-3.863089
-5.816561
-5.996872
-5.197651
-3.373532
0.668932
4.321132
5.798174
4.502636
1.732864
1.169379
0.300316
-1.219955
0.177384
2.652067
2.702694
3.357183
4.240742
3.656667
-3.313901
-3.663761
-5.995700
-6.468343
-5.674221
-3.969429
-0.201214
2.893423
4.180433
3.851371
1.951860
0.830355
-0.113119
-1.821874
-0.180596
2.767361
2.862190
3.429524
4.332859
4.723766
-3.016882
-4.059059
-6.357300
-6.748061
-5.939239
-4.024073
0.097970
3.376895
4.839268
4.074739
2.064759
0.953786
0.042176
-1.848751
-0.329707
2.758749
2.879162
3.444165
4.429780
5.260803
-2.721261
-4.097191
-6.421668
-6.802476
-5.931823
-3.817744
0.685460
4.155541
5.264626
5.149987
2.717517
1.382077
-0.133122
-1.898304
-0.207239
2.732837
2.927446
3.639143
4.635611
4.618320
-3.608459
-4.425448
-6.934034
-7.483798
-6.781388
-4.898625
-0.681791
2.555648
4.528758
3.608906
1.603643
-0.092496
-0.621008
-2.403516
-0.481386
3.003970
3.632967
3.680558
4.495393
5.985972
-1.057167
-4.862345
-6.880692
-7.038228
-6.166255
-3.392116
2.035676
6.370455
7.162090
7.214795
3.878073
2.755291
0.649558
-0.823335
0.221012
2.360134
2.684639
3.680537
4.164941
2.375247
-3.476591
-3.498950
-6.593441
-7.659346
-7.129725
-5.843615
-2.533812
0.323605
2.698779
2.865702
1.151450
-0.807601
-1.139723
-2.550232
-0.937208
2.856039
3.448964
3.239105
4.037149
6.997975
-0.703743
-4.797220
-7.297245
-7.577731
-6.919558
-3.743057
2.162449
6.206202
8.357238
6.717431
3.925206
2.184229
0.154356
-1.337199
0.095229
2.744553
3.280361
4.250577
5.173594
3.765560
-3.495931
-3.905820
-6.676703
-7.544759
-6.870295
-5.195129
-1.187177
1.942966
3.708586
4.003233
1.851546
-0.112541
-0.967662
-2.688835
-0.794925
2.769654
3.487171
3.535159
4.414985
6.104757
-1.035647
-4.929063
-7.494571
-7.721472
-6.809589
-3.938268
1.657647
5.568854
6.713292
6.604606
3.768392
2.017584
0.173457
-1.263348
0.074434
2.588975
3.072225
3.966375
4.904080
3.380982
-3.722171
-3.644738
-6.680066
-7.543475
-6.923802
-5.406698
-1.716073
1.598590
3.665478
3.901103
1.536281
-0.268278
-0.874995
-2.612069
-0.976690
2.661785
3.326175
3.347758
4.159881
6.762139
-0.728880
-4.463751
-7.177467
-7.418015
-6.586303
-3.496967
2.392860
6.553854
7.568661
8.088007
4.611470
2.897461
0.633575
-0.892901
0.138093
2.323170
2.811027
3.963831
4.582263
2.202859
-3.507705
-3.236045
-6.355101
-7.478207
-6.931933
-5.724888
-2.619076
-0.051501
2.450313
3.300478
1.257978
-0.534573
-1.117722
-2.629834
-1.176356
2.424025
2.956794
3.090893
3.904397
7.391518
-0.607352
-4.485843
-6.984532
-7.141987
-6.286655
-3.183167
2.880701
6.998799
8.390012
9.106935
5.106925
3.517598
1.037856
-0.702942
-0.105342
1.917119
2.474733
3.726489
4.002107
1.468988
-3.595620
-3.112494
-6.069042
-7.348284
-6.805809
-5.789052
-2.949576
-0.574035
2.336800
3.434789
1.388297
-0.403374
-1.209186
-2.778481
-1.425780
2.135465
2.602345
2.704318
3.459497
7.172914
-0.640757
-4.581984
-7.481794
-7.743327
-7.044497
-4.076463
1.831935
6.275152
8.131928
7.636439
4.424053
2.463983
0.197007
-1.275115
0.027929
2.670012
3.226240
4.124993
5.019308
3.284228
-3.377193
-3.421274
-6.676275
-7.695477
-6.938682
-5.451876
-1.846991
0.931578
3.378872
4.025131
1.915866
0.184617
-0.579545
-2.276791
-0.960097
2.487697
3.012655
3.226866
3.960230
5.888481
-0.821952
-4.344308
-7.389334
-7.654643
-6.687947
-3.962529
1.622986
5.605483
6.882101
7.261890
4.285932
2.307254
0.361661
-1.191636
-0.022763
2.344157
2.885249
3.887583
4.921447
2.998584
-3.409398
-3.286004
-6.329783
-7.311585
-6.499776
-5.036094
-1.416736
1.285714
3.587830
4.511157
2.319320
0.561706
-0.424093
-2.388017
-0.886298
2.415590
2.834677
3.187870
3.916420
5.419472
-1.439254
-4.434956
-7.550488
-7.846186
-6.783423
-4.326647
0.913416
4.599092
6.128517
6.547927
3.964242
1.965283
-0.442666
-1.554441
0.141546
3.008404
3.153924
3.940552
4.734207
6.451056
-2.565440
-3.677065
-6.727999
-7.692286
-6.878770
-5.291171
-1.773725
1.180433
3.551556
4.660233
1.854869
0.514426
-0.542647
-2.146171
-0.895787
2.380802
2.694985
2.915795
3.600865
5.379889
-0.257701
-3.897294
-7.242495
-7.966228
-7.159098
-4.932455
-0.079242
3.541643
6.456100
5.470752
2.856094
1.315082
-0.291815
-2.050407
-0.327863
2.923276
3.655518
3.799296
4.354309
6.007312
-1.063446
-3.842593
-7.025985
-7.704227
-6.698637
-4.562679
-0.025377
3.483222
5.369699
5.709002
2.939407
1.258651
-0.097077
-1.653281
-0.073396
2.839008
2.837657
3.484450
4.301879
6.004386
-2.029539
-3.312312
-6.261150
-7.027988
-5.925076
-4.046832
-0.125751
2.850848
4.576797
5.998254
4.018264
1.819466
0.034066
-1.636683
-0.666111
2.002675
1.925900
2.685131
3.605719
4.697252
-2.216819
-3.272565
-6.485847
-7.471424
-6.653676
-5.135454
-1.422003
1.515420
4.120611
4.608784
2.323160
0.689667
-0.473818
-1.902258
-0.847455
2.394051
3.216940
3.202078
3.809351
5.448759
-0.998243
-3.425514
-6.963581
-7.587516
-6.610283
-4.483962
0.170253
4.077604
6.637840
5.955477
3.553987
1.684736
-0.099774
-1.329368
0.005548
3.070775
2.963265
3.449164
4.145279
5.640925
-1.756021
-3.244959
-6.497561
-7.344824
-6.282674
-4.472642
-0.624237
2.419505
4.355988
5.357409
3.369560
1.088400
0.076371
-1.697355
-0.571448
2.312815
2.143079
2.784466
3.701831
4.602069
-2.177193
-3.144101
-6.525646
-7.317491
-6.417618
-4.773746
-0.857660
2.301998
4.855458
4.900709
2.442851
0.752384
-0.337034
-1.888291
-0.887158
2.460113
3.250747
3.333948
3.913071
5.874740
-1.191567
-3.536358
-6.714708
-7.231174
-6.040403
-3.786364
1.003258
4.707084
6.366261
7.099539
5.279053
2.405184
0.328299
-0.978891
0.164001
2.383678
2.139292
3.049001
4.098380
4.006045
-2.559914
-2.948056
-6.157211
-7.139573
-6.195024
-4.736693
-1.499619
0.878455
3.426443
4.558765
2.354438
0.528905
-0.304642
-1.966607
-1.056484
2.165801
2.552462
2.738448
3.469205
5.274253
-1.456537
-3.586850
-7.058251
-7.564540
-6.419382
-4.323289
0.110615
3.730835
6.139035
5.952133
3.459784
1.533259
-0.358343
-1.616672
-0.050908
3.242756
3.205259
3.567296
4.311855
5.889948
-1.722081
-3.275216
-6.425712
-7.171233
-5.936702
-3.849711
0.096633
2.967658
4.744394
6.277629
4.452737
2.349114
0.634525
-1.291261
-0.327704
2.054759
1.744839
2.603510
3.750218
3.881474
-2.752160
-3.188771
-6.469975
-7.392923
-6.475514
-4.992699
-1.684553
0.810984
3.971594
4.426164
2.175825
0.594391
-0.825211
-2.204787
-0.887984
2.582695
3.443085
3.309208
3.918244
6.404582
-0.251786
-3.949915
-7.468985
-7.849366
-6.461702
-3.859158
0.886184
4.387175
6.565696
6.942771
4.834689
2.716439
0.206005
-0.933313
0.465115
3.030589
2.787205
3.519153
4.566287
3.965166
-3.410906
-3.170839
-5.995786
-6.453081
-5.285794
-3.516092
-0.425832
1.448402
4.336756
6.005917
4.297218
2.637823
0.633254
-1.504970
-0.639582
1.421774
1.569733
2.360738
3.621275
2.181566
-3.638089
-3.558213
-6.737909
-7.307078
-6.196629
-4.571182
-1.169963
1.241271
4.270856
4.748593
2.065813
0.281768
-0.550841
-2.563738
-0.455703
3.100698
3.740237
3.679892
4.245271
5.274000
-2.369437
-4.205198
-7.528497
-7.526974
-5.890476
-3.156873
1.542267
4.583428
6.237880
7.477779
5.566561
3.379040
0.747119
-0.891038
0.374766
2.061681
2.416082
3.381448
3.916298
1.233029
-3.534953
-2.999156
-6.157804
-6.817736
-5.644521
-4.101854
-1.375694
0.247265
3.829922
4.774182
2.503361
0.875800
-0.074506
-1.796976
-0.395544
2.428225
2.736634
3.210176
4.068796
3.931645
-3.629375
-3.960889
-7.197168
-7.315458
-5.794623
-3.388090
0.655348
3.236756
5.216419
6.367761
3.877136
2.279110
-0.076309
-1.393984
0.343048
2.687601
2.934069
3.703216
4.564606
3.247369
-3.879309
-3.722372
-6.867975
-7.136498
-5.842771
-3.950089
-0.939289
0.715485
4.115170
4.980166
2.692810
1.414979
0.237687
-1.341727
0.030015
2.637902
2.849371
3.346396
4.298647
3.409144
-3.585108
-3.755043
-6.983160
-7.263648
-5.924221
-3.888921
-0.485960
1.699529
4.570378
5.222305
3.007071
1.449402
-0.386972
-1.955910
-0.001008
3.323567
3.597313
3.948977
4.756464
4.590543
-2.793356
-4.142702
-7.243710
-7.214986
-5.876666
-3.219839
0.514173
2.681026
6.132598
7.553373
5.903146
3.253240
0.901188
-1.047224
0.340761
2.555689
2.520273
3.563153
5.006514
0.112562
-3.605083
-2.917165
-5.657404
-7.112634
-6.054195
-4.593107
-2.149799
-0.394486
3.889181
4.542610
2.826280
0.846884
-0.782639
-2.584523
-0.339344
3.443597
3.575333
3.953512
4.961884
2.475225
-2.552978
-3.192947
-6.663890
-7.470672
-5.737596
-2.725312
1.778319
4.180232
7.403368
9.115852
5.415567
3.539961
1.087405
-1.079746
0.572434
2.573568
2.717130
3.815552
3.963901
-0.330479
-4.030401
-3.481317
-6.094314
-7.567892
-6.293823
-4.818274
-2.516516
-0.528375
3.712115
4.548298
2.890004
1.129634
-0.562882
-2.890399
-0.652728
2.724160
2.872348
3.361261
4.549415
1.592463
-2.962047
-3.456618
-7.085821
-7.911756
-6.194016
-3.334985
0.797794
2.933875
6.487901
7.918380
5.001376
3.035173
0.432636
-1.587569
0.468621
2.676868
2.703474
3.670609
5.130847
0.143338
-3.652732
-2.977382
-6.124629
-7.353507
-5.969921
-3.978358
-1.189148
0.885179
4.589475
5.607685
0.073567
-0.201991
-0.100279
0.129692
0.268671
0.377115
0.460929
0.525795
0.582511
0.627448
0.683040
0.714967
2.365136
3.393861
-1.162646
-1.948777
0.156491
0.032967
0.236478
0.927572
1.129565
0.905024
0.766735
-3.048067
-3.949952
-3.666569
-2.478857
-1.165385
-0.846136
-0.565946
-2.088457
-3.207924
-2.252352
-0.860272
0.735264
1.672903
0.230641
-0.383399
0.009401
1.214867
2.404417
4.024388
2.717783
1.652015
2.431535
-3.732174
-1.636718
-2.650791
-2.015308
-0.434752
0.822530
1.507634
0.946072
1.130770
2.148802
0.000873
-2.924674
-1.701478
-0.755985
-0.672841
1.953030
2.363060
2.072358
2.715906
3.183275
-3.684105
-1.245592
0.242161
0.563782
1.861568
2.092335
2.620983
3.166834
4.338567
4.219926
3.804587
0.055321
0.568466
-0.137121
-0.969707
0.557893
1.617355
1.909952
2.956182
4.091107
-2.733562
-2.349109
-1.315249
-2.353796
-1.722345
-0.672575
-0.211702
0.691697
0.897473
2.928949
3.611831
0.308273
0.385334
-0.532988
-1.622388
0.320146
2.063391
2.200200
3.069660
4.340116
-2.177823
-2.563409
-1.947054
-3.818383
-3.628521
-2.264591
-1.183017
0.252460
0.899003
3.323263
4.290114
0.902308
0.961041
-0.287587
-1.372220
0.642322
2.583842
2.697663
3.530223
5.064771
-1.897199
-2.558126
-2.272828
-4.423267
-4.583723
-3.138719
-1.205144
0.269979
1.364411
4.585835
5.360343
2.252165
1.963126
0.199608
-0.931060
1.002455
2.794504
2.827495
3.849406
5.520154
-1.626702
-2.728720
-2.559881
-5.134842
-5.403657
-4.014987
-2.010016
0.252486
0.829295
4.830973
5.739464
3.369338
2.110642
0.371104
-1.108655
0.656973
2.741232
2.815832
3.917371
5.482375
-1.839213
-2.853176
-3.282342
-6.015443
-6.719418
-5.443994
-3.547503
-0.684292
-0.158750
4.311816
4.499897
2.541027
1.365988
-0.536873
-1.564351
1.122049
4.052050
3.874307
4.421549
7.758273
-0.666242
-2.746892
-4.033951
-7.372031
-8.000570
-6.226051
-3.422297
0.189833
1.407430
5.416533
5.528401
3.548827
2.267194
0.240877
-1.154988
1.505599
4.152555
4.053441
4.772258
7.760084
-1.075913
-2.951232
-4.063164
-7.374859
-7.976098
-6.250787
-3.665806
-0.230849
0.870587
5.037544
5.124952
3.083177
1.837465
0.099387
-1.073562
1.602772
4.332239
4.169595
4.753835
8.425604
-0.839062
-2.799650
-4.100398
-7.657165
-8.226733
-6.417876
-3.480012
0.275247
1.589406
5.714945
6.016576
3.975213
2.467932
0.370455
-1.161880
1.527346
4.044801
3.922920
4.744720
7.572863
-1.238630
-3.054875
-4.320443
-7.680819
-8.498462
-6.770404
-4.266526
-0.534827
0.397099
4.741920
4.617635
2.732175
1.204394
-0.200985
-1.261001
1.543002
5.020583
4.791905
5.156051
9.174928
-0.417669
-2.541529
-4.064761
-8.020041
-8.489544
-6.605444
-3.345670
0.417935
2.205786
6.421640
7.045706
5.081731
3.371593
1.207091
-0.867841
1.026418
3.273983
3.373586
4.562384
6.591960
-1.983118
-3.240593
-4.455911
-6.968856
-8.023746
-6.666623
-4.632221
-1.541141
-0.159512
4.803186
4.616570
2.113969
0.120706
-0.773552
-1.814836
0.464702
4.615340
4.452904
4.783949
8.769454
0.326015
-1.624227
-3.625451
-8.099818
-8.665312
-6.408279
-2.196840
1.027278
4.956878
9.001085
10.520968
6.990428
4.029113
1.711282
-0.754645
0.825077
2.473375
3.188607
4.662333
5.285063
-2.593899
-3.799647
-4.157158
-6.696793
-8.139433
-7.609704
-6.459324
-4.026418
-2.025023
3.467993
3.522464
1.412789
-0.339743
-2.138952
-2.641359
-0.774467
3.112901
3.433678
3.595951
7.570480
2.709427
0.133784
-4.769267
-8.254368
-9.341123
-7.392534
-2.219751
1.388701
5.430154
9.700938
10.442252
5.577158
3.447090
0.969045
-1.806426
-0.733986
2.185776
3.247066
4.670985
6.089602
-2.101438
-3.499242
-3.816445
-6.358448
-7.286543
-6.379818
-5.044648
-2.779951
-1.292533
4.345404
4.367720
1.620737
-0.604408
-1.991690
-3.194189
-1.255905
3.033556
3.171556
3.841028
5.189049
3.228606
-1.881967
-2.933117
-7.062142
-7.752087
-5.531941
-1.667851
1.665765
5.886742
9.847602
11.460769
6.438820
4.638741
1.547791
-1.429115
0.235815
3.237396
3.092482
4.673995
4.314641
-1.508587
-5.484788
-2.696252
-5.380252
-6.338089
-6.278058
-5.471972
-4.257193
-2.574562
3.153411
4.058191
1.885518
0.165523
-1.547086
-3.443166
-1.566310
2.270524
2.457471
3.165230
4.555142
2.817461
-2.519200
-3.574944
-7.691544
-8.466747
-6.096526
-3.070799
0.373460
3.762297
7.576891
8.891483
4.709570
3.368130
0.625470
-1.896282
-0.068803
2.445150
2.941849
4.237846
4.382194
-0.744075
-4.208092
-3.365331
-6.521901
-7.429563
-6.423471
-5.035545
-3.198063
-2.095965
3.765746
3.860226
2.009301
-0.342752
-1.548508
-3.011149
-0.438928
4.162078
4.007671
4.304190
5.148455
2.967314
-2.369608
-3.581099
-7.377238
-8.087852
-5.896282
-2.034691
1.078359
4.309341
8.265936
9.568261
5.957970
4.855675
1.602039
-1.359008
0.606338
2.761643
2.984552
4.379861
3.992207
-1.548873
-4.442619
-3.991005
-6.192966
-6.929087
-6.336009
-5.234293
-3.585111
-2.028826
3.569020
3.859683
1.788818
-0.723533
-1.704678
-2.707750
-0.626622
3.539119
3.552948
3.880674
4.600401
4.025426
-2.427323
-3.295274
-7.368198
-8.318541
-5.860464
-2.452150
1.502475
4.722686
8.386825
9.624388
5.142469
3.869527
0.996970
-1.891800
-0.267266
2.193135
2.924260
4.296209
3.694868
-1.190525
-4.271672
-4.297290
-6.525712
-7.195213
-6.374730
-5.110030
-3.278391
-1.862710
3.877204
3.939312
1.807117
-0.559723
-1.526184
-3.009629
-0.609326
4.026346
3.932319
4.249588
4.968914
3.846776
-2.393986
-3.407750
-7.456078
-8.282369
-6.029467
-2.262569
1.247126
4.487776
8.691560
9.804250
5.721590
4.364577
1.586205
-1.687015
0.530920
2.629552
3.199603
4.443736
3.752537
-1.634496
-4.311217
-3.923073
-6.311101
-6.691693
-5.877004
-4.449678
-2.763753
-1.466441
4.060076
4.482282
1.938675
0.070873
-1.286559
-3.249386
-0.796942
3.175021
3.169748
3.799213
4.784406
1.518790
-2.749571
-3.525579
-7.274481
-7.891758
-5.692918
-2.890574
0.458982
3.049145
7.244736
8.267046
5.175079
3.891128
1.072929
-1.691872
0.149114
2.514497
2.996778
4.176371
4.242539
-1.200040
-3.902362
-4.185922
-6.286556
-6.999772
-5.772391
-3.972040
-2.009383
-1.249905
4.517100
4.802225
2.849570
1.005279
-0.389474
-2.458556
0.003630
3.590058
3.545933
4.329444
5.398958
1.148605
-3.356684
-3.623116
-7.503278
-8.254520
-6.262940
-3.038123
-0.139098
1.095863
6.703980
7.453921
5.073615
3.803285
1.647996
-1.316263
0.941160
3.331187
3.644631
4.591488
4.378762
-1.705617
-3.992678
-4.544457
-6.692508
-7.707981
-6.388622
-4.434163
-1.874369
-1.086263
4.645981
4.685280
2.169141
0.251668
-0.175213
-1.613662
0.416138
4.360264
4.199785
4.866525
5.307219
1.666449
-2.571109
-3.741344
-8.201330
-8.830027
-6.737992
-2.529409
0.639605
3.262708
8.492940
9.887451
6.653424
5.670918
2.350551
-1.206930
0.668716
3.044941
3.202152
4.606101
3.993192
-2.050689
-4.475381
-3.980499
-6.664919
-7.407485
-6.872091
-5.750959
-4.251276
-1.958771
3.828932
4.125872
1.680027
-0.468203
-1.249198
-2.344519
-0.598874
3.024423
3.335850
3.950020
4.495826
2.641074
-2.358531
-3.196491
-7.994143
-9.000191
-6.471797
-2.785991
1.087945
4.769305
8.833707
10.396974
5.548922
4.426228
1.541924
-1.949635
-0.220287
2.151111
2.992933
4.191891
3.388094
-1.691449
-4.097161
-3.906721
-6.276758
-6.666975
-5.826688
-4.472044
-3.099894
-1.325527
4.397016
4.713366
2.325866
0.849997
-0.674676
-2.630669
-0.511987
3.032981
3.098500
3.742502
4.696465
0.941176
-3.085374
-3.493247
-7.687396
-8.458737
-6.351729
-3.232782
-0.112999
1.351559
6.889973
7.808293
5.262231
3.330278
1.702367
-1.282698
0.764967
2.877571
3.413638
4.328000
3.971730
-1.795845
-3.846611
-4.114054
-6.213285
-6.875552
-5.551164
-3.550989
-1.334976
-0.602091
5.069002
5.481981
2.801629
1.817365
0.314408
-1.953226
0.333432
3.175174
3.353824
4.153793
4.771842
0.489772
-4.077977
-3.822825
-7.359158
-8.247545
-6.177458
-3.237872
-0.365240
0.455827
6.233910
7.080693
4.475409
3.461569
1.541882
-1.218156
1.102732
3.353664
3.613141
4.443761
4.115899
-1.491370
-3.797573
-4.303928
-6.467372
-7.147241
-5.777764
-3.800530
-1.588624
-0.774535
4.864940
5.210035
2.425928
1.607341
0.735900
-1.408043
0.857575
3.633197
3.681035
4.435092
4.919406
0.597477
-4.080684
-3.882931
-7.557088
-8.398078
-6.449934
-3.628366
-0.992336
-0.282758
5.712421
6.296314
3.317779
2.791531
1.613818
-0.982032
1.321761
3.787055
3.900273
4.696271
5.249136
-1.106456
-3.936701
-4.287433
-6.576507
-7.524397
-5.938313
-3.668490
-1.087657
-0.535484
5.412000
5.650721
2.756525
1.974673
0.985451
-1.320117
0.701061
3.589643
3.729761
4.555651
5.016117
0.259222
-3.956090
-3.591895
-7.471065
-8.299233
-6.511117
-3.549345
-0.649125
0.244747
6.263414
6.937325
4.244133
3.263320
1.528417
-1.330884
0.551755
3.047171
3.393171
4.276598
4.911844
-1.366560
-4.038981
-4.246114
-6.714571
-7.977364
-6.401418
-4.160788
-1.461094
-0.517691
5.460919
5.671706
2.533601
1.561779
0.719334
-1.095669
0.583420
3.758651
3.735192
4.469325
4.828294
0.320053
-3.305491
-3.169389
-7.889513
-8.601318
-6.889546
-3.143294
0.069006
1.383093
7.480196
8.692561
6.353583
4.520605
2.214551
-0.905903
0.712169
2.738788
3.223494
4.167687
3.855278
-2.135623
-3.815243
-3.859436
-6.167280
-6.957726
-5.918336
-4.278478
-2.487864
-0.788513
5.003491
5.501078
2.984353
1.026383
0.244269
-1.856829
-0.147275
2.767800
3.007603
3.620272
4.082978
0.180682
-3.710627
-3.410379
-7.669811
-8.595737
-6.792559
-3.520797
-0.365941
0.599080
6.539955
7.776375
5.069261
3.588472
2.001237
-1.019699
0.810946
2.869918
3.321991
4.017201
3.648309
-1.836434
-3.690998
-3.922315
-6.064372
-6.578749
-5.430524
-3.604358
-1.495272
-0.585265
4.995448
5.580801
2.913635
1.882764
0.797831
-1.440884
0.522942
2.852754
3.182302
3.655787
4.212173
-0.391047
-3.880909
-3.690037
-6.537426
-7.337976
-5.560248
-3.426272
-0.744518
-0.397120
5.516596
6.493104
3.512693
2.565026
1.553604
-1.094320
1.030749
3.089352
3.366863
3.914612
4.335539
-1.456692
-3.532760
-3.573968
-5.850010
-6.175781
-4.986496
-3.067166
-0.911356
-0.736360
5.006854
5.709467
3.070880
2.363814
1.259786
-1.489919
0.583157
3.091120
3.230701
3.637864
4.118771
-1.131442
-3.526560
-3.669629
-5.886872
-6.201057
-4.811195
-3.019794
-1.211665
-0.688565
4.890961
5.883077
3.138170
2.221140
1.327102
-1.131109
0.893720
3.210186
3.290556
3.578777
4.375840
-1.522239
-3.274634
-3.137810
-5.284986
-5.319426
-4.129370
-2.706171
-0.523472
-0.771418
5.194153
5.898495
3.294711
2.170862
0.660721
-2.248814
-0.194384
2.194909
2.622813
3.148129
3.659351
-1.157354
-3.526578
-3.589574
-5.732361
-5.859316
-4.614800
-3.089985
-0.915714
-0.819862
4.693545
5.526735
2.668681
2.112280
1.176418
-1.109940
0.901176
3.042530
3.146473
3.547235
4.244048
-1.609424
-3.149793
-2.897619
-5.039984
-4.937066
-3.781521
-2.611108
-0.851101
-0.920389
4.650905
5.294193
2.510841
1.506452
0.210167
-2.669081
-0.391200
1.980824
2.572030
3.137232
3.778116
-0.294025
-3.684041
-3.603689
-5.573528
-5.886979
-4.244547
-2.876147
-0.987352
-0.792270
4.618004
5.474456
2.228377
0.609842
0.460600
-1.123406
1.216560
3.548183
3.497522
3.795792
4.325503
-0.703606
-3.263131
-2.416739
-5.687117
-6.217249
-4.480765
-2.695792
-1.301880
-1.036023
4.411054
5.455411
2.071412
0.645619
0.033569
-1.801064
0.342125
3.358511
3.366075
3.794384
4.112731
-0.708005
-3.406012
-3.283493
-5.438935
-5.820204
-4.309941
-2.744827
-0.561855
-0.732206
5.003069
5.578797
1.983656
1.466123
1.104033
-0.027062
2.372819
4.478217
4.032200
3.883000
4.589374
-0.462058
-3.052710
-1.791233
-5.606009
-5.997900
-4.568215
-2.790210
-0.789566
-1.211281
4.879301
6.137949
2.934568
2.386700
1.385734
-0.132756
1.141607
3.667104
2.960145
3.085762
4.058810
-1.585282
-3.392911
-2.650395
-5.522758
-6.444212
-5.241633
-3.266509
-1.625535
-0.732381
5.005132
5.602825
2.810623
1.903504
1.191510
-0.097914
1.362496
3.898316
3.317833
3.424973
3.677391
-1.162940
-3.511020
-3.247637
-6.700777
-7.983337
-6.698188
-4.024592
-1.770685
-1.080055
4.962488
5.326495
2.145676
1.915112
1.384764
0.258063
1.862899
4.757523
3.880447
3.714828
3.530563
-1.559857
-3.599127
-3.098519
-6.659339
-7.769604
-6.525146
-3.509241
-1.213112
-0.592460
5.561305
5.789874
3.002909
2.569960
1.575831
0.688524
1.884910
4.475734
3.526766
3.264038
3.016907
-1.829020
-3.556628
-3.081666
-6.225580
-7.194385
-5.901016
-3.263622
-1.037415
-0.370531
5.735864
6.031596
3.211740
2.611228
1.538765
0.348575
1.748841
4.507150
3.397676
3.187696
3.232972
-1.622261
-3.453893
-2.733033
-6.491018
-7.669523
-6.397686
-3.681695
-1.365444
-1.112957
5.503035
5.929117
3.087990
2.606417
1.377905
0.345875
1.585686
4.280665
3.156705
2.882620
2.843911
-1.930494
-3.578616
-2.977252
-6.555258
-7.913374
-6.815983
-4.147563
-1.924822
-1.027666
5.200478
5.185208
2.174145
1.746989
1.176719
0.642191
1.762992
4.587769
3.713865
3.285937
2.817198
-1.538104
-3.679720
-2.619037
-6.863294
-7.948961
-6.933736
-3.545810
-0.861158
-0.515448
6.082612
6.230893
3.363418
2.973478
2.107365
0.895104
1.949592
4.452746
3.566563
3.456293
2.893470
-1.958992
-3.778714
-3.018795
-6.445394
-7.640810
-6.589445
-3.981069
-1.885584
-0.763355
5.341915
5.229721
2.398800
1.853490
1.210558
1.128354
1.918779
4.531443
3.659459
3.140604
2.731050
-1.139786
-3.485981
-2.524405
-6.786043
-8.065313
-7.144289
-3.590851
-0.692609
0.022226
6.601304
6.969763
4.279757
3.612581
2.456954
0.862433
1.520035
3.947698
3.164217
3.166542
2.595967
-2.249172
-3.840711
-3.024527
-6.339875
-7.639155
-6.623405
-4.302802
-2.058445
-0.895176
5.284854
5.243405
2.404216
1.943959
0.979374
0.891573
1.670975
4.297016
3.498071
2.912258
2.559122
-1.199272
-3.596422
-1.949985
-6.998234
-8.431932
-7.537227
-3.683772
-0.801982
0.182130
6.750336
7.294563
4.908440
4.405945
2.711949
0.931425
1.351095
3.527111
2.965335
3.129730
2.493061
-2.660192
-3.775781
-2.867872
-5.780600
-6.912257
-5.758466
-3.481834
-1.382084
-0.005891
6.176524
6.378512
4.202491
2.948757
1.367606
0.493487
1.344234
3.745418
2.678278
2.394194
2.387382
-1.677826
-3.229007
-2.122918
-6.520400
-8.107259
-6.884736
-3.651607
-1.697942
-0.400936
5.983790
7.089808
5.147049
4.153606
2.521099
0.915657
1.499098
3.751505
2.652618
2.754757
2.535763
-2.261101
-3.040856
-1.765657
-5.430835
-6.352708
-5.040559
-3.614952
-1.403080
-0.594827
5.722651
7.071560
4.610938
2.958052
0.589089
-1.305345
-0.801330
1.611237
1.702361
2.004443
1.874825
-1.229898
-3.113771
-2.086864
-6.047371
-7.219610
-5.834072
-4.259589
-1.810035
-1.148286
5.178440
6.555595
3.706553
2.292406
1.367867
0.511285
1.356158
3.429883
2.623768
2.814487
2.939483
-1.771021
-2.709658
-1.012446
-5.130518
-6.018604
-4.857322
-3.164678
-1.557164
-0.481800
4.620951
6.262408
3.618712
2.318986
0.298263
-2.101172
-1.427034
1.501441
1.548364
1.806242
2.082727
-1.258703
-3.309253
-2.419320
-5.459382
-6.309661
-4.874098
-3.088385
-1.441520
-0.892249
5.345354
6.221140
3.306715
1.592077
2.118335
1.223992
2.147876
3.878643
2.812393
2.917754
3.044239
-1.886990
-2.777256
-0.560369
-4.972175
-5.758153
-4.672542
-2.951216
-1.555892
-0.645506
4.540603
5.964466
3.610633
2.284000
0.396157
-1.656510
-1.051921
1.467637
1.827857
2.046837
2.192684
-1.506372
-3.395890
-2.467261
-5.256241
-6.115025
-4.899147
-2.674373
-1.026532
-0.218668
5.946835
6.465005
4.022877
2.505848
2.193074
1.360088
2.100090
3.807774
2.722811
2.759857
2.789396
-2.025941
-2.837866
-0.529687
-5.039779
-5.809632
-4.840189
-3.099648
-1.656542
-0.548628
3.781976
5.815069
3.693434
2.343041
0.418744
-0.823483
-0.743217
2.130553
2.577066
2.571448
2.523966
-1.652365
-3.771319
-2.944879
-5.423500
-6.827641
-5.602147
-3.331604
-1.607463
-1.035455
5.110437
5.713720
4.324585
2.412167
2.287632
2.516480
2.500777
3.718426
3.100671
2.739419
2.478472
-1.656556
-3.436587
-1.809312
-4.948082
-6.671120
-5.364021
-3.301622
-1.332753
0.362580
4.551572
6.633114
4.497743
2.676714
0.793713
-0.736507
-0.900681
1.846530
2.030176
2.215435
2.291471
-1.646734
-3.957505
-2.955529
-5.299101
-6.805336
-5.532325
-3.381061
-1.552483
-0.563626
5.525666
6.334869
4.838874
2.949604
2.219429
2.275296
2.286463
3.514702
2.813646
2.463088
2.267012
-1.562724
-3.381494
-2.203771
-5.057139
-7.050650
-5.660414
-3.447970
-1.515577
-0.266006
5.134517
6.768282
4.261126
2.826809
0.514775
-1.645957
-1.276826
1.079027
1.476838
1.753659
1.889296
-1.598829
-3.353775
-2.404183
-5.378235
-6.381277
-5.152947
-2.890364
-1.401174
-0.287877
6.042331
6.557808
4.170156
2.950086
2.266546
1.755834
2.172143
3.266420
2.602562
2.411442
2.317758
-2.189694
-2.782535
-1.052414
-5.171177
-6.197161
-5.239253
-3.077081
-1.514192
0.082020
4.724198
5.917381
3.896291
2.955000
0.704277
-1.605882
-1.379603
0.941408
1.740063
2.116188
2.113832
-2.243452
-3.426903
-2.344463
-4.773623
-5.245574
-3.936441
-2.474832
-1.238115
-0.182239
6.224349
6.213139
4.080597
3.084594
2.019096
1.353766
2.065201
2.646474
2.480283
2.311407
2.040970
-2.092644
-2.455252
-1.189996
-5.175305
-5.197902
-4.420521
-2.978592
-2.022543
-0.861307
3.139456
3.908474
1.880179
1.527118
-0.085620
-2.014236
-1.634787
0.755904
2.201624
3.066612
2.752010
-2.152854
-3.193954
-2.074555
-3.543676
-3.648244
-2.801985
-1.349420
-0.660442
-0.220961
4.577924
5.254238
2.436545
1.123252
-0.146982
-0.209070
0.736776
2.163895
2.167302
2.292319
2.641823
-1.494535
-2.787294
-1.478446
-4.028473
-4.103172
-3.053067
-1.350707
-1.319286
-1.898389
2.732464
3.215326
0.238103
-1.080600
-0.413265
-0.411358
-0.392727
1.218421
2.014759
2.906646
3.081033
-1.892493
-2.973876
-1.424164
-2.994828
-3.029890
-1.807317
-0.000117
0.566290
0.593189
5.262086
5.847038
2.760006
1.887666
0.530608
-0.403330
-0.288368
1.124272
1.757768
2.647646
3.325826
-2.422049
-3.250253
-1.278820
-3.617865
-3.387868
-2.410360
-1.208403
-0.119930
-0.232427
4.564206
5.428213
2.626832
1.587217
0.524325
-0.415232
0.114481
1.422052
1.737089
2.500550
3.052263
-2.888232
-3.307491
-1.477941
-4.119890
-4.016028
-2.762479
-1.613766
-0.525647
-0.442808
4.411758
4.953293
2.822334
1.892712
0.936101
0.277574
0.490732
1.392086
1.757744
2.760120
2.859838
-2.506943
-3.257471
-1.558312
-4.004071
-3.746396
-2.635324
-1.353563
-0.559346
-0.629355
4.031396
4.628067
1.745173
0.735966
0.240251
-0.819322
-0.611876
0.979018
1.504228
2.356420
2.797495
-2.338898
-3.230355
-1.221823
-3.520386
-3.316332
-2.228417
-0.747276
-0.051751
-0.456850
4.314209
4.856338
1.746506
0.928187
0.367668
-0.058108
0.019872
1.188378
1.908765
2.760256
3.394754
-2.413381
-3.029561
-1.117846
-3.508935
-3.226269
-2.055291
-0.616596
-0.232481
-0.345428
4.349932
5.173147
2.402766
1.423720
0.516537
-1.301947
-1.001305
1.040927
1.794470
2.211629
3.030681
-2.111950
-2.753196
-1.481225
-3.280684
-2.907221
-1.686132
-0.487804
0.575550
0.779189
5.145698
6.557644
3.725198
2.004516
0.289653
-1.222063
-0.878139
0.873972
1.351505
1.558670
2.105424
-1.803359
-2.625792
-1.625012
-4.060946
-4.179367
-3.035632
-1.428286
-1.009394
-0.714521
3.879608
5.137658
2.192850
1.121292
0.092431
-1.094234
-0.927470
0.774719
1.674464
1.943322
2.463391
-1.442620
-2.552721
-1.553316
-3.402782
-3.413873
-2.202873
-0.647863
0.158104
0.524702
4.893240
6.292214
3.349378
1.720240
0.199162
-1.508061
-1.167332
0.504294
1.402922
1.722114
2.449027
-1.636288
-2.705059
-1.657564
-3.600557
-3.428761
-2.321459
-0.998726
-0.590225
-0.412506
3.975274
5.217019
2.051273
0.701768
-0.297620
-1.275701
-0.905377
0.817717
1.719874
1.960491
2.668570
-1.530814
-2.509564
-1.533376
-3.373392
-3.270117
-2.083185
-0.531296
-0.104747
0.087271
4.449060
5.563141
2.603932
1.654870
0.355229
-1.243842
0.451087
1.103145
1.050677
0.716714
0.385362
0.100025
-0.132957
-0.328610
-0.489549
-0.639302
-0.777395
-0.916654
-1.092085
-1.301795
-1.532773
-0.118174
1.808086
-1.919399
-2.212214
-1.433446
-0.785923
-0.811502
-0.732606
-0.827048
-1.273658
-0.193489
-4.874533
-2.375925
-0.879564
1.389763
1.613953
1.137711
-1.662056
-2.340031
-2.832409
-0.722070
0.396373
0.318743
-0.585755
-1.937912
-3.484530
1.482361
0.841579
4.015152
4.085474
3.940614
5.707646
8.021382
11.832883
14.860332
-0.018202
1.007534
0.660366
0.254571
-0.077712
-0.332661
-0.540942
-0.684394
-0.778611
-0.859365
-0.935284
-1.005839
-1.067464
-1.146411
-1.189677
-1.189791
-1.158123
-1.136140
-1.142707
-1.154025
-1.144306
-1.103197
-1.017007
-0.914582
-0.794226
-0.675588
-0.571327
-0.405941
0.160963
0.411668
3.461214
5.980840
8.562555
8.616463
8.648788
8.780083
8.928141
9.135853
9.360240
9.628502
9.534277
8.764895
6.490894
2.787410
-4.163499
-7.219185
-3.554291
-0.132916
-0.710234
-0.145176
-0.115008
-0.170216
-0.192134
-0.182090
-0.164424
-0.156995
-0.160718
-0.196873
-0.230061
-0.245671
-0.264839
-0.275893
-0.251845
-0.225828
-0.179981
-0.145809
-0.101811
-0.052667
0.001914
0.062719
1.622284
5.711450
-0.370271
-2.656518
-1.547176
-2.587910
-2.808985
-1.652064
2.934435
-1.758729
-8.416099
-6.945961
-6.531930
-5.557155
-4.120641
-3.897506
-4.137018
1.885411
-2.495837
-0.691525
0.712583
1.105276
1.101104
3.870044
4.476118
-0.807429
-6.268397
-5.396424
-3.800346
-2.696109
-2.055702
-1.724976
-1.379563
-0.826765
4.174794
4.294149
3.618549
3.124535
2.948329
3.331564
4.785891
6.781637
8.488347
6.619644
-1.137523
-0.292532
-1.977330
-0.717807
1.637187
1.549307
1.180751
0.927299
1.184644
1.084681
-0.331298
-5.238088
-3.519715
-4.754137
0.468900
3.103415
3.222962
3.047342
2.899785
2.359169
1.569220
0.624206
-0.337511
-1.284862
-2.204486
-3.104898
-4.012954
-4.097397
-3.509014
-2.800753
-2.321553
-2.013533
-1.679736
-1.262665
-0.811431
-0.312340
0.114128
0.419958
0.941827
1.357469
1.682064
2.106414
2.614491
3.142354
4.577995
7.534405
5.320602
4.297215
-0.605979
-0.116811
0.068364
0.086547
0.109017
0.141384
0.151266
0.153398
0.167980
0.176715
0.184542
0.201141
0.218612
0.230676
0.246475
0.267390
0.303739
0.296995
0.292579
0.300426
0.315398
0.331810
0.352301
0.360862
0.377574
0.385042
0.380166
0.072403
0.199667
1.204307
6.175231
12.693752
15.107301
14.175008
12.108596
9.800663
8.124781
8.700876
9.655899
-0.247030
7.536293
7.008777
5.033122
3.230096
1.861150
0.911074
0.310698
-0.060915
-0.280186
-0.443683
-0.558326
-0.664013
-0.753550
-0.822730
-0.876091
-0.854817
-0.819908
-0.760260
-0.711947
-0.679761
-0.684278
-0.727539
-0.805403
-0.902489
-1.008829
-1.239801
-1.411241
-1.604278
-1.687622
0.095739
0.743987
1.313220
1.663095
1.745502
1.568878
1.320831
1.451650
2.262726
3.339714
3.805996
0.278784
-3.730177
-8.054105
-10.157632
-0.654233
-1.678288
-1.420178
-1.019067
-0.693231
-0.448927
-0.292489
-0.221422
-0.209477
-0.237161
-0.300564
-0.407563
-0.534978
-0.716018
-0.939696
-1.171692
-1.409974
-1.648432
-1.938659
0.734399
-0.380083
-1.630591
-2.371896
-1.770433
-0.755992
0.552380
1.134981
2.644850
-0.309434
-1.999501
-9.338464
-3.263373
-1.493386
3.612598
3.633209
2.959659
3.909240
3.617897
4.562692
4.106981
4.347048
3.647080
2.882189
2.728426
2.910142
3.143227
3.174462
2.912035
2.569303
2.420405
2.336850
1.586424
0.492825
-0.318635
-0.872065
-1.313919
-1.768892
-0.485816
-0.613055
-0.621694
-0.182961
0.315457
0.103127
0.336340
4.521772
3.877116
2.671304
1.635979
0.854763
0.289147
-0.090999
-0.381993
-0.587522
-0.751086
-0.877621
-1.004738
-1.126707
-1.294003
-1.418443
1.234966
0.325765
-3.630322
-1.599319
-0.498569
-0.417111
-0.663906
-0.981786
-0.876960
-0.783936
-0.728329
0.154964
5.043190
5.737678
2.189713
-5.057517
3.987519
-1.550386
-5.774908
-1.629111
-1.061552
-1.765517
-4.907038
-4.252890
-3.489228
-0.131758
0.819313
1.400624
-0.963073
-0.082269
0.017508
0.197606
-0.278568
1.141522
0.872949
1.335647
1.804745
2.130288
2.659417
3.253212
3.443853
0.658502
0.337859
2.382553
2.790534
2.218441
2.001888
1.909657
1.756787
0.356457
3.203794
3.845988
2.756031
4.068487
-0.035606
0.577788
0.347224
0.085160
-0.159846
-0.373527
-0.542215
-0.687013
-0.806811
-0.900215
-0.966715
-1.029382
-1.085944
-1.203728
-1.350636
-0.486467
1.565317
-1.232321
-1.022211
-0.216978
0.052175
0.056866
-0.014273
-0.028497
-0.769647
-1.177346
-3.938894
-4.349103
-1.882881
1.347998
2.165431
3.973943
4.428061
3.676642
1.832952
0.702134
1.585248
0.342576
-4.477829
-3.152184
-1.962039
-0.708775
1.043064
-0.857643
-1.394513
-1.050532
-3.374235
-5.151986
2.199702
8.517893
5.397825
6.856934
6.980556
5.412460
3.836082
2.164074
0.614071
-0.510848
-1.131153
-1.476085
-1.591887
-1.622822
-1.741384
-1.900496
-2.018159
-2.078458
-2.173236
-2.529646
-0.374919
-1.891359
-3.119404
0.955837
-1.292093
-1.359746
-0.568805
0.568285
1.700890
2.694927
2.534110
-3.612363
-0.472898
-0.439530
-0.397534
-0.417728
-0.235982
0.075501
0.374802
0.311474
0.167615
0.090472
0.049825
0.043041
0.055031
0.094190
0.143964
0.194388
0.227748
0.237031
0.241568
0.264778
0.239158
0.213866
0.206075
0.212608
0.211248
0.213726
0.231333
0.247579
0.265919
0.305209
0.335067
0.001532
1.941302
3.196585
5.404738
5.665030
5.681124
5.674900
5.517371
5.372706
4.978798
4.578260
3.756638
2.744431
1.775754
0.866320
-0.034714
-0.875368
-1.745532
-0.292941
-1.372693
-1.171853
-0.784866
-0.413525
-0.137364
0.069211
0.230147
0.351054
0.460318
0.564033
0.662317
0.769164
0.960088
1.253718
1.558964
3.089899
5.156332
-0.245432
-1.602786
0.240471
0.980998
0.975694
0.761631
0.598491
0.521280
1.127262
1.735511
1.704002
1.387566
-2.462650
-2.194776
1.874172
-3.411136
-4.036305
-1.529735
1.897252
-2.113606
-3.754302
-1.741273
-0.499547
-0.140193
0.291754
0.724925
1.648141
2.733210
3.499165
4.709898
5.672025
6.745115
8.087312
-0.527537
-11.589784
-9.697915
-5.810209
-2.200084
0.730097
2.845171
4.510791
5.722332
6.429626
6.763701
6.891594
6.830622
6.555201
6.173007
5.209921
4.773911
4.347066
3.868144
3.423206
1.778468
0.609550
0.282790
-0.211268
-0.866716
-1.722444
-2.749093
-3.780247
-5.576453
-6.285669
-6.637588
-7.071551
-7.823812
-8.515047
-9.006923
-8.559403
-6.510943
-1.923900
1.548120
0.118104
0.896523
0.666306
0.362300
0.117425
-0.081836
-0.236365
-0.351027
-0.427315
-0.481653
-0.518832
-0.560044
-0.597607
-0.633318
-0.663252
1.501028
-0.229919
-1.409292
-0.380615
0.323548
0.020644
0.311655
0.485551
-0.018152
-0.412182
-2.228340
-4.193166
-3.175718
-1.743349
0.155053
3.046857
3.068252
2.179921
2.058979
1.055196
0.546668
0.069903
-0.441129
-0.892773
-1.217058
-1.463840
-1.340827
-1.280189
-1.211213
-0.979820
-0.691798
-0.469753
-0.273721
0.003788
0.244155
0.479494
0.292363
-0.571057
-2.190992
-2.224291
-1.169882
-1.486501
-1.961584
-2.108869
3.833960
3.692865
2.748797
1.827016
1.053629
0.463489
0.017200
-0.289225
-0.488312
-0.643823
-0.760347
-0.883393
-1.067283
-1.344184
-1.713072
-2.061914
-2.385072
-2.664066
-0.265179
0.196912
-2.897587
-2.758188
-1.749060
-1.118309
-0.574492
-0.615665
-0.491805
0.265088
2.314967
2.010314
-0.286937
-1.658801
-6.023987
-9.464382
-5.125998
-6.673946
-5.963567
-0.365743
-0.786798
-0.997208
-3.814050
-7.348743
2.939431
-4.910226
-8.947964
-7.104364
-4.758032
1.194215
0.626148
0.320032
0.161322
0.079142
0.039511
0.031117
0.061099
0.088969
0.127581
0.185286
0.238176
0.297251
0.342185
0.396938
0.429580
0.396994
0.337429
0.266116
0.225180
0.189986
0.164498
0.059229
0.131868
0.182849
0.123333
0.672099
1.271959
3.652408
3.861070
3.565150
3.129175
2.789318
2.790988
3.235600
4.176926
5.762012
7.438457
9.318947
13.490953
11.146242
10.526790
13.195240
-0.418222
-0.412187
-0.198008
-0.130929
-0.063806
-0.003242
0.034829
0.067544
0.100028
0.125118
0.128360
0.146427
0.152568
0.177715
1.557273
3.277698
-0.753331
-1.071518
0.649483
0.677887
0.416819
0.718058
0.683438
0.033232
-0.276164
-4.137634
-4.332094
-2.840390
-1.902737
0.436639
2.163432
2.924360
2.382245
1.423305
0.505709
0.138651
-0.255005
-0.808321
-1.420994
-2.084004
-2.511437
-3.598601
-3.973726
-3.986828
-3.427807
-2.660663
1.600890
15.479769
4.284314
2.834422
2.526232
3.217185
2.075990
0.621250
-0.669361
1.101227
-0.334679
-0.310055
-0.190038
-0.116156
-0.030876
0.029116
0.085343
0.112600
0.128783
0.136447
0.139304
0.173400
0.194928
0.230339
0.292062
0.385235
1.875383
2.454536
-1.226126
-0.841603
0.418948
0.863827
0.754908
0.905736
1.432240
-2.244586
-4.580740
-0.640380
-2.796452
1.388834
-3.040533
-2.334518
3.711033
0.078452
1.124451
0.451035
0.947056
1.177848
0.910181
0.211874
0.429022
0.800079
0.457507
-0.387744
-1.263833
-1.746809
-1.989525
-2.837695
0.067644
-0.600061
-0.508593
-0.358891
-0.176222
-0.006398
0.142350
0.263290
0.359964
0.454526
0.566463
0.649800
0.739908
0.833259
0.956230
1.143695
1.344365
2.693700
1.067190
-0.126201
0.846024
1.406173
1.557801
1.249273
1.470816
0.953450
1.156156
-1.312110
-3.168919
-2.963639
-3.765672
-2.929601
-3.600637
-1.847046
-0.548037
-0.922760
-0.650604
2.621540
1.009411
3.402498
2.505373
-1.743233
-1.283652
-0.541652
0.169993
1.982830
1.665443
0.807752
2.369558
-0.495327
