-0.119286
-0.190511
-0.199929
-0.183570
-0.154840
-0.117692
-0.079652
-0.041363
-0.001704
0.039141
0.077961
0.109503
0.125898
0.130178
0.099591
0.124465
0.165565
0.158216
0.277964
0.412044
0.503759
0.546746
0.549676
0.532939
0.458496
0.296105
0.179981
0.094299
0.010935
-0.052682
-0.090327
-0.144121
-0.136771
-0.120514
-0.117726
-0.251523
-0.339334
-0.495981
-0.588740
-0.349786
-0.196844
0.058163
0.210231
0.192040
0.118333
-0.001335
-0.031425
-0.075072
-0.109069
-0.117686
-0.106570
-0.083808
0.172018
0.424128
0.619088
0.858804
0.887884
0.610289
0.505446
0.406520
0.281103
0.278468
0.169773
0.118188
0.124396
0.203092
-0.009602
0.197406
0.316505
0.157660
-0.104658
-0.293429
-0.368274
0.038469
-0.034451
0.224984
0.225217
0.206062
0.192171
0.183149
0.177042
0.172718
0.170187
0.169548
0.170858
0.174177
0.179620
0.185151
0.187122
0.141894
0.171391
0.211838
0.197363
0.266914
0.311580
0.328558
0.325133
0.339302
0.366491
0.353087
0.293812
0.474366
0.305339
0.214761
0.138643
0.089129
0.045132
-0.012085
-0.074193
-0.138786
-0.230546
-0.329560
-0.423263
-0.361733
-0.154527
-0.121200
-0.234208
-0.365355
-0.477334
-0.527942
-0.550676
-0.571404
-0.318984
-0.216964
0.188895
0.084014
-0.008692
-0.078416
-0.115846
-0.108018
-0.039843
-0.097945
-0.148580
-0.281141
-0.297204
-0.112149
0.054979
0.287131
0.334066
0.300801
0.249054
0.273181
0.334059
0.309559
0.332236
0.258859
0.212139
0.173269
0.117390
0.075100
0.057295
-0.034133
-0.139210
-0.322842
-0.368292
-0.274124
-0.114789
0.080224
0.118836
0.070773
0.018502
0.098546
0.184466
0.143885
0.169336
0.102235
0.064005
0.028745
-0.024152
-0.053694
-0.067140
-0.166701
-0.269215
-0.434797
-0.472116
-0.362926
-0.192399
0.041323
0.122013
0.075048
0.034986
0.115856
0.202064
0.203254
0.228930
0.160508
0.120169
0.080029
0.027530
0.000111
-0.017557
-0.125633
-0.225369
-0.391623
-0.426597
-0.319512
-0.156941
0.062920
0.132094
0.084203
0.042293
0.077818
0.155806
0.258023
0.256757
0.260554
0.216073
0.164738
0.099741
0.045022
-0.003452
-0.126177
-0.225749
-0.352770
-0.430571
-0.316706
-0.160271
0.038207
0.103116
0.055537
0.012442
0.082038
0.165700
0.256624
0.257009
0.264298
0.223067
0.171974
0.106763
0.055073
0.010598
-0.106869
-0.203308
-0.326491
-0.407517
-0.311124
-0.168960
0.028248
0.093903
0.044559
0.000413
0.071854
0.149344
0.236958
0.236707
0.241780
0.199060
0.144994
0.074632
0.014569
-0.037471
-0.153172
-0.249904
-0.371436
-0.449201
-0.319209
-0.159231
0.051239
0.125681
0.076979
0.031249
0.092065
0.167341
0.219460
0.220687
0.228556
0.189923
0.138550
0.072366
0.032282
0.006135
-0.096620
-0.198215
-0.347988
-0.421455
-0.317177
-0.167819
0.048034
0.119697
0.069133
0.023213
0.061364
0.146948
0.223678
0.223000
0.222714
0.179919
0.127067
0.057467
0.003946
-0.032383
-0.138591
-0.242268
-0.394530
-0.465012
-0.340983
-0.177400
0.043268
0.116684
0.066323
0.020498
0.055317
0.134970
0.193447
0.196462
0.199021
0.159764
0.110596
0.047330
0.020414
0.009364
-0.089148
-0.194768
-0.347057
-0.416945
-0.299894
-0.144944
0.077054
0.147902
0.096187
0.050477
0.091383
0.176666
0.225902
0.226473
0.220274
0.177133
0.124376
0.056583
0.017048
-0.005156
-0.106899
-0.212760
-0.366714
-0.437733
-0.317012
-0.162301
0.056399
0.126152
0.073694
0.029366
0.090045
0.175631
0.217245
0.220619
0.213913
0.170147
0.115684
0.046791
0.009225
-0.012458
-0.110468
-0.217362
-0.369833
-0.440899
-0.310744
-0.147324
0.082125
0.156851
0.103704
0.057257
0.098984
0.184358
0.199557
0.203824
0.194696
0.152315
0.100538
0.035456
0.011437
0.005207
-0.090107
-0.197234
-0.350931
-0.422069
-0.304121
-0.156415
0.065914
0.137271
0.082921
0.036789
0.081927
0.171561
0.191584
0.198432
0.186227
0.142042
0.087520
0.019149
-0.010824
-0.017607
-0.109406
-0.217231
-0.369988
-0.437708
-0.310730
-0.155779
0.072418
0.145710
0.091708
0.043849
0.078802
0.159425
0.182663
0.181102
0.169230
0.127741
0.076108
0.012706
-0.003467
-0.000220
-0.094311
-0.204046
-0.357846
-0.426925
-0.298086
-0.144764
0.087298
0.163434
0.108642
0.062881
0.108724
0.200022
0.204717
0.210083
0.193607
0.149326
0.093595
0.025647
0.002892
0.002985
-0.088426
-0.197768
-0.351384
-0.420216
-0.295977
-0.147921
0.079148
0.151864
0.096292
0.050343
0.098819
0.193080
0.195958
0.202332
0.184513
0.139782
0.083278
0.015788
-0.008300
-0.010809
-0.100365
-0.211703
-0.365787
-0.434810
-0.296744
-0.136721
0.100943
0.177986
0.121581
0.074244
0.118485
0.209255
0.206029
0.205623
0.184551
0.140489
0.085062
0.018474
-0.000979
-0.001167
-0.098859
-0.206126
-0.360822
-0.433597
-0.305553
-0.159432
0.069635
0.146294
0.089803
0.043737
0.092396
0.188140
0.184362
0.190729
0.171134
0.126662
0.069322
0.004337
-0.012622
-0.007061
-0.100915
-0.208257
-0.360139
-0.430095
-0.298873
-0.151289
0.083160
0.161881
0.105398
0.056488
0.088471
0.174226
0.175201
0.173128
0.153404
0.111312
0.055943
-0.002560
-0.010236
-0.000438
-0.098770
-0.208366
-0.361868
-0.433638
-0.294308
-0.143320
0.094841
0.176095
0.119010
0.072762
0.119119
0.213078
0.203040
0.205717
0.182442
0.138267
0.079588
0.016891
0.003027
0.008371
-0.088663
-0.197711
-0.351058
-0.423248
-0.291112
-0.146357
0.086225
0.164212
0.106496
0.059993
0.107351
0.203643
0.190809
0.194903
0.171671
0.127566
0.068170
0.006016
-0.008306
-0.004070
-0.098161
-0.208938
-0.362972
-0.435989
-0.290650
-0.135634
0.101500
0.183329
0.124537
0.076563
0.117094
0.209542
0.174350
0.179990
0.156577
0.114569
0.056433
0.000861
-0.002975
0.008809
-0.088048
-0.198233
-0.351485
-0.425964
-0.289421
-0.145055
0.090038
0.170150
0.111612
0.064552
0.108969
0.205730
0.178793
0.184421
0.159623
0.116294
0.056125
-0.001975
-0.010506
-0.000375
-0.096003
-0.206406
-0.358604
-0.431632
-0.292170
-0.146930
0.090360
0.172413
0.113705
0.063816
0.096340
0.184793
0.141004
0.149663
0.127466
0.087206
0.028890
-0.021772
-0.016647
0.004770
-0.090323
-0.202692
-0.355396
-0.428796
-0.282349
-0.134175
0.101311
0.185783
0.126863
0.079813
0.120879
0.216658
0.170191
0.178566
0.153813
0.112714
0.052073
0.000302
0.002705
0.020748
-0.074834
-0.186709
-0.339870
-0.414089
-0.274213
-0.131977
0.103113
0.183747
0.124214
0.076836
0.117188
0.215390
0.157088
0.168499
0.144141
0.102530
0.040892
-0.011099
-0.010367
0.006116
-0.085254
-0.198609
-0.352475
-0.427672
-0.276990
-0.126065
0.108385
0.193110
0.132638
0.083235
0.119507
0.213199
0.144915
0.158231
0.133173
0.093571
0.032219
-0.016310
-0.010084
0.010923
-0.083936
-0.196974
-0.349782
-0.425370
-0.278848
-0.135147
0.099263
0.183813
0.123627
0.076093
0.116466
0.214866
0.146976
0.159821
0.134255
0.093819
0.031015
-0.017668
-0.012364
0.009797
-0.082324
-0.195636
-0.347166
-0.420604
-0.273711
-0.131189
0.102104
0.187119
0.126645
0.075772
0.116471
0.202568
0.145459
0.141715
0.115103
0.077338
0.014583
-0.031680
-0.021536
0.004635
-0.089483
-0.205106
-0.357263
-0.432010
-0.275415
-0.128142
0.104929
0.194702
0.134021
0.085616
0.126257
0.222786
0.146955
0.160735
0.133753
0.095270
0.030753
-0.014648
-0.004226
0.020790
-0.072823
-0.187875
-0.340424
-0.415089
-0.263504
-0.121482
0.110399
0.195364
0.134004
0.085751
0.131680
0.228512
0.147687
0.159205
0.131626
0.092396
0.026382
-0.020462
-0.013679
0.008073
-0.082743
-0.199587
-0.353262
-0.430361
-0.267486
-0.117437
0.114792
0.203814
0.141534
0.090603
0.132244
0.224634
0.147897
0.148964
0.120113
0.083617
0.017071
-0.025574
-0.011813
0.015176
-0.078878
-0.194967
-0.346886
-0.423244
-0.266893
-0.124633
0.106741
0.195654
0.133441
0.084277
0.130788
0.227154
0.145396
0.150234
0.122181
0.084368
0.017319
-0.026711
-0.016581
0.010337
-0.079950
-0.196552
-0.347069
-0.422544
-0.264644
-0.122341
0.107996
0.196568
0.134323
0.081996
0.115867
0.206278
0.133024
0.130059
0.100973
0.065296
-0.001156
-0.041265
-0.022678
0.008298
-0.087487
-0.205600
-0.356333
-0.436344
-0.267494
-0.121938
0.109286
0.203626
0.141342
0.091620
0.135234
0.230936
0.149459
0.153202
0.125046
0.089079
0.021881
-0.018221
-0.002325
0.027154
-0.065041
-0.183006
-0.331642
-0.410936
-0.252502
-0.113594
0.114900
0.203935
0.141110
0.091195
0.130978
0.230160
0.152185
0.150506
0.122226
0.086589
0.019296
-0.022002
-0.009806
0.016879
-0.070215
-0.190075
-0.340677
-0.423083
-0.253964
-0.107047
0.121431
0.212091
0.148255
0.095752
0.101908
0.207660
0.126935
0.132041
0.103167
0.069931
0.003592
-0.031476
-0.006326
0.026492
-0.071354
-0.188630
-0.340932
-0.424861
-0.258671
-0.120376
0.109235
0.200482
0.137401
0.087382
0.125138
0.225484
0.142139
0.147305
0.118429
0.082918
0.015865
-0.022718
-0.008587
0.018485
-0.074491
-0.192863
-0.340694
-0.425155
-0.261018
-0.122609
0.105965
0.197553
0.134721
0.080919
0.084624
0.184569
0.120619
0.090587
0.060835
0.029564
-0.029861
-0.057734
-0.021265
0.020195
-0.076509
-0.195472
-0.345059
-0.431784
-0.254501
-0.112538
0.116881
0.213265
0.149969
0.099809
0.127037
0.227411
0.143990
0.146764
0.118278
0.085055
0.020820
-0.012488
0.011204
0.042182
-0.055291
-0.174486
-0.322454
-0.411713
-0.245067
-0.109794
0.117590
0.208187
0.144389
0.093512
0.098705
0.210683
0.128727
0.137493
0.109306
0.076105
0.012829
-0.019989
0.004355
0.034370
-0.061249
-0.181451
-0.333887
-0.426061
-0.228077
-0.087941
0.139978
0.227891
0.163760
0.110431
0.106037
0.209683
0.143483
0.110260
0.081916
0.053291
-0.004752
-0.031284
0.000930
0.037349
-0.055075
-0.171776
-0.317781
-0.410911
-0.250268
-0.119876
0.105576
0.200330
0.137082
0.087090
0.093714
0.203846
0.124891
0.122368
0.094402
0.063073
0.004683
-0.025294
-0.001009
0.030500
-0.065318
-0.184145
-0.330522
-0.425618
-0.253022
-0.117363
0.109857
0.205355
0.141885
0.087525
0.088204
0.191534
0.126815
0.089436
0.056766
0.027856
-0.026036
-0.051317
-0.014747
0.026001
-0.072421
-0.192875
-0.340995
-0.434697
-0.246539
-0.106782
0.119840
0.219992
0.155828
0.104147
0.108051
0.217617
0.150828
0.122353
0.090770
0.060701
0.005331
-0.021238
0.012215
0.049747
-0.046578
-0.166689
-0.312141
-0.408620
-0.234050
-0.103076
0.121169
0.214437
0.150058
0.098324
0.101832
0.215330
0.147002
0.120598
0.089628
0.059416
0.004275
-0.023720
0.006254
0.041516
-0.049741
-0.171384
-0.320354
-0.426620
-0.213808
-0.075174
0.147907
0.236217
0.172225
0.116717
0.146015
0.218074
0.215735
0.144473
0.140899
0.117353
0.060044
0.021246
0.033710
0.053734
-0.040097
-0.160686
-0.286536
-0.388550
-0.245149
-0.121652
0.099647
0.212325
0.145336
0.088689
0.083544
0.170459
0.151786
0.122918
0.122721
0.097963
0.040018
-0.007555
-0.003118
0.016553
-0.070301
-0.182840
-0.310453
-0.395653
-0.232800
-0.098844
0.118937
0.231494
0.160221
0.098495
0.040916
0.144576
0.123673
0.091058
0.085546
0.061912
0.005386
-0.043122
-0.038206
-0.017212
-0.102552
-0.215093
-0.351335
-0.442555
-0.221456
-0.071071
0.144205
0.246682
0.175311
0.115239
0.061670
0.175915
0.156964
0.132705
0.131714
0.107688
0.052366
0.003506
0.007739
0.025631
-0.064886
-0.179088
-0.307977
-0.391293
-0.225502
-0.094715
0.118898
0.235489
0.162373
0.104021
0.042732
0.118347
0.117947
0.103831
0.102651
0.078097
0.028190
-0.014857
-0.006793
0.012177
-0.079704
-0.208276
-0.349066
-0.441992
-0.214018
-0.061190
0.149237
0.258090
0.186009
0.125068
0.067774
0.152484
0.144158
0.119984
0.112058
0.087711
0.042568
0.001883
0.009559
0.024389
-0.080493
-0.205087
-0.316699
-0.402527
-0.235496
-0.105479
0.105827
0.235571
0.163534
0.105361
0.044386
0.118154
0.123752
0.114043
0.114832
0.087966
0.046841
0.008996
0.017392
0.033782
-0.071029
-0.197585
-0.328063
-0.411907
-0.235584
-0.100404
0.109325
0.244589
0.170251
0.110300
0.045981
0.107858
0.110287
0.089234
0.080669
0.052215
0.014901
-0.021025
-0.011519
0.004928
-0.105934
-0.237300
-0.352622
-0.441463
-0.243166
-0.093306
0.118810
0.254386
0.181860
0.122648
0.060667
0.193723
0.185815
0.167536
0.161949
0.128306
0.084888
0.041163
0.039129
0.047147
-0.066729
-0.194985
-0.298239
-0.369337
-0.254629
-0.122121
0.087549
0.226196
0.146511
0.090906
0.020455
-0.024748
0.070360
0.072667
0.087937
0.046591
0.017001
-0.007873
0.009172
0.030302
-0.083100
-0.215932
-0.349514
-0.457346
-0.180642
-0.026874
0.183026
0.272596
0.204379
0.144770
0.146261
0.269829
0.261893
0.195196
0.179876
0.146289
0.104918
0.059287
0.046517
0.043485
-0.074490
-0.197400
-0.266064
-0.331614
-0.254109
-0.160088
0.039497
0.172064
0.091965
0.040148
-0.031087
-0.169498
-0.013713
0.007018
0.038405
-0.011778
-0.027570
-0.044331
-0.031388
-0.010888
-0.116630
-0.253793
-0.383608
-0.478376
-0.194364
-0.024817
0.185090
0.289336
0.215190
0.149674
0.099466
0.250689
0.250109
0.184562
0.164158
0.129912
0.087674
0.042261
0.033884
0.034265
-0.090458
-0.220940
-0.310675
-0.383740
-0.271712
-0.147260
0.059019
0.200787
0.122804
0.068227
-0.006568
-0.048819
0.050490
0.061281
0.083103
0.040649
0.016718
-0.003461
0.014089
0.035864
-0.081994
-0.219715
-0.345411
-0.444101
-0.184747
-0.032471
0.177158
0.275938
0.203356
0.140408
0.088471
0.246536
0.234945
0.212832
0.198675
0.163815
0.124673
0.079942
0.071529
0.069707
-0.054040
-0.188922
-0.288218
-0.361141
-0.259445
-0.139827
0.061874
0.196212
0.116512
0.059905
-0.011890
-0.148668
-0.015965
0.005437
0.028712
-0.021472
-0.033295
-0.044108
-0.021171
0.004828
-0.115276
-0.246586
-0.378027
-0.485346
-0.169948
-0.013872
0.198820
0.281712
0.215209
0.155930
0.154971
0.289991
0.285726
0.217155
0.201608
0.167189
0.133193
0.094894
0.083634
0.076578
-0.050714
-0.180907
-0.272351
-0.345345
-0.262668
-0.177580
0.029947
0.168575
0.091578
0.035530
-0.036157
-0.181108
-0.062875
-0.032725
-0.007295
-0.054463
-0.058697
-0.061746
-0.029964
0.006215
-0.109776
-0.237195
-0.367162
-0.482279
-0.160013
-0.005520
0.203570
0.290058
0.231160
0.177997
0.218861
0.332756
0.320516
0.214754
0.200012
0.167518
0.138867
0.106694
0.098320
0.085634
-0.047981
-0.181272
-0.269417
-0.341774
-0.263852
-0.189546
0.014584
0.157952
0.085948
0.033554
-0.036154
-0.169999
-0.016723
0.006120
0.040441
-0.009410
-0.016697
-0.023341
-0.000785
0.025798
-0.086818
-0.229559
-0.355092
-0.454670
-0.165307
-0.008551
0.194147
0.298182
0.227731
0.162242
0.115044
0.264118
0.264334
0.197376
0.177574
0.147858
0.117353
0.078640
0.068152
0.063301
-0.067824
-0.203552
-0.304338
-0.386397
-0.286975
-0.183975
0.023798
0.166056
0.091085
0.034031
-0.034990
-0.106421
0.002805
0.020692
0.043050
0.001899
-0.008709
-0.019010
0.006103
0.034180
-0.082195
-0.219954
-0.347193
-0.450994
-0.175834
-0.028018
0.181668
0.278556
0.208367
0.141396
0.088926
0.238409
0.237441
0.163104
0.142788
0.115726
0.090186
0.059574
0.058459
0.059378
-0.071743
-0.212691
-0.315901
-0.400664
-0.287942
-0.174678
0.032408
0.186392
0.114782
0.055782
-0.011726
-0.011932
0.051862
0.056267
0.072288
0.038196
0.022966
0.008430
0.030214
0.054398
-0.054937
-0.207262
-0.324388
-0.400203
-0.231332
-0.049415
0.138222
0.257248
0.193127
0.124291
0.069101
0.124395
0.150738
0.178620
0.196823
0.166642
0.144785
0.120089
0.122348
0.121608
0.004947
-0.146924
-0.269634
-0.328075
-0.264271
-0.161683
0.039266
0.192762
0.126715
0.064610
0.001776
-0.027533
0.052967
0.081876
0.100760
0.064669
0.048634
0.024830
0.030724
0.047288
-0.049718
-0.195864
-0.328606
-0.398475
-0.295098
-0.122887
0.082703
0.227569
0.152720
0.086115
0.021226
0.027645
0.082905
0.111081
0.128127
0.095248
0.072056
0.044153
0.051692
0.066857
-0.036632
-0.183991
-0.316974
-0.401153
-0.295989
-0.111013
0.083097
0.213719
0.148624
0.077256
0.019443
0.025502
0.053965
0.073496
0.084905
0.063434
0.052142
0.040919
0.061799
0.077637
-0.033472
-0.183897
-0.308116
-0.414577
-0.267826
-0.107960
0.083537
0.225189
0.175941
0.113729
0.057947
0.083371
0.104294
0.116242
0.134238
0.106593
0.095538
0.076996
0.083689
0.093117
-0.014804
-0.162993
-0.285108
-0.349897
-0.278918
-0.183740
0.025633
0.184920
0.112131
0.053600
-0.009586
-0.035391
0.019914
0.062095
0.089494
0.055074
0.037618
0.015027
0.027516
0.049780
-0.037942
-0.191917
-0.319369
-0.422100
-0.252772
-0.064079
0.124398
0.250670
0.184699
0.116582
0.058675
0.049756
0.070879
0.088983
0.097673
0.076977
0.066150
0.051803
0.069833
0.086732
-0.019470
-0.169252
-0.294836
-0.401584
-0.297151
-0.126393
0.064443
0.211483
0.158455
0.094370
0.038160
0.066513
0.085167
0.102073
0.119743
0.094559
0.084654
0.065695
0.074856
0.088866
-0.015020
-0.168371
-0.291784
-0.383665
-0.296621
-0.177798
0.032960
0.201185
0.125614
0.064657
0.003774
-0.038321
0.007465
0.033962
0.047629
0.018185
0.006381
-0.007701
0.016938
0.045529
-0.053054
-0.209098
-0.337878
-0.461344
-0.249774
-0.067932
0.127831
0.250153
0.195076
0.131311
0.076210
0.138756
0.162911
0.143334
0.158826
0.139590
0.129386
0.114976
0.126139
0.127615
0.002269
-0.158977
-0.281498
-0.376876
-0.301299
-0.191851
0.009981
0.173516
0.108479
0.050190
-0.010195
-0.003094
0.033637
0.065351
0.094029
0.068832
0.057066
0.042409
0.059715
0.079838
-0.020051
-0.186111
-0.311495
-0.411777
-0.250061
-0.063727
0.122378
0.246854
0.183153
0.117560
0.058504
0.009944
0.037742
0.064504
0.075724
0.060648
0.054388
0.050972
0.080639
0.099492
-0.016836
-0.172917
-0.297715
-0.413909
-0.271804
-0.109132
0.080659
0.215356
0.172531
0.116322
0.060432
0.129125
0.138189
0.136649
0.155734
0.137973
0.130234
0.117733
0.126667
0.112211
-0.006387
-0.165447
-0.288584
-0.350606
-0.289951
-0.198032
0.007321
0.156512
0.087667
0.028488
-0.037599
-0.087643
-0.024779
0.005935
0.025728
-0.002520
-0.006875
-0.011346
0.016932
0.043938
-0.060920
-0.223753
-0.347983
-0.461703
-0.242662
-0.051914
0.135930
0.252819
0.197304
0.138395
0.082514
0.122676
0.102139
0.110233
0.116227
0.104156
0.096876
0.098072
0.126707
0.128615
-0.025523
-0.167987
-0.301037
-0.418038
-0.230402
-0.107027
0.083230
0.207046
0.150050
0.095534
0.031394
0.154840
0.135102
0.104209
0.115168
0.101459
0.092784
0.085315
0.100702
0.085973
-0.061625
-0.224306
-0.347698
-0.436788
-0.303664
-0.158251
0.042977
0.188569
0.115924
0.056104
-0.011976
-0.003213
0.012041
0.012848
0.036363
0.016247
0.009066
0.008222
0.043642
0.066230
-0.069806
-0.217408
-0.351778
-0.481041
-0.207857
-0.048826
0.155000
0.243703
0.185058
0.125029
0.121929
0.233358
0.220122
0.168277
0.171846
0.165620
0.146537
0.133401
0.147195
0.117171
-0.044525
-0.196123
-0.322889
-0.426886
-0.270916
-0.166455
0.033042
0.157057
0.092776
0.028733
-0.035589
0.039681
0.025565
0.012748
0.029393
0.018399
0.012361
0.015774
0.048140
0.052794
-0.089103
-0.244456
-0.376383
-0.491727
-0.208085
-0.054550
0.146935
0.243120
0.181068
0.117154
0.060132
0.170250
0.146818
0.137244
0.154501
0.146141
0.132116
0.126472
0.147494
0.126883
-0.035037
-0.188861
-0.314977
-0.425768
-0.243933
-0.126207
0.075062
0.184233
0.122838
0.062176
0.002564
0.075810
0.063700
0.062583
0.084485
0.077591
0.069813
0.071462
0.096217
0.086070
-0.066086
-0.226903
-0.350333
-0.454063
-0.238723
-0.091030
0.101593
0.216514
0.151235
0.087186
0.026358
0.058905
0.058770
0.063897
0.085562
0.075803
0.057670
0.096411
0.150993
0.154555
-0.002209
-0.134212
-0.274850
-0.400538
-0.164466
0.007016
0.206406
0.296539
0.254012
0.195499
0.118083
0.237856
0.236990
0.112448
0.105571
0.101126
0.111048
0.125772
0.156583
0.135034
-0.043790
-0.187997
-0.287572
-0.382233
-0.268173
-0.139697
0.052022
0.172818
0.116521
0.048271
-0.040547
-0.073996
-0.049308
-0.070784
-0.067036
-0.071953
-0.048570
-0.011945
0.052972
0.083298
-0.075858
-0.195937
-0.325584
-0.451477
-0.175633
-0.026763
0.160280
0.235531
0.208424
0.148550
0.151834
0.251990
0.245385
0.094242
0.087205
0.094321
0.103938
0.124386
0.161846
0.135566
-0.041236
-0.172910
-0.306902
-0.413156
-0.265045
-0.117216
0.069935
0.177461
0.125213
0.061858
-0.023993
0.026906
0.039320
-0.030181
-0.020650
-0.022987
-0.011176
0.019032
0.074824
0.091893
-0.075701
-0.210215
-0.357434
-0.480059
-0.204349
-0.027079
0.179807
0.258021
0.213368
0.147445
0.060995
0.174084
0.180400
0.056712
0.054139
0.053559
0.059705
0.084994
0.130550
0.113386
-0.055504
-0.187064
-0.065196
-0.161852
-0.021806
0.046248
0.086171
0.118759
0.150072
0.182944
0.219039
0.251972
0.272865
0.285987
0.291191
0.409202
0.472628
0.524479
0.555317
0.521946
0.449546
0.378281
0.312056
0.243582
0.159573
0.012021
0.042401
-0.076304
-0.164842
-0.228500
-0.239306
-0.307722
-0.414476
-0.511189
-0.633429
-0.703971
-0.807723
-0.788668
-0.792808
-0.731686
-0.508075
-0.454025
-0.214453
0.014619
0.179483
0.218571
0.095184
-0.024588
-0.076692
-0.061472
-0.063023
-0.062674
0.001289
0.144799
0.298276
0.347126
0.175725
0.048852
-0.101594
-0.189704
0.047948
0.223490
0.439531
0.411308
0.362463
0.289129
0.172089
0.216162
0.156512
0.102873
0.076607
0.068620
0.054670
0.133913
0.242049
0.239831
0.070049
-0.059789
-0.236533
-0.345462
-0.066974
0.118740
0.313035
0.293022
0.226790
0.145483
0.109738
0.201782
0.116163
0.097845
0.082686
0.107870
0.097990
0.148975
0.211883
0.179959
0.007892
-0.121027
-0.277066
-0.377992
-0.182790
-0.018788
0.196809
0.211022
0.147306
0.069595
0.030745
0.142994
0.056828
0.056961
0.041154
0.066517
0.062539
0.106637
0.162366
0.141151
-0.032746
-0.164584
-0.312161
-0.412857
-0.209518
-0.039771
0.181092
0.207422
0.144456
0.069304
0.005588
0.142714
0.061224
0.034026
0.007245
0.033968
0.034823
0.072393
0.132514
0.109982
-0.073196
-0.205450
-0.359588
-0.463112
-0.240258
-0.050039
0.160736
0.213365
0.161985
0.089765
0.048353
0.183768
0.099764
0.042237
0.024521
0.057699
0.067493
0.106875
0.160421
0.123601
-0.060685
-0.180998
-0.341732
-0.436027
-0.264384
-0.093127
0.108448
0.178823
0.134289
0.067936
0.059036
0.213862
0.128260
0.078873
0.043256
0.072428
0.073334
0.100986
0.128757
0.101148
-0.105261
-0.235251
-0.368373
-0.471998
-0.294263
-0.124504
0.072625
0.173352
0.122391
0.052641
-0.051253
0.129547
0.055538
0.024946
-0.000684
0.006784
0.010277
0.046872
0.100496
0.089550
-0.117260
-0.252342
-0.385860
-0.487132
-0.262412
-0.065117
0.145352
0.210873
0.158159
0.087283
0.023209
0.205416
0.130438
0.081489
0.056169
0.068723
0.066730
0.100487
0.149962
0.126588
-0.082238
-0.218195
-0.350369
-0.456616
-0.261010
-0.086998
0.116326
0.185722
0.131461
0.061943
-0.043363
0.149962
0.078025
0.035209
0.004175
0.011068
0.015266
0.055209
0.115197
0.103379
-0.098950
-0.232044
-0.375821
-0.479517
-0.235712
-0.045235
0.160777
0.232417
0.183105
0.111613
0.055425
0.232120
0.156212
0.079965
0.054229
0.071168
0.071950
0.110555
0.150005
0.138472
-0.075438
-0.213752
-0.339575
-0.444558
-0.255848
-0.089818
0.095683
0.172985
0.117246
0.050933
-0.063208
0.095033
0.026466
0.005182
-0.014722
-0.014921
-0.002005
0.048843
0.119816
0.115983
-0.079036
-0.203826
-0.358710
-0.456714
-0.195838
0.001828
0.195591
0.270582
0.229453
0.162661
0.145954
0.311995
0.226024
0.122958
0.077532
0.113000
0.118345
0.154292
0.186982
0.154864
-0.059713
-0.198113
-0.325818
-0.424522
-0.277733
-0.125170
0.038630
0.138671
0.086430
0.018589
-0.107672
-0.072994
-0.134227
-0.096090
-0.111114
-0.106503
-0.074648
0.004015
0.115083
0.146927
-0.028309
-0.122237
-0.283125
-0.393945
-0.125176
0.060745
0.234716
0.294180
0.277334
0.223811
0.275139
0.427659
0.363483
0.241120
0.151429
0.192597
0.205112
0.219531
0.217003
0.159507
-0.048676
-0.178278
-0.312671
-0.378116
-0.271616
-0.187401
-0.045420
0.061002
0.010296
-0.057828
-0.192481
-0.282017
-0.340903
-0.197972
-0.233390
-0.241758
-0.186713
-0.108722
0.023893
0.085662
-0.092365
-0.185438
-0.333020
-0.421191
-0.113898
0.070585
0.265617
0.317416
0.275949
0.214264
0.248818
0.390300
0.311321
0.210176
0.161928
0.214112
0.238188
0.273529
0.291660
0.230550
0.013622
-0.116734
-0.255332
-0.332676
-0.207777
-0.090342
0.064897
0.153045
0.096689
0.024736
-0.073353
-0.205380
-0.178047
-0.122526
-0.123803
-0.121382
-0.088047
-0.009025
0.102194
0.109488
-0.049938
-0.156196
-0.254967
-0.390512
-0.093870
0.035285
0.184138
0.209567
0.209881
0.174209
0.190407
0.265003
0.231205
0.154591
0.130874
0.178873
0.201756
0.232124
0.247211
0.169359
-0.025654
-0.144244
-0.259316
-0.347715
-0.241863
-0.142535
0.034051
0.114293
0.067660
-0.000794
-0.106112
-0.201612
-0.180401
-0.157608
-0.155683
-0.147927
-0.121581
-0.015472
0.096361
0.098907
-0.067971
-0.179757
-0.309514
-0.435483
-0.127328
0.023055
0.209910
0.271978
0.233109
0.161181
0.143850
0.236619
0.240909
0.113612
0.129120
0.162660
0.171296
0.206663
0.221477
0.163563
-0.029558
-0.177626
-0.283225
-0.374240
-0.280183
-0.145442
0.016109
0.105064
0.050472
-0.031416
-0.125002
-0.226113
-0.195139
-0.161271
-0.161935
-0.159591
-0.122539
-0.044602
0.072525
0.104018
-0.065484
-0.185271
-0.337502
-0.473089
-0.129506
0.047860
0.211423
0.283655
0.265477
0.210804
0.247785
0.329034
0.328484
0.179919
0.167795
0.208078
0.222550
0.254108
0.258208
0.188316
-0.001093
-0.143926
-0.265481
-0.351718
-0.269739
-0.172857
0.000660
0.094812
0.038766
-0.044081
-0.136110
-0.286583
-0.283126
-0.213921
-0.219864
-0.222003
-0.181594
-0.076795
0.057545
0.094385
-0.070264
-0.180889
-0.317301
-0.442840
-0.100056
0.060034
0.245301
0.303530
0.267306
0.196803
0.240155
0.328289
0.307648
0.153132
0.145600
0.182087
0.194899
0.232430
0.245580
0.181382
-0.008976
-0.163778
-0.297138
-0.385286
-0.277535
-0.138235
0.022179
0.110783
0.059359
-0.020256
-0.114786
-0.264060
-0.230421
-0.169446
-0.179234
-0.180740
-0.138963
-0.046798
0.077685
0.103260
-0.067017
-0.185848
-0.323378
-0.452643
-0.147834
0.025299
0.205989
0.268843
0.242296
0.176644
0.213731
0.309262
0.290402
0.149733
0.112361
0.147402
0.162302
0.205635
0.240532
0.164542
-0.017893
-0.161967
-0.312553
-0.416431
-0.267077
-0.092533
0.077182
0.155681
0.104780
0.029077
-0.062714
-0.086991
-0.068048
-0.123597
-0.115540
-0.106411
-0.083509
0.019921
0.135369
0.132360
-0.038051
-0.170423
-0.320377
-0.448569
-0.154387
0.034963
0.220518
0.266475
0.219170
0.145363
0.135316
0.249421
0.232931
0.075037
0.060860
0.090356
0.098164
0.146494
0.193375
0.125027
-0.055222
-0.206481
-0.355493
-0.471216
-0.300224
-0.113486
0.066816
0.139321
0.089156
0.013312
-0.071176
0.017508
0.020793
-0.053496
-0.044056
-0.029153
-0.011824
0.069987
0.155998
0.125871
-0.046992
-0.191743
-0.334967
-0.467756
-0.220313
-0.016213
0.163170
0.242872
0.199781
0.129439
0.129573
0.253526
0.237651
0.074429
0.050078
0.078273
0.079701
0.123631
0.156976
0.104256
-0.079181
-0.229839
-0.368197
-0.485843
-0.327532
-0.148689
0.041284
0.143970
0.093700
0.010027
-0.070431
-0.121293
-0.089212
-0.116081
-0.100581
-0.095997
-0.065138
0.030950
0.150025
0.162284
-0.011997
-0.136528
-0.283324
-0.423318
-0.112567
0.070084
0.227345
0.279999
0.267710
0.215564
0.240232
0.332312
0.326949
0.199768
0.166122
0.194204
0.213870
0.255549
0.274203
0.192485
0.008035
-0.141922
-0.282259
-0.366725
-0.253366
-0.136355
0.018788
0.115624
0.055590
-0.030163
-0.118231
-0.258004
-0.255743
-0.210412
-0.212743
-0.217767
-0.182802
-0.066778
0.072609
0.083912
-0.076064
-0.186870
-0.326668
-0.456490
-0.142275
0.032332
0.221045
0.274425
0.242261
0.169312
0.205025
0.302875
0.273789
0.147093
0.113544
0.139802
0.156907
0.204028
0.230271
0.146082
-0.032328
-0.183720
-0.332278
-0.439759
-0.269290
-0.080383
0.094921
0.159608
0.107078
0.030480
-0.058550
-0.029677
-0.023048
-0.082151
-0.072507
-0.066506
-0.047012
0.053559
0.151511
0.119026
-0.054308
-0.199949
-0.345126
-0.480966
-0.231680
-0.015527
0.174428
0.232189
0.183793
0.111545
0.117262
0.238556
0.219459
0.076202
0.035996
0.061681
0.061323
0.109920
0.157383
0.080596
-0.091163
-0.238835
-0.393808
-0.524943
-0.321881
-0.090796
0.088445
0.165636
0.121470
0.049078
-0.026987
0.090106
0.085040
-0.047273
-0.037441
-0.017033
-0.005250
0.078243
0.163334
0.119288
-0.055527
-0.206878
-0.356754
-0.495776
-0.249072
-0.033985
0.142909
0.209329
0.170509
0.105287
0.108557
0.217072
0.196551
0.062395
0.030692
0.054090
0.059837
0.116403
0.169807
0.092776
-0.080468
-0.225421
-0.379589
-0.511600
-0.311050
-0.086654
0.092874
0.168112
0.125754
0.056657
-0.013645
0.105496
0.101815
-0.022603
-0.013328
0.001630
0.016885
0.100654
0.179777
0.124787
-0.054068
-0.206515
-0.349816
-0.487394
-0.251185
-0.033306
0.144340
0.231464
0.189350
0.121221
0.052685
0.168412
0.165087
0.030964
0.006650
0.026417
0.036127
0.106442
0.180300
0.124939
-0.054815
-0.210737
-0.356055
-0.485852
-0.265981
-0.040824
0.136879
0.208310
0.164048
0.088043
0.020719
0.093010
0.100469
-0.012223
-0.002341
0.007713
0.021858
0.105796
0.194065
0.148998
-0.029000
-0.182825
-0.327201
-0.463453
-0.224162
0.004442
0.177869
0.251661
0.206700
0.137915
0.067593
0.190873
0.186398
0.041977
0.016075
0.032211
0.037872
0.102532
0.168134
0.106513
-0.075028
-0.236758
-0.375328
-0.498160
-0.300808
-0.086521
0.104075
0.193575
0.143380
0.059351
-0.010967
0.003482
0.018606
-0.059089
-0.048512
-0.048645
-0.028374
0.065850
0.168161
0.138100
-0.036339
-0.174083
-0.322306
-0.467290
-0.184493
0.025523
0.195497
0.251065
0.217181
0.154918
0.146347
0.264566
0.240791
0.133116
0.075061
0.079943
0.088861
0.138254
0.170379
0.088276
-0.082422
-0.221984
-0.379775
-0.503563
-0.290207
-0.067026
0.110275
0.186080
0.138208
0.062330
-0.011068
0.032351
0.035841
-0.073748
-0.063689
-0.062492
-0.049447
0.044442
0.141574
0.101919
-0.074836
-0.221178
-0.371029
-0.512819
-0.252465
-0.028232
0.158361
0.228277
0.186194
0.119070
0.113521
0.225987
0.204845
0.100773
0.048202
0.056024
0.057523
0.106718
0.150308
0.065650
-0.102802
-0.240542
-0.406088
-0.543549
-0.330884
-0.093798
0.091005
0.183530
0.143238
0.078523
0.004434
0.094527
0.086545
-0.015684
-0.014754
-0.005000
0.001431
0.086237
0.163546
0.104089
-0.080349
-0.223613
-0.386819
-0.527275
-0.300135
-0.060709
0.124962
0.208268
0.170745
0.110378
0.055583
0.155742
0.144256
0.066755
0.017778
0.019470
0.025766
0.085002
0.145200
0.083189
-0.094862
-0.225541
-0.401456
-0.545886
-0.310909
-0.070299
0.113285
0.180430
0.148301
0.099615
0.050412
0.145259
0.130316
0.062785
0.021498
0.029045
0.041166
0.113297
0.172094
0.095033
-0.083292
-0.206670
-0.386305
-0.532931
-0.295720
-0.062109
0.124633
0.205919
0.171597
0.129453
0.055903
0.123341
0.110106
0.071225
0.009621
0.009862
0.017737
0.084688
0.152509
0.092786
-0.088461
-0.213014
-0.387611
-0.536688
-0.266156
-0.026995
0.158301
0.224213
0.189300
0.131185
0.075312
0.158862
0.142235
0.076562
0.036415
0.042460
0.050613
0.117216
0.174651
0.101134
-0.078546
-0.211513
-0.392201
-0.535077
-0.328773
-0.086346
0.101893
0.198181
0.158323
0.111394
0.038883
0.100013
0.087790
0.059436
-0.007159
-0.012869
-0.008665
0.058404
0.129668
0.074169
-0.106599
-0.233821
-0.405144
-0.546256
-0.254780
-0.007781
0.183685
0.267623
0.219982
0.147545
0.070281
0.139102
0.163552
0.071486
0.060247
0.070476
0.077045
0.159974
0.236506
0.157452
-0.017639
-0.185236
-0.339253
-0.470471
-0.344157
-0.122720
0.079829
0.186755
0.127186
0.049520
-0.020247
0.015961
0.057521
-0.005070
-0.013981
-0.022428
-0.021236
0.069343
0.163921
0.104375
-0.064505
-0.216077
-0.368446
-0.509967
-0.285326
-0.032503
0.171167
0.296613
0.234395
0.148708
0.077927
0.107033
0.138971
0.059046
0.043104
0.044914
0.055783
0.152230
0.242964
0.167123
-0.009661
-0.173786
-0.338000
-0.476561
-0.339432
-0.063567
0.116495
0.195074
0.146034
0.096582
0.024347
0.042593
0.071808
0.010521
0.016644
0.010703
0.035955
0.143887
0.239442
0.176070
0.004908
-0.142844
-0.300739
-0.455248
-0.287923
-0.040091
0.148050
0.262831
0.215718
0.169272
0.090912
0.121931
0.145280
0.084591
0.037222
0.026040
0.050244
0.127777
0.199268
0.112216
-0.042630
-0.185467
-0.345749
-0.478822
-0.333831
-0.110406
0.082801
0.209880
0.167156
0.099067
0.026467
0.054777
0.092022
0.017311
0.002872
-0.007549
0.007512
0.088814
0.179519
0.119171
-0.037066
-0.190659
-0.342982
-0.474847
-0.336152
-0.137423
0.065899
0.218602
0.171222
0.091621
0.022949
0.027741
0.082272
0.012864
-0.003614
-0.027390
-0.014078
0.067183
0.165604
0.112892
-0.044892
-0.194787
-0.345636
-0.485408
-0.302475
-0.101531
0.110138
0.269462
0.225363
0.149013
0.077746
0.070987
0.119251
0.062585
0.042159
0.025944
0.044081
0.126085
0.220131
0.154113
-0.003892
-0.152358
-0.307476
-0.446420
-0.305847
-0.100585
0.100365
0.227956
0.184898
0.112618
0.038074
0.031104
0.083043
0.032013
0.005288
-0.011093
0.011902
0.099816
0.202927
0.161064
-0.008210
-0.156841
-0.310080
-0.449167
-0.293421
-0.085290
0.117034
0.262214
0.218557
0.144264
0.068446
0.065021
0.109045
0.048201
0.030436
0.005202
0.026265
0.104587
0.196518
0.128394
-0.028434
-0.178217
-0.324438
-0.447535
-0.311295
-0.114698
0.092726
0.250994
0.194880
0.110436
0.038977
-0.006459
0.062229
-0.006412
-0.011897
-0.041947
-0.025758
0.055445
0.165953
0.125899
-0.033642
-0.190534
-0.333994
-0.467319
-0.287627
-0.076207
0.132272
0.288031
0.239397
0.156527
0.088131
0.095425
0.150776
0.086185
0.056330
0.022620
0.049744
0.130474
0.221007
0.140803
-0.014999
-0.159764
-0.307323
-0.432236
-0.313024
-0.110723
0.095148
0.252733
0.194589
0.110916
0.039490
-0.041969
0.026685
-0.032285
-0.039369
-0.073305
-0.052332
0.034468
0.154392
0.122361
-0.038121
-0.198232
-0.337471
-0.470470
-0.272510
-0.048109
0.156956
0.312389
0.268312
0.187582
0.116320
0.119636
0.173158
0.108793
0.076461
0.041195
0.068471
0.142331
0.227251
0.145612
-0.009714
-0.154749
-0.305008
-0.427348
-0.332322
-0.141942
0.068106
0.227045
0.167047
0.080163
0.004623
-0.082624
-0.012259
-0.064027
-0.057101
-0.096504
-0.083980
-0.002125
0.111669
0.067636
-0.091263
-0.246050
-0.380696
-0.516634
-0.291608
-0.051251
0.159397
0.338090
0.301783
0.224286
0.152711
0.136354
0.183898
0.125629
0.086278
0.044296
0.073755
0.150246
0.229147
0.144687
-0.010902
-0.151259
-0.308676
-0.447400
-0.352896
-0.145053
0.066925
0.196667
0.151947
0.083100
0.004548
-0.014616
0.032419
-0.017971
-0.046264
-0.071033
-0.042581
0.069915
0.177283
0.095255
-0.069729
-0.211450
-0.355758
-0.510788
-0.348512
-0.099484
0.110249
0.264763
0.250347
0.197198
0.123902
0.044571
0.064770
0.045909
-0.010466
-0.049905
-0.012258
0.104667
0.210973
0.138432
-0.031400
-0.169442
-0.315792
-0.464419
-0.289214
-0.041444
0.170429
0.290660
0.244142
0.166978
0.086373
0.053198
0.090740
0.036503
0.007715
-0.008372
0.027304
0.141042
0.225805
0.140930
-0.030487
-0.182314
-0.336615
-0.478264
-0.380579
-0.156214
0.053385
0.210040
0.177662
0.118406
0.051958
-0.032682
-0.015556
-0.028497
-0.086649
-0.127252
-0.088248
0.030753
0.169018
0.123894
-0.042357
-0.174419
-0.309098
-0.453418
-0.213183
0.037707
0.258507
0.389476
0.318875
0.233751
0.148580
0.107367
0.144282
0.075568
0.061727
0.044186
0.085582
0.192220
0.253695
0.169154
-0.002456
-0.164675
-0.318586
-0.464416
-0.411755
-0.219613
0.002459
0.162491
0.116576
0.058567
-0.005014
-0.082721
-0.056465
-0.072060
-0.095073
-0.137005
-0.094853
0.033903
0.167488
0.117158
-0.054119
-0.188591
-0.316783
-0.449959
-0.194955
0.064850
0.283457
0.439047
0.367069
0.282749
0.200485
0.118562
0.156345
0.097988
0.061871
0.020458
0.059116
0.152003
0.220007
0.126908
-0.031991
-0.195494
-0.344160
-0.497602
-0.439002
-0.239076
-0.004533
0.159163
0.116722
0.055619
-0.009959
-0.088668
-0.065464
-0.078468
-0.077370
-0.119091
-0.081576
0.036930
0.165121
0.131540
-0.019997
-0.172078
-0.294117
-0.433716
-0.280911
-0.019733
0.201636
0.388262
0.332601
0.244379
0.155721
0.072937
0.154163
0.066841
0.069238
-0.001526
0.049377
0.154789
0.223335
0.134075
-0.012921
-0.174321
-0.320904
-0.494994
-0.459407
-0.248089
-0.004050
0.189781
0.165031
0.106008
0.040600
-0.064974
-0.021033
-0.089299
-0.052974
-0.134665
-0.103021
0.030902
0.193988
0.172771
0.019749
-0.131198
-0.248942
-0.390674
-0.243671
0.023207
0.243019
0.402710
0.329580
0.241796
0.154305
0.079310
0.173864
0.079184
0.079969
0.004779
0.055485
0.167434
0.225893
0.131944
-0.015009
-0.187179
-0.325625
-0.493552
-0.448925
-0.209898
0.030335
0.206187
0.181190
0.118321
0.049256
-0.053970
-0.007358
-0.089464
-0.053458
-0.128788
-0.086543
0.056223
0.210251
0.152204
-0.018520
-0.153266
-0.275895
-0.408722
-0.197451
0.074438
0.296517
0.434350
0.355081
0.268831
0.184678
0.113070
0.151852
0.088178
0.050914
0.007679
0.050276
0.150709
0.211276
0.115085
-0.044163
-0.200223
-0.351098
-0.513948
-0.459481
-0.265939
-0.016601
0.178810
0.154574
0.089941
0.024782
-0.077263
-0.090910
-0.090267
-0.075625
-0.150277
-0.127272
-0.015660
0.108359
0.086050
-0.085601
-0.215896
-0.330949
-0.458830
-0.187770
0.085141
0.307620
0.483560
0.404338
0.322040
0.236808
0.158761
0.196526
0.141773
0.095455
0.042870
0.084607
0.178802
0.208391
0.111337
-0.052149
-0.186398
-0.347855
-0.532235
-0.511416
-0.344350
-0.087410
0.119000
0.080619
0.024920
-0.027729
-0.151721
-0.193083
-0.177697
-0.068530
-0.122632
-0.117040
-0.008451
0.119183
0.096731
-0.076597
-0.203029
-0.294456
-0.408779
-0.152662
0.117193
0.327318
0.525289
0.463549
0.383337
0.302773
0.191213
0.198281
0.159112
0.108174
0.037439
0.088896
0.171874
0.165499
0.066771
-0.095096
-0.243343
-0.392736
-0.529433
-0.419239
-0.187602
0.056648
0.219809
0.133373
0.056318
-0.015937
-0.115726
-0.095658
-0.117541
-0.051563
-0.065924
0.006891
0.177802
0.257855
0.131938
-0.045178
-0.187931
-0.299696
-0.409482
-0.224142
0.029037
0.248481
0.432444
0.329827
0.247530
0.178255
0.046848
0.035575
0.026774
-0.037250
-0.127674
-0.059678
0.076514
0.151635
0.033607
-0.135221
-0.277692
-0.411910
-0.533534
-0.342823
-0.074207
0.157644
0.318446
0.229823
0.153624
0.084674
0.007941
0.056111
0.029852
0.018345
0.004191
0.084493
0.203635
0.241455
0.129265
-0.037437
-0.182076
-0.313590
-0.428049
-0.258987
-0.022946
0.195510
0.345122
0.252927
0.170184
0.095280
0.040320
0.084318
0.054236
-0.014871
-0.055303
0.010492
0.112563
0.137001
0.029109
-0.133198
-0.277351
-0.408296
-0.540187
-0.342133
-0.088635
0.145192
0.356395
0.297991
0.215470
0.144085
0.035795
0.035998
0.034619
-0.023514
-0.085082
-0.016400
0.117023
0.196061
0.081978
-0.086705
-0.229439
-0.358597
-0.470605
-0.274815
-0.028275
0.196457
0.348002
0.247747
0.164920
0.092517
0.001030
0.036377
0.022453
-0.031322
-0.061850
0.022037
0.171739
0.220727
0.105175
-0.066331
-0.207313
-0.338778
-0.458002
-0.276134
-0.038707
0.187056
0.354176
0.261139
0.181755
0.109214
-0.002203
0.005851
0.014832
-0.040319
-0.082498
0.005814
0.144399
0.246819
0.136157
-0.043423
-0.183300
-0.314667
-0.430643
-0.137355
0.134574
0.351603
0.485988
0.392391
0.314171
0.224288
0.119833
0.136387
0.103786
0.049217
-0.005093
0.066566
0.180835
0.193009
0.094105
-0.064711
-0.210367
-0.354853
-0.476075
-0.244760
0.014491
0.255760
0.324110
0.238001
0.165005
0.074157
-0.031888
-0.008985
-0.051753
-0.098133
-0.148066
-0.058416
0.117021
0.184877
0.075172
-0.090274
-0.234497
-0.364976
-0.475162
-0.211739
0.060830
0.276522
0.398010
0.306274
0.234231
0.144001
0.017742
0.023745
-0.004464
-0.066346
-0.129510
-0.060084
0.077803
0.143051
0.031263
-0.131235
-0.271921
-0.412398
-0.530105
-0.252545
0.015797
0.250475
0.344161
0.261417
0.190646
0.098441
-0.013362
0.006997
-0.021528
-0.076885
-0.114536
-0.021311
0.145191
0.203638
0.092565
-0.072635
-0.215732
-0.350332
-0.462127
-0.210126
0.054581
0.269992
0.381394
0.292179
0.218714
0.127491
0.000289
-0.010793
-0.025382
-0.088274
-0.145610
-0.066370
0.083366
0.151529
0.037077
-0.129593
-0.265344
-0.401925
-0.513851
-0.229604
0.041387
0.033031
0.147407
0.244902
0.214688
0.184619
0.161793
0.145377
0.134862
0.129695
0.129493
0.134034
0.143024
0.155861
0.170257
0.179596
0.148843
0.189154
0.219462
0.220134
0.293705
0.399920
0.486408
0.536164
0.552477
0.520030
0.439390
0.272480
0.326956
0.183434
0.024749
-0.134685
-0.021373
-0.032898
-0.106376
-0.182343
-0.220113
-0.203373
-0.213527
-0.178326
-0.159058
-0.155699
-0.152924
0.012880
0.092097
0.158862
0.150925
0.059807
0.009140
-0.004046
-0.046247
0.057271
0.037370
0.042667
0.018023
-0.006412
-0.030111
-0.053127
-0.074107
-0.091802
-0.105047
-0.113233
-0.115804
-0.112220
-0.095477
-0.061660
-0.008494
0.052843
0.106830
0.150551
0.188896
0.225415
0.260404
0.292327
0.318809
0.337771
0.347571
0.345082
0.329518
0.288754
0.240655
0.178444
0.105751
0.008640
-0.075042
-0.162404
-0.253768
-0.348885
-0.447469
-0.558957
-0.654319
-0.752554
-0.844789
-0.932898
-1.021783
-1.116044
-1.205267
0.066235
-0.006858
0.074768
0.084508
0.087843
0.098610
0.115261
0.132443
0.146684
0.154464
0.151999
0.138921
0.119052
0.096629
0.074564
0.054806
0.040699
0.030834
0.024319
0.020570
0.018630
0.018216
0.018709
0.017759
-0.033104
-0.054740
-0.067484
-0.122707
-0.107464
-0.140396
-0.181839
-0.261321
-0.237744
-0.226213
-0.302634
-0.431933
-0.692720
-0.728218
-0.753352
-0.815679
-0.649929
-0.744159
-0.633562
-0.550077
-0.581098
-0.650585
-0.744996
-0.727611
-0.701269
-0.000039
-0.010251
-0.003599
-0.043810
-0.052687
-0.046229
-0.035605
-0.030289
-0.033117
-0.047526
-0.048105
-0.053458
-0.047998
-0.036285
-0.028189
-0.037409
-0.062679
-0.094733
-0.119316
-0.094955
0.004203
0.074438
0.092639
-0.018586
-0.134761
-0.170072
-0.149436
-0.125527
-0.099724
-0.137249
-0.207122
-0.126886
-0.010414
0.041317
-0.013173
-0.050631
-0.030870
0.010561
0.054491
0.104910
0.165330
0.216568
0.253920
0.281923
0.305880
0.324639
0.275199
0.197584
0.110370
0.002538
-0.093299
-0.186376
-0.278701
-0.370215
-0.461022
-0.551116
-0.640994
-0.728904
-0.817189
-0.897232
-0.955314
-1.003467
-1.046975
-1.098633
-1.150044
-1.158516
-0.912675
0.019113
-0.072137
-0.057000
-0.088323
-0.121623
-0.152927
-0.176735
-0.192150
-0.198622
-0.191141
-0.165925
-0.134044
-0.098277
-0.063875
-0.035052
-0.013771
0.002582
0.059501
0.108078
0.134057
0.149603
0.161416
0.169702
0.172936
0.169375
0.159020
0.143141
0.107859
0.068761
0.018564
-0.069129
-0.053620
-0.069344
-0.097184
-0.147184
-0.215106
-0.292673
-0.379955
-0.495749
-0.013523
-0.032407
0.001307
-0.006745
-0.000218
0.009996
0.017831
0.021440
0.020709
0.018132
0.017225
0.020874
0.030917
0.047454
0.070246
0.097713
0.127300
0.158037
0.187428
0.215306
0.242309
0.268146
0.291614
0.310337
0.321560
0.323529
0.287010
0.255002
0.203552
0.136465
0.049369
-0.026666
-0.113441
-0.209334
-0.309964
-0.412915
-0.525595
-0.636632
-0.761481
-0.872117
-0.984736
-1.101663
-1.204050
-1.288136
-1.350664
-0.011217
-0.059164
-0.039204
-0.059960
-0.070297
-0.072837
-0.072004
-0.070355
-0.068893
-0.067590
-0.066298
-0.064777
-0.061625
-0.059448
-0.056575
-0.052081
-0.045970
-0.038093
-0.038532
-0.088766
-0.045281
-0.067786
-0.006491
0.186394
0.325334
0.402071
0.420577
0.393793
0.311207
0.186959
0.167597
0.383234
0.239189
0.337814
0.440749
0.383110
0.310356
0.429932
0.560074
0.548264
0.463535
0.337415
0.247266
0.161331
0.075524
-0.005624
-0.075299
-0.150691
-0.202499
-0.241771
-0.285347
-0.351096
-0.427625
-0.488678
-0.539737
-0.598178
-0.669936
-0.635600
-0.561386
-0.557827
-0.573176
-0.601570
-0.620382
0.085317
-0.008492
0.001745
0.008532
0.027665
0.051177
0.075424
0.098435
0.119321
0.138029
0.154532
0.168208
0.178366
0.181859
0.172683
0.158012
0.121004
0.201001
0.191909
0.262581
0.358366
0.402243
0.397599
0.364107
0.305844
0.246752
0.209220
0.155682
0.047218
-0.034716
-0.122461
-0.077556
-0.102030
-0.290735
-0.562827
-0.578532
-0.724072
-0.828081
-0.934848
-1.001497
-0.347982
-0.309292
-0.378816
-0.491866
-0.409341
-0.371102
-0.161208
-0.066817
-0.117667
-0.172251
-0.225313
-0.284254
-0.317137
-0.337454
-0.319610
-0.276323
-0.165870
0.395496
0.367558
0.360266
0.325128
0.273203
0.219501
0.164087
0.107437
0.295986
0.219872
0.155437
0.177515
0.091835
-0.016883
-0.087105
-0.090447
-0.099323
-0.103015
-0.095481
-0.076682
-0.048698
-0.017133
0.018727
0.059976
0.103058
0.138204
0.155459
0.160244
0.133474
0.162822
0.195855
0.194431
0.295695
0.414125
0.504873
0.558875
0.580749
0.568174
0.497903
0.339954
0.212050
0.091296
0.035679
-0.045911
-0.099156
-0.113121
-0.104080
-0.087791
-0.126469
-0.277042
-0.353513
-0.547579
-0.578441
-0.363173
-0.149808
0.104966
0.195762
0.133135
0.052337
-0.091200
-0.082305
-0.025308
0.170567
0.203969
0.470885
0.698012
0.732153
0.618484
0.485954
0.370924
0.277541
0.190534
0.108906
0.025049
-0.061718
-0.153288
-0.246780
-0.342753
-0.439293
-0.537970
-0.636506
-0.745076
-0.836329
-0.912588
-0.996650
-1.067742
-1.141707
-1.226390
-1.302910
-1.378707
-1.456952
-1.471787
0.419278
0.532531
0.662067
0.769646
0.857794
0.922733
0.018387
-0.077149
-0.056423
-0.077851
-0.097102
-0.113885
-0.127573
-0.136833
-0.140268
-0.126997
-0.093718
-0.048451
0.007042
0.062874
0.109164
0.182894
0.249881
0.301181
0.338355
0.364285
0.381789
0.392511
0.397301
0.397002
0.391278
0.379034
0.327228
0.251828
0.182718
0.088702
0.008837
-0.076767
-0.175019
-0.276912
-0.384601
-0.508052
-0.624022
-0.737617
-0.848715
-0.955330
-1.055156
-1.146265
-1.229874
-1.307584
-0.006860
-0.023461
-0.004989
-0.022375
-0.028631
-0.021463
-0.004657
0.016320
0.038231
0.061533
0.085920
0.110677
0.132761
0.146377
0.145549
0.137222
0.092869
0.121771
0.140344
0.151076
0.229309
0.390378
0.471117
0.492352
0.473809
0.429617
0.360896
0.290832
0.183412
0.044837
0.019014
0.016516
-0.030782
-0.176177
-0.284955
-0.429168
-0.317008
-0.139442
0.052275
0.184244
0.140647
0.092083
0.028380
-0.049218
-0.123395
-0.178854
-0.180485
-0.216559
-0.257669
-0.315302
-0.312760
0.017784
-0.134072
0.037915
0.095147
0.101678
0.075310
0.036864
-0.007314
-0.050619
-0.087906
-0.118031
-0.148840
-0.176183
-0.197709
-0.218909
-0.275800
-0.306935
-0.332458
-0.336301
-0.320479
-0.227799
-0.168965
-0.163527
-0.176876
-0.195016
-0.220778
-0.253174
-0.286516
-0.324125
-0.354265
-0.387053
-0.424178
-0.471221
-0.523653
-0.573991
-0.643418
-0.721571
-0.818053
-0.890403
-0.013393
-0.083127
-0.065951
-0.066024
-0.046106
-0.015884
0.017606
0.051439
0.086518
0.124107
0.161050
0.190124
0.202005
0.198629
0.198794
0.196338
0.283493
0.262449
0.326518
0.383845
0.432209
0.464369
0.486878
0.488536
0.423492
0.272587
0.147840
0.042522
0.017317
-0.058457
-0.060228
-0.084510
-0.126114
-0.149346
-0.139058
-0.121592
-0.119246
-0.124623
-0.129544
-0.133561
-0.143902
-0.202186
-0.256103
-0.337023
-0.417366
-0.501076
-0.587724
-0.677106
-0.767800
-0.861213
-0.955562
-1.050015
-1.115377
-1.083584
-1.013460
-0.958250
-0.953270
-0.961836
-0.962641
-0.011620
-0.097672
-0.072910
-0.105768
-0.133219
-0.146938
-0.148009
-0.139155
-0.122705
-0.100076
-0.072721
-0.044196
-0.020624
-0.009031
-0.011131
-0.011543
-0.009168
-0.000454
-0.034078
0.010095
0.028326
0.023831
0.191431
0.320278
0.397461
0.432569
0.420741
0.361259
0.287544
0.195867
0.124204
0.002619
-0.034625
0.011763
0.067710
0.017198
0.186509
0.228204
0.000878
-0.188747
-0.339454
-0.406658
-0.529415
-0.667778
-0.742170
-0.796121
-0.800402
0.029967
-0.068147
0.150644
0.161399
0.153786
0.145057
0.136942
0.130512
0.126604
0.125831
0.128379
0.134004
0.141553
0.150572
0.169050
0.212203
0.276080
0.348663
0.415196
0.468376
0.507512
0.533583
0.514739
0.505417
0.487455
0.465150
0.410431
0.341145
0.256872
0.187173
0.112192
0.031125
-0.055675
-0.148662
-0.248802
-0.351962
-0.462120
-0.565674
-0.665051
-0.714129
-0.874675
-0.928148
-1.008403
-0.017674
-0.092605
-0.070006
-0.068361
-0.048173
-0.016060
0.019993
0.058518
0.100514
0.145796
0.188413
0.217898
0.225570
0.223398
0.200200
0.257272
0.292071
0.294408
0.366557
0.413889
0.453382
0.485315
0.511412
0.511036
0.438772
0.265843
0.165629
0.071640
0.004792
-0.068364
-0.106013
-0.117417
-0.214822
-0.308288
-0.370153
-0.394878
-0.403987
-0.414823
-0.433671
-0.466913
-0.542435
-0.638275
-0.733079
-0.805762
-0.832399
-0.831269
-0.726831
-0.537404
-0.678715
-0.722180
-0.743320
-0.768963
-0.804255
-0.831607
-0.838258
-0.816344
-0.020438
-0.108122
-0.084078
-0.111251
-0.132065
-0.144247
-0.147873
-0.143351
-0.126877
-0.103236
-0.073028
-0.037418
-0.001126
0.030066
0.050595
0.061227
0.030914
0.076475
0.077003
0.087975
0.247341
0.396489
0.493118
0.539443
0.532410
0.469421
0.527345
0.389296
0.248275
0.180017
-0.095079
-0.246226
-0.096909
-0.161822
-0.159327
-0.174875
-0.190712
-0.311196
-0.401552
-0.373301
-0.242665
-0.083770
0.045250
0.130557
0.158289
0.106967
0.040082
-0.051354
0.072849
-0.026447
-0.041436
-0.071303
-0.097633
-0.114563
-0.121937
-0.120910
-0.112628
-0.100427
-0.087509
-0.060901
-0.020916
0.025073
0.065011
0.092974
0.102556
0.089951
0.155879
0.131030
0.246626
0.402776
0.510914
0.569758
0.584096
0.564850
0.489184
0.362721
0.254078
0.183846
0.003544
-0.023045
-0.067141
-0.161095
-0.206002
-0.200171
-0.116307
-0.063054
-0.134708
-0.288776
-0.314164
-0.483507
-0.497177
-0.227829
-0.030255
0.207599
0.396883
0.415489
0.327672
0.220023
