0.939106
0.969601
0.983032
0.998123
1.017669
1.041381
1.068719
1.098772
1.130423
1.162567
1.194311
1.225097
1.254815
1.283418
1.310511
1.332570
1.368305
1.416467
1.378252
1.294487
1.198244
1.106006
1.018207
0.933983
0.872978
0.855043
0.869111
0.880981
0.914711
0.965322
1.011420
1.055196
1.101064
1.144403
1.179988
1.207606
1.230192
1.350689
1.470773
1.558938
1.581674
1.520281
1.411904
1.315305
1.224515
1.126787
1.051715
1.002577
1.025578
1.102112
1.168439
1.222303
1.259768
1.274802
1.265256
1.225817
1.151930
1.102074
1.187529
1.369635
1.509362
1.573179
1.581077
1.558525
1.439037
1.177579
0.944493
0.978610
0.981110
0.962477
0.942028
0.923353
0.881435
0.904783
0.927761
0.945508
0.944600
0.943182
0.944705
0.950341
0.959902
0.973073
0.989435
1.008459
1.029520
1.051918
1.074895
1.097681
1.119553
1.139653
1.153454
1.203071
1.315319
1.336597
1.294788
1.238963
1.164587
1.066596
0.966712
0.874435
0.683687
0.469136
0.248052
0.019640
-0.182890
-0.360974
-0.519910
-0.660327
-0.781693
-0.876110
-0.951109
-0.905758
-0.730233
-0.551794
-0.346821
-0.079957
0.212904
0.512909
0.813974
1.086635
1.247842
1.214821
1.047358
0.952198
0.992604
1.030640
1.069862
1.107346
1.140259
1.166794
1.186796
1.203403
1.221365
1.332535
1.414194
1.439917
1.460764
1.442381
1.376785
1.289696
1.187824
1.077747
0.975212
0.919353
0.932423
0.941583
0.949564
0.957699
0.967007
0.977846
0.989769
1.002489
1.018889
1.143879
1.235758
1.253855
1.266099
1.275364
1.260817
1.212064
1.123918
1.008094
0.892008
0.831501
0.855356
0.876140
0.896106
0.916600
0.938653
0.961844
0.985000
1.007746
1.033406
1.166393
1.262299
1.280814
1.303342
1.329038
1.324457
1.277417
1.181169
1.053439
0.928242
0.874505
0.897000
0.916220
0.934831
0.954017
0.974678
0.996203
1.017674
1.038924
1.063185
1.196898
1.293243
1.310182
1.329485
1.351537
1.343279
1.292286
1.193546
1.065305
0.941395
0.884882
0.908267
0.924483
0.940007
0.955792
0.972711
0.991077
1.010883
1.032173
1.056617
1.165110
1.257868
1.290462
1.315001
1.339451
1.332121
1.279511
1.178428
1.045625
0.917262
0.858499
0.883224
0.900599
0.917212
0.934090
0.952292
0.972088
0.993062
1.015065
1.039641
1.147968
1.240550
1.271439
1.297141
1.322303
1.314800
1.263207
1.164015
1.032968
0.907072
0.850341
0.876050
0.894811
0.913048
0.931700
0.951717
0.973508
0.996995
1.021219
1.047844
1.159533
1.251691
1.283062
1.307620
1.330857
1.320292
1.265500
1.165172
1.034894
0.911466
0.851433
0.878831
0.899133
0.918657
0.938675
0.960300
0.983125
1.005970
1.028617
1.053263
1.162990
1.251524
1.279273
1.306024
1.327252
1.310593
1.252227
1.152211
1.024237
0.903796
0.854785
0.882161
0.902851
0.923049
0.943638
0.965527
0.988723
1.012316
1.036022
1.062120
1.174041
1.263178
1.292387
1.320102
1.343062
1.327809
1.269287
1.168607
1.041951
0.924608
0.867351
0.896895
0.919462
0.941427
0.964013
0.988258
1.013084
1.036826
1.059644
1.084304
1.195790
1.284643
1.314089
1.340583
1.357620
1.333859
1.268965
1.164693
1.033951
0.914140
0.860117
0.888705
0.910895
0.932760
0.955046
0.978669
1.003013
1.026725
1.049905
1.075088
1.187606
1.278180
1.308244
1.335678
1.354312
1.331869
1.267793
1.163490
1.032550
0.912443
0.857522
0.886699
0.909624
0.932433
0.955792
0.980580
1.005981
1.030800
1.054591
1.080081
1.194840
1.286588
1.317371
1.344621
1.360871
1.334571
1.267279
1.161769
1.030682
0.913127
0.848725
0.879434
0.904068
0.928476
0.953468
0.980034
1.006796
1.031780
1.055400
1.080507
1.193766
1.285084
1.316317
1.345090
1.360950
1.331998
1.262749
1.156699
1.025500
0.907718
0.850056
0.881834
0.907700
0.933547
0.959970
0.987843
1.015831
1.041900
1.066307
1.092067
1.205766
1.295556
1.326906
1.355385
1.370163
1.339868
1.269455
1.163875
1.035504
0.923118
0.858427
0.891203
0.917961
0.944647
0.972054
1.001109
1.029883
1.056128
1.080457
1.106130
1.221464
1.313202
1.345803
1.374936
1.388268
1.354217
1.279896
1.170331
1.036183
0.918378
0.854637
0.887256
0.914155
0.941101
0.968629
0.997625
1.026386
1.052558
1.076713
1.102008
1.216611
1.307984
1.339819
1.368460
1.380955
1.345718
1.270833
1.161749
1.028622
0.911589
0.848944
0.882107
0.909697
0.937458
0.965847
0.995745
1.025326
1.052527
1.077316
1.103238
1.220593
1.313914
1.346992
1.375745
1.386349
1.348108
1.270831
1.160696
1.026933
0.912214
0.842125
0.875390
0.903275
0.931252
0.959819
0.989917
1.019593
1.046517
1.071296
1.097407
1.214707
1.309864
1.344201
1.375525
1.389992
1.353898
1.276644
1.164830
1.028891
0.911146
0.844618
0.879569
0.908964
0.938709
0.969124
1.000978
1.032066
1.059906
1.085042
1.111254
1.228541
1.321930
1.355703
1.386521
1.398942
1.359887
1.280430
1.169094
1.036463
0.924607
0.853325
0.889176
0.919441
0.949901
0.981169
1.013733
1.045184
1.073071
1.098336
1.124806
1.244334
1.339888
1.375810
1.407683
1.419154
1.377209
1.294253
1.178516
1.039474
0.921423
0.850293
0.885644
0.915603
0.945754
0.976573
1.008669
1.039741
1.067324
1.092290
1.118339
1.236984
1.332393
1.366844
1.397914
1.409631
1.367824
1.285018
1.169875
1.031721
0.914115
0.844736
0.880784
0.911551
0.942566
0.974243
1.007245
1.039135
1.067667
1.093132
1.119576
1.240716
1.337971
1.373949
1.405191
1.414357
1.369010
1.283980
1.168098
1.029746
0.914864
0.840365
0.877712
0.909639
0.941825
0.974788
1.008785
1.041231
1.069617
1.095127
1.121565
1.241866
1.338550
1.374300
1.406571
1.418131
1.373807
1.288111
1.170676
1.030537
0.913063
0.839377
0.877129
0.909656
0.942465
0.975951
1.010517
1.043573
1.072534
1.098478
1.125289
1.245912
1.342291
1.378386
1.411096
1.422151
1.376414
1.289571
1.172945
1.036343
0.924282
0.844377
0.884170
0.918770
0.953713
0.989475
1.026010
1.060378
1.089943
1.116040
1.142889
1.264960
1.361368
1.398180
1.430907
1.440029
1.391127
1.301432
1.181517
1.039461
0.922375
0.845945
0.885546
0.919574
0.953884
0.988908
1.024658
1.058261
1.087099
1.112570
1.138749
1.260045
1.356777
1.392228
1.423850
1.433150
1.384400
1.294646
1.174614
1.032381
0.914951
0.834380
0.875067
0.910203
0.945722
0.981947
1.018944
1.053738
1.083870
1.110133
1.136923
1.260741
1.359325
1.397568
1.431043
1.438221
1.385620
1.293593
1.172803
1.030544
0.915790
0.832042
0.873533
0.909726
0.946174
0.983368
1.021126
1.056448
1.086647
1.113289
1.140476
1.263673
1.361091
1.397957
1.431412
1.441098
1.390338
1.298294
1.176554
1.033040
0.915938
0.832646
0.874855
0.911848
0.949216
0.987267
1.025866
1.061870
1.092506
1.119257
1.146375
1.269390
1.365902
1.401999
1.434947
1.443228
1.390355
1.297077
1.176614
1.037403
0.926596
0.840470
0.884006
0.921923
0.960101
0.999148
1.038603
1.075244
1.106243
1.133255
1.160711
1.285857
1.383917
1.422853
1.457747
1.464695
1.408025
1.310948
1.186208
1.040806
0.924048
0.838980
0.882438
0.920705
0.959072
0.998140
1.037542
1.073973
1.104670
1.131353
1.158329
1.282398
1.379466
1.415756
1.448691
1.455860
1.400162
1.303989
1.179970
1.035032
0.918454
0.832070
0.875829
0.914542
0.953408
0.993016
1.033042
1.070120
1.101614
1.128728
1.156078
1.282905
1.382701
1.423111
1.458960
1.464111
1.404031
1.304884
1.179054
1.032938
0.918203
0.829403
0.874415
0.914171
0.954081
0.994723
1.035571
1.073218
1.104838
1.132293
1.159920
1.285511
1.383327
1.420987
1.456056
1.463515
1.405091
1.306004
1.179896
1.033445
0.917079
0.829059
0.874415
0.915002
0.955715
0.997101
1.038897
1.077115
1.108903
1.136298
1.163724
1.289190
1.386470
1.423480
1.457361
1.463402
1.403921
1.304628
1.180133
1.037826
0.926912
0.834705
0.881996
0.923359
0.964733
1.006842
1.049031
1.087689
1.119951
1.147885
1.175899
1.303992
1.403599
1.445755
1.484678
1.491562
1.428879
1.324809
1.194137
1.043788
0.925992
0.835865
0.882622
0.924311
0.966091
1.008542
1.051065
1.089594
1.121192
1.148228
1.175152
1.301178
1.398894
1.436509
1.471353
1.476585
1.413830
1.311180
1.182765
1.034304
0.917351
0.827133
0.874000
0.916223
0.958515
1.001507
1.044629
1.083551
1.115505
1.142428
1.169231
1.297381
1.398127
1.439168
1.475486
1.478367
1.412252
1.307963
1.178570
1.029106
0.913212
0.819776
0.868866
0.911795
0.954668
0.998116
1.041234
1.080301
1.112579
1.140545
1.168153
1.295326
1.395142
1.436329
1.475202
1.484622
1.424008
1.320194
1.188346
1.035934
0.917127
0.823339
0.872485
0.915984
0.959427
1.003541
1.047484
1.086993
1.119051
1.146539
1.173680
1.301015
1.401116
1.442038
1.479587
1.486207
1.422557
1.317582
1.187341
1.039525
0.925277
0.830776
0.873895
0.920557
0.966810
1.013467
1.059308
1.100484
1.134186
1.163070
1.191341
1.320398
1.420409
1.464808
1.506956
1.515666
1.451221
1.343133
1.207767
1.052488
0.932736
0.836120
0.886506
0.930976
0.975208
1.019927
1.064039
1.103438
1.135166
1.162274
1.188795
1.316120
1.416644
1.457328
1.495229
1.502554
1.438091
1.330798
1.196641
1.042230
0.921522
0.824905
0.875850
0.920819
0.965569
1.010828
1.055386
1.095234
1.127599
1.155025
1.181704
1.311064
1.414845
1.459166
1.498071
1.503428
1.436104
1.325834
1.187882
1.028810
0.908131
0.809558
0.850194
0.898860
0.946983
0.995566
1.043111
1.085497
1.119674
1.148858
1.176904
1.304908
1.404384
1.442664
1.481261
1.493617
1.434066
1.329268
1.195767
1.040525
0.919448
0.819423
0.870835
0.918008
0.964804
1.012029
1.058307
1.099315
1.132012
1.160028
1.187052
1.315357
1.417833
1.460586
1.500619
1.511073
1.448366
1.340280
1.205137
1.052089
0.934656
0.839963
0.874575
0.924174
0.973223
1.022362
1.070144
1.112771
1.147052
1.176292
1.204345
1.334197
1.437216
1.483333
1.527269
1.537607
1.471296
1.359028
1.219564
1.060358
0.938017
0.837648
0.877467
0.927077
0.975943
1.024863
1.072433
1.114454
1.147730
1.175810
1.202574
1.329988
1.431829
1.473099
1.512530
1.522258
1.457476
1.347492
1.210364
1.052926
0.930538
0.829369
0.870092
0.920172
0.969458
1.018863
1.066988
1.109380
1.143032
1.170960
1.197502
1.326603
1.432241
1.476674
1.514493
1.519201
1.448104
1.333005
1.191311
1.027550
0.902154
0.802155
0.838606
0.888705
0.936700
0.985593
1.033882
1.077725
1.114072
1.145886
1.175732
1.273633
1.378233
1.422777
1.469727
1.482877
1.407673
1.291625
1.158134
1.008364
0.892133
0.803204
0.859127
0.909057
0.956940
1.005555
1.054062
1.098712
1.135912
1.167507
1.196619
1.293716
1.394104
1.436379
1.480431
1.484428
1.394929
1.270007
1.137374
0.996941
0.889687
0.808516
0.864827
0.915457
0.964020
1.013174
1.062162
1.107264
1.144655
1.176269
1.205774
1.304472
1.405803
1.453301
1.497782
1.497676
1.406074
1.278572
1.140051
0.988843
0.873034
0.789949
0.847056
0.898888
0.948400
0.998367
1.048195
1.094193
1.132691
1.165887
1.196471
1.294218
1.394274
1.432956
1.478175
1.485787
1.396130
1.268535
1.132550
0.986533
0.871445
0.805781
0.865176
0.915413
0.963488
1.011427
1.059278
1.102807
1.138595
1.168994
1.197647
1.296196
1.401047
1.452763
1.504564
1.510559
1.418074
1.284691
1.138633
0.978654
0.856245
0.776452
0.836580
0.889647
0.940587
0.991165
1.041284
1.087412
1.126318
1.161085
1.193376
1.292494
1.396066
1.448394
1.508761
1.525940
1.434315
1.298263
1.151519
0.993157
0.868518
0.799427
0.860788
0.912664
0.962430
1.011621
1.060197
1.104619
1.141452
1.173798
1.203637
1.300767
1.402716
1.445594
1.501795
1.522219
1.432873
1.296856
1.152369
1.000025
0.881229
0.813589
0.874393
0.926218
0.976175
1.025424
1.073784
1.117892
1.154338
1.186850
1.216975
1.315403
1.423875
1.489767
1.559206
1.578225
1.482427
1.339274
1.184150
1.017037
0.888185
0.801054
0.860420
0.913381
0.964639
1.015065
1.065064
1.111534
1.151128
1.186119
1.217518
1.313343
1.416487
1.468802
1.532067
1.554075
1.458912
1.310523
1.158781
1.008142
0.888835
0.884706
0.942271
0.989242
1.034554
1.077920
1.119387
1.154926
1.181264
1.202726
1.221490
1.310631
1.421911
1.493982
1.560533
1.574434
1.484537
1.341408
1.175138
0.988196
0.845129
0.736950
0.776090
0.834228
0.890256
0.946176
1.001658
1.054220
1.101069
1.143688
1.181305
1.276733
1.383329
1.435210
1.493248
1.520807
1.433611
1.283952
1.131714
0.982176
0.864338
0.913593
0.975169
1.025239
1.073475
1.118697
1.161290
1.198157
1.225667
1.246668
1.265019
1.352728
1.458377
1.526756
1.592020
1.603593
1.503902
1.355148
1.193458
1.021893
0.888052
0.785800
0.820589
0.877717
0.932970
0.987372
1.041060
1.091311
1.135348
1.175197
1.210864
1.307437
1.420693
1.485077
1.555106
1.582777
1.487801
1.333636
1.176205
1.023402
0.900453
0.904304
0.966271
1.016289
1.064263
1.109627
1.152156
1.188567
1.215423
1.236840
1.254793
1.340767
1.455235
1.524083
1.586482
1.597718
1.501499
1.354767
1.191742
1.014165
0.872848
0.764114
0.822509
0.878393
0.932144
0.985075
1.037046
1.085473
1.127663
1.164996
1.198018
1.291708
1.400662
1.456531
1.519591
1.548518
1.457796
1.304257
1.147862
0.997547
0.880124
0.907105
0.970193
1.022204
1.072287
1.118084
1.160141
1.195364
1.220215
1.239407
1.254451
1.337166
1.448943
1.522698
1.595829
1.617495
1.530888
1.382653
1.209288
1.015491
0.859370
0.744699
0.775286
0.835932
0.894081
0.951128
1.006881
1.058724
1.104878
1.146519
1.182892
1.275020
1.384611
1.437006
1.496723
1.532070
1.451517
1.303610
1.150890
1.000571
0.881025
0.917593
0.983124
1.036555
1.087730
1.134427
1.176600
1.211048
1.234361
1.251413
1.263683
1.343086
1.453604
1.527644
1.609001
1.645711
1.571740
1.423382
1.241548
1.036458
0.868263
0.751566
0.750664
0.814741
0.875979
0.935876
0.993937
1.047993
1.096547
1.140178
1.177978
1.268952
1.379510
1.435079
1.499646
1.542428
1.467927
1.321036
1.166793
1.014430
0.889907
0.926777
0.992542
1.045506
1.096304
1.142640
1.184624
1.219444
1.243497
1.259690
1.271353
1.350855
1.467600
1.541037
1.612669
1.633353
1.537132
1.382753
1.211946
1.029223
0.882822
0.774172
0.806824
0.868305
0.926834
0.983097
1.037359
1.087154
1.130412
1.168312
1.200932
1.289570
1.405842
1.463418
1.524387
1.557925
1.473469
1.324092
1.169446
1.018343
0.894863
0.899386
0.967565
1.023566
1.076861
1.125366
1.169327
1.205972
1.231678
1.250386
1.264030
1.342336
1.460511
1.529274
1.594584
1.615179
1.527657
1.381668
1.217393
1.040294
0.894992
0.788627
0.814465
0.878577
0.939423
0.997835
1.053402
1.103868
1.146955
1.184320
1.216311
1.303814
1.424730
1.490684
1.559373
1.595111
1.509882
1.361016
1.204866
1.049647
0.923334
0.890692
0.960740
1.018756
1.073573
1.123638
1.169098
1.207287
1.234857
1.255513
1.270496
1.322933
1.448584
1.546329
1.628218
1.653132
1.552708
1.389719
1.215011
1.032124
0.876788
0.763887
0.829173
0.891995
0.949782
1.004484
1.055884
1.102215
1.141228
1.174849
1.202895
1.264813
1.382261
1.449592
1.518622
1.557513
1.480453
1.333296
1.178834
1.022858
0.896169
0.861418
0.933489
0.992108
1.046020
1.096006
1.142122
1.182646
1.213871
1.236871
1.253755
1.307389
1.427873
1.513013
1.588378
1.615446
1.519327
1.357415
1.193180
1.036042
0.906657
0.837863
0.909767
0.968442
1.022176
1.072186
1.118349
1.158441
1.189005
1.212438
1.230236
1.283739
1.409053
1.490949
1.559374
1.585139
1.495643
1.345623
1.187301
1.022936
0.883499
0.784235
0.854017
0.920720
0.981695
1.038394
1.090359
1.135400
1.170821
1.199859
1.222818
1.279120
1.403816
1.470791
1.537652
1.577013
1.505421
1.364998
1.206630
1.032800
0.885930
0.782061
0.852039
0.919935
0.982275
1.040329
1.094048
1.141693
1.180528
1.212072
1.236200
1.292990
1.414890
1.486917
1.552098
1.586359
1.506406
1.354778
1.197660
1.042933
0.915120
0.856701
0.934052
0.996736
1.054027
1.106556
1.154431
1.195568
1.226112
1.246907
1.261645
1.313165
1.444260
1.523461
1.585738
1.605938
1.511326
1.354660
1.191025
1.022573
0.883014
0.788362
0.858601
0.927560
0.990479
1.048570
1.101785
1.147775
1.183975
1.212837
1.235349
1.291094
1.419266
1.481928
1.541135
1.575800
1.501267
1.360726
1.208210
1.044237
0.904819
0.809189
0.882099
0.950439
1.012947
1.070219
1.122821
1.168969
1.205508
1.233821
1.254935
1.309575
1.437064
1.504078
1.563712
1.594806
1.514260
1.363122
1.208294
1.056886
0.932360
0.869234
0.948244
1.013044
1.072129
1.125695
1.173564
1.213188
1.240987
1.259664
1.271655
1.319574
1.453639
1.539798
1.606784
1.631169
1.548160
1.399985
1.234274
1.053173
0.901469
0.790828
0.842317
0.914260
0.979439
1.039774
1.094999
1.143212
1.182198
1.214219
1.238933
1.295433
1.423807
1.489584
1.551711
1.589402
1.514332
1.370178
1.218699
1.064310
0.934604
0.869841
0.950710
1.016311
1.075575
1.129039
1.176832
1.216920
1.246081
1.265351
1.277987
1.328075
1.460955
1.548024
1.616104
1.636463
1.535803
1.370877
1.201159
1.028322
0.887881
0.797042
0.870699
0.942801
1.007987
1.067360
1.120548
1.165118
1.198651
1.224612
1.243193
1.296006
1.421033
1.487008
1.550730
1.588335
1.520492
1.383683
1.225064
1.046372
0.899028
0.790136
0.861114
0.932843
0.997742
1.056949
1.110776
1.157663
1.195658
1.225985
1.248343
1.303829
1.425304
1.508678
1.583108
1.618526
1.530602
1.367187
1.202705
1.045024
0.918195
0.891140
0.973698
1.040824
1.101061
1.154817
1.201715
1.239573
1.265172
1.280732
1.288675
1.335290
1.467291
1.560365
1.631686
1.650917
1.556337
1.398206
1.224680
1.037611
0.888803
0.782554
0.854214
0.927886
0.994443
1.055431
1.109865
1.155284
1.190329
1.217318
1.236482
1.314949
1.431004
1.485578
1.545521
1.581537
1.518398
1.390163
1.237449
1.064562
0.926095
0.820305
0.894457
0.965830
1.030673
1.090006
1.143088
1.187804
1.222748
1.248636
1.267269
1.346941
1.471697
1.549891
1.623108
1.648914
1.545672
1.378813
1.213491
1.059797
0.939515
0.889382
0.972106
1.040148
1.101629
1.155905
1.202308
1.237894
1.260337
1.273101
1.277817
1.349387
1.476847
1.553981
1.614770
1.629355
1.545047
1.404171
1.241277
1.060974
0.919299
0.814970
0.859124
0.931808
0.997104
1.056931
1.110758
1.156134
1.192061
1.219205
1.238312
1.317363
1.440758
1.511084
1.576809
1.605781
1.517821
1.372176
1.218633
1.061925
0.939324
0.859971
0.942108
1.014688
1.080054
1.138805
1.189803
1.230268
1.258256
1.276846
1.287217
1.363468
1.491436
1.575660
1.643483
1.654596
1.552572
1.397095
1.229028
1.051265
0.915695
0.816334
0.894367
0.966368
1.030658
1.088747
1.140292
1.182307
1.214104
1.236468
1.250615
1.329502
1.454023
1.525691
1.586987
1.606619
1.513825
1.365754
1.206154
1.036609
0.907245
0.822772
0.904431
0.978813
1.045393
1.105860
1.159163
1.202607
1.235363
1.258514
1.273644
1.355237
1.477268
1.556176
1.628175
1.645421
1.536446
1.372524
1.203942
1.033497
0.906804
0.840297
0.927081
0.998721
1.062402
1.119946
1.168145
1.204039
1.226856
1.239175
1.241495
1.321394
1.463129
1.556943
1.637764
1.670810
1.578527
1.420022
1.237321
1.040074
0.889091
0.781128
0.761596
0.842607
0.917408
0.986098
1.047279
1.098493
1.139502
1.170391
1.191959
1.282371
1.420141
1.525501
1.619740
1.654289
1.539174
1.360330
1.182094
1.018968
0.894488
0.797767
0.875304
0.952605
1.023898
1.087446
1.140739
1.180467
1.205125
1.218725
1.221626
1.301189
1.440121
1.548355
1.657435
1.714269
1.632809
1.467540
1.268992
1.058520
0.890882
0.781226
0.742344
0.825940
0.903372
0.974447
1.038011
1.091268
1.133522
1.165157
1.187023
1.279348
1.415121
1.509921
1.603302
1.644012
1.542074
1.377181
1.202698
1.034427
0.906310
0.808410
0.871488
0.947783
1.017933
1.081018
1.134358
1.174070
1.199890
1.214184
1.218016
1.299844
1.443450
1.553804
1.651859
1.685700
1.580613
1.412299
1.225119
1.031834
0.889803
0.791373
0.785369
0.867795
0.943248
1.012037
1.072265
1.120500
1.156278
1.181050
1.195539
0.906632
0.940971
0.964956
0.966638
0.972639
0.982925
0.997082
1.014530
1.034422
1.055723
1.077690
1.099662
1.119179
1.130682
1.199131
1.302052
1.304350
1.269818
1.224356
1.154611
1.061838
0.964637
0.876392
0.815234
0.775140
0.747728
0.750880
0.800037
0.849432
0.899595
0.955229
1.013722
1.078314
1.145662
1.211549
1.275221
1.385523
1.442725
1.468738
1.497268
1.492379
1.414036
1.319192
1.233098
1.156301
1.111408
1.123031
1.203055
1.269292
1.325539
1.371861
1.406463
1.426230
1.429783
1.420105
1.404470
1.491741
1.569090
1.626792
1.632754
1.568350
1.453837
1.335234
1.218713
1.108873
1.030866
0.962894
0.975845
1.049416
1.115003
1.174057
1.223428
1.259070
1.278587
1.285754
1.284133
1.399170
1.510128
1.570282
1.589694
1.552353
1.442778
1.310979
1.173124
1.034412
0.929800
0.846703
0.870183
0.948828
1.019064
1.081004
1.133352
1.172485
1.197703
1.210847
1.212931
1.333067
1.454984
1.522121
1.566181
1.551525
1.440110
1.299492
1.154232
1.008488
0.895397
0.804245
0.868887
0.947510
1.017386
1.078811
1.129884
1.167302
1.190262
1.200311
1.198573
1.315983
1.438244
1.512994
1.569122
1.560569
1.445094
1.296674
1.143396
0.989953
0.875163
0.785249
0.847327
0.928681
1.001858
1.067119
1.121724
1.162639
1.189191
1.201997
1.203297
1.324423
1.450320
1.536117
1.604057
1.608389
1.496295
1.340111
1.172676
1.000897
0.878966
0.789776
0.822791
0.906947
0.983492
1.050909
1.107483
1.149296
1.177610
1.192708
1.195911
1.318965
1.441596
1.524211
1.603059
1.630563
1.532396
1.379148
1.207617
1.030146
0.901822
0.809976
0.827904
0.912123
0.989247
1.057515
1.116024
1.160973
1.193280
1.212156
1.220343
1.344571
1.474816
1.576517
1.670126
1.682984
1.549352
1.371205
1.193459
1.027071
0.910754
0.829078
0.885686
0.970141
1.046234
1.114889
1.172718
1.215562
1.243250
1.256105
1.258270
1.378310
1.499319
1.600479
1.692920
1.699672
1.565771
1.390236
1.212499
1.044894
0.927523
0.844588
0.872306
0.956867
1.033137
1.102141
1.160740
1.204688
1.234196
1.249281
1.253859
1.375669
1.501901
1.601008
1.689323
1.694492
1.557407
1.379210
1.202050
1.037867
0.921402
0.837052
0.886867
0.973454
1.051801
1.121748
1.180714
1.224192
1.252015
1.264650
1.266430
1.386688
1.506473
1.607896
1.703014
1.716466
1.586457
1.409493
1.226600
1.051289
0.930972
0.848682
0.854285
0.943029
1.023580
1.096388
1.158460
1.205532
1.237952
1.255419
1.262377
1.385239
1.511034
1.607624
1.697292
1.703903
1.558971
1.370396
1.188386
1.025876
0.912272
0.829591
0.898707
0.985790
1.064935
1.134704
1.192401
1.233425
1.257625
1.266281
1.262699
1.378598
1.491758
1.581651
1.675569
1.708539
1.604929
1.435739
1.244792
1.052090
0.918453
0.834607
0.808094
0.898354
0.981010
1.054465
1.117851
1.167162
1.203093
1.224047
1.233839
1.358514
1.487077
1.583019
1.670606
1.695711
1.561578
1.365680
1.175766
1.015342
0.896792
0.833086
0.931716
1.018193
1.097090
1.163666
1.215305
1.248481
1.261453
1.257059
1.237449
1.343282
1.443483
1.524222
1.638156
1.714671
1.657745
1.486597
1.267182
1.041444
0.867454
0.767259
0.708605
0.735173
0.810737
0.894664
0.971039
1.037377
1.093203
1.135566
1.167214
1.300624
1.415452
1.497745
1.581309
1.617639
1.512113
1.323624
1.141177
0.995393
0.880438
0.871090
0.972268
1.059662
1.142075
1.207822
1.257461
1.287732
1.296501
1.287527
1.269102
1.368278
1.463879
1.548545
1.675639
1.754012
1.673502
1.487039
1.269217
1.050914
0.889141
0.793489
0.748875
0.841291
0.925645
0.999148
1.062359
1.112526
1.150524
1.173189
1.182385
1.303006
1.418767
1.489507
1.562061
1.596807
1.491794
1.311671
1.127741
0.965365
0.844702
0.792143
0.895622
0.981453
1.057944
1.121726
1.170737
1.201717
1.212785
1.206191
1.186662
1.247236
1.345940
1.457774
1.599196
1.703331
1.656031
1.477202
1.232687
0.983226
0.784773
0.686429
0.640547
0.733426
0.824117
0.904958
0.976455
1.036358
1.084697
1.119429
1.139097
1.227110
1.330513
1.425717
1.532378
1.590611
1.507301
1.338962
1.152274
0.984344
0.861149
0.780875
0.881843
0.969276
1.047941
1.114729
1.166664
1.199760
1.212808
1.207945
1.190879
1.255915
1.357844
1.466522
1.589326
1.661699
1.577604
1.400663
1.194780
0.984956
0.834501
0.746247
0.740018
0.834103
0.918440
0.992482
1.055480
1.104754
1.141244
1.162662
1.168646
1.249548
1.384966
1.499234
1.601898
1.638613
1.505028
1.305770
1.116322
0.958921
0.842744
0.768596
0.871951
0.966886
1.052385
1.125786
1.184134
1.223783
1.242258
1.241863
1.226241
1.292164
1.388298
1.481414
1.596771
1.674868
1.611544
1.447504
1.238160
1.018187
0.848552
0.758308
0.711168
0.803645
0.891202
0.968283
1.034757
1.088272
1.128797
1.154213
1.164479
1.248521
1.385589
1.496976
1.588716
1.621029
1.495702
1.300979
1.114906
0.961379
0.846127
0.778287
0.886123
0.983138
1.071395
1.145073
1.203020
1.240804
1.256109
1.252228
1.236191
1.300315
1.386861
1.483373
1.606895
1.689273
1.616655
1.442021
1.235770
1.028175
0.868532
0.776645
0.738630
0.831055
0.919436
0.997240
1.063876
1.116520
1.155706
1.178797
1.186593
1.269840
1.405802
1.511486
1.599919
1.635998
1.508214
1.309106
1.117489
0.958505
0.844793
0.777556
0.884858
0.983838
1.073107
1.148225
1.207197
1.246076
1.262599
1.258682
1.241731
1.304564
1.396219
1.498907
1.619460
1.694726
1.626204
1.457560
1.253390
1.049539
0.888117
0.798723
0.750547
0.834002
0.924912
1.004621
1.072422
1.124995
1.163671
1.186344
1.193211
1.275867
1.411711
1.511920
1.602750
1.639411
1.525504
1.342317
1.153701
0.985410
0.870641
0.798184
0.875372
0.971681
1.057472
1.130472
1.187818
1.224585
1.239933
1.234920
1.217386
1.281060
1.386511
1.482400
1.580937
1.636781
1.552815
1.389983
1.204232
1.017407
0.879744
0.799549
0.763713
0.859503
0.949165
1.027485
1.092821
1.141463
1.175383
1.192309
1.192665
1.273107
1.410266
1.519001
1.610891
1.647206
1.533049
1.353965
1.168093
0.994610
0.876193
0.800237
0.869144
0.965841
1.051293
1.125746
1.183801
1.221083
1.239734
1.238319
1.221752
1.288606
1.405229
1.512147
1.612817
1.662928
1.571579
1.403551
1.214802
1.026512
0.889339
0.813603
0.776375
0.874843
0.966654
1.047314
1.115139
1.166298
1.202631
1.221446
1.224520
1.308198
1.452590
1.564243
1.654457
1.687482
1.558053
1.362322
1.169880
1.006783
0.891398
0.814842
0.898076
0.999433
1.090535
1.167577
1.226728
1.263364
1.278123
1.271320
1.251743
1.312562
1.405177
1.494628
1.607750
1.689412
1.633212
1.464878
1.244709
1.020070
0.846795
0.763119
0.724839
0.804479
0.899276
0.981842
1.052049
1.107673
1.148496
1.171232
1.177019
1.258997
1.391190
1.481973
1.558373
1.594303
1.487770
1.303490
1.120821
0.970092
0.858258
0.787022
0.898932
0.999457
1.090764
1.164994
1.221082
1.254552
1.263632
1.252829
1.233595
1.292703
1.378411
1.474685
1.594308
1.681573
1.621589
1.445232
1.234222
1.030872
0.871834
0.789310
0.755445
0.841609
0.935680
1.017156
1.085329
1.137534
1.174309
1.191771
1.191172
1.272809
1.412596
1.511563
1.590889
1.626366
1.519333
1.341713
1.152802
0.977576
0.861028
0.793424
0.869042
0.969043
1.057482
1.132923
1.190702
1.225798
1.240196
1.232944
1.212754
1.273838
1.396739
1.500466
1.590762
1.637758
1.554268
1.393288
1.209194
1.026804
0.890041
0.816075
0.776816
0.875902
0.969479
1.050752
1.117808
1.166657
1.199241
1.212628
1.208788
1.288037
1.433495
1.545769
1.631461
1.670138
1.568940
1.391492
1.195440
1.008078
0.882244
0.817503
0.837166
0.943220
1.037105
1.119806
1.184929
1.227821
1.251287
1.253532
1.238937
1.306936
1.441169
1.547040
1.632258
1.672490
1.580927
1.414063
1.222572
1.033018
0.896388
0.825872
0.790867
0.892206
0.989329
1.073580
1.142747
1.192823
1.225783
1.239317
1.235554
1.315284
1.462655
1.573086
1.654614
1.688618
1.582311
1.404337
1.209054
1.022162
0.896040
0.828238
0.846020
0.953387
1.048716
1.131814
1.197157
1.240518
1.265274
1.269147
1.255132
1.325771
1.465797
1.571360
1.654336
1.686992
1.583365
1.407431
1.211817
1.019308
0.887865
0.822950
0.799025
0.903976
1.004424
1.092338
1.164193
1.215222
1.248120
1.260533
1.254866
1.332389
1.475184
1.574383
1.649671
1.683001
1.577173
1.397831
1.201379
1.012656
0.883917
0.816642
0.831853
0.940516
1.037137
1.121318
1.187948
1.231991
1.256547
1.259292
1.244678
1.312609
1.449160
1.543260
1.620291
1.660035
1.569988
1.397741
1.199007
1.000687
0.862545
0.799264
0.781460
0.887587
0.988057
1.075908
1.147931
1.199701
1.233595
1.246509
1.240668
1.317300
1.461679
1.562294
1.633357
1.665345
1.554884
1.371119
1.176309
0.995951
0.872017
0.806545
0.850404
0.961330
1.060835
1.144980
1.209887
1.250031
1.268494
1.264142
1.244672
1.304939
1.430683
1.521104
1.602663
1.660631
1.594263
1.430755
1.228179
1.025340
0.870508
0.795208
0.770000
0.853833
0.953846
1.040426
1.111762
1.165106
1.200890
1.215161
1.209835
1.287721
1.435974
1.535618
1.607629
1.649254
1.556224
1.379263
1.179641
0.988278
0.856203
0.793958
0.820850
0.934565
1.036538
1.124411
1.193355
1.237677
1.260489
1.260309
1.243432
1.305839
1.443381
1.541054
1.618839
1.662138
1.581562
1.416624
1.221336
1.028359
0.884045
0.812560
0.784096
0.871064
0.973891
1.062771
1.135686
1.188938
1.223680
1.236831
1.230473
1.305733
1.457780
1.566549
1.638842
1.676279
1.586871
1.413685
1.211409
1.011143
0.872760
0.811858
0.808705
0.923723
1.027248
1.117155
1.188759
1.236799
1.264796
1.269960
1.255166
1.320136
1.465061
1.571503
1.644210
1.679562
1.593890
1.428684
1.232673
1.037282
0.898463
0.833777
0.806520
0.886190
0.988513
1.084110
1.162692
1.219537
1.257261
1.273315
1.269328
1.345280
1.494519
1.598792
1.670618
1.708464
1.622497
1.454779
1.252965
1.052408
0.909610
0.841373
0.817854
0.911871
1.017895
1.111385
1.186829
1.239882
1.272701
1.282433
1.271998
1.342824
1.494250
1.602638
1.671125
1.702927
1.616428
1.452309
1.251934
1.045990
0.901112
0.836454
0.809738
0.886812
0.990762
1.088630
1.169733
1.228887
1.268360
1.285684
1.282109
1.356852
1.499801
1.593300
1.664324
1.706719
1.628564
1.459472
1.254182
1.050956
0.905094
0.836937
0.809841
0.889466
0.992269
1.090003
1.170579
1.228573
1.266405
1.281402
1.275758
1.347828
1.497526
1.603001
1.661689
1.685214
1.597684
1.438565
1.246022
1.044580
0.902608
0.840162
0.815025
0.888059
0.990580
1.091922
1.176695
1.240099
1.282984
1.303289
1.301719
1.377991
1.522919
1.614210
1.682198
1.712389
1.617954
1.442306
1.242052
1.046140
0.906387
0.843742
0.822571
0.929456
1.036330
1.127216
1.199388
1.248239
1.275662
1.279677
1.265229
1.299065
1.445062
1.559981
1.627257
1.634709
1.525481
1.363374
1.190041
1.019037
0.901830
0.843594
0.842585
0.962998
1.069878
1.160548
1.231834
1.278980
1.304561
1.307105
1.289194
1.320946
1.462031
1.570300
1.643755
1.665196
1.556000
1.380072
1.193074
1.015459
0.894999
0.841467
0.825725
0.935099
1.044200
1.138107
1.212831
1.262657
1.289843
1.292482
1.273928
1.304400
1.453251
1.572626
1.640967
1.647286
1.541260
1.380057
1.197615
1.007012
0.873667
0.809838
0.798825
0.921040
1.032801
1.127713
1.202955
1.252913
1.281326
1.286332
1.269245
1.300672
1.448889
1.558152
1.617440
1.642438
1.561064
1.405011
1.213575
1.007536
0.858847
0.798129
0.778671
0.877943
0.994105
1.093445
1.173214
1.229275
1.263469
1.273507
1.260067
1.295206
1.446677
1.561777
1.633984
1.666882
1.572447
1.397922
1.196955
0.995628
0.853917
0.795221
0.785557
0.904842
1.022101
1.123629
1.204871
1.260471
1.294081
1.303761
1.290376
1.323719
1.471529
1.587886
1.669750
1.701079
1.583624
1.392075
1.188985
0.996682
0.866213
0.812080
0.805010
0.925511
1.044228
1.147233
1.229607
1.285780
1.319412
1.328803
1.314905
1.347361
1.497567
1.611010
1.689670
1.721889
1.608653
1.414553
1.203425
1.000974
0.861122
0.808391
0.793509
0.912534
1.030884
1.132712
1.214078
1.269195
1.301804
1.309734
1.294027
1.326357
1.475999
1.591433
1.669527
1.701045
1.592029
1.405064
1.196821
0.995318
0.855134
0.797817
0.782384
0.901420
1.022526
1.127466
1.211316
1.268478
1.302702
1.312154
1.297939
1.330505
1.474677
1.581771
1.656768
1.691704
1.587126
1.399230
1.188845
0.982200
0.837298
0.783997
0.775376
0.896979
1.018633
1.123752
1.208283
1.266956
1.302669
1.313466
1.301188
1.335043
1.483864
1.591331
1.659724
1.687874
1.570153
1.373802
1.167797
0.971366
0.835039
0.781983
0.785385
0.915659
1.039367
1.145412
1.230411
1.288058
1.321921
1.330263
1.314526
1.344449
1.486804
1.587927
1.657724
1.692320
1.588660
1.400918
1.193427
0.992586
0.847130
0.791732
0.782245
0.891167
1.013122
1.118569
1.203189
1.262003
1.297215
1.307139
1.294045
1.327626
1.482003
1.589004
1.646495
1.666952
1.552934
1.360903
1.158202
0.958301
0.816343
0.762500
0.772281
0.906366
1.033633
1.142572
1.229941
1.289080
1.323279
1.331606
1.314540
1.341856
1.477469
1.564765
1.632917
1.675409
1.589072
1.408099
1.196844
0.987866
0.831387
0.775405
0.765236
0.868326
0.991057
1.097385
1.183182
1.243459
1.279961
1.290560
1.277268
1.310656
1.462691
1.571322
1.629816
1.649760
1.534979
1.341438
1.138742
0.939833
0.798989
0.748545
0.778936
0.919128
1.046720
1.155336
1.242038
1.300531
1.333775
1.341253
1.322567
1.345518
1.477402
1.558153
1.623610
1.673807
1.606224
1.430098
1.213652
0.998828
0.832234
0.776806
0.773801
0.868999
0.992230
1.097805
1.182305
1.241086
1.275610
1.283106
1.262802
1.290754
1.443342
1.558832
1.625250
1.654746
1.565909
1.393160
1.185772
0.972633
0.817171
0.759885
0.764313
0.895607
1.024320
1.134179
1.220935
1.278490
1.310256
1.315510
1.292937
1.313214
1.456797
1.562171
1.628796
1.665991
1.596141
1.434843
1.222893
0.999347
0.822086
0.763075
0.757733
0.860701
0.991168
1.102495
1.192461
1.255750
1.293837
1.306927
1.299089
1.333933
1.468032
1.547310
1.613073
1.658219
1.596884
1.427459
1.209333
0.983880
0.813824
0.754442
0.749795
0.874097
1.002044
1.109958
1.195464
1.252820
1.284509
1.292448
1.273290
1.294513
1.436348
1.551003
1.605241
1.623556
1.545367
1.395472
1.205996
0.989434
0.821936
0.761768
0.749312
0.855851
0.992493
1.111169
1.208181
1.277403
1.318879
1.335457
1.332210
1.370719
1.498875
1.558998
1.614268
1.645242
1.560554
1.388310
1.185732
0.980205
0.820502
0.763318
0.754632
0.876367
1.002930
1.108823
1.191167
1.245186
1.273584
1.278848
1.248851
1.258097
1.401344
1.528863
1.584177
1.592678
1.512565
1.373988
1.201061
0.998086
0.837150
0.771366
0.755357
0.866598
1.005988
1.125015
1.221606
1.290094
1.331087
1.347443
1.344004
1.378491
1.508737
1.562510
1.607427
1.633048
1.552333
1.381994
1.179982
0.970417
0.802263
0.747066
0.745495
0.852630
0.983282
1.093665
1.180649
1.239525
1.272062
1.279660
1.242410
1.256000
1.402083
1.531950
1.590367
1.599077
1.516625
1.374851
1.197000
0.990960
0.828466
0.763969
0.743761
0.845210
0.981665
1.106331
1.208937
1.284091
1.330851
1.352369
1.352816
1.366185
1.497014
1.556705
1.604410
1.628888
1.543178
1.367800
1.164069
0.962316
0.804778
0.758230
0.761406
0.871066
1.003291
1.115212
1.203433
1.263219
1.296212
1.303359
1.268277
1.253303
1.396974
1.530548
1.596462
1.601928
1.521378
1.375587
1.194326
0.987122
0.823330
0.763003
0.747707
0.862006
1.007438
1.132691
1.234731
1.307154
1.348468
1.366329
1.365857
1.378292
1.504276
1.554723
1.593931
1.614498
1.535612
1.369083
1.167840
0.966834
0.808309
0.759346
0.766294
0.879532
1.010477
1.119532
1.204610
1.261578
1.291908
1.300029
1.256418
1.238345
1.380469
1.506543
1.564384
1.568131
1.492757
1.351338
1.169793
0.962739
0.796634
0.741188
0.735040
0.869777
1.012341
1.132752
1.229283
1.295488
1.332379
1.347824
1.345979
1.380441
1.505042
1.550162
1.582111
1.595575
1.517702
1.355600
1.157771
0.950121
0.778822
0.723093
0.725257
0.837269
0.971543
1.085199
1.174617
1.235430
1.268978
1.277786
1.236943
1.248589
1.392316
1.519462
1.572207
1.569719
1.485247
1.343075
1.165419
0.955864
0.785470
0.725186
0.713801
0.816847
0.957660
1.093173
1.205511
1.289224
1.342072
1.369159
1.377675
1.416754
1.538755
1.564267
1.588177
1.599864
1.521530
1.358120
1.158462
0.959836
0.784767
0.722128
0.724346
0.795441
0.908837
1.029824
1.128481
1.200962
1.247297
1.263237
1.235538
1.257861
1.406501
1.541568
1.601543
1.599520
1.515330
1.374849
1.195649
0.976457
0.803779
0.735651
0.718605
0.817657
0.957250
1.098015
1.216564
1.306673
1.365620
1.399907
1.416675
1.459082
1.560514
1.583720
1.595289
1.595137
1.501201
1.333139
1.141313
0.959949
0.783688
0.724335
0.740223
0.802741
0.910966
1.031383
1.129940
1.204031
1.254389
1.282059
1.289210
1.339296
1.484861
1.585338
1.595973
1.547769
1.428443
1.283387
1.122618
0.940005
0.795168
0.744990
0.743783
0.878556
1.024220
1.143648
1.236428
1.298588
1.336698
1.361399
1.365728
1.408853
1.539445
1.588828
1.563671
1.510070
1.395979
1.246157
1.083817
0.907968
0.751463
0.716161
0.739752
0.841148
0.980417
1.105276
1.203548
1.271582
1.312842
1.337948
1.343878
1.390944
1.515664
1.573768
1.569194
1.536973
1.448955
1.310993
1.140509
0.951209
0.797331
0.754685
0.758026
0.832911
0.950363
1.080321
1.185348
1.260873
1.310587
1.342701
1.354361
1.404123
1.530167
1.576464
1.567673
1.523204
1.414403
1.270946
1.106100
0.924759
0.774582
0.731577
0.743205
0.798704
0.900050
1.034805
1.146098
1.229744
1.287580
1.320789
1.321997
1.359729
1.493002
1.557069
1.553286
1.515176
1.413984
1.274506
1.110406
0.927891
0.768051
0.727030
0.738333
0.796829
0.896773
1.037253
1.153639
1.241271
1.302021
1.341634
1.360915
1.419467
1.551604
1.594203
1.579504
1.533928
1.421206
1.272179
1.102795
0.915498
0.762917
0.723951
0.735827
0.822396
0.952100
1.082735
1.186873
1.260475
1.308205
1.340176
1.351492
1.402952
1.525967
1.567344
1.542678
1.485146
1.374851
1.236646
1.076538
0.895813
0.746783
0.714778
0.725726
0.778180
0.865263
1.009926
1.130520
1.221340
1.284476
1.326098
1.348741
1.413119
1.545549
1.578675
1.561233
1.516611
1.403817
1.245441
1.066287
0.885938
0.725806
0.678124
0.690310
0.733252
0.839696
0.968781
1.072974
1.149322
1.200755
1.238275
1.258542
1.323125
1.455204
1.503009
1.503535
1.470587
1.377367
1.228827
1.042697
0.853316
0.697884
0.649891
0.664092
0.735245
0.843095
0.977516
1.086115
1.164369
1.217020
1.256046
1.276679
1.338766
1.473789
1.516886
1.499717
1.459785
1.360831
1.207384
1.024340
0.844624
0.688946
0.642193
0.655613
0.711423
0.810012
0.946852
1.059291
1.142931
1.200644
1.243968
1.270521
1.339899
1.473379
1.516693
1.510352
1.475330
1.382027
1.232140
1.044346
0.855585
0.698474
0.655522
0.667897
0.723108
0.824095
0.962045
1.074366
1.157400
1.215068
1.259934
1.287062
1.356862
1.491875
1.528833
1.499946
1.444661
1.332252
1.178191
1.001269
0.826176
0.675816
0.635093
0.652157
0.710133
0.811062
0.951500
1.066590
1.152138
1.211582
1.256782
1.284291
1.353743
1.485546
1.520388
1.500256
0.906099
0.936002
0.961935
0.969832
0.978440
0.990806
1.006657
1.025566
1.047027
1.070450
1.095171
1.120450
1.145472
1.169534
1.192072
1.212090
1.225170
1.271259
1.333436
1.317695
1.245464
1.157749
1.062405
0.969844
0.899239
0.846739
0.814232
0.903155
1.043855
1.147626
1.250182
1.306229
1.374417
1.432674
1.447241
1.298001
1.174679
1.174668
1.171537
1.164638
1.155223
1.135121
1.104016
1.065316
1.019343
0.970259
0.915515
0.847323
0.768622
0.684597
0.905323
0.925908
0.944540
0.946839
0.949556
0.956468
0.967942
0.983807
1.003823
1.027698
1.055074
1.085506
1.118451
1.153253
1.188749
1.223148
1.254977
1.283639
1.309071
1.331102
1.349263
1.362929
1.371445
1.374196
1.370650
1.360326
1.342832
1.317617
1.283262
1.272014
1.271652
1.271272
1.270690
1.268781
1.263685
1.253949
1.238117
1.214779
1.194943
1.178556
1.161577
1.145423
1.129964
1.114921
1.102013
1.089832
1.062346
0.905964
0.918618
0.909439
0.882752
0.855684
0.832196
0.813673
0.800763
0.793868
0.793093
0.798304
0.809260
0.825684
0.847264
0.873606
0.904209
0.938407
0.975375
1.014175
1.053788
1.093182
1.131280
1.167145
1.199955
1.225329
1.278785
1.400855
1.497769
1.592918
1.684209
1.732880
1.508607
1.258063
1.273044
1.330122
1.447300
1.592102
1.733106
1.856136
1.881585
1.793624
1.791217
1.780726
1.754653
1.717502
1.673657
1.621916
1.585945
0.905958
0.936749
0.959868
0.963195
0.966008
0.972864
0.984862
1.001994
1.023659
1.046804
1.070300
1.096647
1.125772
1.155706
1.184952
1.211841
1.234944
1.253759
1.269406
1.293694
1.329687
1.413447
1.480669
1.550625
1.637971
1.700402
1.659336
1.523274
1.365223
1.258102
1.202175
1.252069
1.281528
1.290720
1.291334
1.293552
1.305868
1.320330
1.332144
1.339836
1.342255
1.338794
1.328732
1.311259
1.284692
1.247007
1.209273
1.221409
1.235764
1.249020
1.261660
1.274793
1.289657
1.306345
1.324362
1.343427
1.363497
1.384886
1.408838
1.436029
1.465928
1.496207
1.524732
1.553054
1.583052
1.605932
1.604119
0.906011
0.935736
0.963201
0.973652
0.985382
1.001261
1.021194
1.045013
1.072441
1.103084
1.136397
1.171538
1.207415
1.243132
1.278158
1.312177
1.344938
1.374907
1.400907
1.423193
1.441898
1.456612
1.466695
1.471457
1.470176
1.462016
1.444848
1.414005
1.426973
1.435925
1.437835
1.421674
1.386915
1.337576
1.275636
1.201382
1.114271
1.050262
0.996684
0.906249
0.933025
0.946530
0.942748
0.944735
0.952815
0.966360
0.984701
1.007203
1.033256
1.062299
1.093735
1.126888
1.160823
1.194481
1.226896
1.257161
1.284478
1.308193
1.327724
1.342438
1.351636
1.354544
1.350345
1.338185
1.316114
1.289701
1.296688
1.301354
1.302929
1.300844
1.293703
1.280729
1.262092
1.238017
1.208438
1.196373
1.188066
1.182069
1.176298
1.170556
1.165758
1.161355
1.156356
1.147808
0.905972
0.931177
0.948761
0.949112
0.950666
0.956644
0.967249
0.982487
1.002199
1.026074
1.053681
1.084512
1.117983
1.153495
1.190391
1.227985
1.265622
1.302713
1.338953
1.371632
1.400497
1.437123
1.416475
1.350969
1.251220
1.131831
1.019707
0.945464
0.870605
0.896974
0.942676
1.052131
1.166021
1.210046
1.234129
1.248610
1.255992
1.252626
1.230350
1.197232
1.161926
1.153458
1.157074
1.150868
1.130981
1.111629
1.086742
1.076854
1.067279
1.052305
1.030144
1.016444
1.030272
1.044859
1.055013
1.060119
1.061390
1.056197
1.042066
1.022943
0.998127
0.968532
0.933477
0.904778
0.920204
0.929165
0.922239
0.918827
0.921202
0.929099
0.942136
0.959824
0.981568
1.006664
1.034343
1.063818
1.094331
1.125301
1.156241
1.183886
1.205913
1.321341
1.364067
1.301693
1.226123
1.166315
1.121333
1.083026
1.044290
0.994610
0.942170
0.912398
0.863610
0.832093
0.853698
0.904751
1.049436
1.244136
1.367641
1.421272
1.454607
1.475433
1.486765
1.505116
1.617118
1.664681
1.669808
1.611700
1.568947
1.543764
1.526781
1.523787
1.530646
1.535674
1.541964
1.546034
1.545574
1.543570
1.498530
1.356106
1.344611
1.329010
1.307654
1.281484
1.253907
1.225940
1.197499
1.168427
1.144302
1.118894
1.092756
1.068204
1.047693
0.906087
0.935682
0.963734
0.977418
0.990945
1.007784
1.028865
1.053749
1.081831
1.112121
1.143297
1.174174
1.204087
1.233013
1.260985
1.287466
1.308352
1.341114
1.388330
1.346706
1.262928
1.170858
1.078505
0.986107
0.904447
0.847806
0.825005
0.844605
0.831244
0.829011
0.874344
0.914153
0.951239
0.989546
1.026533
1.058833
1.086370
1.112062
1.259038
1.392398
1.457666
1.445798
1.375542
1.298556
1.235847
1.167459
1.091143
1.010223
1.039402
1.078684
1.095867
1.099532
1.091985
1.067833
1.038664
1.054295
1.087923
1.115823
1.133997
1.138203
1.123306
1.124058
1.123526
1.122108
1.121738
1.122433
1.121441
1.113677
1.100511
1.127439
1.156419
1.183008
1.219051
1.259969
1.300539
1.339666
1.376430
1.412051
1.445436
1.454444
1.411382
1.356378
1.299537
1.243525
1.188879
0.906037
0.936494
0.965454
0.977820
0.991318
1.008919
1.030403
1.055435
1.083599
1.114363
1.146880
1.179781
1.211665
1.241600
1.269212
1.293374
1.313068
1.328251
1.338945
1.345024
1.346199
1.342001
1.331856
1.315059
1.290683
1.256175
1.233003
1.232849
1.231334
1.228345
1.222842
1.213725
1.200658
1.183268
1.161540
1.153743
1.148496
1.144134
1.140190
1.136170
1.131269
1.124550
1.115025
1.101770
0.906064
0.933565
0.956412
0.961758
0.968722
0.979949
0.995453
1.014999
1.038129
1.064161
1.092131
1.121014
1.149889
1.178059
1.205088
1.230641
1.254075
1.271447
1.321465
1.414639
1.413015
1.346270
1.277890
1.224108
1.182034
1.139723
1.082332
1.007605
0.918003
0.868367
0.877153
0.920038
0.988317
1.114825
1.211538
1.280321
1.304501
1.339447
1.381289
1.452026
1.494041
1.518386
1.532114
1.540043
1.543960
1.542719
1.539596
1.537707
1.527697
1.459687
1.212705
0.909281
0.844850
0.577463
0.306234
0.060843
-0.148142
-0.326053
-0.477808
-0.607312
-0.717343
-0.809418
-0.842301
-0.847307
-0.829392
-0.785597
-0.715532
-0.633620
-0.539398
-0.434170
-0.319260
-0.196946
-0.068069
0.067351
0.209284
0.357803
0.513310
0.676430
0.847302
1.021335
1.190478
1.359019
1.521071
1.665447
1.783162
1.878673
1.949018
1.993192
2.011113
2.001844
0.906050
0.934497
0.959528
0.967637
0.978262
0.993588
1.013242
1.036631
1.062888
1.090775
1.119159
1.147290
1.174951
1.201919
1.227681
1.248324
1.264112
1.363227
1.379119
1.322458
1.253640
1.173260
1.080316
0.986231
0.891920
0.818570
0.779113
0.771338
0.793223
0.844273
0.889815
0.934025
0.978460
1.021671
1.061346
1.096836
1.127019
1.152040
1.171964
1.186105
1.193617
1.194207
1.187346
1.194754
1.220034
1.249525
1.281426
1.314608
1.348457
1.382291
1.415048
1.446427
1.476741
1.501072
1.515068
1.515567
1.504400
1.487752
1.467833
0.905199
0.924337
0.942065
0.943686
0.946408
0.954052
0.966813
0.984515
1.006857
1.033418
1.063532
1.096355
1.131177
1.167545
1.205216
1.243796
1.282637
1.321021
1.357128
1.386686
1.435756
1.452848
1.420922
1.379091
1.336074
1.293811
1.237417
1.166539
1.069657
0.932064
0.793681
0.740062
0.805202
0.935118
1.141491
1.362851
1.566743
1.636637
1.587165
1.545324
1.490679
1.462629
1.457873
1.487000
1.530185
1.557147
1.527443
0.905711
0.936520
0.961550
0.965814
0.971157
0.980417
0.993362
1.009594
1.028648
1.049999
1.073021
1.097029
1.121323
1.145180
1.167628
1.187005
1.201530
1.209855
1.211113
1.204698
1.190016
1.165548
1.181980
1.203583
1.229675
1.258713
1.288943
1.318605
1.345721
1.367529
1.381191
1.384598
1.376244
1.355549
1.322731
1.277833
1.221811
1.160074
1.088138
0.951856
0.805459
0.782659
0.746675
0.906201
0.937683
0.966608
0.978613
0.992120
1.009814
1.031304
1.055835
1.082206
1.109140
1.135627
1.161215
1.185927
1.209595
1.231053
1.245731
1.293562
1.373895
1.353198
1.289312
1.212381
1.120727
1.020008
0.924221
0.835023
0.783300
0.759902
0.749913
0.768194
0.820498
0.868651
0.915486
0.963881
1.013229
1.062369
1.108431
1.150750
1.188640
1.221725
1.249901
1.273287
1.292883
1.313331
1.351667
1.387650
1.418900
1.440897
1.438223
1.440044
1.444867
1.443783
1.435483
1.420971
1.400076
1.371121
1.330890
0.906195
0.937540
0.967183
0.980081
0.994035
1.012102
1.034146
1.059885
1.088905
1.120635
1.154253
1.188576
1.222555
1.255566
1.287335
1.317736
1.346167
1.369616
1.418656
1.449074
1.400298
1.311796
1.210408
1.103976
1.003556
0.970813
1.007099
1.113241
1.250195
1.360519
1.370306
1.488780
1.557001
1.572774
1.563957
1.531779
1.547217
1.556156
1.562921
1.561599
1.547693
1.528912
1.513968
1.509395
1.515282
1.527868
1.541964
1.556663
0.905825
0.936435
0.965526
0.977673
0.990632
1.007471
1.028075
1.052168
1.079342
1.109067
1.140720
1.173456
1.205986
1.237086
1.266135
1.292961
1.317744
1.338877
1.357644
1.411031
1.397851
1.334779
1.248732
1.157111
1.060568
0.977568
0.930372
0.904384
0.909675
0.928482
0.957556
1.010004
1.060903
1.110203
1.160501
1.205804
1.238117
1.256118
1.271256
1.273868
1.266612
1.414473
1.544201
1.589551
1.576856
1.484134
1.339049
1.204371
1.079433
0.944724
