0.000033
0.000047
-0.000041
-0.000048
-0.000054
0.000009
0.000108
0.000238
0.000289
0.000283
0.000242
0.000196
0.000063
-0.000083
0.001203
0.019650
0.027726
0.014759
0.010396
0.013503
0.018616
0.024523
0.034370
0.042141
0.046501
0.040499
0.022148
0.005229
0.018989
0.052296
0.088944
0.129503
0.159864
0.168466
0.171430
0.178388
0.176399
0.139571
0.109218
0.096082
0.085586
0.101177
0.124437
0.136386
0.149362
0.168467
0.173716
0.169247
0.196455
0.237412
0.263296
0.253884
0.241598
0.228358
0.228077
0.267986
0.226001
0.121850
-0.098781
-0.309737
-0.532319
-0.733844
-0.921748
-1.047200
-1.047200
-1.043478
-0.998970
-0.829375
-0.691758
-0.709052
-0.765429
-0.722957
-0.532813
0.003727
0.014418
0.013537
0.008707
0.003804
-0.000574
-0.004081
-0.006609
-0.007992
-0.008272
-0.007464
-0.005614
-0.002744
0.001073
0.005667
0.010881
0.019866
0.049730
0.068895
0.049315
0.039914
0.040537
0.039292
0.039298
0.042298
0.041802
0.038187
0.005401
-0.073668
-0.115918
-0.110710
-0.106617
-0.086375
-0.059725
-0.037997
-0.022869
0.002987
0.012415
-0.000587
-0.011952
-0.073561
-0.141368
-0.235347
-0.347075
-0.434550
-0.505921
-0.570768
-0.614390
-0.615944
-0.611179
-0.613800
-0.628079
-0.650407
-0.641755
-0.599201
-0.535872
-0.458487
-0.379477
-0.295143
-0.231758
-0.200004
-0.174546
-0.168667
-0.180195
-0.176979
-0.158048
-0.137631
-0.117342
-0.105276
-0.127171
-0.135076
-0.100628
-0.079976
-0.045028
-0.011537
0.017487
0.036622
0.051985
0.078300
0.092034
0.080885
0.081981
0.087254
0.079816
0.075138
0.073716
0.075026
0.082353
0.086264
0.062001
0.043704
0.074642
0.095200
0.123886
0.145266
0.160290
0.167631
0.171596
0.185800
0.184870
0.160524
0.147788
0.144382
0.128544
0.115884
0.110353
0.109949
0.116973
0.120795
0.095203
0.079201
0.113387
0.134796
0.161434
0.178776
0.188904
0.191657
0.191683
0.202635
0.197996
0.170982
0.156261
0.150893
0.133701
0.121132
0.116098
0.116659
0.124675
0.134893
0.114921
0.088068
0.123659
0.150827
0.176208
0.193817
0.205031
0.207566
0.206369
0.213256
0.208654
0.182554
0.168722
0.165571
0.151156
0.140080
0.135170
0.137050
0.147533
0.158887
0.139624
0.111321
0.146251
0.173709
0.197719
0.213839
0.222571
0.222463
0.219937
0.226511
0.222036
0.195584
0.181014
0.177704
0.163745
0.152280
0.147550
0.149262
0.159193
0.169593
0.149897
0.121905
0.157250
0.184207
0.206418
0.220210
0.226468
0.223594
0.217906
0.222020
0.215627
0.185844
0.168829
0.164921
0.150366
0.139605
0.135525
0.138266
0.149158
0.161238
0.143117
0.114565
0.149961
0.177341
0.199077
0.211729
0.215604
0.211671
0.206269
0.211457
0.206854
0.180808
0.163546
0.158379
0.142493
0.130726
0.127773
0.130740
0.140711
0.153283
0.135037
0.109270
0.144840
0.171437
0.193042
0.205584
0.209981
0.205688
0.200056
0.205208
0.201115
0.177458
0.163001
0.159049
0.143268
0.132117
0.129686
0.133896
0.145846
0.160912
0.145477
0.119614
0.156083
0.183195
0.204021
0.214350
0.215076
0.208976
0.202414
0.207784
0.204466
0.180674
0.166626
0.163746
0.148652
0.138341
0.137372
0.142524
0.154595
0.169193
0.152491
0.126940
0.158883
0.184977
0.205054
0.215175
0.216164
0.209143
0.201861
0.207026
0.204639
0.183411
0.172244
0.170878
0.156749
0.146924
0.146313
0.152130
0.165111
0.179106
0.162187
0.135715
0.167029
0.192634
0.211288
0.219991
0.219201
0.210722
0.202052
0.206709
0.204864
0.182981
0.171766
0.171019
0.157252
0.148307
0.148589
0.155230
0.168755
0.184985
0.169996
0.144003
0.173638
0.198980
0.217032
0.224505
0.221757
0.212441
0.203918
0.209366
0.208582
0.189432
0.180907
0.182147
0.168353
0.158948
0.159672
0.166735
0.180412
0.196480
0.181314
0.154937
0.184468
0.209190
0.225349
0.230353
0.224673
0.211883
0.200222
0.203318
0.201172
0.181630
0.173159
0.174502
0.161957
0.154298
0.156692
0.165361
0.180846
0.199340
0.187271
0.163920
0.194232
0.219994
0.236554
0.240784
0.233658
0.220601
0.209146
0.213107
0.211882
0.193014
0.186146
0.188661
0.175702
0.167593
0.170071
0.179035
0.194489
0.212426
0.198600
0.173109
0.200456
0.224636
0.239296
0.242204
0.233640
0.218556
0.205493
0.208575
0.207318
0.189458
0.183419
0.187280
0.175238
0.167798
0.171006
0.180626
0.196502
0.214709
0.201221
0.175773
0.203164
0.226922
0.240763
0.242849
0.232973
0.216906
0.203155
0.206617
0.206392
0.189296
0.185406
0.190140
0.178973
0.172927
0.177388
0.188241
0.205162
0.224752
0.212851
0.188602
0.214204
0.238089
0.252102
0.254150
0.244697
0.229314
0.216528
0.221561
0.221743
0.206734
0.204426
0.210063
0.198008
0.190048
0.193171
0.203245
0.219868
0.239013
0.226735
0.201315
0.227643
0.251166
0.263030
0.262280
0.249327
0.230618
0.214806
0.217854
0.216357
0.200067
0.196871
0.202709
0.191173
0.184236
0.188707
0.199955
0.217778
0.238860
0.229547
0.207732
0.235585
0.259826
0.271863
0.270187
0.256786
0.237766
0.221971
0.225313
0.224981
0.209914
0.209037
0.215293
0.203274
0.196045
0.200542
0.212143
0.230085
0.250619
0.239612
0.215580
0.241255
0.264458
0.275417
0.273301
0.258960
0.238931
0.222436
0.225235
0.224612
0.210039
0.209062
0.216478
0.204785
0.197462
0.201959
0.213595
0.231456
0.251863
0.240929
0.216607
0.242667
0.265585
0.275743
0.272726
0.257041
0.235946
0.218738
0.221768
0.222702
0.208984
0.210608
0.218683
0.208113
0.202311
0.208235
0.221219
0.240162
0.262122
0.253139
0.229742
0.254438
0.277688
0.287303
0.282882
0.266970
0.245421
0.227866
0.230469
0.231071
0.218316
0.219668
0.227912
0.216430
0.209193
0.214161
0.226503
0.245064
0.266423
0.256860
0.233368
0.258945
0.281428
0.290012
0.284811
0.267290
0.244395
0.225723
0.227529
0.227740
0.215091
0.216636
0.225242
0.213853
0.207045
0.212744
0.225794
0.245404
0.268474
0.261614
0.239247
0.264735
0.288384
0.296596
0.289519
0.270899
0.246698
0.226885
0.228672
0.229663
0.217866
0.221572
0.230957
0.220038
0.213704
0.220087
0.233953
0.253868
0.276987
0.269262
0.246240
0.270992
0.293657
0.300919
0.293292
0.274067
0.249201
0.229045
0.230429
0.231318
0.219947
0.223398
0.233500
0.222819
0.216278
0.222402
0.236019
0.255691
0.278563
0.270775
0.246983
0.271379
0.293788
0.300263
0.291922
0.271352
0.245440
0.224627
0.226295
0.228918
0.218633
0.225067
0.236085
0.226087
0.221031
0.228778
0.243853
0.264767
0.289029
0.282874
0.259889
0.283791
0.306387
0.312245
0.302580
0.281617
0.255169
0.233828
0.234710
0.236499
0.226608
0.231971
0.242628
0.231861
0.225287
0.231923
0.246277
0.266645
0.290378
0.283725
0.260229
0.284052
0.306081
0.311038
0.300594
0.278039
0.250298
0.227811
0.228084
0.229618
0.220097
0.225819
0.237380
0.226921
0.220925
0.228514
0.243729
0.265282
0.290056
0.285527
0.264869
0.288112
0.310545
0.315635
0.304187
0.280903
0.252488
0.229419
0.229782
0.232557
0.224287
0.232425
0.244337
0.233567
0.227763
0.236057
0.252208
0.274260
0.299568
0.294533
0.272243
0.296266
0.318077
0.321877
0.309390
0.285062
0.255603
0.231854
0.231574
0.233848
0.225604
0.233176
0.245777
0.235444
0.229434
0.237407
0.253248
0.274965
0.299657
0.294130
0.271519
0.295222
0.316577
0.319840
0.307003
0.281591
0.251857
0.228006
0.228172
0.232691
0.226021
0.237296
0.250837
0.240882
0.236160
0.245649
0.262810
0.285896
0.312344
0.308616
0.287291
0.309682
0.331129
0.333659
0.318901
0.292640
0.261653
0.236571
0.235478
0.238517
0.231537
0.240574
0.253744
0.243142
0.236875
0.245394
0.261971
0.284492
0.310185
0.305852
0.283522
0.306307
0.327293
0.328846
0.313017
0.284791
0.253442
0.227905
0.226078
0.228959
0.222654
0.232294
0.246154
0.236780
0.231730
0.241284
0.258612
0.282287
0.310239
0.309067
0.290314
0.313722
0.335346
0.337689
0.322276
0.295648
0.264398
0.239105
0.238234
0.243328
0.238699
0.250805
0.264202
0.252352
0.245706
0.254673
0.272057
0.295696
0.322917
0.320172
0.297481
0.319923
0.340704
0.340705
0.322079
0.292015
0.259077
0.232494
0.229775
0.233138
0.227839
0.238477
0.253305
0.243624
0.238341
0.248227
0.266035
0.289644
0.317080
0.314686
0.290525
0.311992
0.332615
0.332313
0.313282
0.282487
0.250343
0.224745
0.223055
0.229076
0.225886
0.241177
0.257309
0.248889
0.245433
0.256708
0.275428
0.299954
0.330146
0.331298
0.309956
0.332907
0.354519
0.354781
0.336548
0.308614
0.276193
0.250252
0.248494
0.255226
0.252686
0.265714
0.279504
0.267793
0.260081
0.267711
0.284077
0.307142
0.334698
0.333008
0.308692
0.330871
0.351154
0.349607
0.329122
0.297773
0.265074
0.239117
0.235232
0.239769
0.236458
0.248692
0.263384
0.253741
0.248171
0.257867
0.275717
0.300412
0.331224
0.334431
0.317253
0.339021
0.360567
0.360662
0.341694
0.312867
0.279111
0.251662
0.249384
0.257136
0.255695
0.270793
0.285735
0.273258
0.265284
0.273504
0.290816
0.314976
0.344373
0.344736
0.322413
0.345124
0.365712
0.363529
0.342005
0.310537
0.276134
0.249005
0.244602
0.250197
0.247765
0.260781
0.276114
0.265730
0.258822
0.267560
0.285027
0.309081
0.339283
0.340886
0.319204
0.343391
0.364366
0.362632
0.341868
0.311303
0.277622
0.251557
0.248396
0.257230
0.256911
0.274159
0.290354
0.280540
0.275153
0.284394
0.301862
0.326331
0.357617
0.361381
0.341143
0.362520
0.384126
0.381305
0.358083
0.325374
0.289573
0.261601
0.255060
0.260056
0.257168
0.268860
0.284417
0.274767
0.266967
0.274323
0.290525
0.313569
0.343222
0.345052
0.324015
0.347876
0.368388
0.365674
0.343623
0.312028
0.278975
0.253421
0.248042
0.255127
0.254577
0.268517
0.283974
0.273608
0.265912
0.273606
0.290386
0.314834
0.346121
0.350236
0.331522
0.353073
0.373897
0.372018
0.350535
0.319943
0.285152
0.257963
0.253627
0.263214
0.264780
0.282059
0.297596
0.284750
0.275628
0.283168
0.300455
0.325058
0.356425
0.359757
0.340175
0.361135
0.381361
0.377742
0.353952
0.320590
0.284255
0.255823
0.249528
0.256745
0.256910
0.271622
0.287994
0.277350
0.269240
0.277155
0.294483
0.318840
0.349827
0.352882
0.332932
0.354298
0.374400
0.370715
0.346834
0.313181
0.277672
0.250282
0.244905
0.254228
0.255813
0.274759
0.293067
0.285726
0.281250
0.291380
0.309593
0.335199
0.369298
0.378154
0.357342
0.371554
0.397163
0.394320
0.366799
0.327722
0.286809
0.252299
0.235772
0.237001
0.234036
0.237403
0.250258
0.237279
0.228265
0.240214
0.260679
0.285867
0.318880
0.328229
0.306822
0.324263
0.350250
0.347108
0.317229
0.273080
0.226129
0.186276
0.170362
0.174892
0.174585
0.180771
0.193187
0.179464
0.172779
0.190805
0.218023
0.248508
0.286954
0.305700
0.290757
0.309740
0.337997
0.336598
0.307334
0.263254
0.217024
0.179655
0.168712
0.179569
0.187349
0.204002
0.219703
0.207740
0.203372
0.221268
0.247205
0.277191
0.315839
0.334355
0.318234
0.336849
0.364526
0.361106
0.329198
0.282002
0.231940
0.189641
0.172204
0.177146
0.179910
0.187644
0.201682
0.186170
0.177215
0.193971
0.220517
0.249879
0.287492
0.312423
0.300522
0.323104
0.353112
0.352072
0.322464
0.277452
0.230357
0.193135
0.181974
0.196512
0.211102
0.233776
0.251076
0.237700
0.230235
0.246543
0.271302
0.301072
0.340497
0.366336
0.353770
0.374301
0.402567
0.398193
0.365047
0.316688
0.265371
0.221486
0.200424
0.207958
0.216230
0.225970
0.239037
0.220270
0.207540
0.222789
0.248841
0.279319
0.319172
0.347803
0.336601
0.358451
0.387065
0.382525
0.348885
0.299497
0.247003
0.202427
0.183015
0.193162
0.204676
0.217634
0.233921
0.214583
0.199951
0.214024
0.239986
0.270755
0.311606
0.344285
0.338132
0.361547
0.390489
0.386016
0.353543
0.305791
0.255255
0.213173
0.196140
0.213144
0.234059
0.255069
0.270260
0.249908
0.236453
0.251475
0.278413
0.311465
0.355041
0.380201
0.364998
0.381481
0.404125
0.394129
0.355465
0.300675
0.241171
0.187243
0.159625
0.165055
0.171713
0.176743
0.189071
0.170258
0.150966
0.164862
0.195834
0.229572
0.270215
0.313459
0.321301
0.346984
0.376089
0.372366
0.342336
0.296351
0.247783
0.211176
0.202197
0.230888
0.263378
0.299272
0.317536
0.306306
0.300124
0.314482
0.339107
0.372751
0.417687
0.437620
0.421871
0.433335
0.453385
0.441262
0.401318
0.344795
0.282477
0.222692
0.185051
0.180525
0.174670
0.162523
0.157806
0.137286
0.113870
0.123449
0.149384
0.178114
0.212458
0.255184
0.271176
0.299805
0.331783
0.331711
0.304258
0.256678
0.203394
0.160730
0.154744
0.184160
0.221611
0.258794
0.277608
0.261123
0.252311
0.269164
0.299307
0.338648
0.389704
0.419519
0.410410
0.423386
0.444516
0.433562
0.394335
0.338813
0.278459
0.222297
0.189728
0.194383
0.202188
0.204925
0.211990
0.189585
0.167636
0.178901
0.207813
0.239660
0.278839
0.321868
0.328123
0.352771
0.380789
0.373612
0.340670
0.292139
0.239558
0.196547
0.183154
0.209226
0.240984
0.273072
0.288737
0.273485
0.264810
0.279945
0.307665
0.344191
0.392001
0.418077
0.405205
0.421829
0.443167
0.431921
0.392753
0.337339
0.276656
0.219827
0.186345
0.189182
0.193639
0.195635
0.202689
0.182864
0.159861
0.169378
0.196611
0.226089
0.261539
0.304842
0.320592
0.349829
0.380322
0.376268
0.347696
0.302681
0.253251
0.213899
0.204338
0.236361
0.274028
0.313535
0.331292
0.319820
0.312477
0.325624
0.351371
0.388331
0.437278
0.460820
0.447740
0.459698
0.479871
0.467265
0.428147
0.373421
0.313440
0.254777
0.217883
0.215137
0.213228
0.204309
0.199377
0.177502
0.152018
0.157367
0.179149
0.205375
0.238627
0.281519
0.301832
0.335106
0.368272
0.366178
0.340606
0.300190
0.256209
0.220987
0.216169
0.252808
0.293843
0.338604
0.360651
0.351227
0.343609
0.353397
0.374861
0.409669
0.456754
0.477287
0.463939
0.472095
0.491481
0.478590
0.440757
0.388412
0.330781
0.273422
0.238425
0.237631
0.237300
0.229627
0.223529
0.200122
0.172682
0.175105
0.192986
0.215258
0.243837
0.281946
0.292798
0.320949
0.351384
0.346353
0.316508
0.270439
0.218988
0.176125
0.166710
0.200095
0.240666
0.281616
0.301075
0.284566
0.274613
0.289343
0.318490
0.357073
0.406796
0.434766
0.424867
0.437809
0.459336
0.447922
0.408251
0.353252
0.293765
0.236418
0.203077
0.206659
0.212274
0.212939
0.219170
0.200934
0.179239
0.187178
0.210478
0.238200
0.272243
0.312684
0.318655
0.345990
0.375895
0.369041
0.337513
0.292205
0.243059
0.201408
0.188275
0.217111
0.251350
0.286345
0.304791
0.290258
0.280466
0.292545
0.318165
0.354371
0.402602
0.430073
0.420671
0.433730
0.455364
0.444863
0.407212
0.355929
0.301098
0.247973
0.217980
0.225785
0.237181
0.244090
0.253516
0.232665
0.210570
0.218201
0.240198
0.268096
0.302918
0.337820
0.334175
0.357714
0.384755
0.373655
0.337355
0.289218
0.237572
0.191465
0.168425
0.193650
0.228232
0.257421
0.275180
0.257850
0.244851
0.261922
0.288991
0.325278
0.370983
0.410580
0.407763
0.414040
0.433537
0.423885
0.387901
0.339293
0.285358
0.232769
0.197179
0.205536
0.218524
0.224036
0.232525
0.218628
0.196151
0.203158
0.223896
0.249292
0.280903
0.314595
0.311384
0.322964
0.347117
0.340282
0.305547
0.255756
0.199999
0.147584
0.119748
0.136843
0.162081
0.188683
0.213932
0.202634
0.185087
0.198664
0.229962
0.265529
0.306203
0.345820
0.345748
0.357117
0.381239
0.374132
0.339884
0.292158
0.239926
0.192013
0.164650
0.180999
0.205377
0.225468
0.244329
0.227981
0.213752
0.228280
0.251581
0.282492
0.322541
0.362079
0.361397
0.370387
0.395526
0.390558
0.359713
0.318866
0.275135
0.233393
0.208547
0.228090
0.252336
0.269862
0.281584
0.265958
0.247799
0.254885
0.268133
0.288632
0.321350
0.351407
0.342749
0.349211
0.371605
0.365034
0.332077
0.286003
0.234634
0.183555
0.149503
0.160747
0.176382
0.184583
0.197361
0.193369
0.173674
0.181771
0.208435
0.237798
0.271956
0.307631
0.304635
0.316043
0.341758
0.336352
0.304026
0.257745
0.206394
0.159423
0.136480
0.158046
0.186271
0.216430
0.239694
0.225335
0.212830
0.228765
0.252574
0.282311
0.320592
0.358512
0.358878
0.368061
0.394389
0.389804
0.357622
0.313388
0.265324
0.219206
0.190433
0.204751
0.225469
0.238973
0.252698
0.237554
0.219534
0.228109
0.242797
0.263157
0.295772
0.325580
0.316652
0.324183
0.349142
0.343890
0.311310
0.265747
0.215321
0.165834
0.134585
0.149046
0.168233
0.183233
0.200394
0.192102
0.172061
0.180725
0.207824
0.238091
0.273356
0.311815
0.313220
0.327532
0.354675
0.348856
0.317975
0.276745
0.232843
0.193313
0.174666
0.202922
0.237342
0.265900
0.284507
0.274071
0.263812
0.276031
0.291124
0.314114
0.352071
0.381872
0.373962
0.377763
0.400545
0.394697
0.362496
0.319380
0.272303
0.224473
0.192547
0.204374
0.219413
0.223631
0.232168
0.216900
0.194870
0.201030
0.222057
0.245842
0.276154
0.305710
0.296970
0.306362
0.332361
0.325263
0.291708
0.247484
0.199272
0.154038
0.130984
0.155073
0.184617
0.215111
0.237452
0.219654
0.204809
0.221136
0.246508
0.277367
0.316729
0.358408
0.361849
0.371917
0.400537
0.396451
0.364814
0.323720
0.279876
0.237936
0.213732
0.235759
0.260105
0.276876
0.290360
0.279130
0.263887
0.271364
0.282549
0.301098
0.334976
0.360218
0.347215
0.351186
0.373705
0.366736
0.332454
0.287281
0.237143
0.185860
0.150819
0.162169
0.175718
0.183652
0.193006
0.182938
0.160858
0.169564
0.195484
0.225329
0.259800
0.297671
0.298735
0.313413
0.339577
0.331561
0.299168
0.257733
0.212606
0.171174
0.153224
0.184708
0.218990
0.251512
0.269156
0.257491
0.248822
0.266553
0.288776
0.318867
0.361717
0.394750
0.391310
0.413056
0.443478
0.435958
0.403306
0.364213
0.322959
0.280137
0.262947
0.283393
0.297068
0.308896
0.321335
0.306652
0.290586
0.293251
0.305776
0.325081
0.357157
0.370454
0.350534
0.366876
0.391002
0.378410
0.339289
0.292109
0.242078
0.191759
0.166413
0.184584
0.197819
0.214502
0.233342
0.211203
0.190722
0.204202
0.236029
0.270068
0.308772
0.343409
0.339496
0.365465
0.397269
0.383700
0.345483
0.301546
0.256991
0.216782
0.203827
0.235055
0.261633
0.288621
0.307420
0.296863
0.291615
0.303860
0.324999
0.355131
0.397665
0.414870
0.401033
0.415628
0.440046
0.429597
0.393162
0.349951
0.304008
0.256301
0.237318
0.253941
0.262294
0.266502
0.276544
0.257210
0.241009
0.250672
0.272537
0.300465
0.337480
0.362345
0.348774
0.370514
0.399882
0.386711
0.347649
0.304019
0.260432
0.218076
0.202265
0.231575
0.253634
0.276916
0.289439
0.271891
0.263260
0.278451
0.303300
0.336304
0.379992
0.403615
0.390200
0.409998
0.437952
0.425693
0.386539
0.341144
0.293511
0.244954
0.226223
0.244847
0.253654
0.260664
0.270524
0.255493
0.244869
0.257970
0.280409
0.309667
0.348990
0.374417
0.360564
0.380912
0.410100
0.397676
0.357229
0.310425
0.261231
0.212447
0.191612
0.214779
0.229224
0.246967
0.259632
0.237173
0.223584
0.241004
0.270837
0.306468
0.350338
0.384033
0.378523
0.403184
0.435056
0.422497
0.385453
0.347594
0.304088
0.260089
0.249956
0.279446
0.300046
0.311207
0.326837
0.315561
0.309011
0.324348
0.345761
0.378575
0.426994
0.449214
0.437752
0.450188
0.481547
0.476399
0.441949
0.392685
0.336329
0.278784
0.256254
0.269354
0.276197
0.270091
0.269579
0.244216
0.224649
0.241245
0.271964
0.308091
0.354782
0.394450
0.398531
0.432659
0.479377
0.475021
0.437558
0.389969
0.340590
0.296334
0.287459
0.320632
0.345481
0.364805
0.386933
0.374963
0.369681
0.387727
0.415176
0.453525
0.503535
0.521524
0.504141
0.507652
0.535076
0.526986
0.491039
0.442862
0.387805
0.332226
0.313812
0.327214
0.334035
0.330259
0.331643
0.300634
0.278141
0.290411
0.314988
0.346028
0.389405
0.418831
0.409912
0.436638
0.477292
0.468982
0.427988
0.378088
0.326900
0.279165
0.268118
0.300913
0.324687
0.339635
0.354509
0.336104
0.326934
0.344141
0.368996
0.404155
0.455616
0.480673
0.469931
0.482410
0.515857
0.510352
0.474744
0.428538
0.376989
0.326449
0.312432
0.331500
0.000003
-0.001709
-0.003605
-0.003265
-0.001139
0.002180
0.006441
0.011447
0.017061
0.023183
0.029774
0.036845
0.050786
0.080914
0.091643
0.071819
0.066228
0.066557
0.067906
0.075130
0.086696
0.097172
0.105908
0.097160
0.073762
0.086870
0.098270
0.116592
0.131216
0.133718
0.130831
0.117410
0.098399
0.074637
0.059748
0.045164
0.025580
0.027494
0.026977
0.034596
0.055959
0.092951
0.126077
0.144438
0.162294
0.166211
0.167293
0.213175
0.258358
0.271170
0.255882
0.229576
0.198577
0.166621
0.154949
0.140655
0.094492
0.061227
0.056952
0.049145
0.059617
0.082974
0.103218
0.126517
0.155366
0.164704
0.157841
0.194087
0.240779
0.267388
0.271104
0.259808
0.238952
0.224968
0.230602
0.240115
0.225666
0.231821
0.241462
0.224617
0.221194
0.232386
0.248612
0.273722
0.307524
0.311475
0.293248
0.322555
0.362913
0.375136
0.364030
0.339452
0.305545
0.275979
0.273344
0.282345
0.269379
0.261566
0.266519
0.245637
0.236778
0.249926
0.269570
0.296508
0.331480
0.334652
0.315603
0.345703
0.383642
0.388475
0.367998
0.335849
0.295179
0.258864
0.253332
0.265805
0.257509
0.253045
0.259537
0.240181
0.233989
0.251455
0.276122
0.307775
0.349119
0.357464
0.340732
0.370404
0.409092
0.411414
0.386102
0.352331
0.308540
0.268631
0.267255
0.284651
0.281768
0.280093
0.291597
0.275314
0.272895
0.292507
0.318908
0.354168
0.399772
0.411363
0.394911
0.420087
0.456036
0.455695
0.427297
0.390405
0.348496
0.305272
0.304702
0.322520
0.323536
0.318912
0.329004
0.314135
0.307713
0.326507
0.353606
0.390302
0.436266
0.445938
0.426717
0.432283
0.458524
0.454101
0.420270
0.376049
0.325460
0.272222
0.267529
0.285292
0.287005
0.287436
0.301781
0.274267
0.268259
0.295997
0.333250
0.375209
0.425383
0.444430
0.432621
0.449624
0.481195
0.468597
0.423141
0.368821
0.308338
0.249752
0.243266
0.267090
0.276161
0.286050
0.308887
0.294791
0.293024
0.324136
0.364404
0.410765
0.465159
0.483000
0.470582
0.483183
0.511528
0.496378
0.448622
0.391839
0.328483
0.266290
0.256367
0.275273
0.279872
0.285521
0.306623
0.290593
0.288734
0.319320
0.359189
0.404811
0.459199
0.481340
0.471875
0.488472
0.519364
0.504782
0.456475
0.399471
0.336921
0.276714
0.270465
0.294128
0.303700
0.310428
0.330035
0.308985
0.305961
0.336052
0.375357
0.421940
0.476873
0.494695
0.482346
0.490672
0.516650
0.500247
0.451087
0.392371
0.326603
0.260652
0.248559
0.266036
0.269474
0.273194
0.297971
0.279266
0.275056
0.309046
0.353418
0.402761
0.461250
0.492647
0.491109
0.514588
0.548553
0.533208
0.483536
0.425377
0.361526
0.301668
0.296333
0.320455
0.330408
0.339135
0.362438
0.349496
0.345905
0.369915
0.403944
0.449061
0.503327
0.518839
0.503153
0.504986
0.526240
0.513749
0.469241
0.412192
0.348077
0.281802
0.271974
0.289782
0.293631
0.288051
0.301158
0.288149
0.274138
0.298579
0.337129
0.381105
0.435232
0.476948
0.488570
0.538555
0.580495
0.564983
0.516232
0.462913
0.400209
0.349589
0.350403
0.377182
0.387812
0.403585
0.432780
0.421140
0.419024
0.438937
0.472973
0.522923
0.575523
0.589663
0.574706
0.571927
0.582025
0.570868
0.529378
0.470238
0.402822
0.334631
0.322455
0.333282
0.328830
0.310432
0.299020
0.269927
0.240377
0.248137
0.270688
0.295435
0.334283
0.374994
0.410111
0.476996
0.527703
0.522775
0.481300
0.429469
0.364316
0.308617
0.311768
0.344858
0.368115
0.397029
0.427352
0.408968
0.389759
0.399775
0.431509
0.479427
0.533109
0.549139
0.534293
0.545083
0.566404
0.556747
0.515250
0.458264
0.392451
0.325978
0.318581
0.333977
0.335770
0.326283
0.321234
0.292192
0.262319
0.269240
0.291648
0.322360
0.369453
0.414257
0.435044
0.480936
0.536023
0.533253
0.497373
0.452440
0.395199
0.350166
0.351062
0.384718
0.409182
0.432592
0.462500
0.450873
0.443134
0.467298
0.505496
0.557856
0.619051
0.643250
0.624910
0.609291
0.631859
0.627277
0.593071
0.542115
0.480112
0.418007
0.404962
0.420802
0.423562
0.412434
0.408029
0.382415
0.347873
0.350396
0.368471
0.396692
0.440063
0.478487
0.484449
0.520185
0.564472
0.552394
0.508638
0.453713
0.390311
0.338200
0.330010
0.355823
0.372087
0.386850
0.405085
0.385112
0.371259
0.384259
0.411035
0.452809
0.507952
0.528705
0.515062
0.520822
0.550665
0.542058
0.500652
0.447093
0.383033
0.315172
0.293256
0.304717
0.303532
0.283821
0.274683
0.245682
0.221477
0.239746
0.272578
0.310878
0.358603
0.404206
0.414095
0.455244
0.512231
0.508753
0.470509
0.423177
0.363830
0.315003
0.310272
0.338468
0.351743
0.364925
0.389402
0.375315
0.369724
0.389817
0.421315
0.466105
0.520280
0.539267
0.526349
0.524135
0.547975
0.542473
0.504799
0.453172
0.390531
0.327366
0.307891
0.319526
0.319601
0.298684
0.291929
0.275626
0.250786
0.265259
0.293402
0.327262
0.369477
0.415992
0.435437
0.475467
0.531680
0.529012
0.493281
0.442811
0.381007
0.329998
0.323358
0.350946
0.368727
0.388488
0.413255
0.394333
0.379558
0.391117
0.419943
0.463378
0.515351
0.532014
0.516564
0.519358
0.545537
0.538365
0.497976
0.444332
0.379572
0.312250
0.290210
0.302765
0.302801
0.283828
0.277085
0.256415
0.231478
0.248635
0.280240
0.317097
0.363390
0.410731
0.426586
0.466794
0.524218
0.521434
0.484338
0.435814
0.374407
0.323254
0.318045
0.345869
0.360167
0.374173
0.399834
0.386328
0.378457
0.397743
0.431187
0.478112
0.532654
0.550851
0.535562
0.533689
0.552836
0.546470
0.511109
0.464243
0.407858
0.347484
0.332894
0.350271
0.354523
0.347360
0.348726
0.322401
0.295579
0.307632
0.333343
0.368085
0.414529
0.451825
0.452392
0.488468
0.538676
0.530047
0.488423
0.434712
0.373139
0.319005
0.309660
0.335918
0.350249
0.361117
0.381013
0.363007
0.350919
0.366106
0.395404
0.436839
0.490978
0.510348
0.496756
0.501617
0.532289
0.529689
0.495183
0.449745
0.394808
0.333538
0.318827
0.336749
0.341092
0.332665
0.339599
0.319312
0.300492
0.318289
0.347429
0.387016
0.440252
0.471818
0.464184
0.495063
0.539026
0.526989
0.481412
0.432283
0.375692
0.314742
0.303200
0.328216
0.337979
0.337483
0.352901
0.330872
0.324859
0.348081
0.384368
0.430494
0.486936
0.506059
0.492106
0.488682
0.514241
0.508997
0.471813
0.424068
0.366761
0.301579
0.283498
0.299131
0.302265
0.292068
0.309225
0.313261
0.298188
0.320643
0.355041
0.398111
0.449532
0.495075
0.505773
0.540289
0.589742
0.575628
0.526423
0.473000
0.410217
0.349505
0.340572
0.364956
0.372975
0.382229
0.406412
0.395465
0.390202
0.412907
0.448512
0.497853
0.555734
0.576725
0.565741
0.560760
0.576618
0.566182
0.527078
0.475342
0.410674
0.346027
0.326239
0.340342
0.338886
0.320005
0.318204
0.307454
0.280807
0.290723
0.315136
0.348194
0.390448
0.436175
0.458727
0.501017
0.552357
0.544246
0.505743
0.456780
0.394960
0.341739
0.334836
0.362576
0.380361
0.402675
0.431627
0.418400
0.403549
0.415411
0.445827
0.490993
0.543369
0.559794
0.542130
0.539410
0.561859
0.556816
0.524315
0.480151
0.423009
0.364479
0.350594
0.368704
0.371570
0.362275
0.365230
0.342598
0.319828
0.331650
0.356242
0.390979
0.438384
0.471181
0.466163
0.498123
0.541709
0.529311
0.485235
0.435009
0.377611
0.316536
0.303644
0.327766
0.337393
0.340536
0.362990
0.353963
0.347291
0.367294
0.401090
0.445164
0.498873
0.516328
0.501894
0.498868
0.524175
0.522598
0.490740
0.450307
0.399663
0.342309
0.329455
0.347607
0.352803
0.350053
0.369717
0.358348
0.344653
0.362200
0.392486
0.432928
0.483866
0.507504
0.494757
0.513522
0.552955
0.539582
0.494720
0.446842
0.390207
0.325464
0.310246
0.332979
0.341844
0.340602
0.361910
0.346107
0.341812
0.366183
0.402291
0.447320
0.501706
0.521634
0.510473
0.513699
0.539585
0.534488
0.500622
0.457500
0.403228
0.342256
0.326324
0.341521
0.344632
0.336335
0.357761
0.349424
0.340700
0.362904
0.397136
0.440365
0.492959
0.518386
0.507345
0.526185
0.564388
0.549660
0.503190
0.452824
0.392170
0.322068
0.303114
0.322332
0.327924
0.321629
0.343892
0.335672
0.332749
0.359511
0.398201
0.445316
0.502387
0.529872
0.522442
0.530866
0.560831
0.552040
0.513280
0.464915
0.405188
0.335466
0.315908
0.333015
0.338152
0.332509
0.353421
0.349550
0.339911
0.360081
0.391194
0.434777
0.488943
0.521689
0.516529
0.536398
0.575944
0.562211
0.516190
0.464904
0.404035
0.334382
0.316561
0.337643
0.346358
0.348312
0.367711
0.354773
0.346137
0.364876
0.398048
0.441334
0.496007
0.520280
0.509052
0.515993
0.543396
0.533136
0.493707
0.445828
0.385765
0.315497
0.294730
0.313134
0.319712
0.315928
0.339063
0.347246
0.336345
0.356059
0.387413
0.430352
0.482177
0.520926
0.523310
0.549169
0.593478
0.579173
0.530695
0.479180
0.419170
0.350300
0.333730
0.355021
0.363079
0.365254
0.382986
0.365155
0.361217
0.380242
0.413590
0.458313
0.512958
0.532335
0.519495
0.515814
0.533019
0.528663
0.501393
0.465686
0.415904
0.361334
0.349757
0.367881
0.373975
0.370659
0.384783
0.375565
0.359050
0.370931
0.397078
0.434410
0.480119
0.508854
0.502667
0.522631
0.562864
0.549221
0.504216
0.455164
0.398604
0.331026
0.312067
0.333069
0.342098
0.344519
0.369689
0.364212
0.359738
0.379597
0.412982
0.456034
0.507819
0.525788
0.512932
0.511138
0.531606
0.528123
0.501243
0.465382
0.416240
0.358895
0.342653
0.356246
0.359637
0.356182
0.378782
0.377153
0.368528
0.386697
0.417715
0.456778
0.505241
0.528560
0.519003
0.526259
0.559639
0.550763
0.515459
0.472090
0.419557
0.352439
0.331975
0.345798
0.349036
0.342749
0.368613
0.366137
0.362658
0.385163
0.419029
0.460800
0.512766
0.535966
0.527713
0.525989
0.549312
0.546996
0.522662
0.487021
0.437990
0.374891
0.355878
0.364997
0.364728
0.356071
0.378313
0.365598
0.357515
0.378881
0.412176
0.451730
0.502051
0.523630
0.513873
0.511966
0.537970
0.536179
0.511736
0.477091
0.429905
0.370945
0.352508
0.360828
0.360459
0.349302
0.366556
0.359852
0.355515
0.379469
0.413624
0.452884
0.503652
0.529706
0.523967
0.516795
0.541575
0.545973
0.529810
0.497391
0.452928
0.395220
0.380609
0.391003
0.391158
0.385284
0.402703
0.393855
0.377482
0.388785
0.414689
0.449834
0.495876
0.514968
0.503901
0.501932
0.528854
0.528693
0.506382
0.469941
0.423570
0.363451
0.343565
0.351873
0.350942
0.340332
0.363180
0.359403
0.355710
0.378345
0.410637
0.448585
0.497548
0.523067
0.517189
0.508469
0.534743
0.542115
0.529742
0.496006
0.446586
0.387954
0.370037
0.377210
0.375386
0.367461
0.386770
0.379278
0.360317
0.369902
0.394822
0.429707
0.474296
0.498608
0.488147
0.477865
0.511975
0.514402
0.490019
0.450847
0.397937
0.334472
0.303016
0.313522
0.319539
0.310267
0.333119
0.344748
0.341895
0.367723
0.403035
0.444017
0.494116
0.528503
0.526835
0.512962
0.549091
0.552971
0.530883
0.493243
0.436302
0.366901
0.330952
0.334706
0.334012
0.318914
0.329983
0.338929
0.326780
0.347078
0.381281
0.423562
0.474290
0.508377
0.509011
0.501368
0.539078
0.544014
0.519213
0.475371
0.418306
0.347772
0.311520
0.316524
0.315809
0.298264
0.316356
0.319764
0.326243
0.362580
0.404132
0.446915
0.501503
0.539956
0.539095
0.518542
0.554470
0.565328
0.549874
0.515828
0.465927
0.398855
0.368053
0.374679
0.372935
0.354625
0.352471
0.362538
0.359446
0.385376
0.419642
0.457421
0.509231
0.543691
0.540726
0.524629
0.546403
0.549928
0.529333
0.496068
0.445320
0.380998
0.350909
0.356891
0.359356
0.346392
0.354111
0.371777
0.371427
0.398305
0.435399
0.478156
0.529509
0.565348
0.565694
0.552328
0.576350
0.572740
0.539380
0.496339
0.437206
0.358597
0.318277
0.318889
0.317994
0.304565
0.314349
0.342247
0.347443
0.381064
0.425842
0.475559
0.530302
0.572506
0.580497
0.571748
0.595312
0.591493
0.558524
0.515733
0.455283
0.373240
0.331787
0.330382
0.328218
0.317463
0.316491
0.349134
0.356852
0.389810
0.433377
0.481823
0.536169
0.578352
0.587099
0.575898
0.598935
0.597143
0.566387
0.523617
0.464335
0.386885
0.349279
0.350432
0.350118
0.339497
0.345266
0.371046
0.374983
0.407063
0.448966
0.495714
0.550129
0.592886
0.600861
0.584472
0.605951
0.605701
0.575519
0.532879
0.473675
0.393331
0.354555
0.355493
0.355015
0.346434
0.348523
0.374401
0.376093
0.404725
0.443961
0.488395
0.540513
0.580907
0.589850
0.578343
0.597864
0.594011
0.561397
0.516033
0.452192
0.370257
0.325400
0.319735
0.315021
0.302683
0.299491
0.329387
0.333781
0.363585
0.406923
0.455408
0.508232
0.553335
0.566952
0.565412
0.596557
0.592503
0.556966
0.513288
0.451732
0.366673
0.322833
0.321642
0.320093
0.313003
0.317937
0.351078
0.358542
0.389911
0.433326
0.483741
0.539442
0.582719
0.591117
0.584746
0.600756
0.594862
0.563205
0.518071
0.453116
0.372074
0.326553
0.318988
0.314469
0.304009
0.298225
0.328074
0.335010
0.364151
0.405796
0.452119
0.503518
0.548968
0.564649
0.559759
0.591293
0.590035
0.556601
0.515526
0.455304
0.372542
0.331629
0.335671
0.337624
0.335483
0.341863
0.372427
0.376897
0.403920
0.443206
0.491035
0.545110
0.587354
0.596099
0.589804
0.603559
0.596979
0.566642
0.521395
0.456777
0.377041
0.332013
0.324796
0.321301
0.312933
0.310466
0.341265
0.346625
0.373193
0.412430
0.456139
0.504864
0.548507
0.563562
0.562464
0.593399
0.589325
0.557342
0.519433
0.457656
0.374925
0.335445
0.338870
0.341262
0.342003
0.350177
0.383121
0.388641
0.412716
0.449176
0.495320
0.547596
0.589465
0.599251
0.593530
0.606136
0.601272
0.577969
0.539878
0.480778
0.408743
0.373071
0.371178
0.375435
0.374057
0.379381
0.407286
0.411144
0.436922
0.471027
0.510489
0.559111
0.598164
0.603468
0.580773
0.602911
0.605123
0.580107
0.543751
0.486506
0.413317
0.377779
0.377439
0.380404
0.376714
0.382466
0.407871
0.414458
0.445246
0.479281
0.516905
0.564059
0.604420
0.613153
0.594830
0.610424
0.615111
0.602211
0.558542
0.495798
0.431669
0.409410
0.425711
0.436068
0.440977
0.450844
0.468850
0.454352
0.456851
0.475893
0.507467
0.550133
0.585034
0.588983
0.569483
0.598312
0.605796
0.587055
0.546906
0.490934
0.420693
0.383457
0.385743
0.386929
0.374551
0.373370
0.392971
0.396320
0.422780
0.453014
0.486937
0.532669
0.571751
0.578962
0.557702
0.576559
0.592111
0.586995
0.546110
0.479491
0.417088
0.393396
0.405774
0.411571
0.413359
0.419469
0.433686
0.411081
0.410159
0.427843
0.456146
0.496438
0.529639
0.533230
0.520678
0.553362
0.563767
0.548689
0.513519
0.462028
0.392705
0.354785
0.351835
0.351116
0.335151
0.339924
0.361673
0.373527
0.406355
0.439645
0.475190
0.521711
0.560873
0.565587
0.542365
0.560804
0.574979
0.572086
0.530208
0.462349
0.397544
0.374830
0.388904
0.395124
0.395135
0.399174
0.416909
0.398571
0.398209
0.416443
0.445235
0.484832
0.519387
0.525675
0.518118
0.544464
0.553991
0.541419
0.509790
0.459422
0.390546
0.353403
0.347958
0.350074
0.340325
0.346332
0.376147
0.390386
0.423560
0.456091
0.490670
0.535778
0.573472
0.577111
0.551547
0.567788
0.579065
0.575362
0.535221
0.468078
0.404317
0.374368
0.389491
0.398369
0.396502
0.399661
0.436172
0.430756
0.435575
0.460412
0.494183
0.537837
0.579211
0.592856
0.574858
0.586583
0.598019
0.589808
0.549938
0.488346
0.412982
0.364184
0.352252
0.353475
0.341514
0.337350
0.381472
0.404892
0.437840
0.471475
0.505377
0.547873
0.586666
0.591200
0.551508
0.559835
0.569069
0.565333
0.527922
0.461394
0.399866
0.368676
0.384037
0.395218
0.396236
0.403835
0.440771
0.433853
0.436207
0.457557
0.490314
0.534125
0.576248
0.589223
0.571126
0.582748
0.592474
0.585040
0.544356
0.482575
0.410307
0.365622
0.359598
0.365371
0.357893
0.357911
0.402862
0.424111
0.453945
0.484152
0.515541
0.556668
0.594975
0.599412
0.557694
0.570950
0.586431
0.581048
0.539666
0.470985
0.404084
0.377645
0.390552
0.397416
0.400761
0.411831
0.431291
0.413427
0.410545
0.425497
0.452111
0.490501
0.524602
0.529537
0.519106
0.546139
0.557304
0.547400
0.515926
0.463513
0.394136
0.357423
0.350001
0.352541
0.345519
0.348475
0.379989
0.397192
0.426595
0.454443
0.483654
0.523037
0.555649
0.558121
0.531407
0.546449
0.553750
0.550125
0.514075
0.447805
0.386263
0.364733
0.378235
0.384225
0.386360
0.395271
0.416616
0.400373
0.397858
0.414452
0.442737
0.479846
0.512430
0.518131
0.510367
0.532966
0.544938
0.545193
0.511482
0.456433
0.393343
0.364171
0.358353
0.359707
0.351910
0.354225
0.385423
0.401776
0.427810
0.454729
0.482263
0.518347
0.546107
0.547212
0.522654
0.534787
0.537478
0.533368
0.495326
0.426632
0.366570
0.350044
0.360807
0.357983
0.352314
0.356114
0.371881
0.354996
0.353082
0.369907
0.397449
0.428844
0.456555
0.460845
0.458653
0.480133
0.494044
0.494038
0.462790
0.414457
0.361812
0.335264
0.338585
0.338428
0.325716
0.327642
0.356166
0.358641
0.374255
0.396824
0.424579
0.462953
0.495648
0.496972
0.475730
0.506947
0.529639
0.530685
0.487659
0.421496
0.359801
0.333850
0.334620
0.319757
0.295052
0.281945
0.302344
0.297682
0.302862
0.320471
0.347596
0.381300
0.408778
0.410955
0.400980
0.421902
0.440540
0.444949
0.414054
0.363897
0.318261
0.304728
0.319659
0.322479
0.317588
0.324811
0.356558
0.352510
0.356647
0.373010
0.400407
0.438960
0.468606
0.456850
0.433217
0.461838
0.478000
0.475889
0.441037
0.393316
0.347827
0.331793
0.342976
0.341375
0.330649
0.334744
0.359772
0.356214
0.363645
0.380900
0.407666
0.444860
0.469870
0.452903
0.427164
0.442248
0.454203
0.454729
0.420925
0.375424
0.330105
0.315950
0.325136
0.327945
0.320324
0.321178
0.348302
0.351599
0.361970
0.376718
0.400391
0.431514
0.455867
0.448830
0.424999
0.445677
0.454345
0.450383
0.419479
0.370904
0.329425
0.318009
0.331512
0.332032
0.323071
0.328988
0.357410
0.350288
0.353365
0.368833
0.394561
0.430044
0.457423
0.445959
0.416508
0.445178
0.463896
0.461055
0.424327
0.375242
0.330202
0.316217
0.327848
0.324673
0.312799
0.313294
0.338065
0.335890
0.341032
0.356262
0.381286
0.417435
0.446710
0.444874
0.413734
0.437645
0.445715
0.429878
0.395645
0.350058
0.308291
0.307368
0.330582
0.336413
0.328410
0.326965
0.347441
0.334719
0.334579
0.349358
0.372803
0.407606
0.439465
0.441200
0.431433
0.460399
0.471634
0.464306
0.434703
0.399026
0.362050
0.350861
0.368629
0.377809
0.374952
0.380489
0.400511
0.387254
0.385659
0.397432
0.417548
0.449968
0.480360
0.481277
0.467082
0.496336
0.510127
0.501361
0.464117
0.413636
0.367500
0.350264
0.362194
0.362775
0.349479
0.346687
0.363790
0.352118
0.351387
0.365462
0.387569
0.420281
0.452672
0.461682
0.449621
0.480105
0.495983
0.487829
0.451754
0.403320
0.361732
0.350418
0.368254
0.374877
0.368912
0.373625
0.393880
0.379724
0.376239
0.387376
0.407421
0.439996
0.472941
0.474734
0.457900
0.490263
0.503786
0.494105
0.457003
0.408105
0.365311
0.351241
0.364545
0.365324
0.352700
0.352207
0.371124
0.359195
0.358391
0.371721
0.392332
0.424724
0.457377
0.471376
0.458770
0.488352
0.501476
0.488742
0.450236
0.400421
0.356603
0.346013
0.362149
0.365421
0.355967
0.357816
0.377671
0.000520
0.008334
0.019128
0.027843
0.033152
0.035331
0.034912
0.032302
0.027816
0.021694
0.014047
0.004859
-0.006049
-0.019176
-0.034768
-0.048330
-0.042234
-0.043713
-0.066791
-0.088169
-0.102447
-0.116133
-0.129451
-0.142783
-0.161214
-0.191575
-0.238399
-0.285055
-0.286422
-0.276527
-0.245112
-0.203617
-0.194075
-0.189300
-0.193421
-0.205189
-0.214192
-0.230830
-0.251674
-0.274412
-0.303328
-0.294196
-0.281023
-0.263145
-0.234111
-0.199441
-0.152178
-0.096047
-0.021553
0.065630
0.000113
0.005300
0.013435
0.017580
0.018209
0.015954
0.011435
0.005194
-0.002216
-0.010495
-0.019539
-0.029316
-0.039785
-0.050955
-0.062818
-0.074933
-0.086995
-0.098921
-0.111018
-0.123552
-0.136441
-0.149470
-0.162300
-0.174505
-0.185762
-0.195745
-0.204389
-0.211421
-0.213002
-0.211112
-0.205703
-0.200300
-0.203095
-0.216909
-0.231015
-0.241902
-0.247083
-0.244495
-0.233447
-0.210634
-0.184103
-0.167976
-0.171724
-0.203144
-0.265426
-0.319320
-0.326520
0.000219
-0.022184
-0.026916
-0.028265
-0.029745
-0.031606
-0.033504
-0.035289
-0.036947
-0.038607
-0.040497
-0.042708
-0.045172
-0.047840
-0.050629
-0.053352
-0.055844
-0.057985
-0.059793
-0.061173
-0.062190
-0.062747
-0.062753
-0.058758
-0.025251
0.004183
-0.015333
-0.035155
-0.058116
-0.086050
-0.108611
-0.096943
-0.087203
-0.159885
-0.237502
-0.292729
-0.365351
-0.430545
-0.488314
-0.551449
-0.565426
-0.545783
-0.531597
-0.513845
-0.497656
-0.487773
-0.467435
-0.433958
-0.001026
-0.048992
-0.107809
-0.151335
-0.182060
-0.204828
-0.223551
-0.239534
-0.251712
-0.235187
-0.196151
-0.161303
-0.132054
-0.105511
-0.077450
-0.039629
0.016202
0.091406
0.174266
0.181008
0.169356
0.160548
0.146610
0.159790
0.182979
0.202248
0.217486
0.232610
0.249688
0.251997
0.217045
0.168971
0.236634
0.279856
0.317321
0.342213
0.362261
0.379727
0.391254
0.396001
0.396484
0.391014
0.381215
0.368818
0.354523
0.332634
0.305551
0.281495
0.260294
0.242767
0.227896
0.214569
0.203545
0.194245
0.186760
0.181413
0.177402
0.175083
0.174241
0.172801
0.170443
0.168917
0.166496
0.162097
0.150531
0.140931
0.183985
-0.000637
-0.003324
-0.003508
-0.002881
-0.001855
-0.000552
0.000937
0.002488
0.004141
0.005892
0.007742
0.009705
0.011782
0.013971
0.016278
0.018798
0.021539
0.024412
0.027235
0.030050
0.032958
0.036009
0.039209
0.042510
0.045921
0.049422
0.052978
0.056038
0.057914
0.061121
0.092089
0.143448
0.183089
0.210442
0.229349
0.239380
0.240689
0.235855
0.221559
-0.000195
0.027419
0.102299
0.163574
0.205753
0.231560
0.245313
0.250986
0.251549
0.248982
0.244315
0.238104
0.230520
0.221638
0.211658
0.200790
0.189580
0.178459
0.167662
0.157256
0.147195
0.137297
0.127375
0.117324
0.107100
0.096743
0.085244
0.072798
0.042578
-0.021534
-0.127245
-0.248391
-0.369087
-0.481060
-0.582993
-0.676596
-0.764636
-0.846713
-0.920076
-0.977723
-1.016605
-1.044301
-1.047199
-1.047200
-1.047200
-0.000589
-0.012024
-0.028409
-0.040489
-0.048892
-0.054564
-0.058349
-0.061144
-0.063652
-0.066381
-0.069719
-0.074116
-0.079884
-0.087540
-0.097550
-0.110226
-0.125742
-0.144293
-0.166392
-0.174636
-0.177355
-0.197538
-0.228294
-0.257897
-0.276605
-0.279884
-0.270361
-0.265577
-0.271765
-0.286078
-0.315779
-0.396359
-0.425362
-0.387444
-0.339001
-0.313402
-0.286155
-0.259284
-0.224329
-0.209299
-0.185309
-0.146486
-0.096768
-0.047405
0.001009
0.047865
0.090517
0.125654
0.153001
0.177048
0.203064
0.228562
0.250342
0.264675
0.271707
0.272987
0.269765
0.259354
0.235033
0.204371
0.184603
0.174057
0.169435
0.000646
0.030569
0.073987
0.106944
0.128596
0.140988
0.146520
0.147245
0.144528
0.139295
0.132203
0.123653
0.113807
0.102706
0.090116
0.076054
0.076883
0.086676
0.065375
0.039865
0.031416
0.027036
0.020760
0.011089
0.001303
-0.007371
-0.015540
-0.030143
-0.075955
-0.138645
-0.205519
-0.307048
-0.381134
-0.413477
-0.481981
-0.516801
-0.551301
-0.583662
-0.608540
-0.612220
-0.619857
-0.619346
-0.616257
-0.615427
-0.612812
-0.621864
-0.627109
-0.626204
-0.618342
-0.602859
-0.585660
-0.565384
-0.541175
-0.515936
-0.488550
-0.458860
-0.430728
-0.438510
-0.429275
-0.407857
-0.383310
-0.356514
-0.327023
-0.296203
-0.263857
-0.248210
-0.222020
-0.192600
-0.165635
-0.142368
0.000130
0.003584
0.008052
0.009857
0.009355
0.006547
0.001847
-0.004371
-0.011927
-0.020514
-0.029940
-0.039994
-0.050657
-0.062232
-0.075191
-0.088124
-0.082821
-0.080613
-0.092970
-0.099885
-0.102408
-0.105004
-0.108311
-0.111349
-0.119621
-0.133715
-0.158616
-0.198487
-0.211560
-0.191994
-0.150443
-0.092923
-0.024570
0.034882
0.081448
0.107462
0.131562
0.134853
0.101619
0.081616
0.063200
0.049778
0.056897
0.057328
0.046017
0.034520
0.023372
-0.002417
0.016952
0.108155
0.171712
0.203846
0.232016
0.263270
0.277103
0.279569
0.286758
0.295516
0.303674
0.303924
0.296169
0.283556
0.268385
0.251715
0.234453
0.217106
0.199722
0.179982
0.160140
0.143726
0.117522
0.105818
0.110242
0.107545
0.106944
0.111198
0.119147
0.129462
0.159488
0.159359
0.135650
0.126290
0.116074
0.101482
0.084538
0.000488
0.004205
0.007536
0.009615
0.010829
0.011517
0.011982
0.012482
0.013251
0.014494
0.016241
0.018411
0.020766
0.023189
0.025738
0.028242
0.030507
0.032586
0.034680
0.036823
0.038997
0.041329
0.043792
0.046432
0.049428
0.052847
0.054654
0.051896
0.034962
-0.001718
-0.054502
-0.111948
-0.171424
-0.229996
-0.285246
-0.333659
-0.369710
-0.389392
-0.391088
-0.372392
-0.335349
-0.286526
-0.233717
-0.182915
-0.000161
-0.007859
-0.020606
-0.030327
-0.036093
-0.038732
-0.039075
-0.037663
-0.034975
-0.031233
-0.026525
-0.020910
-0.014300
-0.006308
0.003976
0.017024
0.035810
0.075119
0.100435
0.085687
0.080409
0.086621
0.095099
0.102315
0.107773
0.111784
0.114861
0.107197
0.103066
0.087560
0.083422
0.027359
0.026561
0.038779
0.032715
0.040150
0.013964
0.007152
0.007369
0.004330
0.008151
0.013499
0.023521
0.041388
0.069301
0.108188
0.154130
0.200437
0.250900
0.310183
0.381711
-0.000730
-0.085030
-0.189092
-0.259618
-0.294542
-0.299884
-0.282568
-0.247876
-0.199312
-0.141052
-0.076874
-0.009168
0.060237
0.129255
0.196085
0.258561
0.312586
0.362977
0.409032
0.450532
0.479805
0.492360
0.496763
0.496354
0.488702
0.471491
0.442503
0.400823
0.344503
0.272030
0.195153
0.115870
0.032547
-0.054889
-0.144533
-0.232405
-0.312171
-0.384168
-0.441662
0.000258
0.006185
0.013905
0.018697
0.020954
0.020990
0.019265
0.016246
0.012265
0.007721
0.002696
-0.002712
-0.008529
-0.014691
-0.021184
-0.011235
-0.004968
-0.018844
-0.028283
-0.027486
-0.026969
-0.025297
-0.020716
-0.018918
-0.021696
-0.031117
-0.057840
-0.081446
-0.076164
-0.049504
-0.001418
0.023109
0.034786
0.037772
0.047770
0.050657
0.049308
0.046792
0.043145
0.038751
0.033808
0.031524
0.030658
0.030235
0.031644
0.034469
0.038336
0.042518
0.046354
0.048586
0.049245
0.048088
0.051744
0.057770
0.056327
0.054910
0.049971
0.037882
0.023337
0.005345
0.041534
0.073979
0.096820
0.111199
0.118599
0.120663
0.118857
0.114482
0.108240
0.100550
0.091572
0.080850
0.067572
0.050788
0.030080
0.005660
-0.022119
-0.044729
-0.044521
-0.059986
-0.092152
-0.117008
-0.133919
-0.143823
-0.151512
-0.157203
-0.164572
-0.179575
-0.186147
-0.190667
-0.220123
-0.301644
-0.438453
-0.592551
-0.670168
-0.781127
-0.916217
-0.997429
-1.047194
-1.041560
-1.018003
-0.998336
-0.988343
-0.993000
-1.007549
-0.997191
0.001811
0.010273
0.014806
0.017166
0.018368
0.018965
0.019335
0.019825
0.020612
0.021708
0.023282
0.025439
0.028141
0.031377
0.035120
0.039254
0.043373
0.047015
0.050052
0.052503
0.054565
0.056342
0.055632
0.056611
0.058363
0.060028
0.059681
0.048945
0.020566
-0.031416
-0.089910
-0.150760
-0.211290
-0.270792
-0.331170
-0.396616
-0.471114
-0.558646
-0.661430
-0.784592
-0.912775
-1.028119
-1.038531
-0.000356
-0.006264
-0.009337
-0.011123
-0.012030
-0.012277
-0.012058
-0.011514
-0.010619
-0.009496
-0.008202
-0.006813
-0.005348
-0.003707
0.001853
0.025552
0.039970
0.031101
0.031948
0.038803
0.043391
0.049836
0.058018
0.061266
0.059921
0.041893
0.014995
0.016784
0.029875
0.054674
0.091760
0.121220
0.131082
0.140542
0.148736
0.155926
0.161633
0.165730
0.167369
0.166170
0.161317
0.154069
0.145646
0.131086
0.110114
0.085347
0.057351
0.089254
0.159680
0.204675
0.229285
0.253033
0.273526
0.288878
0.302333
0.322535
-0.000264
-0.002307
-0.004784
-0.006466
-0.007093
-0.007020
-0.006387
-0.005356
-0.004124
-0.002817
-0.001485
0.000034
0.001815
0.003849
0.006325
0.009510
0.017467
0.039608
0.047618
0.036142
0.035038
0.041696
0.049135
0.057581
0.072443
0.074789
0.015407
-0.025131
-0.057077
-0.081138
-0.109459
-0.170181
-0.219440
-0.254220
-0.307137
-0.340881
-0.359121
-0.358745
-0.342683
-0.320424
-0.297976
-0.275714
-0.257034
-0.247381
-0.247221
-0.254678
-0.271868
-0.300119
0.000020
-0.003529
-0.009371
-0.013836
-0.016437
-0.017277
-0.016583
-0.014612
-0.011582
-0.007640
-0.002726
0.003080
0.009693
0.017097
0.025459
0.035269
0.046814
0.071142
0.086839
0.082077
0.083276
0.092967
0.106457
0.118418
0.133238
0.146020
0.155669
0.164728
0.162764
0.144358
0.154771
0.177029
0.182422
0.179674
0.194536
0.195166
0.183114
0.179125
0.175878
0.203388
0.213842
0.183343
0.168453
0.167869
0.161886
0.176803
0.196176
0.206488
0.225729
0.249008
