0.000000
2.853988
2.845691
2.846528
2.847866
2.850972
2.855477
2.860400
2.864307
2.865533
2.862540
2.853867
2.838124
2.814096
-54.247719
-12.311562
0.826097
2.432085
0.472240
-0.354953
-0.330478
0.225865
1.548403
0.306959
-1.189663
0.392282
0.000000
28.756855
2.441495
2.681500
2.861094
8.809793
10.640604
10.735026
9.721977
1.468843
-2.010654
-4.590287
-1.668259
-0.217361
0.806888
1.422478
-1.343905
-1.799540
-1.020882
-0.386072
7.779195
0.000000
7.609270
1.708823
2.130339
6.640538
2.154032
-3.906934
-6.979240
-11.067958
-25.950689
-32.520103
-24.629789
-8.540981
-1.708073
4.053509
5.844785
15.851070
74.872360
64.833511
54.820835
0.000000
9.858207
9.589216
1.289299
-0.329892
-1.045547
-1.573500
-1.849348
8.104499
2.842949
2.844972
2.847662
2.850944
2.855244
2.859362
2.862425
2.864279
2.862184
2.858168
2.847328
2.829764
2.804442
-3.821043
0.488993
-0.310995
-0.113163
0.534354
-0.495991
-1.391788
0.241693
0.970838
-0.089022
-0.878839
42.434273
0.000000
4.979285
2.615654
2.443404
6.485608
9.027901
2.661780
3.289411
-20.979282
-24.987564
-6.759775
2.557613
-0.168259
0.594530
-0.504347
-0.940147
-2.070749
-1.819541
-1.307142
5.073978
12.333942
46.847824
0.000000
41.396828
2.479735
2.163226
1.114751
0.893075
0.327726
0.644223
-5.843216
1.179188
-1.974236
-0.693371
0.745179
-1.228138
-0.457999
-1.480375
-1.752922
-1.332632
19.605879
7.524387
0.000000
2.622696
2.075721
2.017635
4.154436
3.810195
3.986975
3.620100
0.150083
-0.447271
-2.108565
-0.107109
1.126451
-1.291463
-1.244537
-1.861849
-1.516165
-1.255535
20.799759
11.698535
0.000000
2.598927
1.998112
1.935329
3.989697
3.471445
3.025142
2.000029
0.250154
-0.543783
-2.018363
-0.124428
1.200975
-1.248953
-1.364440
-1.742608
-1.363098
-1.466208
20.807770
11.457033
0.000000
3.257547
1.993910
1.999924
3.941977
3.551515
3.101173
2.035588
0.305980
-0.647120
-1.974461
-0.188793
1.313318
-1.129712
-1.326205
-1.715089
-1.305568
-1.353460
20.018929
11.803028
0.000000
6.254985
2.003018
1.826362
3.374288
3.023535
2.842141
1.964991
1.231786
-0.740265
-1.726960
-0.171385
1.745689
-0.703908
-1.455268
-1.919789
-1.410868
-1.449484
19.863214
11.914798
0.000000
7.800663
1.975383
2.260031
3.875710
3.600622
3.161666
2.091002
1.373544
-0.909712
-1.749684
-0.107496
1.784445
-0.781408
-1.423549
-1.853623
-1.423727
-1.450884
19.002089
11.428594
0.000000
7.250669
1.972902
2.380504
3.277317
2.615263
2.573514
1.651363
1.249263
-0.886673
-1.960282
-0.206808
1.653875
-0.721686
-1.365780
-1.869844
-1.411404
-1.348621
18.795984
11.395385
0.000000
8.169739
1.962763
2.535103
4.051911
3.786724
3.210785
2.160459
1.315282
-0.868826
-2.184370
-0.155008
1.659700
-0.883106
-1.229508
-1.695722
-1.351563
-1.403572
20.628839
11.880709
0.000000
6.862075
1.947138
2.548233
3.237943
2.634941
2.436140
1.623729
1.197353
-0.848749
-2.164795
-0.248137
1.654192
-0.793812
-1.218727
-1.702864
-1.267416
-1.302086
20.089695
12.015219
0.000000
8.075951
1.946207
2.624867
4.035189
3.716817
3.092380
2.074501
1.279236
-0.879082
-2.246407
-0.307732
1.628082
-0.803611
-1.132827
-1.604831
-1.232538
-1.364456
20.948069
11.926176
0.000000
6.029521
1.954111
2.666296
3.424963
2.913600
2.604056
1.792384
1.236061
-0.928328
-2.225072
-0.311310
1.680960
-0.782402
-1.141064
-1.614484
-1.211906
-1.406767
21.126234
11.983637
0.000000
6.017205
1.953210
2.703589
3.286101
2.650154
2.468184
1.690344
1.184423
-0.948759
-2.333350
-0.354214
1.549458
-0.807014
-1.090534
-1.568068
-1.176827
-1.295412
20.890432
12.116836
0.000000
5.391747
1.950508
2.710885
3.731392
3.334300
2.665565
1.803568
1.238039
-1.014187
-2.311604
-0.386969
1.620209
-0.777510
-1.028414
-1.509641
-1.151802
-1.366562
21.650364
12.500769
0.000000
4.943120
1.956477
2.727929
3.081087
2.637475
2.176006
1.453878
1.095600
-0.923183
-2.318724
-0.481728
1.596724
-0.750194
-0.998673
-1.506114
-1.110955
-1.261303
20.955738
12.218927
0.000000
5.528092
1.954160
2.735464
3.682878
3.300134
2.644269
1.847830
1.275398
-1.043152
-2.365540
-0.478380
1.541229
-0.759294
-0.983408
-1.447055
-1.071374
-1.337656
22.054075
12.570854
0.000000
3.549052
1.954319
2.727055
3.245608
2.606021
2.267761
1.576979
1.195612
-1.053101
-2.369272
-0.539963
1.555140
-0.722170
-0.926369
-1.431651
-1.057896
-1.352571
22.530813
12.879368
0.000000
3.504601
1.951352
2.718155
3.040861
2.591225
2.048755
1.414595
1.100560
-1.074242
-2.468201
-0.563068
1.447447
-0.769414
-0.896248
-1.398344
-1.018632
-1.263605
22.093449
12.721937
0.000000
2.285572
1.941638
2.705868
3.448222
2.686021
2.331365
1.651880
1.210230
-1.184248
-2.415814
-0.517256
1.557970
-0.700909
-0.925148
-1.393961
-1.023293
-1.340258
22.534372
13.248884
0.000000
3.306977
1.944133
2.690981
3.052611
2.546956
2.051768
1.416990
1.138422
-1.130152
-2.446571
-0.599264
1.509233
-0.686004
-0.870167
-1.360507
-0.991449
-1.224998
21.889210
12.897985
0.000000
4.041080
1.941443
2.673001
3.417699
3.001049
2.396093
1.682563
1.214934
-1.182806
-2.464060
-0.569672
1.449413
-0.684995
-0.871049
-1.326653
-0.954267
-1.300734
22.508081
13.047966
0.000000
2.170914
1.939078
2.656170
3.222743
2.515484
2.196022
1.567037
1.168827
-1.190054
-2.443921
-0.606829
1.469694
-0.661011
-0.832042
-1.313417
-0.947221
-1.309280
22.877434
13.312365
0.000000
2.549980
1.934296
2.646622
3.024590
2.498909
2.017003
1.448749
1.076259
-1.195772
-2.540820
-0.612249
1.344986
-0.716929
-0.783599
-1.277873
-0.923387
-1.226227
22.402264
13.176313
0.000000
2.400548
1.925396
2.609543
3.448598
2.584566
2.290822
1.606614
1.135189
-1.231634
-2.474276
-0.605841
1.423422
-0.647594
-0.799896
-1.263006
-0.916094
-1.280571
22.873478
13.485600
0.000000
2.140908
1.923896
2.603730
3.041132
2.449484
2.014853
1.430505
1.073025
-1.209995
-2.480289
-0.647202
1.391048
-0.644229
-0.768483
-1.253525
-0.898775
-1.181160
22.158014
13.202492
0.000000
2.438472
1.921575
2.568787
3.342475
2.475922
2.260523
1.607551
1.150631
-1.237848
-2.531898
-0.661762
1.298658
-0.639153
-0.726022
-1.205381
-0.867055
-1.253071
22.909637
13.403328
0.000000
2.292045
1.914948
2.550856
3.313456
2.385939
2.210467
1.594640
1.122166
-1.245203
-2.517179
-0.671486
1.338421
-0.616057
-0.727285
-1.197354
-0.861374
-1.250454
23.183758
13.660422
0.000000
2.297049
1.916987
2.541013
3.078288
2.375909
1.968783
1.392831
1.015362
-1.250929
-2.605573
-0.678534
1.185226
-0.662276
-0.632488
-1.169132
-0.844621
-1.147467
22.654070
13.513272
0.000000
2.569372
1.906652
2.501090
3.349836
2.330153
2.175241
1.584546
1.067184
-1.273832
-2.539690
-0.681810
1.251747
-0.610721
-0.667471
-1.146852
-0.829453
-1.233393
23.208340
13.682941
0.000000
2.397900
1.898952
2.484290
3.049726
2.320408
1.876433
1.353693
0.974129
-1.259359
-2.565992
-0.755722
1.208679
-0.607084
-0.602878
-1.117810
-0.809857
-1.115591
21.978870
12.946504
0.000000
2.538673
1.891740
2.464197
3.121251
2.317144
2.077722
1.597351
1.037911
-1.289284
-2.606657
-0.760406
1.088650
-0.616693
-0.546768
-1.084289
-0.786759
-1.177181
23.207973
13.560171
0.000000
2.491329
1.886513
2.444834
3.142107
2.281523
1.996720
1.497575
0.999227
-1.281000
-2.585569
-0.773857
1.121181
-0.593453
-0.550138
-1.059406
-0.767792
-1.175966
23.114601
13.591895
0.000000
2.574220
1.884286
2.435064
2.665545
2.293896
1.678438
1.395593
1.165484
-1.295872
-2.656822
-0.765457
0.957609
-0.624451
-0.455247
-1.037098
-0.751997
-1.046904
22.607349
13.524141
0.000000
2.706275
1.882324
2.403612
2.603530
2.254512
2.081559
1.653337
0.936008
-1.313763
-2.605416
-0.772367
1.022736
-0.605057
-0.477507
-1.005894
-0.739668
-1.129112
23.102774
13.634878
0.000000
2.607684
1.873157
2.393684
2.598178
2.267702
1.465401
1.423886
1.018722
-1.311192
-2.650202
-0.835981
1.003143
-0.589170
-0.455239
-1.009898
-0.739916
-1.020094
22.444841
13.535687
0.000000
2.624110
1.857180
2.361158
2.617622
2.223120
2.062667
1.688134
0.921420
-1.331705
-2.606325
-0.777872
0.850510
-0.567892
-0.397929
-0.956688
-0.704341
-1.085669
23.132048
13.638687
0.000000
2.538901
1.861970
2.359316
2.625525
2.241874
1.585041
1.589239
0.884413
-1.339296
-2.635372
-0.854551
0.900625
-0.571480
-0.392151
-0.954223
-0.706765
-1.081036
23.426050
13.932635
0.000000
2.518703
1.865995
2.356900
2.623961
2.256918
1.151505
1.459725
1.491951
-1.391306
-2.698934
-0.836304
0.790520
-0.578382
-0.328869
-0.953584
-0.705249
-0.954975
24.962435
15.281553
0.000000
2.250056
1.849072
2.308589
2.619376
2.178571
2.209289
1.866403
0.935921
-1.369047
-2.606096
-0.653393
0.841412
-0.501465
-0.415493
-0.925749
-0.680008
-1.052040
23.396114
14.282717
0.000000
2.383826
1.837016
2.316816
2.612403
2.220787
1.159893
1.382879
0.981503
-1.385195
-2.601505
-0.779810
0.817886
-0.517490
-0.370929
-0.955121
-0.710045
-0.951975
23.960201
14.837735
0.000000
3.084258
1.829895
2.247948
2.607250
2.177981
2.045021
1.727287
0.954355
-1.353813
-2.611473
-0.936316
0.614668
-0.465080
-0.309335
-0.844961
-0.635648
-1.012663
23.735592
14.517681
0.000000
2.076719
1.821093
2.274581
2.586872
2.174942
1.726652
1.572529
0.825968
-1.379059
-2.565928
-1.609007
0.672243
-0.476153
-0.322144
-0.873978
-0.656131
-1.003817
25.686569
15.738989
0.000000
4.001567
1.827267
2.261033
2.581831
2.131826
1.722223
1.562748
0.788871
-1.371244
-2.702066
-2.149099
0.622837
-0.321515
-0.317545
-0.949595
-0.679846
-0.903315
24.385927
15.782160
0.000000
5.829367
1.823710
2.215595
2.542454
2.112313
1.806758
1.487053
0.938470
-1.416405
-2.563343
-3.294346
0.584541
-0.448191
-0.363076
-0.861458
-0.669620
-0.985531
24.746515
15.586070
0.000000
4.831444
1.793940
2.191129
2.508033
2.081125
1.287040
1.273421
0.713209
-1.369484
-2.565800
-3.788540
0.479748
-0.389058
-0.299320
-0.852654
-0.655807
-0.854790
24.171108
15.410072
0.000000
4.486608
1.800071
2.172815
2.495925
2.052793
1.918424
1.536426
0.822854
-1.321400
-2.658590
-3.599697
0.260235
-0.374097
-0.161939
-0.735483
-0.582840
-0.889561
25.292658
15.834235
0.000000
4.776462
1.804760
2.186334
2.492518
2.073367
1.609715
1.361614
0.763899
-1.344557
-2.555668
-3.861198
0.321180
-0.378844
-0.186533
-0.747859
-0.588909
-0.899363
25.502113
16.022625
0.000000
5.174577
1.805879
2.183080
2.477627
2.071989
1.295834
1.206385
0.729529
-1.364832
-2.642542
-4.201153
0.172817
-0.051173
-0.157026
-0.923613
-0.657885
-0.801304
24.348223
16.446846
0.000000
2.735896
1.785440
2.171595
2.445418
2.207750
1.475945
1.125506
0.184378
-4.824944
-2.843763
-4.194078
-0.254829
-0.523036
0.232826
-0.532007
-0.569240
-0.711304
29.573454
16.498980
0.000000
2.700012
1.751314
2.185513
2.348196
2.198398
1.556906
1.148724
-4.179579
-8.156679
-3.201077
-2.022305
-0.488968
-0.621986
0.633190
-0.091640
-0.307692
-0.418695
-1.558054
17.148796
0.000000
2.639665
1.738914
2.188670
2.275387
2.187274
1.558861
1.151355
-3.771019
-7.944967
-3.175360
-4.931870
-0.242043
-0.242987
0.613584
-0.314054
-0.339913
-0.474520
-0.409668
19.915302
0.000000
2.748909
1.724476
2.161240
2.243214
2.155599
1.583942
1.213455
-4.338506
-9.160740
-3.154766
-4.934532
-0.717819
-0.594198
0.740788
0.069025
-0.179317
-0.428293
1.098492
19.511858
0.000000
2.788340
1.721542
2.179273
2.149130
2.117709
1.628891
1.296955
-3.199456
-7.755051
-3.035408
-7.718439
-0.511055
-0.199808
0.612631
-0.156290
-0.272935
-0.350552
1.045874
23.263218
0.000000
2.784149
1.685147
2.113059
2.080909
2.083245
1.629674
1.338328
-3.509710
-10.126890
-3.111675
-8.448915
-1.185026
-0.488897
0.869708
0.101532
-0.184753
-0.408417
1.279974
21.602266
0.000000
3.702231
1.704394
2.139267
2.001736
2.036448
1.669377
1.394514
-4.209969
-10.202923
-3.115944
-8.232208
-1.110210
-0.713675
0.860723
0.359924
-0.022209
-0.223974
0.937685
18.823639
0.000000
2.994543
1.653193
2.100627
1.893646
2.005331
1.650229
1.402740
-3.855459
-10.944878
-4.083961
-10.995148
-1.804764
-0.332506
1.014634
0.115606
-0.132112
-0.348032
2.174088
22.053421
0.000000
2.703354
1.683520
2.101793
1.912103
1.975544
1.641610
1.356803
-9.897367
-16.142967
-8.285883
-8.561127
-1.530365
-0.879060
1.291324
0.938039
0.510597
-0.251270
3.396734
21.502340
0.000000
14.084463
1.749436
2.253056
1.789493
1.942813
1.719660
1.543200
-1.791693
-7.183308
-2.967365
-11.224964
-1.114252
0.729240
0.318702
-0.507212
-0.401421
-0.536856
31.782179
23.603588
0.000000
2.736364
1.647177
2.010601
1.931607
1.937760
1.677042
1.310231
-12.640711
-20.518684
-13.263927
-11.395205
-1.902214
-0.475079
1.053128
1.242301
0.754444
-0.310955
7.394409
-1.878273
0.000000
23.139563
1.775378
2.313963
1.656837
1.875825
1.805417
1.643403
-6.123095
-9.735920
-3.041700
-7.933193
-1.213066
0.280591
0.743589
-0.037826
-0.100580
-0.175190
0.672575
25.977070
0.000000
2.648733
1.661446
2.059463
1.867106
1.914987
1.618582
1.293777
-11.345416
-19.445141
-14.367489
-13.835878
-2.494951
-0.680841
1.590249
1.102550
0.581298
-0.293650
3.275881
20.788425
0.000000
14.332876
1.732785
2.216441
1.690283
1.848840
1.677442
1.503540
-4.168391
-10.143492
-3.476263
-10.094660
-1.377869
0.537207
0.831102
-0.126598
-0.185458
-0.324684
2.539509
27.388205
0.000000
2.785757
1.671403
2.049025
1.868884
1.895059
1.605704
1.291159
-12.099284
-19.325718
-13.524055
-13.091324
-2.348993
-0.759662
1.393586
1.341156
0.727471
-0.043983
7.517511
-1.811552
0.000000
24.051704
1.741628
2.244089
1.584803
1.770675
1.655340
1.520849
-2.397140
-9.001522
-3.062305
-10.742199
-1.482946
1.256584
0.468042
-0.429210
-0.388139
-0.556139
29.437714
25.080267
0.000000
5.793835
1.634077
1.960188
1.853884
1.827296
1.648305
1.253959
-12.472227
-21.558292
-16.505129
-15.547009
-3.149857
-0.444175
1.266989
1.280499
0.676517
-0.128038
6.011990
-1.877964
0.000000
26.454706
1.736867
2.222609
1.544156
1.750614
1.650735
2.473009
0.534858
-6.387121
-2.749361
-10.359564
-1.540276
1.551783
0.183239
-0.538842
-0.458748
-0.719578
26.515104
23.061790
0.000000
7.091384
1.594025
1.885034
1.813523
1.777593
1.625075
1.310063
-13.053142
-22.884478
-19.075443
-16.899971
-4.541796
-0.450138
1.445659
1.295618
0.602621
-0.290333
8.745792
-1.724936
0.000000
22.884212
1.762261
2.256206
1.543848
1.743163
1.671781
1.556350
-5.983503
-9.734716
-3.674137
-7.734827
-1.681311
0.615402
1.003198
0.120948
-0.069373
-0.125908
2.827160
26.777649
0.000000
2.778504
1.645376
1.994849
1.769570
1.787442
1.611602
1.243955
-12.808736
-20.710661
-16.478291
-16.143057
-4.736084
-0.555420
1.513148
1.256183
0.601506
-0.063112
8.918854
32.146488
0.000000
19.095497
1.723619
2.189929
1.532320
1.701229
1.538581
1.393443
-3.987336
-10.370121
-5.147181
-10.150816
-1.793770
0.841072
1.017438
-0.030772
-0.195398
-0.168896
0.328964
25.867653
0.000000
5.244498
1.615099
1.930294
1.688244
1.691719
1.491310
1.121840
-11.757478
-20.912777
-18.354725
-18.081343
-6.492300
-0.800327
1.969587
1.126789
0.365610
-0.095098
7.225794
27.227304
0.000000
13.182659
1.697239
2.130791
1.532606
1.651779
1.440739
1.254106
-9.482506
-17.616697
-15.518925
-15.886551
-4.190708
0.478327
2.362144
0.538687
-0.163392
-0.116634
0.590731
19.902134
0.000000
23.117613
1.654041
1.953503
1.711372
1.742504
1.509674
1.233395
-10.472811
-20.114273
-18.606173
-18.430998
-7.939524
-0.754230
1.971476
1.047434
0.235286
-0.012579
8.720776
26.993103
0.000000
15.591021
1.677262
2.097236
1.449705
1.668645
1.504401
1.292259
-15.371109
-18.444799
-16.997499
-16.476261
-3.670738
-0.802122
2.253075
1.142774
0.496737
0.114580
6.312557
19.051754
0.000000
15.651903
1.677416
2.087939
1.558162
1.732116
1.489172
1.247068
-10.669141
-18.014498
-15.986067
-17.909590
-9.355392
-0.394810
2.556780
0.854382
-0.017257
0.133514
3.217813
20.614195
0.000000
23.422218
1.603775
1.898250
1.535955
1.617894
1.344420
1.114829
-6.542400
-17.611708
-17.808361
-20.325399
-13.095583
-0.064362
2.432837
0.630227
-0.290981
-0.224100
2.842093
24.385992
0.000000
21.065676
1.580874
1.887513
1.483876
1.611062
1.383502
1.088142
-12.836312
-19.587662
-18.983065
-16.986729
-6.658176
-0.627625
1.770369
1.104349
0.500910
-0.060686
6.678932
25.523865
0.000000
16.761894
1.699816
2.096594
1.465027
1.670088
1.452844
1.183685
-11.573672
-16.032682
-13.963369
-13.721573
-6.233864
-0.183830
2.194391
1.103890
0.115456
0.096073
4.625544
21.075935
0.000000
23.637161
1.632803
1.949198
1.601719
1.676567
1.411359
1.155419
-7.882854
-17.632263
-17.898827
-19.350395
-13.522028
-0.791929
2.550472
0.979128
-0.084394
-0.042587
4.763845
24.929255
0.000000
19.087296
1.599339
1.926276
1.476378
1.594594
1.371632
1.069631
-12.975368
-18.556816
-17.914753
-15.936598
-6.559927
-0.855536
1.840215
1.269907
0.610377
0.135910
6.918337
22.657068
0.000000
16.960932
1.633707
2.012376
1.378467
1.596552
1.355101
1.149373
-8.125707
-16.768177
-16.829609
-19.528162
-13.751608
-2.689283
2.354982
0.509873
-0.283193
-0.238976
1.088076
22.063034
0.000000
22.835670
1.542525
1.783433
1.532191
1.540352
1.297506
1.056175
-11.936061
-21.701641
-22.114330
-20.653772
-12.091631
-1.013535
2.118631
1.325878
0.330376
-0.025574
5.164202
25.339594
0.000000
16.535711
1.630031
1.976274
1.443705
1.609521
1.380123
1.126940
-12.795389
-18.643644
-17.646637
-17.283241
-8.999199
-0.434494
2.598682
1.464120
0.301642
0.093983
4.266933
22.704948
0.000000
25.447269
1.623179
1.913543
1.576084
1.601614
1.351133
1.149307
-5.786452
-18.123331
-18.993399
-22.699430
-18.547432
-3.576134
2.509287
0.638924
-0.257148
-0.376167
1.511372
22.938612
0.000000
20.693041
1.490410
1.729244
1.404705
1.462395
1.240008
1.007336
-14.792706
-21.327778
-21.440863
-19.213177
-7.659136
-0.806240
2.015732
1.449183
0.736777
0.025776
6.672300
22.294775
0.000000
18.578520
1.626211
1.973621
1.366822
1.571965
1.365813
1.171757
-10.382840
-18.631405
-17.770151
-20.641478
-13.518555
-3.157917
2.538250
0.836570
-0.074627
-0.228334
-0.220427
20.032917
0.000000
25.674391
1.490604
1.681012
1.484987
1.362106
1.139980
0.969544
-9.087790
-21.110395
-21.149242
-25.725399
-20.318413
-5.726278
2.355944
0.657652
-0.236388
-0.440145
-0.128597
19.784004
0.000000
11.271292
1.444383
1.637963
1.287745
1.269428
1.029274
0.799871
-15.507553
-22.603630
-18.384161
-17.020969
-3.986015
-1.250782
2.579876
1.745632
0.705856
0.042229
5.073227
18.578468
0.000000
13.797815
1.609229
1.919257
1.441800
1.467006
1.208692
1.033078
-8.395317
-19.798903
-17.128443
-23.950817
-17.046400
-7.205166
2.258144
0.486107
-0.160372
-0.301649
33.492485
19.629240
0.000000
13.478195
1.450290
1.593011
1.393771
1.260271
1.030358
0.880512
-16.154324
-26.665535
-22.973883
-23.645864
-13.126575
-0.788507
2.485287
1.175981
0.110819
-0.095787
2.564255
21.321182
0.000000
10.741755
1.525982
1.726724
1.322005
1.286496
1.075792
0.813591
-12.860353
-23.298937
-20.554935
-24.038330
-11.996048
-1.925375
2.752867
0.842940
-0.005754
-0.122541
0.338623
20.370401
0.000000
14.578139
1.517069
1.707421
1.491156
1.363722
1.114822
0.898866
-14.727486
-25.264709
-20.970192
-23.857775
-15.093702
-0.224234
2.516590
0.987856
0.031771
-0.197580
2.608414
23.488190
0.000000
15.128506
1.533036
1.706846
1.414699
1.323860
1.069148
0.824086
-14.248794
-23.748323
-18.954678
-21.396351
-8.681858
-0.505846
2.734180
1.552055
0.366466
0.084684
3.043797
19.643394
0.000000
16.699438
1.538805
1.732378
1.498803
1.321416
1.120291
0.983551
-16.630186
-25.577021
-25.806625
-26.787378
-19.105354
-8.476519
2.714960
1.034424
-0.442650
-0.629711
-1.535379
24.235847
0.000000
10.872734
1.637170
1.765048
1.472776
1.269759
0.913983
0.730811
-27.067251
-33.421635
-30.645504
-24.460012
-5.445892
-1.187365
3.007029
2.235792
0.283759
-0.020304
-1.062738
26.013424
0.000000
16.576658
1.731401
1.999649
1.424363
1.371279
1.110800
0.991484
-16.641218
-26.210096
-25.061722
-25.906008
-16.119816
-11.544950
0.660910
1.142440
-0.602158
-0.719093
23.553690
22.761948
0.000000
9.586425
1.733998
1.813927
1.576759
1.318603
0.966827
0.815771
-30.707703
-35.409077
-35.071545
-32.021637
-10.638020
-1.989983
3.436426
2.347845
0.057581
-0.311296
-1.205925
30.114843
0.000000
6.178911
1.749727
2.009471
1.471989
1.343201
1.049635
0.988056
-21.981033
-30.416967
-29.429705
-29.046162
-16.966526
-5.982805
3.249224
1.308820
-0.412634
-0.573973
-1.317986
26.105127
0.000000
7.915933
1.759874
1.925160
1.658952
1.369666
1.049134
0.930636
-28.044828
-34.354401
-32.837082
0.000000
15.009104
2.843982
2.843858
2.846404
2.850960
2.856499
2.861770
2.865170
2.864828
2.858757
-0.679411
0.434917
-0.217150
-0.070949
0.888050
-0.267235
-0.305267
-0.087914
-0.682759
-0.935617
-0.789127
7.663441
0.000000
2.820636
2.444975
2.712352
1.823395
2.736363
2.709885
2.679184
2.615685
2.042280
-5.697243
-0.312344
-2.776743
-2.541235
-1.145458
0.752501
1.293352
0.481674
-1.764659
-2.248926
-0.534228
6.818040
0.000000
4.957274
1.787565
2.395449
10.885446
10.677153
7.464731
3.349293
1.365473
-1.057289
-3.486422
-2.343653
-0.496059
-0.267226
1.535719
0.129405
-0.794367
-0.193316
-0.881868
9.044035
0.000000
5.164062
1.533672
1.790496
3.647311
1.615244
0.225295
0.107923
-18.160969
-21.817883
-13.731724
-25.035353
-12.623755
-0.867821
1.950020
0.556417
-0.399094
-0.155737
22.061249
10.722055
0.000000
9.468483
1.564479
1.569215
1.703785
2.204590
1.363855
0.456054
-22.602169
-29.422791
-21.387547
-28.253660
-16.325729
-0.699234
2.518314
0.690756
-0.543507
-0.419924
24.396370
12.378126
0.000000
5.730358
1.528876
1.492603
1.363349
1.906513
1.599898
0.517110
-22.803619
-30.005363
-20.653835
-26.870424
-14.634338
-0.446127
2.573465
0.781880
-0.419466
-0.357031
30.398441
15.819653
0.000000
3.947977
1.539520
1.517602
1.304623
0.911900
1.790761
0.519764
-26.276628
-32.464050
-25.775127
-29.975712
-17.102869
-0.959320
3.115488
1.054510
-0.443174
-0.381020
23.328545
17.901232
0.000000
2.798074
1.546470
1.472286
1.254458
0.824927
0.576852
0.431589
-29.482065
-34.296448
-31.264126
-30.337223
-18.136950
-1.272293
3.498253
1.449070
-0.433496
-0.535006
26.188272
19.562695
0.000000
2.095673
1.580644
1.447538
1.075614
0.664699
0.279271
0.012168
-34.761082
-37.825462
-28.214891
-27.533213
-7.069069
-0.980682
3.802294
2.016137
0.076473
-0.021835
0.936798
23.164738
0.000000
2.052373
1.641124
1.737509
1.154176
0.761590
0.468285
0.232119
-30.583313
-34.686203
-25.109575
-26.632170
-6.950836
-0.950296
3.668486
1.917636
0.102850
-0.084766
26.978687
22.968801
0.000000
2.072923
1.676424
1.772552
1.286876
0.801955
0.438890
0.167186
-33.016747
-36.492523
-25.259182
-25.979290
-6.730961
-0.925520
3.689037
1.995261
0.158962
-0.100752
-0.442467
25.862410
0.000000
2.089594
1.693841
1.832219
1.283589
0.840965
0.514883
0.277787
-31.041960
-35.048012
-28.084894
-29.977150
-9.294250
-1.253584
3.901119
1.972547
0.044416
-0.116919
33.505054
23.205788
0.000000
2.079767
1.705387
1.796058
1.298371
0.786250
0.363240
0.035329
-33.678185
-37.251129
-24.665295
-23.691183
-4.055460
-1.110653
3.819096
2.508318
0.371626
-0.084049
-1.486702
29.800436
0.000000
2.113910
1.715682
1.929725
1.357500
0.902668
0.632997
0.428125
-30.020617
-33.823685
-30.285931
-30.194201
-14.563627
-1.248564
3.669621
1.899817
-0.017908
-0.195490
27.464220
23.476196
0.000000
2.049888
1.669507
1.605664
1.243010
0.770269
0.271911
0.008669
-36.246407
-39.664864
-29.144766
-24.541819
-3.933901
-0.805637
3.364485
3.045803
0.681398
1.526329
-1.016041
40.822998
0.000000
5.098854
1.744301
1.993015
1.487097
1.162690
2.406956
0.915621
-20.439497
-24.538734
-22.034107
-22.816011
-13.536364
-3.929470
3.299753
1.600661
0.215868
-0.607807
26.390396
22.851486
0.000000
2.562979
1.756549
1.306927
1.184630
0.679957
0.080024
-0.239141
-39.399731
-40.709183
-35.620308
-25.710176
-4.317177
-0.994925
3.031908
3.086546
1.108734
2.844717
-0.516165
2.740231
0.000000
18.741766
1.861137
2.046313
1.460861
1.527146
4.195233
3.812878
-7.685009
-11.237545
-8.575140
-11.229637
-2.414379
-0.255472
1.730653
1.084101
0.070118
-0.565496
22.747032
22.141195
0.000000
4.145916
1.596409
1.336608
1.217507
0.843295
0.444313
0.150030
-35.607929
-37.621742
-35.267319
-28.366718
-4.335243
-1.277023
2.785435
3.456114
0.909313
4.171488
-0.582300
0.013807
0.000000
30.725958
1.682405
1.553513
1.024615
1.564596
2.198037
0.806386
-22.839458
-27.795607
-26.483902
-26.160721
-15.067766
-11.838711
-2.417843
2.066888
-0.156990
-0.657719
21.950760
24.830189
0.000000
25.865290
1.737063
1.051584
1.293137
0.612920
0.201125
-0.075177
-45.127502
-43.545444
-40.673180
-34.911671
-11.563467
-2.425770
2.985821
3.496478
0.698442
0.495169
-0.726004
14.113781
0.000000
21.909554
1.819858
1.802840
1.266663
2.986721
2.699564
1.028189
-23.372763
-28.564186
-25.743486
-25.873301
-12.521627
-5.611618
3.257343
1.506677
-0.175924
-0.294353
21.217861
23.932249
0.000000
13.200352
1.673158
1.413328
1.276920
0.884570
0.493587
0.142502
-37.288269
-39.498734
-36.190022
-26.349426
-4.494606
-1.256714
3.327799
3.466995
0.691717
0.403082
-0.778889
22.793016
0.000000
23.516745
1.747496
1.804281
1.161827
1.119712
2.100884
0.669266
-24.837868
-31.283157
-28.807676
-28.509207
-15.792187
-10.412455
-1.774256
1.959897
-0.227198
-0.424833
24.416342
21.153717
0.000000
12.280842
1.676299
1.278455
1.204199
0.725205
0.300037
-0.072181
-39.971645
-41.427605
-39.728752
-27.764753
-4.474115
-1.275278
3.055391
3.223957
0.818590
0.511847
-0.286366
-2.029070
0.000000
30.856537
1.829234
1.834285
1.011810
2.382582
2.696067
1.601401
-19.255701
-25.155075
-23.061674
-24.313772
-11.300327
-6.142849
3.170097
1.510208
-0.044577
-0.226807
25.847898
21.335894
0.000000
12.768274
1.636708
1.354762
1.235239
0.788953
0.365205
-0.024830
-36.934647
-39.753708
-37.947544
-27.151127
-4.635122
-1.382639
3.029673
3.764912
0.880444
0.542749
-0.580248
-1.990381
0.000000
31.933178
1.774959
1.822715
1.063906
1.577893
2.048700
0.659306
-23.370945
-30.383194
-28.135216
-27.866013
-14.777338
-7.168571
1.370363
2.057028
-0.055704
-0.230570
25.895506
21.657154
0.000000
11.164281
1.755203
1.392535
1.262212
0.635902
0.269590
-0.000132
-39.896816
-41.644123
-40.309677
-33.779144
-9.279007
-2.649803
3.252800
3.725879
0.795387
0.426901
-0.735300
30.754128
0.000000
12.995956
1.734331
1.765708
1.203075
2.134829
1.957923
0.690284
-27.621801
-33.149940
-30.674070
-29.672682
-16.175785
-2.721823
3.760880
2.155272
0.140869
-0.083817
23.051861
23.600925
0.000000
6.085271
1.719090
1.582087
1.308204
0.762839
0.389793
0.106646
-37.293758
-40.724716
-38.874374
-33.932777
-13.633408
-2.615467
3.624634
3.340496
0.580530
0.293795
-1.058718
27.388472
0.000000
8.641201
1.710241
1.808010
1.339763
0.862959
0.604432
0.293128
-31.203192
-36.813522
-34.446846
-31.998184
-17.332237
-2.620876
4.183744
2.464944
0.240412
0.069082
26.070683
23.469837
0.000000
-0.235231
1.742143
1.645612
1.205839
0.590431
0.111826
-0.106847
-37.671806
-41.785255
-32.944679
-26.070606
-7.551670
-1.219025
3.197678
3.429417
0.892416
0.834040
4.705183
25.442963
0.000000
17.408426
1.795009
1.993119
1.409899
0.922766
1.346212
0.548675
-28.798183
-34.326271
-31.442650
-29.662016
-16.505198
-7.461832
-2.155943
2.674660
0.044834
-0.244009
25.543055
23.250156
0.000000
14.101652
1.816323
1.464404
1.242587
0.667341
0.237070
-0.121094
-42.564400
-43.665115
-39.298958
-25.684706
-3.854338
-1.622217
2.801443
3.192269
1.214014
0.959249
6.719280
-1.581060
0.000000
25.769724
1.834158
1.950379
0.948214
2.339173
2.490210
0.958673
-21.852076
-27.866770
-26.048534
-26.526608
-14.378872
-4.478905
3.526634
2.169381
0.246616
-0.082228
27.538248
22.655296
0.000000
16.447681
1.724970
1.450736
1.267851
0.682805
0.326255
0.010282
-39.518475
-41.399200
-40.190285
-33.401924
-12.908197
-2.719643
2.856058
3.575200
0.826132
0.453163
-0.675913
30.072376
0.000000
11.597091
1.767280
1.844950
1.250244
1.231639
0.830604
0.312611
-31.216017
-37.305740
-34.604115
-31.707811
-17.476501
-2.780502
3.812799
2.471113
0.392973
0.180840
27.844818
23.034321
0.000000
1.862857
1.799767
1.643628
1.206582
0.474705
0.133521
-0.122789
-37.514809
-41.468437
-38.004128
-32.877960
-14.828165
-2.878164
3.639774
3.110297
0.728010
0.541845
-0.966623
26.478596
0.000000
5.010489
1.796083
1.834684
1.265628
0.533352
0.278684
-0.002381
-33.528984
-39.445107
-37.085312
-34.303162
-19.109282
-3.153708
-0.667355
2.783688
0.438305
0.190208
27.602673
22.673836
0.000000
4.744914
1.815864
1.704509
1.235311
0.488668
0.084540
-0.239545
-37.149906
-41.444427
-36.826996
-31.370119
-16.113672
-2.907022
1.466970
3.095363
0.729803
0.528809
-1.148432
26.695097
0.000000
6.039849
1.816294
1.902097
1.322760
0.658089
0.319156
-0.074987
-32.445469
-38.945114
-33.935982
-30.244379
-16.020267
-2.796118
1.403158
2.836223
0.665806
0.533636
-1.054636
27.764565
0.000000
6.650497
1.839830
1.843910
1.346282
0.591846
0.187349
-0.098540
-34.837383
-40.393391
-35.446815
-29.908585
-14.694233
-2.687590
3.516701
3.257912
0.916494
0.761875
1.268988
29.037903
0.000000
9.554355
1.837228
1.948174
1.379477
0.671821
0.331948
0.027388
-33.314442
-39.303154
-36.052750
-31.963755
-15.609598
-2.793715
3.389727
3.007375
0.838259
0.593100
1.784634
28.276861
0.000000
4.611027
1.826190
1.843541
1.285078
0.572531
0.137683
-0.159529
-34.086704
-40.275276
-32.566029
-24.943377
-10.653389
-2.078089
2.957033
3.289667
1.064545
1.051466
7.063047
32.805058
0.000000
15.718626
1.868502
2.053803
1.389929
0.666496
0.356305
0.126629
-31.522945
-38.359451
-36.085743
-32.363117
-18.408506
-3.359732
-0.069786
2.870419
0.517454
0.207567
26.126242
24.515200
0.000000
12.087872
1.882914
1.729898
1.212492
0.461420
0.061003
-0.249334
-38.431019
-42.344284
-38.091225
-29.156315
-13.575542
-2.752874
2.492315
3.256022
1.044294
0.837475
0.494699
26.408741
0.000000
12.201627
1.868632
1.990117
1.235841
0.357103
0.075378
-0.050391
-31.354031
-38.539009
-35.877754
-30.488894
-18.462984
-3.168320
0.037258
2.752238
0.628359
0.409157
26.846142
23.390736
0.000000
11.213580
1.894795
1.724380
1.142971
0.193579
-0.160391
-0.361962
-36.042576
-40.979717
-36.932358
-28.808308
-15.909115
-3.224192
-2.262377
2.866697
0.804192
0.612728
-0.550350
26.664221
0.000000
19.746429
1.935641
1.902935
1.175479
0.226023
-0.063378
-0.218070
-33.485943
-39.576260
-37.113106
-28.504974
-19.427704
-3.280920
-5.413258
2.789187
0.677347
0.448994
18.328320
25.883978
0.000000
21.002214
1.956041
1.839412
1.220538
0.051286
-0.266723
-0.365389
-34.775394
-40.117050
-38.215118
-30.992210
-21.776054
-5.446207
-5.815432
2.987585
0.801193
0.215136
26.703745
25.007568
0.000000
25.408066
1.936129
1.864866
1.177042
0.121671
-0.152524
-0.449092
-33.418209
-39.668480
-37.498981
-29.199804
-21.616245
-7.124817
-6.287830
2.718310
0.738150
0.071939
2.334738
26.591063
0.000000
31.430653
2.003037
1.862841
1.173039
-0.200914
-0.251905
-0.055968
-31.914288
-38.429890
-37.717842
-31.801643
-19.210808
-3.828934
-2.331211
2.907087
0.737270
0.377987
22.577021
24.337395
0.000000
27.347622
1.952237
1.837464
1.145350
-0.178606
-0.354879
-0.410874
-32.954460
-38.904213
-38.173088
-27.553686
-20.364286
-6.432604
-6.487429
2.657865
0.702427
0.185963
-0.216196
26.325966
0.000000
34.414085
1.997159
1.855432
1.052786
-1.096693
-0.862051
0.073490
-27.159266
-34.549911
-34.101402
-26.241325
-15.467815
-3.239374
1.340359
2.696890
0.761545
0.701853
-0.488283
26.262976
0.000000
30.199488
1.984736
1.869392
1.174091
0.358705
0.214032
0.211355
-29.678738
-36.893066
-38.381950
-22.931963
-18.377235
-3.674505
-3.471920
3.027757
0.763834
0.722162
-0.528381
29.774755
0.000000
35.148720
2.037932
1.942208
1.104703
0.246764
0.243624
0.444391
-23.846235
-34.147293
-35.406502
-23.978125
-14.562599
-2.990095
0.703514
3.183456
0.900452
0.917599
-0.477333
26.151875
0.000000
32.077896
1.985683
1.913355
1.361141
0.373659
0.101063
0.003188
-30.876213
-37.617561
-36.096180
-20.625332
-20.078470
-4.017025
-9.898651
2.647038
0.810007
0.240931
-0.087673
29.829651
0.000000
53.580490
2.017679
1.905384
1.392323
0.889981
0.278766
0.173825
-29.725168
-40.229614
-40.111687
-31.566637
-23.360870
-9.166899
-6.850910
3.048157
0.743578
1.156050
0.206221
28.307261
0.000000
39.583271
2.034225
1.937019
1.354015
0.400767
0.023184
-0.253152
-32.366463
-40.982864
-37.844219
-23.864391
-18.543945
-3.134415
-5.360043
3.222312
0.862432
0.692087
-0.179930
31.514311
0.000000
31.209805
2.101696
2.093723
1.434034
0.352125
-0.108353
-0.374995
-29.026093
-38.666943
-30.947760
-17.746038
-13.320868
-2.743753
-0.395081
3.163824
0.881819
0.977203
-0.374308
32.873543
0.000000
27.348743
2.120972
2.183994
1.530967
0.393193
-0.089247
-0.286605
-26.862328
-37.676128
-29.042582
-18.502838
-12.752277
-4.020735
-3.069458
2.930770
0.851530
0.936710
-0.182133
31.441679
0.000000
31.696007
2.152374
2.160886
1.551647
0.483062
0.011101
-0.256330
-29.936937
-39.406902
-32.937405
-21.739710
-17.738729
-2.867596
-5.687059
3.317016
0.929398
0.775433
-0.197464
32.443981
0.000000
37.106030
2.168416
2.169427
1.548416
0.471797
-0.012859
-0.240299
-30.107937
-39.721676
-33.941887
-22.204462
-15.594097
-3.513123
-3.547791
3.250694
0.906082
0.826599
0.019859
31.136480
0.000000
31.325947
2.144328
2.180928
1.552635
0.539425
-0.012136
-0.306902
-27.138401
-36.966488
-26.614201
-13.078032
-9.703039
-2.129061
2.228016
3.088079
1.146421
1.197964
1.464273
31.137337
0.000000
26.300213
2.126204
2.234727
1.590900
0.478118
-0.112561
-0.278339
-25.049244
-35.847855
-26.438669
-15.335344
-11.683990
-2.163723
0.753740
3.062141
0.955370
1.142197
-0.174957
33.213680
0.000000
27.304596
2.151361
2.201825
1.576703
0.608768
0.067939
-0.272686
-26.046051
-34.857544
-25.716101
-11.837446
-9.525072
-1.415785
1.937445
2.816006
1.163731
1.213985
1.951170
30.324476
0.000000
31.279615
2.131896
2.262296
1.598354
0.538898
-0.065443
-0.200124
-24.681160
-36.305634
-28.879618
-17.072857
-13.489063
-2.659262
-0.394793
3.183023
0.920326
1.099949
-0.071436
32.052059
0.000000
27.085262
2.173154
2.194014
1.545459
0.593669
0.038650
-0.295251
-27.520872
-35.587494
-27.208666
-11.914585
-9.184526
-1.923355
1.714750
2.795695
1.173100
1.237452
1.430113
31.073288
0.000000
29.184906
2.117908
2.289382
1.564358
0.419043
-0.166307
-0.231308
-22.015827
-34.338078
-28.094389
-16.383467
-13.894257
-2.646999
-2.591669
2.970720
0.747080
1.057667
0.064167
29.010178
0.000000
28.857483
2.201420
2.210655
1.505673
0.422024
-0.008843
-0.357167
-28.649269
-36.296959
-33.691360
-20.755150
-21.606194
-6.414129
-6.635771
3.039030
0.943727
0.808100
0.316961
30.725836
0.000000
46.514412
2.182631
2.227843
1.408624
0.164238
-0.189135
-0.354832
-25.808784
-37.021519
-35.351944
-22.081335
-23.929255
-11.179544
-8.097620
2.559719
0.505684
0.455229
0.448860
22.676420
0.000000
56.803539
2.226766
2.212138
1.272942
-0.319631
-0.054859
0.457577
-22.091629
-33.467621
-34.124298
-24.253691
-16.899153
-3.142035
0.217897
2.673164
0.624289
0.817186
0.263218
27.828400
0.000000
51.109493
2.129838
2.150741
1.230199
0.178277
0.097629
0.079941
-26.937403
-37.180038
-38.016846
-19.773575
-23.472731
-10.513746
-6.243488
2.386578
0.554873
0.467331
0.604752
22.735786
0.000000
65.639091
0.299522
2.090792
1.114682
-0.292064
-0.025729
0.816586
-11.886442
-24.017965
-24.798740
-18.734365
-11.127048
-2.421047
-0.123726
2.606688
0.876169
0.849876
0.368586
25.944307
0.000000
45.877728
2.078590
2.064286
1.241941
0.429908
0.169184
-0.175003
-28.914314
-36.186272
-33.132584
-15.856390
-26.196960
-13.027670
-8.406330
2.276320
0.701285
0.517216
0.646822
23.799973
0.000000
66.598251
2.642234
2.082338
1.194628
-0.606058
-0.240283
0.809578
-9.591863
-22.593796
-23.806936
-12.781706
-5.418486
-2.170412
-0.158405
2.349951
0.927868
0.929586
0.558195
22.562363
0.000000
38.656601
2.130809
2.176620
1.286674
0.159947
0.009753
-0.277970
-26.309872
-32.442940
-31.232677
-15.841587
-27.223709
-13.698555
-8.342136
2.131519
0.673722
0.624359
0.702194
23.427565
0.000000
67.860245
5.624280
2.055711
1.262834
-0.794791
-0.942238
0.727305
-73.681816
-25.036644
-27.091045
-15.675577
-6.189304
-2.337536
-0.301497
2.650229
0.766365
0.756092
0.415346
21.508915
0.000000
39.858154
2.344538
2.261765
1.253930
0.216321
0.065401
-0.160239
-56.006477
-31.919807
-33.597427
-16.947779
-28.464909
-18.417368
-10.668877
1.786112
0.780772
0.823631
0.802631
21.079334
0.000000
66.923569
5.142042
2.291688
1.348739
0.082065
0.665542
1.002621
-70.791946
-22.008698
-24.649120
-14.024126
-7.867205
-2.333723
-0.869058
2.671843
1.016375
0.974260
0.288078
23.509354
0.000000
39.646011
2.296207
2.289364
1.162216
0.247835
0.243374
0.066925
-56.705509
-32.857025
-34.098595
-17.308355
-27.200548
-17.016022
-10.098757
1.902689
0.739406
0.816181
0.889927
23.328499
0.000000
66.054703
2.464432
2.262693
1.061727
0.755869
1.028708
1.125126
-7.637756
-20.230074
-21.297119
-9.432850
-5.804680
-2.193186
-0.750048
2.134386
1.042484
1.102255
0.738842
23.330067
0.000000
42.926132
2.108698
2.168483
1.141789
0.072028
0.027730
-0.328867
-25.528669
-31.015430
-30.753355
-15.747477
-26.153135
-16.527002
-8.536816
1.489334
0.404274
0.689240
1.040552
19.728100
0.000000
69.804436
9.259093
2.140294
1.287413
-0.776145
-1.056773
0.861796
-3.480815
-16.885160
-16.089346
-5.003052
-2.783781
-2.064796
-0.537202
1.946224
0.861389
0.900547
0.561468
19.630983
0.000000
39.325302
2.200709
2.156394
0.968134
-0.185718
-0.016996
-0.600762
-23.343428
-29.147606
-33.047321
-19.594307
-31.145742
-17.133278
-9.208757
1.082565
-0.015542
0.754692
1.002193
-1.638391
0.000000
74.795296
25.167952
1.165565
0.887446
-0.573844
-0.218006
0.955031
3.623436
-10.141214
-2.400341
-1.986084
-2.375608
-1.912524
-0.003076
1.863274
0.601440
0.426510
0.380779
13.757745
0.000000
34.882042
2.231092
2.226496
1.279862
-1.386601
0.554234
0.542122
-20.240963
-29.251144
-29.424698
-14.523056
-21.238247
-12.904530
-7.220999
1.856004
0.953166
0.794180
0.938858
21.833717
0.000000
67.280830
9.517682
1.745771
1.642443
0.675253
0.840846
1.195531
-7.242743
-20.289200
-14.728048
-3.493422
-2.825766
-0.565882
-0.089756
1.222559
0.793167
0.691849
0.843319
-1.420832
0.000000
43.980431
2.161606
2.354706
1.139597
-1.343585
0.192369
1.028134
-10.905512
-24.903236
-24.812771
-16.150501
-20.196266
-9.596529
-0.969397
2.247787
1.254761
1.148832
0.551180
22.943268
0.000000
63.296524
4.958833
1.752928
0.776327
-1.567084
0.274030
0.819860
-15.114983
-27.704700
-26.594458
-14.775812
-14.387287
-2.446205
0.729353
1.925656
0.820921
0.877954
0.833677
20.970692
0.000000
56.648117
1.656510
1.913346
0.662938
-2.170436
0.123866
0.672529
-11.904243
-24.895927
-23.378115
-14.161549
-16.769230
-9.831293
-0.600849
1.421906
0.364010
0.750025
0.940161
17.885319
0.000000
63.102268
1.928929
2.146571
0.889918
-1.470464
-0.237458
1.031541
-9.172090
-23.128960
-20.374226
-10.608839
-12.097235
-2.035242
0.285658
1.529820
0.899357
1.035748
0.869747
20.677452
0.000000
62.415867
1.922363
1.890001
0.940841
-1.105489
0.311716
1.022388
-12.514625
-25.438477
-22.601397
-13.092207
-13.833294
-5.576292
0.265091
1.308832
0.917673
0.900522
1.071123
16.923687
0.000000
64.565308
3.200031
2.022967
1.290761
-1.478010
-1.269407
0.944092
-10.221545
-26.907871
-29.021425
-18.929834
-9.483007
-2.885946
-0.442398
1.706748
0.804955
0.728285
1.199656
19.755886
0.000000
60.436272
2.320920
2.324188
1.241531
-0.683286
0.473604
1.104892
-21.102522
-34.683876
-37.676041
-26.514881
-17.157267
-5.007069
-1.158484
2.271482
0.918730
4.944962
1.396538
20.062454
0.000000
65.519806
2.005558
2.277391
1.893777
0.568902
0.101699
1.327986
-15.090725
-31.152760
-30.485167
-14.844917
-5.430103
-2.376358
-0.672785
1.725591
0.919144
1.319715
1.252769
-1.166317
0.000000
62.901615
2.328919
2.403683
1.765342
-0.323458
-0.429753
1.266018
-15.473808
-31.929693
-34.624191
-22.712135
-13.725666
-3.310448
-1.010286
2.104073
0.856791
2.146416
1.291508
20.558886
0.000000
65.835114
2.085111
2.115844
2.187102
0.663976
0.157305
1.402810
-13.994809
-30.056728
-28.932308
-14.793530
-4.049559
-2.326357
-0.782167
1.675308
0.832870
1.984913
1.381310
-1.067367
0.000000
64.384003
2.331597
2.378653
2.077739
-0.045659
-0.153614
1.312276
-13.249581
-29.830223
-30.865099
-19.402237
-10.995251
-2.843405
-0.632114
0.000000
2.855461
2.852876
2.858408
2.862441
2.864369
2.863183
2.857652
2.849588
2.833227
2.811194
2.780465
2.740028
2.688033
-10.353356
-4.276487
0.263891
1.016257
1.013941
0.594894
-0.490619
0.486447
0.642443
0.196806
0.372129
1.578201
0.000000
2.360148
-0.930574
-5.993876
-3.777933
-5.829335
-3.558400
-0.941252
2.296347
1.646193
1.411458
1.357566
1.078611
0.819361
7.363746
-1.783193
-13.177735
-10.116195
3.021293
-1.149175
-1.640580
-1.824107
-1.932926
-2.015962
-2.113849
2.852824
2.843358
2.844061
2.845136
2.847702
2.850977
2.854867
2.858742
2.861937
2.863986
2.864556
2.861577
2.854459
2.841269
2.821955
2.795262
2.759266
2.713338
2.655376
2.584523
2.501312
2.401856
2.280980
2.141018
1.975972
1.781366
1.516306
1.343029
1.243369
1.125736
1.004330
0.886260
0.767677
0.647543
0.526014
0.412184
0.319728
0.951029
-0.322061
-1.500592
-0.180289
-0.260433
-0.428862
-0.602180
-0.766098
-0.926680
-6.021638
2.851551
2.831280
2.819935
2.807696
2.797231
2.790162
2.787325
2.788817
2.794656
2.803749
2.815127
2.827844
2.840255
2.851489
2.859903
2.863990
2.861607
2.851145
2.830786
2.800017
2.754228
8.203947
0.184332
-1.997139
-0.963906
0.367086
-0.241889
-0.786744
10.473132
16.428226
102.156357
91.985962
91.687485
-0.870604
0.596291
1.344909
0.939229
85.535973
102.583344
86.831619
67.580231
56.196838
0.000000
-120.000000
-120.000000
-120.000000
-117.518005
-91.109390
2.771926
2.394120
1.933740
1.611814
1.422590
1.272510
1.142604
1.013246
1.016480
1.176406
1.357547
1.431168
1.514608
1.591534
1.597510
1.609743
-14.277096
-13.579205
-25.995243
-12.140205
-1.688654
-1.313385
-2.239897
-1.272212
-0.586716
-0.920954
26.377966
23.182682
0.000000
40.686398
2.438293
6.019345
2.545275
5.975080
8.677911
10.105836
10.085948
9.288183
8.536409
8.461073
8.786489
9.077585
8.558858
6.741057
5.038417
1.240086
-1.461453
-2.372463
-2.563646
-2.582635
-2.531014
-2.570952
-2.557311
-2.208219
-1.376371
-0.179064
0.520773
1.027143
1.637589
1.505814
0.673080
-0.525739
-0.990611
-1.304121
-2.393189
-5.161813
-0.638713
2.853926
2.845591
2.847525
2.849298
2.851732
2.854699
2.858061
2.861379
2.864153
2.865558
2.864453
2.859479
2.849414
2.832958
2.809372
2.777630
2.736615
2.684927
2.621277
2.544229
2.452358
2.344282
2.217751
2.071520
1.903041
1.707047
1.449939
-79.797997
-36.395508
-25.826681
-17.691977
-14.082354
-6.368898
0.999910
1.946873
1.803532
1.066308
3.628884
0.000000
2.853483
2.838748
2.834302
2.832208
2.833390
2.837802
2.844219
2.851094
2.858057
2.863276
2.864412
2.862423
2.853637
2.837509
2.812481
2.776920
2.730425
2.668791
2.596404
2.509573
2.406027
2.282282
2.140258
1.979243
1.786608
1.537639
1.421436
1.330237
1.224183
1.104843
0.979508
0.853845
0.729813
0.608965
0.503752
0.431807
0.386247
0.301014
0.159043
-0.010190
-0.215791
-0.376532
-0.518847
-0.666473
-0.831773
2.853428
2.844110
2.844982
2.846334
2.848043
2.851664
2.855415
2.859476
2.861988
2.863384
2.860599
2.853565
2.840821
2.821999
2.794256
2.758378
2.714028
-17.869453
-10.825603
-0.698317
1.799320
1.398330
0.634926
-0.548761
-0.771801
3.044826
18.929092
30.323473
111.591713
0.000000
-0.064672
2.408267
1.923368
0.785012
-3.986394
3.723553
7.131807
6.359643
5.307455
4.977730
5.234803
5.060977
4.434979
2.920494
0.960007
-2.414318
-8.026913
-14.149029
-10.714872
-3.524579
-0.280035
-2.833070
-3.456226
-1.282704
1.524874
0.964291
-0.403762
-1.297532
-13.442846
-19.777967
-19.274338
-21.694225
-9.979876
2.851153
2.836150
2.832586
2.830784
2.833008
2.837527
2.844239
2.852087
2.858200
2.861199
2.859093
2.851981
2.833783
2.806819
-0.573190
0.278252
-0.548324
-0.900303
1.836172
1.516014
1.067749
0.582734
0.298060
0.246792
0.157519
-0.298996
-1.537629
7.179228
88.932877
78.846893
68.758278
58.706242
0.000000
-48.710251
-29.112551
1.128651
0.641279
1.570533
1.501235
0.560216
0.897002
1.244148
19.926487
32.820660
36.600826
28.763515
4.892242
1.477590
1.597932
2.629884
2.753260
8.937491
13.497042
1.606125
1.648325
1.695008
1.081490
1.419448
1.652912
1.757601
1.833392
1.887107
1.896299
1.866105
1.729325
1.728955
1.669885
1.564620
1.509143
1.478546
2.853812
2.845902
2.848182
2.850920
2.854604
2.858877
2.862892
2.865395
2.864469
2.858654
2.847084
2.827232
2.798442
-53.015079
-8.174269
0.865400
2.122526
0.328991
-0.581738
-0.402699
0.208144
1.347279
0.178988
-1.255907
1.155132
0.000000
7.816706
2.528969
2.757190
4.618981
7.842734
9.586760
11.078266
10.750587
0.560346
-3.044877
-3.489663
-0.695791
0.114283
0.131284
0.210979
-2.411586
-2.033501
-0.966210
-1.548562
4.004721
0.000000
1.930543
2.142726
13.280717
15.096790
14.459069
5.214615
1.638245
1.309145
1.121846
1.055493
0.959289
0.795733
0.543585
0.319634
0.120897
-0.088458
-0.346236
-0.700440
-2.465983
-5.048985
-3.691712
-0.501566
-2.051202
-2.313762
-0.858474
-1.085366
-1.438433
-1.249468
-0.399677
0.577654
0.609182
-5.149583
-2.435510
-2.583647
-2.615336
-2.625329
-2.657356
-2.700083
2.854026
2.846205
2.848659
2.851240
2.854451
2.858106
2.861609
2.864275
2.865326
2.863674
2.858493
2.847350
2.830623
2.805872
2.772326
2.728492
2.673640
2.605572
2.523460
2.425536
2.311074
2.178225
2.025899
1.852564
1.656272
1.423761
1.233893
1.148408
1.057110
0.962817
0.871691
0.780114
0.663844
0.541178
0.410898
0.275097
0.132599
-0.017762
-0.174907
-0.331922
-0.484023
-0.644678
-0.797966
-0.966747
2.852884
2.841698
2.840838
2.840651
2.841678
2.844653
2.849463
2.854362
2.859844
2.862125
2.863503
2.858351
2.845904
2.827026
-5.221421
-8.126347
-0.160610
-0.431707
-0.916088
1.166252
1.197652
1.026251
0.883178
0.650740
0.210565
-1.869534
2.644563
28.788357
77.923729
67.877068
57.838760
0.000000
-42.424835
5.035262
8.083976
6.475719
14.195449
17.006884
14.757856
16.361847
19.089100
18.589622
10.196663
6.679080
3.044381
0.567273
-0.226762
-0.171324
-0.277248
-0.403435
-1.331725
2.850285
2.834830
2.831728
2.833596
2.834924
2.835083
2.834504
2.833216
2.832059
2.832001
2.833683
2.837298
2.842930
2.849929
2.857764
2.863818
2.865422
2.860110
12.634373
8.168360
2.776121
2.718894
2.646108
2.557570
2.452998
2.332518
2.196037
2.043804
1.875975
1.691519
1.489720
1.270432
1.031620
0.775346
0.485270
0.170071
-0.154023
-0.487729
-0.706214
2.853395
2.844137
2.845662
2.848156
2.852336
2.857581
2.862494
2.865398
2.864432
2.857847
2.843941
2.821105
2.788038
-2.651926
0.806686
0.753893
0.499478
-0.280071
-1.279814
0.078740
0.895352
-0.033332
-1.112431
-1.747608
0.307882
0.000000
2.540607
2.402502
2.722041
1.184021
0.919925
0.458213
0.664392
1.272638
1.588443
1.426008
0.909304
0.753550
0.866558
1.024695
2.328773
2.847594
3.215500
3.080660
2.913573
2.819744
3.213778
4.561529
5.974572
8.077742
11.462090
12.720655
6.995970
0.338715
0.142771
-0.066105
-0.272796
-0.472581
-2.852402
2.852066
2.839560
2.838688
2.838541
2.839556
2.842852
2.846090
2.852307
2.856739
2.858594
2.859002
2.855124
2.841069
2.823460
2.797906
2.759211
-17.664259
-12.316326
-2.544001
1.691246
1.974861
1.469481
1.138170
0.741621
0.378413
0.039312
-1.401106
-0.651222
8.182226
93.806503
83.653435
94.570251
71.308655
-6.273385
69.455574
58.246552
43.835571
0.000000
-114.835014
-120.000000
-73.888077
-10.537757
0.526001
2.191932
0.575345
0.185136
-1.479623
2.854232
2.847162
2.850521
2.854251
2.858100
2.862012
2.864610
2.864556
2.862369
2.855800
2.843256
2.823882
2.796293
2.758517
2.710527
2.649560
2.574972
2.485061
2.376582
2.247315
2.090811
1.899152
1.841108
1.760695
1.658014
1.533938
1.393936
1.238440
1.071829
0.895419
0.713637
0.529397
0.351183
0.184671
0.015149
-2.856985
-2.442008
-0.199015
0.104423
-1.383039
-0.220859
-0.354748
-2.981520
2.854039
2.846018
2.848424
2.851392
2.855645
2.860333
2.864205
2.865544
2.862667
2.853847
2.837562
2.812427
-1.694335
0.023203
0.837623
0.661054
0.479357
-0.657449
-1.409930
0.386956
0.982016
0.065187
-0.907150
0.022167
0.000000
16.682665
2.460235
2.686944
3.185833
2.810056
1.585520
2.106836
0.746550
-0.462828
-1.266717
-1.796258
-2.097479
-2.067046
-1.501338
-0.970665
-1.363237
-2.600549
-3.793616
-3.811644
-2.015297
0.353889
-0.631661
2.019957
0.941082
0.131531
-0.042603
-0.218359
-0.402915
-0.589478
-0.752661
-1.270518
2.853647
2.845169
2.846991
2.848902
2.851767
2.855315
2.859282
2.862854
2.865286
2.864936
2.860910
2.851451
2.835419
2.811717
-15.212806
-15.398926
1.566772
2.005735
1.087776
0.319507
-0.659249
0.413636
12.805706
74.705757
64.649521
54.616219
44.655373
34.771095
0.000000
-109.329834
-120.000000
-108.133759
-85.949486
-72.479660
-36.217091
2.060323
5.669150
31.383440
38.827148
41.575630
34.990749
24.545525
13.255849
4.454814
0.645352
0.585415
0.510624
-2.360933
2.854321
2.846688
2.848259
2.850190
2.852449
2.855593
2.859155
2.862018
2.863939
2.864488
2.861126
2.854032
2.840947
2.821049
2.792655
-17.936451
-4.940069
2.192906
1.580918
0.717253
0.097710
-0.430876
0.916768
0.599841
0.103910
5.190510
4.025164
0.000000
2.370301
2.177979
2.593277
2.548949
7.572471
11.043881
9.993944
7.990711
5.477780
-9.361858
-2.750004
-3.759052
-2.393055
0.043911
1.240902
2.151371
-0.265717
-0.835455
0.057896
0.126373
