0.809305
1.208161
2.174260
2.817740
2.821726
3.156052
3.255226
3.007195
2.459270
1.480816
0.678770
-0.134440
-0.785310
-1.195888
-1.697829
-2.372846
8.132195
6.548343
3.708027
0.035810
-4.738007
-8.743241
-10.984117
-12.537862
-13.254023
-10.097171
-7.451506
-5.958097
-5.975040
-6.195889
-2.990763
0.739763
5.809660
9.975665
8.752076
8.463382
8.104179
6.819643
5.154552
4.292968
3.166431
2.405774
11.631828
14.483974
11.517343
2.425807
-7.200455
-11.486434
-13.399866
-14.221363
-11.771877
-4.968483
-11.485486
-19.157516
-20.984644
-16.318993
-13.311208
-15.231117
-16.741940
-12.110000
-13.864257
-12.657187
0.033487
0.941362
2.209445
4.183093
6.110849
7.872644
-4.060556
1.484541
1.469570
1.708962
2.602111
3.633014
4.614450
5.376122
5.959318
6.249567
6.405979
6.839511
7.753189
7.503780
5.774980
3.560322
1.014717
-0.794890
-2.261393
1.208836
-1.247357
-4.243725
-6.139056
-7.905081
1.171358
-0.050395
0.152659
1.153629
2.302212
3.171077
3.094743
2.673199
2.895205
2.476189
1.511327
0.789868
0.663423
0.491559
-0.047083
-0.762121
-1.380244
-1.824287
-2.215305
3.585407
1.661505
0.787542
-2.571074
-5.105033
-5.698471
-10.274814
-11.645226
-9.904825
-5.337632
-1.460451
-1.575226
-2.452484
-2.649651
-0.508286
0.161899
-0.160802
-0.605945
5.541593
5.431339
7.056705
5.245035
3.626024
3.436427
2.479845
5.049387
1.983704
-1.794126
-4.398292
-5.833997
-5.827314
-4.973743
-5.609864
-1.365450
4.008576
6.994589
4.718729
1.387406
-0.909732
-2.278602
-2.817138
-3.971653
4.257053
3.132747
3.724815
2.723828
2.016721
0.443744
0.904544
1.515731
3.960456
3.256247
0.110170
-2.601211
-4.013009
-6.153500
-7.247220
-8.847521
-5.740879
-0.988003
3.255676
2.723496
0.233250
-1.130553
-1.796697
-3.035800
-4.649703
-5.343875
-5.352031
-2.417733
5.463144
2.928155
1.081095
1.187795
1.821220
8.074819
4.867288
0.279436
-3.066060
-5.188202
-5.396654
-4.539730
-6.111619
-2.444170
3.228293
6.922817
5.585875
2.479755
-0.669855
-1.536672
-2.477636
-3.737436
-4.497685
5.015189
5.485489
4.183453
3.802625
2.559713
2.381024
2.567284
5.257699
4.160238
0.391657
-2.591646
-3.761130
-5.758481
-6.795961
-8.262398
-5.179805
-0.483997
3.814244
3.586696
1.074342
-0.569958
-1.530238
-3.068559
-4.891490
-5.534745
-5.377987
-5.819366
5.561952
2.831257
0.982919
1.059041
1.484143
9.063023
5.358238
0.621252
-2.837655
-5.050806
-5.744414
-4.901635
-6.545810
-2.853628
2.808764
6.547178
6.047202
3.108487
-0.474326
-1.292634
-2.237473
-3.596029
-4.415578
5.245058
5.774925
4.584571
4.343118
4.304012
3.808742
3.436647
3.167629
0.523764
-2.022889
-4.152681
-4.538403
-5.793793
-6.569105
-7.591628
-4.247003
0.579149
4.638109
3.916955
1.069883
-0.136111
-1.320506
-2.598430
-4.395653
-5.214987
-5.676888
-6.094517
5.757260
2.896110
0.933630
1.007473
1.536309
8.022131
3.960106
-0.167474
-3.150921
-4.898187
-5.363648
-3.688368
-5.683044
-2.163979
3.616036
6.635192
5.255302
2.067508
-1.064190
-1.431076
-2.430658
-2.979436
-4.472358
5.484141
5.904842
4.707397
4.775512
5.017633
4.635073
4.086080
3.800568
2.294787
-0.647830
-2.828270
-2.891065
-5.214992
-5.887047
-7.321974
-4.477881
0.185453
4.205024
3.029353
0.267852
-1.592539
-2.096536
-3.151870
-4.664681
-5.176108
-5.170951
-0.909494
5.470544
3.099057
1.311551
1.464058
1.607960
8.564382
4.375182
0.136205
-3.084019
-5.206709
-6.015881
-5.551939
-6.790732
-2.951755
2.699063
6.514201
5.677193
2.662231
-0.467672
-1.168110
-2.113995
-3.532044
-4.334362
5.922664
6.250804
4.807316
3.898923
1.808389
1.811956
2.537719
3.492176
1.226093
-1.994889
-4.290344
-5.190013
-5.658495
-6.785054
-7.958653
-4.486837
1.208702
5.736466
4.878108
1.571775
0.926047
-0.507318
-1.855712
-3.192349
-4.240714
-6.766827
-2.467204
5.892251
3.307543
1.389540
1.505605
1.782588
4.173700
1.049576
-2.395663
-4.530992
-5.668429
-5.509608
-1.742870
-4.287467
-0.588108
4.412768
6.882444
2.527024
-1.309699
-4.000577
-2.972728
-1.687138
-2.530001
-2.016539
5.501970
5.842568
5.802311
6.601399
7.068083
6.690866
5.907499
4.309937
0.117692
-2.917424
-3.965107
-3.317857
-5.646707
-7.218664
-7.637690
-4.611624
-0.625751
3.548435
1.112102
-1.225094
-2.124353
-1.487239
-1.865425
-2.859512
-3.474129
-3.873518
-4.155884
5.954302
3.429379
1.462288
1.434454
1.500573
9.065084
6.904905
2.487792
-0.875160
-3.619897
-4.750668
-5.613823
-6.853916
-3.074446
1.915252
6.274662
6.341777
3.479467
0.759598
-0.942014
-2.072299
-3.579172
-4.288439
1.730993
2.293728
5.626564
4.456488
2.627746
2.440366
1.901559
1.966406
-2.307686
-5.023889
-6.865890
-7.445860
-6.937231
-3.371368
-6.038159
-2.906657
2.051023
5.521543
1.485088
-1.799258
-4.222958
-3.215204
-1.809103
-2.588452
-1.942167
4.437348
4.971482
6.086381
6.652928
6.832319
6.339834
5.066563
3.206080
-1.411497
-2.796134
-4.277791
-4.280571
-4.739049
-6.258997
-6.575713
-3.106076
0.698454
4.380362
3.133187
0.564280
-0.626237
-0.851306
-1.401839
-2.593266
-3.393017
-3.473953
-3.768379
6.971488
3.706425
1.702636
1.487324
1.661115
8.882580
6.421708
1.893059
-1.395102
-3.915510
-4.684359
-6.021411
-7.225894
-3.567856
1.751675
6.157782
6.137194
3.267442
0.703689
-0.582142
-1.746078
-3.355519
-4.246981
1.766446
2.328818
5.702575
4.467931
2.478421
2.335037
1.954651
2.363451
-2.209019
-4.469649
-6.140549
-6.686142
-5.909911
-3.800369
-6.013508
-2.885755
1.859405
5.369363
1.622948
-1.500610
-3.708340
-2.928930
-1.916850
-2.257906
-2.092799
-2.196439
5.734293
5.579566
5.732502
5.733206
5.217317
4.395637
3.407247
-0.295912
-2.684981
-4.483813
-4.881355
-4.951442
-5.621657
-6.402180
-2.959557
1.733348
5.658808
4.109837
1.246459
-0.277278
-1.016959
-1.840553
-2.997052
-3.893975
-4.220301
1.746614
5.335232
2.758721
0.755906
0.956276
0.892212
6.904387
5.342202
2.207530
-0.485171
-2.205609
-2.875113
-4.411711
-6.251753
-3.810333
0.958141
4.750455
4.928816
2.363237
0.054526
-1.207678
-2.014823
-3.468787
-4.095478
-4.099907
-6.756528
5.874974
4.020870
1.583562
1.666852
1.525244
6.631352
3.915852
-0.153521
-2.901181
-4.573533
-4.570026
-4.428324
-6.726586
-4.144228
0.887593
4.776025
3.689607
1.216071
-1.691809
-1.653661
-1.571268
-2.492124
-3.125478
-3.469877
3.266791
5.714075
5.403461
4.657016
4.168887
3.720993
6.287761
3.247103
-0.543909
-2.901753
-4.017797
-4.838222
-5.900654
-7.130176
-4.209426
0.909168
4.493157
3.714933
0.983569
-0.044464
-1.086828
-2.014068
-3.043795
-3.824090
-4.760279
1.881156
5.188540
3.510400
1.127100
1.200136
1.046067
5.242640
2.857203
0.076675
-2.355996
-3.806823
-3.415077
-2.654346
-4.746946
-2.149589
2.730376
6.037848
4.487271
1.758800
-1.435582
-1.800814
-1.748547
-2.728092
-3.286890
-3.557872
2.791350
5.609261
4.953054
3.678014
3.329452
3.188734
6.798764
3.111922
-0.670986
-3.168575
-4.441959
-5.223605
-6.317133
-7.621274
-4.845819
0.235134
4.434951
3.832685
1.358006
0.586521
-0.698517
-1.804843
-2.905778
-3.789902
-4.533919
0.959065
5.133283
3.115110
0.325950
0.399695
0.320527
5.816743
3.446198
0.974686
-1.404000
-2.790442
-2.364558
-2.602932
-4.818462
-2.727262
1.761926
4.821755
4.227916
2.297466
-0.564437
-1.332387
-1.531439
-2.743093
-3.315349
-3.443204
-4.503305
6.647238
5.657767
2.741779
2.374985
2.214020
8.018611
5.906984
1.780701
-1.228953
-3.248106
-3.995852
-5.417923
-7.915606
-6.227502
-1.597308
2.175614
1.377169
-0.594541
-2.972105
-2.243653
-2.030905
-2.782648
-3.176771
-3.346470
-5.321518
5.389592
4.731287
2.719257
2.060695
1.794742
7.409330
5.777650
3.004791
0.413997
-1.524640
-2.044467
-3.290612
-5.404006
-4.150070
0.043534
2.890067
2.459773
0.577743
-1.453628
-1.802865
-2.218174
-3.263951
-3.694034
-3.692253
-5.011401
6.474454
4.845768
2.014823
1.701998
1.585524
8.829802
7.077929
3.724929
0.741661
-1.878933
-3.145266
-4.459507
-6.997735
-5.410907
-1.274724
2.499934
2.751381
1.317639
-1.228416
-1.650633
-2.226757
-3.304725
-3.780100
-3.782496
-4.617120
6.516566
5.577375
2.801764
2.410672
2.298878
9.242736
7.361540
3.655697
0.542054
-2.263071
-3.707708
-5.357773
-7.724062
-5.937347
-1.515162
2.530383
2.901341
1.395821
-0.908162
-1.512954
-2.180184
-3.327921
-3.938058
-4.025813
-5.280290
5.767164
4.685150
2.126288
1.780572
1.629959
8.246327
6.496844
3.379870
0.563358
-1.828357
-2.998553
-3.938195
-6.631104
-5.391307
-1.482280
1.382567
1.201766
1.953148
3.033590
4.039790
5.012500
4.343461
4.155183
3.948233
3.914133
2.632524
1.354850
1.113807
0.716116
0.403861
0.281388
-0.340360
-1.655896
2.692918
4.300664
2.463295
0.574538
-1.709665
-4.553151
-6.795724
-10.829664
-10.806225
-10.045956
-6.495119
-4.860832
-7.993442
-7.976608
-5.621605
-2.280558
0.072612
1.377146
1.777370
6.912866
6.162913
5.116489
3.343992
2.888499
2.274030
2.798283
6.195341
2.897401
0.760142
-2.853830
-5.519186
-4.706747
-8.023593
-6.510176
-3.102757
2.230210
3.684285
1.122527
-1.076299
-1.637427
-1.819656
-2.302005
-3.141191
5.109847
6.199493
5.465433
3.756667
1.267709
1.371788
1.015509
3.867828
8.296783
3.198227
-0.541442
-3.593797
-6.077673
-6.686917
-9.692932
-8.684437
-4.608407
0.569457
2.881368
1.810190
-1.232411
-2.122102
-2.434829
-3.381214
-4.541684
-4.566694
-4.638551
6.499830
5.507588
3.269320
2.480529
2.565759
5.120837
9.503214
3.772866
-0.324585
-3.516982
-5.250139
-5.330013
-8.384451
-7.426860
-3.286859
2.801742
4.400769
2.708838
-0.469786
-0.886304
-1.119197
-2.129438
-3.357937
-3.843732
1.450528
7.087932
5.756482
2.920952
2.289122
2.375597
4.437909
7.787633
2.991912
-0.174262
-2.824841
-4.033609
-4.675664
-7.404733
-6.895098
-3.160904
2.427545
3.760464
1.779392
-1.143481
-1.372675
-1.407529
-2.290324
-3.454052
-3.775216
-4.523410
6.910666
5.647315
2.924569
2.136350
2.289844
5.335897
8.588049
3.511720
0.097689
-2.779262
-3.786138
-4.439743
-7.200767
-6.709013
-2.915759
2.593384
3.953086
2.237706
-0.818182
-1.424475
-1.299987
-2.030030
-3.146614
-3.447800
-3.706187
7.061863
5.990001
3.402893
2.619406
2.610920
5.127698
9.000113
3.579413
0.036148
-2.950927
-3.873095
-4.938014
-7.659087
-7.167971
-3.413982
2.313304
3.428326
1.482591
-1.467461
-2.098763
-1.588246
-2.128014
-3.034659
-3.286566
-3.759032
7.057289
5.908750
3.376766
2.554983
2.502529
4.985966
7.734725
2.761607
-0.309782
-2.957582
-3.789260
-4.324047
-6.880167
-6.501824
-2.835306
2.782245
3.618045
1.530761
-1.458752
-2.254971
-1.550543
-1.948800
-2.781263
-3.033804
-3.528574
7.012254
5.907321
3.688216
2.797351
2.602716
5.011229
7.833024
2.680526
-0.389822
-3.136773
-3.944762
-4.634459
-7.107195
-6.576354
-2.960850
2.696233
3.673431
1.565230
-1.366121
-1.943778
-1.478583
-2.013978
-2.970730
-3.263700
-3.850541
6.968707
5.701918
3.043894
2.240336
2.149739
5.063686
7.397440
2.823489
-0.081990
-2.621919
-3.403167
-3.926327
-6.562196
-6.458847
-2.869336
2.411720
3.263518
1.291423
-1.723004
-2.672016
-1.725471
-1.924691
-2.631904
-2.778196
-2.933808
7.142004
6.281781
4.245819
3.276504
2.936935
5.198433
7.903846
2.572415
-0.511428
-3.314883
-4.168199
-4.684810
-7.130152
-6.488270
-2.963500
2.849088
3.881102
1.659572
-1.291075
-1.970823
-1.386987
-1.815098
-2.707646
-3.044805
1.614344
6.916143
5.455241
2.628528
1.946909
1.859369
4.763281
6.452007
2.576312
0.023507
-2.393725
-3.084386
-3.357498
-5.947502
-6.168817
-2.738149
2.080628
2.607356
0.517698
-2.477363
-3.295617
-2.158772
-2.021339
-2.470220
-2.451037
-2.481699
10.593055
7.033557
5.317710
3.682866
3.143264
5.124315
7.537194
2.152195
-0.766788
-3.535141
-4.367702
-4.648946
-7.034404
-6.384782
-3.023715
2.574065
3.699835
1.320268
-1.641053
-2.247156
-1.351857
-1.571284
-2.188155
-2.433120
2.512316
6.762829
5.380084
3.051326
1.816265
1.571479
4.611409
5.394671
2.050814
-0.266090
-2.606809
-3.312694
-3.193309
-5.625451
-5.683351
-2.377388
2.424130
2.837132
0.766348
-2.123188
-3.060991
-1.832959
-1.796535
-2.344110
-2.324201
-2.356222
7.178013
7.004619
4.790455
3.258080
2.783470
5.463666
7.268987
2.010435
-0.849090
-3.521415
-4.377459
-4.389267
-6.906560
-6.371717
-2.939044
2.645558
3.557481
1.229919
-1.730354
-2.200172
-1.291724
-1.447839
-2.009038
-2.229963
-2.941025
6.868852
5.599166
3.339214
2.041358
1.771335
4.824320
5.562769
2.108974
-0.210776
-2.555887
-3.319007
-3.147370
-5.552433
-5.577474
-2.297642
2.460900
2.779443
0.618330
-2.336782
-3.346580
-1.959262
-1.799916
-2.277273
-2.252034
-2.277959
8.941522
6.927389
5.036637
3.335697
2.834308
5.528008
6.787443
1.818836
-0.864311
-3.489731
-4.317545
-4.363404
-6.770114
-6.148349
-2.653922
2.959276
3.834219
1.579178
-1.414375
-2.197718
-1.211290
-1.439876
-2.159830
-2.457828
2.929674
6.845053
5.275366
2.801700
1.644762
1.420893
4.774392
5.504081
2.481350
0.166693
-2.128186
-2.917484
-2.631592
-5.106010
-5.623847
-2.458396
1.859345
2.041010
-0.161290
-3.015969
-3.875167
-2.270855
-1.930552
-2.258687
-2.057737
-2.056560
-2.505132
7.469912
6.063018
4.216134
3.542497
5.739061
7.305365
1.776369
-0.990372
-3.759184
-4.806082
-4.875700
-7.249487
-6.377053
-2.939954
2.593510
3.939234
1.550115
-1.376801
-1.917242
-1.103189
-1.293587
-1.954340
-2.300484
3.442139
6.793959
4.997030
2.637694
1.468767
1.220511
4.597441
4.828937
2.264124
0.095519
-2.044246
-2.937044
-2.509853
-4.879481
-5.415558
-2.473678
1.746745
2.364591
0.474018
-2.244180
-3.377783
-2.305747
-2.114109
-2.650223
-2.502858
-2.453471
-2.530141
7.657590
5.520213
3.870843
3.272075
6.279772
7.867899
2.306157
-0.623734
-3.535602
-4.970980
-5.002139
-7.499500
-6.928420
-3.339313
2.362031
4.191934
2.366627
-0.576790
-1.337063
-0.956190
-1.481780
-2.495224
-2.930723
2.552122
7.087424
5.285432
2.873757
1.809239
1.570505
4.852001
5.229554
2.505138
0.319088
-1.775392
-3.006423
-2.694951
-5.203176
-5.889731
-2.889610
1.226213
2.497301
0.929719
-1.711341
-3.047453
-2.422714
-2.400742
-3.081824
-2.950446
-2.883702
-2.799167
7.560376
5.304081
3.749206
3.228855
6.619460
8.258377
2.818830
-0.250078
-3.300684
-5.056618
-5.291068
-7.762285
-7.299076
-3.711892
1.957486
4.114703
2.579198
-0.313623
-1.262266
-1.026317
-1.579075
-2.611358
-3.006032
2.401185
7.123329
5.288598
2.869520
1.825036
1.610025
5.071067
5.475974
2.609486
0.325631
-1.871644
-3.025727
-2.732116
-5.157536
-5.999823
-3.019078
1.257296
2.365299
0.774414
-1.939995
-3.442408
-2.464193
-2.268714
-2.823897
-2.647195
-2.583350
-2.712402
7.644228
5.663278
4.025800
3.456311
6.552033
8.042102
2.533929
-0.439867
-3.417474
-5.077269
-5.179025
-7.618133
-7.214901
-3.756076
2.074950
4.683032
2.370274
-0.337833
-0.918944
-0.780468
-1.426544
-2.551513
-3.080472
5.245849
6.771517
5.041523
2.634950
1.673137
1.422194
0.638615
5.352517
2.280128
0.180711
-1.935202
-3.253090
-2.884241
-5.213499
-6.379796
-3.550309
0.793308
2.267128
0.088199
-2.332048
-3.241174
-2.441904
-2.416421
-3.164751
-3.082480
-3.035702
-2.979203
7.858599
5.722214
4.038711
3.489762
2.700198
8.037127
2.677778
-0.207928
-3.083798
-4.778319
-4.692061
-7.139178
-7.121560
-3.623896
2.276969
4.658112
2.299697
-0.453960
-1.263752
-0.869995
-1.494176
-2.593634
-3.108195
7.293092
6.432413
4.764296
2.259655
1.472582
1.237651
0.403098
5.476725
2.277804
0.105954
-2.025565
-3.488156
-3.073628
-5.330537
-6.780559
-4.090231
0.316059
1.752154
-0.485999
-2.878836
-3.898211
-2.590886
-2.323230
-2.919241
-2.767583
-2.715335
-3.358204
7.995385
6.579974
4.630405
3.959095
3.098009
8.113983
2.551507
-0.345044
-3.308822
-4.937098
-4.947966
-7.285877
-7.011813
-3.623370
2.356606
5.178726
2.679425
-0.065248
-0.716808
-0.503826
-1.130063
-2.272196
-2.891550
7.062647
6.343215
4.708745
2.195623
1.374415
1.147833
0.306557
4.848310
1.874364
-0.210510
-2.215608
-4.051233
-3.041589
-5.412582
-6.654028
-3.901288
0.433226
1.329391
1.413188
2.220883
3.093166
4.068423
5.025645
5.893239
6.560701
7.072426
6.287644
4.832016
3.386118
2.263744
2.365115
2.906247
2.887090
1.513503
0.132491
-0.927270
-1.769618
-2.506721
1.417704
1.987211
3.933858
7.007050
6.287959
1.458080
2.525120
-4.604947
-11.370966
0.862248
-0.668300
-0.322273
0.684867
1.739638
2.615647
3.379713
3.950735
4.365073
4.643030
4.643819
4.463331
4.063208
3.657559
1.795855
0.016198
-1.952147
-3.030693
-3.203064
-0.680913
-2.964860
-5.987879
-7.684059
0.871485
3.183412
0.215087
9.216331
5.515186
4.596652
3.318931
2.173194
2.225435
1.839630
0.579157
1.599153
0.963754
-0.235229
-1.106777
-1.503123
-2.785030
-4.323577
-5.964613
0.510928
2.467602
4.608685
5.071967
2.306778
-1.146372
-3.433805
-4.693875
-5.233570
-5.252634
-4.991545
-4.672151
-4.414599
-3.422102
-3.445722
-4.163105
-5.010921
5.059710
2.091529
-1.977629
-4.908668
-8.776525
-9.266800
-7.229688
-0.406949
3.829882
6.909954
5.644433
-1.601781
-4.022957
-5.023002
-2.599139
1.907422
9.171432
11.718243
23.396606
29.672211
26.215038
21.348890
14.829417
4.273108
-11.701186
-23.676979
-27.251566
-29.522137
-29.842386
-25.944052
-17.656586
-16.273773
-16.390991
-13.285936
-10.929723
-8.740763
-6.179883
-3.597369
-0.438816
2.877604
4.655739
4.366011
3.020392
5.915415
8.182769
7.387059
7.236593
7.484284
8.067252
11.732339
15.798595
14.877270
18.809069
15.149606
1.298584
-7.010749
-9.688330
-5.621259
-0.993202
3.754740
7.247184
10.240346
10.333595
10.136756
7.806552
8.647758
9.529556
4.400203
5.206986
5.498391
4.276121
3.520902
5.111898
1.390098
0.203252
4.783902
4.083105
-4.722270
-13.352685
-11.251009
-8.679298
-6.984454
-9.745052
-6.723512
-1.133879
5.069021
4.921860
2.721475
-1.055853
-2.713390
-3.073912
-2.642899
-1.181391
-0.661422
5.209725
4.472389
3.685021
3.443519
5.845992
10.641938
16.840906
13.443534
4.298397
-6.806373
-13.972798
-19.435186
-20.809437
-16.673458
-11.235849
-3.350294
2.237085
-0.546732
-3.046805
-3.119391
-3.032292
-3.345497
-3.568180
1.760918
3.989787
6.421384
5.408840
2.830224
2.828779
2.676811
3.050802
3.575698
0.044104
-2.247693
-4.222013
-6.092987
-5.900566
-8.631924
-7.297041
-3.457864
1.443088
2.618916
0.156463
-2.447119
-2.516717
-2.644235
-2.969297
-3.830809
-4.048300
-6.457362
6.375196
5.048314
3.137576
2.183019
2.011736
4.159212
1.934053
-0.812666
-3.158085
-4.779648
-5.467302
-1.670787
-5.390065
-4.603870
-1.219653
4.141956
3.164229
0.101766
-3.005315
-3.169367
-1.247544
-0.757019
-0.585744
-0.590793
5.800981
7.433111
7.351413
7.293945
6.320959
5.502638
4.261708
0.794738
-2.774215
-4.688161
-6.064294
-6.264855
-4.431457
-7.466825
-5.418132
-2.212562
2.355748
2.758786
-0.000613
-2.399464
-2.447084
-0.826350
-0.800956
-1.310291
-1.488407
-3.275656
7.809989
6.064548
3.749319
2.383198
2.192307
5.566772
4.945982
1.136688
-1.627940
-4.093582
-5.258468
-2.303693
-5.634778
-4.505689
-0.720792
3.989496
3.885993
1.354583
-1.917197
-2.492816
-1.306870
-1.077172
-1.411418
-1.590206
5.359654
7.002203
6.195601
5.681197
4.497290
3.976643
4.732716
4.134335
-0.504264
-2.884917
-4.879274
-5.617463
-5.064266
-7.695145
-6.295948
-2.596364
2.630451
3.446930
1.001331
-1.169928
-1.792544
-1.613140
-2.005380
-2.997254
-3.302574
-5.140181
6.764803
4.888968
2.340120
1.605398
1.458949
5.089597
5.045039
2.154991
-0.386902
-2.638107
-3.569404
-2.234817
-5.020606
-5.304388
-1.913396
2.307219
2.911120
1.003430
-2.188007
-3.120826
-1.792946
-1.541995
-2.106217
-1.987456
-1.998222
-2.157761
7.954564
6.365318
5.037681
4.457276
6.309286
8.125831
1.823836
-1.463487
-4.573081
-5.729575
-6.101913
-8.637906
-7.484211
-3.565749
2.203490
3.371230
1.287428
-1.796381
-2.043147
-1.114238
-1.554836
-2.451564
-2.836149
7.017799
6.217781
4.643456
2.224601
1.704344
1.362444
4.748597
5.066153
2.390237
-0.020628
-2.363564
-3.396846
-3.175732
-5.579329
-6.215997
-3.186032
0.608628
1.350344
-0.286209
-3.124720
-3.576946
-2.406225
-2.167412
-2.684592
-2.434406
-2.387649
-2.428939
8.369652
6.292556
4.999318
4.394592
6.504542
8.035249
2.089502
-1.141959
-4.383547
-5.759573
-5.987456
-8.498273
-7.288867
-3.416841
2.586986
4.128400
2.134684
-1.093689
-1.423909
-0.667292
-1.226865
-2.202206
7.112556
5.853818
5.326001
3.945134
1.555302
1.285476
0.868231
4.729736
5.889865
2.939465
0.324749
-2.260237
-3.245170
-3.527475
-6.083981
-7.049873
-4.458509
-0.563348
0.239439
-1.345624
-3.798913
-3.966144
-2.375264
-1.982560
-2.321675
-1.902063
-1.815065
-2.536852
8.327572
7.281872
5.716667
4.906850
7.120193
9.329657
2.933241
-0.757838
-4.605138
-6.429835
-6.521532
-9.037457
-7.596056
-3.785302
2.238477
4.043180
1.925454
-1.405227
-1.542376
-0.754513
-1.154082
3.994210
5.766523
5.196849
4.787393
3.675889
1.592823
1.312885
0.893808
4.647795
6.426969
3.095792
0.362317
-2.389151
-3.561958
-3.967289
-6.517098
-7.409699
-4.855373
-0.766343
-0.171296
-1.904519
-4.276937
-4.415055
-2.364752
-1.767106
-1.949038
-1.519765
-1.455551
-2.354261
8.471435
7.324524
5.726498
4.901872
6.787209
7.653574
1.697663
-1.643345
-4.987923
-6.513161
-5.856877
-8.441429
-7.011917
-3.043981
2.864073
4.139282
1.871343
-1.357457
-1.605754
-0.731956
-1.088993
6.286366
5.469776
5.041199
4.591524
3.527665
1.697255
0.931022
0.636961
4.517128
6.230898
3.079092
0.376274
-2.353245
-3.437213
-3.714841
-6.217383
-7.332455
-4.951955
-0.972366
-0.459662
-2.342478
-4.691752
-4.419174
-1.995681
-1.429788
-1.611373
-1.141854
-1.089304
-2.536149
8.604686
8.155425
5.754186
4.781960
6.413550
6.944722
1.037141
-2.054773
-5.131445
-6.493581
-5.486275
-8.030546
-6.909984
-3.246965
2.216962
3.537425
0.997910
-1.851689
-2.106234
-0.755506
-0.658674
-1.089860
7.393959
6.088905
5.470331
4.538480
3.514055
2.048957
1.571164
4.625134
4.151928
1.509824
-0.629242
-2.781894
-3.853014
-3.297278
-5.578164
-5.954154
-3.134571
1.100146
1.203304
-0.949152
-3.814731
-4.238653
-2.066377
-1.427743
-1.651857
-1.458210
-1.542077
-1.698121
8.093600
6.732851
4.548874
3.892625
5.669477
5.335786
0.372322
-2.165246
-4.672911
-5.502342
-4.686020
-7.156501
-6.423273
-3.115673
2.175065
3.312968
0.742638
-2.015592
-2.398894
-0.792271
-0.617519
-1.029031
-1.297422
4.536500
7.136906
5.540457
4.027442
2.254223
1.889762
4.920149
3.747147
1.337333
-0.828501
-2.969209
-3.847434
-2.639163
-4.853181
-5.115503
-2.150574
2.307804
2.438540
0.130279
-2.995495
-3.924799
-1.795892
-1.129569
-1.372197
-1.292520
-1.409881
10.062926
7.527452
5.983006
3.993837
3.466145
5.694685
5.289490
0.763621
-1.733593
-4.200528
-5.105955
-4.372851
-6.819067
-6.534178
-3.539607
1.660337
2.929947
0.489000
-2.224364
-2.666979
-0.891618
-0.737950
-1.187113
-1.387133
-2.455866
7.551746
5.874399
3.847348
2.069267
1.804160
5.698082
5.011830
2.191298
-0.320250
-2.776296
-3.813409
-2.608790
-4.744207
-5.221381
-2.324302
2.334611
3.226834
1.463551
-1.528146
-2.630244
-1.424919
-1.086757
-1.615474
-1.566852
-1.551017
-1.625801
7.846920
5.230070
3.783148
3.251570
6.585573
6.874683
2.125242
-0.972981
-3.771830
-5.318738
-5.134122
-7.625358
-7.524599
-4.132828
1.367548
3.234191
1.638747
-1.629033
-2.414419
-1.210073
-1.212016
-1.920689
-2.162970
-2.784007
7.510026
5.626213
3.527354
2.192724
1.901016
5.588014
5.460529
2.570677
-0.005284
-2.424672
-3.601655
-2.734102
-5.061119
-5.997481
-3.163493
1.291451
2.318323
0.507264
-2.424811
-3.713411
-2.021383
-1.438981
-1.817648
-1.601970
-1.542114
-1.942355
8.294285
6.658275
4.786921
4.142194
6.780306
7.136613
1.760745
-1.180017
-4.127208
-5.804986
-5.673038
-8.088303
-7.625445
-4.325506
1.483440
3.787389
1.977796
-1.253922
-1.848143
-0.779981
-0.913544
-1.750278
-2.142208
3.408607
7.709093
5.860678
3.867473
2.427819
2.089454
5.107965
4.274131
1.887790
-0.398512
-2.454197
-3.635162
-2.932058
-5.316535
-6.018572
-3.167113
1.047262
2.600582
1.064166
-1.754124
-2.996242
-2.073448
-1.838848
-2.481431
-2.388212
-2.322246
-2.192200
7.562666
5.374118
3.713501
3.329257
2.583694
7.768818
2.878756
-0.473356
-3.513342
-5.401969
-5.225564
-7.406663
-7.543433
-4.138163
1.497125
1.341595
1.378632
2.186893
3.053288
3.989332
4.990099
5.764149
6.373276
6.686748
6.691264
6.384493
6.059318
5.810194
4.515759
2.043633
0.190945
-1.242313
-2.492570
0.178218
-2.954630
-5.657504
-7.223690
-0.490632
-1.921129
-3.661252
-6.025667
-9.511696
-10.835063
-10.895186
-10.082822
-10.621283
-10.997397
1.279502
0.934165
1.369426
2.283839
3.349943
4.357792
5.231341
5.858340
6.341935
6.884588
6.652700
6.655383
6.441519
5.164862
3.400992
1.726154
0.212685
-1.350736
2.642102
1.234389
2.676709
3.605700
1.850362
6.513760
0.937482
-1.233272
-0.693782
0.517561
1.636237
2.788620
3.880896
4.748275
5.054356
4.529370
2.804744
2.118620
1.873361
0.840249
-0.019815
-1.561705
-3.723939
-5.007632
-6.477127
-7.204146
-3.605749
-3.331538
1.632935
-4.067225
-5.211275
-6.210934
-6.552619
-7.201268
-7.858000
-5.575657
-7.090803
-7.748535
-2.749962
-0.977147
-0.850457
-2.037029
-2.326675
-3.390546
-4.154965
-5.398685
-1.226801
-1.003207
2.631103
10.182926
15.639812
20.113533
23.058022
25.388029
15.171095
7.035060
6.734580
6.532342
7.440772
1.110495
-4.792731
-12.321429
-16.393393
-14.612052
-5.502441
-7.882909
-12.201260
-10.790746
-3.016945
0.214264
0.097692
0.593598
5.910620
7.892366
8.336326
8.019866
7.364557
7.024163
7.196632
11.073137
17.010790
13.782353
11.780251
8.582324
0.393864
-9.800879
-16.316637
-16.557001
-13.474208
-5.871421
-0.635394
-8.464328
-7.444083
-4.574976
-2.403086
-2.873925
-3.082629
-5.927590
-4.192498
7.786415
5.833797
4.391992
4.258588
3.220826
1.640884
-2.258027
-4.071947
-6.774700
-7.936545
-7.774243
-4.358365
-4.702329
-2.005147
2.314395
6.890033
5.507243
1.679855
-0.736028
-1.720018
-2.057531
-2.775257
-2.947913
-2.565975
-2.516768
4.056271
3.991905
4.783807
4.233057
3.010571
5.405049
7.169449
2.229396
-1.451827
-4.290725
-6.388039
-8.309449
-10.686809
-9.330123
-4.946255
-0.116243
-0.831016
-3.166421
-4.352820
-3.178272
-1.669141
-1.698885
-1.645985
-1.634306
6.696054
6.998794
5.586233
3.617013
3.340765
2.749346
6.996675
4.320841
0.886186
-2.184228
-4.823956
-5.909583
-5.115310
-7.275577
-5.342620
-0.414748
3.768845
2.615185
0.058499
-2.263484
-1.777267
-1.110447
-1.731580
-2.103170
-2.297307
4.842519
6.989895
5.840004
3.571406
3.339679
3.313104
6.884596
4.520689
0.566314
-2.616160
-4.513699
-5.774439
-6.827943
-8.889407
-7.111962
-2.467603
2.334881
2.139144
-0.146721
-1.133153
-0.706334
-1.029211
-2.310226
-2.961901
-3.130549
-5.926733
6.743070
4.985387
2.225234
2.196769
1.802446
7.342216
5.132344
1.774888
-1.484167
-3.727407
-4.058872
-4.768807
-7.362361
-5.982582
-1.701408
2.480977
2.937849
1.281483
-0.926739
-0.945303
-1.151610
-2.385031
-2.850238
-2.812791
-3.811671
8.038788
6.798042
4.424231
4.053160
3.494568
9.918697
8.125631
3.108946
-1.255595
-4.695958
-6.659711
-7.633644
-10.242713
-8.436259
-3.577877
1.524534
2.131646
0.405845
-1.312970
-0.590426
-0.731183
-1.828663
-2.350997
-2.600351
4.105357
7.081592
6.086686
4.080730
3.632122
3.247636
7.976611
5.354453
1.972147
-1.181558
-3.459260
-4.686046
-5.202826
-7.867357
-6.497194
-2.065709
2.109293
2.352749
0.486237
-1.159083
-0.864563
-1.091042
-2.297041
-2.759466
-2.854191
-4.624074
7.105119
5.880539
3.402237
3.120783
2.763609
8.988624
6.693531
2.756280
-0.908963
-3.552596
-5.208559
-5.753418
-8.598271
-7.134721
-2.712697
1.822553
2.523083
0.947448
-1.041345
-0.811558
-0.932246
-2.064345
-2.509244
-2.579687
-3.909148
8.161758
7.127229
4.419121
4.021092
3.510104
9.043947
6.408142
2.171555
-1.536767
-4.297937
-6.012046
-6.766494
-9.271221
-7.544284
-2.815905
2.080443
2.496719
0.610235
-1.084637
-0.555156
-0.773539
-1.953486
-2.501952
-2.765723
3.835005
6.863006
5.520084
3.385759
3.072300
2.590677
8.221272
5.742721
2.350737
-0.902730
-3.345213
-4.676575
-4.757142
-7.721166
-6.564637
-2.322633
1.493286
1.759746
0.273054
-1.762411
-1.357779
-1.344774
-2.321265
-2.647054
-2.577151
-3.615254
8.050959
7.400743
4.803112
4.227222
3.516691
9.332186
6.593731
2.373845
-1.400131
-4.300778
-6.035896
-6.733685
-9.392235
-7.804163
-3.166518
1.757123
2.220644
0.702221
-0.871379
-0.487977
-0.780955
-1.945930
-2.468153
-2.732603
5.013475
6.788876
5.488907
3.041254
2.734173
2.263561
7.612233
5.185163
2.260489
-0.727501
-3.058574
-3.988058
-4.361838
-7.580625
-6.744036
-2.747731
1.030048
1.383165
0.026719
-1.864150
-1.295768
-1.274131
-2.193294
-2.530926
-2.411671
-3.318730
8.884811
8.180173
5.314387
4.685510
3.903637
9.672944
7.105641
2.688673
-1.253258
-4.486078
-6.510556
-7.125400
-9.716245
-7.997322
-3.250734
1.884396
2.417188
0.883358
-0.901444
-0.490633
-0.736766
-1.855541
-2.380086
-2.701485
4.893462
6.930845
5.382895
2.971122
2.800538
2.266202
7.342073
4.792838
2.011831
-0.901166
-3.124863
-4.283819
-4.567554
-7.728549
-6.908216
-2.941425
0.819377
1.078116
-0.345320
-2.399881
-1.618792
-1.463385
-2.303129
-2.580479
-2.444084
-3.324643
8.406373
7.799444
5.162480
4.528040
3.787487
9.503751
6.758644
2.406310
-1.471028
-4.418417
-6.392570
-6.936169
-9.563196
-7.965158
-3.243701
1.880709
2.376567
0.778324
-1.190186
-0.771612
-0.733785
-1.757191
-2.269302
-2.589059
4.993712
6.968445
5.558365
3.334631
3.065209
2.565414
6.991159
4.316741
1.681052
-1.141815
-3.231019
-4.312128
-4.557400
-7.640072
-6.865324
-2.813180
0.861505
1.060500
-0.470832
-2.530457
-1.655884
-1.422797
-2.258130
-2.548300
-2.483574
-3.469379
8.265051
7.501760
4.998158
4.365496
3.689377
9.194715
6.298287
2.265836
-1.408567
-4.142510
-6.087833
-6.313051
-9.192389
-7.710727
-3.417475
1.823627
2.677289
1.209970
-0.280760
-0.194985
-0.625763
-1.942720
-2.610322
-2.870088
3.864388
6.972068
5.366611
2.738260
2.553553
2.108961
7.880542
5.659840
2.589353
-0.503355
-3.043080
-4.367647
-4.093465
-7.615187
-7.174293
-3.610234
0.721567
1.451620
-0.009112
-2.226827
-1.504302
-1.096339
-1.676446
-2.200521
-1.916292
-2.203979
2.465634
9.238921
6.259201
5.518594
4.194185
9.778437
8.374485
3.025507
-1.446807
-5.152363
-7.959218
-8.322155
-11.014726
-9.047516
-4.425544
1.492245
2.525273
1.164898
-0.741811
-0.336863
-0.418267
-1.483647
-1.981219
-2.339872
5.210614
7.420655
5.706511
3.420507
3.245154
2.743551
7.028813
4.142990
1.585347
-1.139210
-3.268335
-5.025521
-4.458230
-7.579739
-6.924026
-3.050566
0.722279
1.358788
-0.060758
-2.152949
-1.642428
-1.580799
-2.474901
-2.973084
-2.829610
-3.535268
9.011756
7.945158
4.918271
4.398883
3.726186
9.625323
6.960950
2.536321
-1.410233
-4.459634
-6.937094
-6.766318
-9.769101
-8.275475
-3.878805
1.597000
2.515429
1.103129
-1.178709
-0.799594
-0.760597
-1.725300
-2.210519
-2.422619
4.209899
7.164855
5.909307
3.954293
3.488663
3.067516
7.862203
4.974216
1.829419
-1.256770
-3.539950
-5.382098
-4.691282
-7.854856
-7.200047
-3.272083
0.959900
1.558008
-0.027183
-2.403614
-1.715904
-1.181365
-1.864364
-2.252136
-2.186441
-2.884806
8.449882
7.840163
5.641291
4.941968
4.119100
7.793644
6.759904
2.002669
-1.625642
-4.379346
-6.470809
-6.070807
-9.074409
-7.722819
-3.467782
1.940442
2.740314
1.005863
-1.073795
-0.915829
-0.561647
-1.629270
-2.161305
-2.460225
4.522890
7.170295
5.633488
3.287403
3.017085
2.535315
6.754380
5.118550
2.068942
-0.957785
-3.283822
-4.743958
-4.087016
-7.411329
-7.189151
-3.476550
0.625707
1.416657
-0.107857
-2.316659
-1.861575
-1.299247
-2.086096
-2.577104
-2.456306
-2.942551
9.113325
8.451292
5.566656
4.898637
4.115998
7.831279
7.203882
2.486660
-1.305566
-4.285285
-6.472475
-6.617223
-9.792474
-8.514347
-4.162377
1.519942
2.690239
1.165767
-0.866715
-0.707921
-0.394836
-1.472650
-2.010438
-2.344167
4.894162
7.366053
5.688195
3.272071
3.040088
2.527399
6.714782
5.003546
2.106593
-0.808108
-3.099121
-4.699468
-3.963053
-7.280190
-7.194227
-3.596399
0.470338
1.273553
-0.259740
-2.717656
-2.140772
-1.375990
-2.033617
-2.434031
-2.267818
-2.609232
9.125598
8.518292
6.079326
5.367004
4.376494
7.731113
7.349674
2.358864
-1.491272
-4.516372
-7.038804
-6.720441
-9.841996
-8.508018
-4.158064
1.405380
0.965912
1.334223
2.353541
3.459466
4.479211
5.295396
5.567156
4.821242
4.124866
3.763505
3.020325
1.497776
-1.073695
-2.367488
-3.497753
-4.546167
-5.382869
-6.001388
-6.680566
-3.097072
3.417020
-0.061592
-5.406912
-6.800911
-7.968632
-8.946975
-7.460241
-9.336095
-9.885636
-6.247489
-3.614019
-4.182943
-4.826568
-3.289934
0.588799
3.953228
5.352694
5.468350
8.877894
9.089430
6.940949
5.663135
5.011901
4.450996
2.350089
5.736801
5.234375
2.753381
-1.231714
-4.126663
-5.473247
-8.578725
-9.367990
-7.460889
-1.478749
1.551646
-1.127031
-3.607570
-4.054704
-1.973722
-0.310921
0.081198
0.438945
8.360328
8.294070
6.747129
5.631065
3.908106
3.403435
2.406590
3.917422
2.009488
-1.262442
-4.579103
-6.785140
-6.125040
-9.112712
-9.443956
-6.804203
-0.581895
3.546715
1.743310
-1.367891
-2.652370
-1.465097
-0.973637
-1.494804
-1.755919
4.121456
9.338267
7.375719
6.074430
4.155215
3.777118
3.600854
3.454945
0.867336
-2.314534
-4.897786
-6.205777
-4.775053
-7.879852
-8.529055
-5.814197
0.332039
4.592978
2.624420
-0.423315
-1.420668
-0.659585
-0.978606
-1.979367
-2.466962
-2.661853
9.419274
7.360986
5.438129
3.529291
3.242965
2.885411
7.318603
3.394485
-0.549584
-3.927908
-5.329345
-5.627429
-7.816725
-9.099613
-6.407680
-0.249157
3.891073
2.439767
-0.773552
-1.867990
-0.900898
-1.143013
-2.194227
-2.622025
-2.701357
9.362236
7.315966
5.363614
3.325537
3.088681
2.974334
7.585410
3.657135
-0.268644
-3.613688
-5.097022
-5.417081
-7.693353
-9.157421
-6.757869
-0.667593
3.479717
2.022332
-1.047131
-1.840388
-0.820896
-0.978681
-1.905556
-2.265913
-2.315681
9.629418
7.571208
5.521683
3.397687
3.158495
2.666044
7.052920
3.105014
-0.371519
-3.408652
-4.784784
-4.859632
-6.970112
-8.703697
-6.380040
-0.399169
3.464095
2.001852
-1.006053
-2.329095
-0.868256
-0.643261
-1.464950
-1.747699
-1.803527
8.065629
7.934834
6.220991
3.967453
3.578665
2.967320
7.259373
2.976653
-0.518998
-3.542094
-4.965516
-5.068738
-7.195594
-8.786533
-6.632088
-0.713732
3.334588
1.597114
-1.376338
-2.381814
-0.941777
-0.587560
-1.256399
-1.539423
-1.615406
8.150267
7.691619
5.750666
3.594749
3.231637
2.592981
6.211899
2.413606
-0.524555
-3.218664
-4.501766
-4.224689
-6.235602
-8.091081
-6.038012
-0.260781
3.325090
1.608495
-1.326532
-2.431516
-1.042882
-0.539259
-1.293208
-1.525080
-1.570253
-3.716927
8.454233
6.606563
4.278733
3.839651
2.931164
6.559553
2.291543
-0.684615
-3.472599
-4.854968
-4.860124
-6.860265
-8.493569
-6.302148
-0.459409
3.434123
1.538380
-1.280787
-2.620784
-1.056992
-0.397401
-0.905473
-1.117464
-1.217647
10.072347
7.467389
5.960093
3.727501
3.333488
2.511072
6.237321
2.296546
-0.514052
-3.181105
-4.434300
-4.703735
-6.196512
-7.793962
-5.673477
-0.103068
3.471059
1.653905
-1.241932
-2.419894
-1.215013
-0.674384
-1.429459
-1.619806
-1.643945
-4.126359
8.196061
6.024531
3.859053
3.424977
2.618021
6.674845
2.962119
-0.320293
-3.256738
-4.668977
-4.779414
-6.509622
-8.362473
-6.085508
-0.511560
3.049878
1.645866
-1.064809
-2.165101
-1.063985
-0.668286
-1.392040
-1.614665
-1.669847
9.756198
7.331464
5.435449
3.261160
2.943112
2.081958
7.136142
3.823596
0.495775
-2.479304
-4.053148
-4.040622
-5.848780
-8.011112
-6.120066
-0.993426
2.465623
1.253994
-1.290421
-2.381251
-1.342078
-0.881857
-1.714375
-1.811954
-1.735827
-3.702202
8.886209
6.689585
4.434546
3.900225
3.045674
7.235481
3.352220
0.081150
-2.900789
-4.805588
-5.149501
-6.903255
-8.838328
-6.496903
-0.911564
2.832850
1.623050
-0.833312
-1.932085
-0.907141
-0.483332
-1.188632
-1.422744
-1.532683
8.928749
7.143928
5.487642
3.271643
2.932838
2.048366
7.403996
4.032424
0.864446
-2.068504
-3.827251
-4.050605
-5.554248
-7.568816
-5.651955
-0.740889
2.632001
1.438779
-0.992543
-2.302554
-1.480623
-1.092019
-1.957012
-2.002968
-1.892367
-4.038318
8.736112
6.376228
4.212078
3.696705
2.768903
7.854959
4.006663
0.516957
-2.637019
-4.800379
-5.344003
-7.102029
-9.087595
-6.829049
-1.350317
2.587883
1.661545
-0.559696
-1.709600
-0.911849
-0.744117
-1.565248
-1.759441
-1.806795
-4.383771
7.684068
5.701244
3.572286
3.159697
2.214708
7.941981
4.331620
0.960013
-2.107694
-4.108991
-4.497812
-6.057974
-8.174433
-6.209461
-1.199472
2.490876
1.576315
-0.554199
-1.843101
-1.274014
-1.064116
-2.043774
-2.125391
-2.045444
-4.503003
8.502264
6.618886
4.260574
3.740425
2.773500
8.461713
4.672874
1.017772
-2.232454
-4.589309
-5.334577
-7.007015
-9.046709
-6.792391
-1.519128
2.652401
2.019984
-0.004241
-1.268522
-0.967437
-1.015104
-1.984364
-2.139720
-2.130994
-4.659353
7.694220
5.656590
3.512451
3.168011
2.256650
9.065423
5.377339
1.696582
-1.764512
-4.233727
-5.269729
-6.334034
-8.739394
-6.845505
-1.902806
2.008012
1.401013
-0.355678
-1.977998
-1.438838
-1.215123
-2.164543
-2.200172
-2.011371
-2.351882
8.927002
7.381965
4.876338
4.307564
3.373582
9.011282
4.966972
1.380957
-2.051327
-4.729781
-6.124624
-7.316593
-9.354916
-7.015357
-1.657437
2.560839
1.867926
-0.302638
-1.593028
-1.052332
-0.941556
-1.808507
-2.012902
-2.098228
-2.330851
7.261069
5.507208
3.439514
3.063650
2.181367
8.620040
5.045662
1.751276
-1.517714
-3.715118
-4.642974
-5.459038
-7.871604
-6.180677
-1.451017
2.172992
1.387539
-0.574866
-2.287879
-1.667598
-1.239754
-2.121714
-2.139065
-1.909833
-2.235827
8.928765
7.038453
4.668704
4.087895
3.167854
9.321216
5.499271
1.782226
-1.748122
-4.640888
-6.094216
-7.409423
-9.601480
-7.422991
-2.048831
2.238904
1.758779
-0.140726
-1.521225
-1.042603
-0.916856
-1.776109
-1.935915
-1.968289
-2.227842
8.086390
6.404886
4.151824
3.672322
2.707444
8.788465
4.973669
1.567711
-1.743137
-4.065558
-5.251029
-5.859582
-8.220973
-6.300760
-1.431876
2.359022
1.565808
-0.509303
-2.264315
-1.569599
-1.124922
-1.985451
-2.044308
-1.959018
-2.229610
8.088748
6.501941
4.144356
3.671621
2.725196
9.209813
5.375564
1.649480
-1.837635
-4.383914
-5.558655
-6.434359
-8.806025
-6.876224
-1.815959
2.210716
1.575862
-0.460370
-2.190954
-1.519260
-1.068258
-1.814505
-1.876741
-1.809606
-2.072917
8.177855
6.736101
3.925034
3.472212
2.545214
9.183792
5.374995
1.828832
-1.576113
-4.106267
-5.196783
-6.033012
-8.621307
-6.888442
-2.021507
1.819100
1.229778
-0.603110
-2.225043
-1.285769
-1.033018
-1.945324
-1.973606
-1.834867
-2.119232
8.853293
7.560054
4.612839
4.013610
2.979490
8.902458
4.999417
1.468146
-1.850466
-4.442083
-5.672671
-6.608006
-9.061181
-7.060002
-1.966782
2.203164
1.667821
-0.232361
-1.658733
-0.912713
-0.905134
-1.788109
-1.898980
-1.929298
-2.152830
8.049026
6.285397
3.616148
3.270899
2.335378
8.764452
4.971009
1.676486
-1.552530
-3.978926
-5.139787
-5.596353
-8.316520
-6.661061
-1.925879
1.707416
0.957459
-0.844917
-2.707748
-1.359613
-0.872619
-1.632632
-1.602890
-1.467449
-1.724527
8.916521
7.766375
4.746822
4.156763
3.060529
8.598345
4.456551
0.990241
-2.259906
-4.800546
-6.282509
-6.440531
-8.872773
-6.834264
-1.656653
2.282704
1.537469
-0.501990
-2.169369
-1.103548
-0.672220
-1.365280
-1.461747
-1.543821
-1.730885
8.108349
6.399256
3.914540
3.437109
2.453303
8.248569
4.322731
1.245373
-1.874096
-4.079807
-5.312771
-5.318485
-7.922919
-6.257830
-1.500328
1.853729
0.797007
-1.262421
-3.215393
-1.678595
-0.773753
-1.376072
-1.324637
-1.251033
-1.463122
8.905210
7.569015
4.540424
3.947366
2.866961
7.979712
3.854309
0.605371
-2.512491
-4.719406
-5.994199
-5.762398
-8.344433
-6.599397
-1.582859
1.364981
1.311168
1.660654
2.586713
3.076555
2.965000
3.271585
3.065648
2.759734
2.110841
1.293943
0.813563
0.114061
-0.314842
-0.623389
-1.247892
-1.978633
9.343815
10.018766
5.723932
0.289894
-5.354699
-9.152884
-10.282226
-12.387010
-12.923921
-10.572164
-6.937041
-6.336851
-8.131641
-7.665077
-5.451829
-0.232159
3.582054
5.589842
6.258201
8.138392
7.232599
6.417671
5.516623
5.265602
3.079721
4.073916
7.625412
5.937404
2.483103
-3.102342
-8.096948
-8.028318
-10.773568
-10.081347
-6.998291
-1.579632
-1.931749
-4.905268
-5.406772
-3.239015
-0.147624
1.152293
2.243284
9.923527
9.672928
8.290769
6.894629
4.723133
4.640629
3.349845
4.731318
4.467188
1.674485
-1.306658
-4.856000
-7.790225
-6.952833
-9.500154
-8.257541
-4.675334
0.619304
0.944895
-1.426498
-3.593224
-2.891304
-0.823236
-0.923313
-0.678675
-0.659156
5.953619
8.227434
6.597041
3.971304
3.831768
3.211377
6.118702
4.405225
1.036774
-2.107330
-4.769433
-6.176388
-6.425220
-9.166843
-8.428662
-4.700107
0.251174
0.887413
-1.336012
-3.822495
-2.746009
-0.629717
-0.986433
-1.064233
-1.066452
-2.101721
8.630886
7.815793
5.614916
4.906613
3.978122
7.059050
4.941792
1.330560
-1.873408
-4.328641
-5.301492
-5.589219
-8.589085
-7.983137
-4.167830
0.619360
1.270169
-0.854815
-3.229678
-2.433134
-0.378032
-0.806717
-0.951105
-1.049610
-2.305523
8.547487
7.531486
5.795233
5.014506
4.073224
7.516216
4.664528
1.699490
-1.271177
-3.775683
-4.923454
-4.994053
-8.013346
-7.511281
-3.773347
0.613446
1.492214
-0.496713
-2.779568
-2.073434
-0.422426
-0.798748
-0.959416
-1.039235
-2.203907
8.366561
7.058284
5.124072
4.437194
3.619800
8.076334
5.442442
2.303225
-0.929893
-3.706371
-5.180974
-5.283136
-8.362299
-7.955085
-4.275434
0.165602
1.287012
-0.486240
-2.976412
-2.207732
-0.531926
-0.879023
-1.034426
-0.998866
-1.622725
9.280382
8.135802
5.704524
5.010982
3.966865
8.408566
5.477939
2.143111
-1.217384
-4.054436
-5.662203
-5.779447
-8.910196
-8.377626
-4.468261
0.101800
1.210183
-0.618628
-3.222028
-2.435646
-0.400738
-0.657383
-0.729365
-0.784651
-1.770746
8.373944
7.200320
5.425165
4.710686
3.767446
7.956374
4.833185
2.035568
-0.976035
-3.644750
-5.207300
-5.085840
-8.096731
-7.706589
-4.109761
0.150566
1.090266
-0.780398
-3.166379
-2.469632
-0.676715
-0.839314
-0.902595
-0.889594
-1.667953
9.293975
7.952606
5.695885
4.999788
3.998408
8.505905
5.347387
2.266369
-1.014866
-3.805060
-5.457587
-5.454779
-8.466475
-7.899899
-4.102737
0.317363
1.518300
-0.260371
-2.680905
-2.099823
-0.574465
-0.811386
-0.915544
-0.957969
-1.786856
8.222208
6.732205
4.722686
4.084716
3.252943
9.025900
6.640586
3.226568
-0.133871
-3.149776
-5.063174
-5.166803
-8.267585
-8.144808
-4.702548
-0.392909
0.514489
-1.353261
-3.812380
-3.104271
-0.668748
-0.493050
-0.444881
-0.218218
-0.414297
9.449107
9.025077
6.830384
5.185590
3.821073
8.633575
4.865986
1.769288
-1.520798
-4.361645
-6.117065
-5.778697
-8.846135
-8.445939
-4.583437
-0.102940
0.533717
-1.409248
-4.023522
-3.001676
-0.223646
-0.247239
-0.212908
-0.278560
-1.590755
8.230003
7.120595
5.903650
4.149933
3.160270
7.412190
3.824328
1.419134
-1.196368
-3.491704
-4.828190
-3.755073
-6.580345
-6.727513
-3.329812
0.279839
0.086617
-2.185622
-4.780646
-3.528666
-0.465159
-0.076238
0.099225
0.196841
-0.691831
9.236810
8.486886
6.973393
5.057488
3.792413
7.807597
3.577267
1.057953
-1.833774
-4.199748
-5.373922
-4.471231
-7.362756
-7.061376
-3.373856
0.578948
0.504584
-1.790601
-4.236870
-3.042619
-0.254797
-0.006382
0.092382
0.015468
-1.545358
8.170768
6.901079
5.464720
3.671726
2.820011
7.765863
4.319224
1.775519
-0.879119
-3.234705
-4.570448
-3.506772
-6.253663
-6.590932
-3.331850
0.216635
-0.099702
-2.517713
-5.084633
-3.782013
-0.545873
0.040873
0.276211
0.461890
-0.112730
10.526674
9.140193
7.410069
5.438822
4.080026
8.247266
3.736398
1.206317
-1.799708
-4.287910
-5.619784
-4.822690
-7.778999
-7.415405
-3.649832
0.326473
0.346727
-1.885351
-4.180417
-3.015371
-0.289811
-0.016462
0.079142
-0.044896
-2.129427
7.607080
6.117447
4.659677
3.038402
2.237813
8.148696
4.652819
2.133650
-0.381155
-2.786854
-4.333286
-3.205276
-5.816977
-6.475299
-3.472754
0.107204
-0.061151
-2.427711
-4.971959
-3.654606
-0.666527
0.083831
0.275500
0.605127
0.665044
1.613305
9.646757
7.899961
5.949360
4.381496
9.591486
5.267797
2.265596
-1.015029
-4.089648
-6.083258
-5.902160
-9.107773
-8.684519
-4.774381
-0.455347
0.101329
-1.755747
-3.980798
-2.941326
-0.158583
0.016570
0.096530
-0.075112
5.947597
7.415540
5.752254
4.277105
2.921021
2.045869
8.182030
4.405499
2.120368
-0.208741
-2.621416
-4.424885
-3.308996
-5.984529
-6.447611
-3.734818
-0.069771
0.275321
-1.598704
-4.113907
-2.919128
-0.747062
0.045002
-0.288790
0.099479
0.218317
1.729827
9.795473
7.392862
5.622248
4.163896
10.064768
6.194124
2.930106
-0.375607
-3.825031
-6.292625
-6.347447
-9.865281
-9.210402
-5.507080
-0.608972
1.089882
-0.091542
-2.252520
-1.469106
-0.028878
0.041980
-0.527600
-0.596738
-1.662445
8.154184
6.138803
4.214910
2.978181
2.159351
9.568522
6.270221
3.387891
0.531402
-2.389019
-4.622776
-4.062722
-6.934194
-7.438512
-4.622294
-0.400165
0.709751
-0.763933
-3.215926
-2.625644
-0.616343
-0.032588
-0.491237
-0.073478
0.085562
1.828071
9.590903
7.251090
5.653488
4.112456
10.601389
7.099744
3.715244
0.246841
-3.766683
-6.901618
-7.268394
-10.823766
-10.096988
-6.374522
-1.196508
0.920880
-0.062105
-2.223686
-1.694033
-0.183321
-0.049178
-0.570567
-0.575574
-1.355573
9.204423
7.254652
5.302158
3.873245
2.909673
8.908903
5.142428
2.417667
-0.364026
-3.077428
-5.207069
-4.365810
-7.336651
-7.518106
-4.536047
-0.189730
1.087597
-0.343957
-2.844824
-2.356615
-0.675520
-0.195130
-0.653789
-0.405591
-0.335445
2.364166
8.842121
6.171296
4.566772
3.427064
9.447516
5.850027
2.440076
-0.852009
-3.855450
-6.087499
-5.548218
-8.727099
-8.738975
-5.335175
-0.616358
0.832333
-0.643539
-3.075886
-2.437127
-0.309416
0.137389
-0.306888
-0.174823
-0.427269
9.656855
8.788189
6.617752
4.906495
3.572082
7.735003
5.468277
2.027690
-1.134899
-3.903084
-5.899202
-5.009750
-7.920059
-7.911477
-4.639259
-0.022035
1.480549
-0.387078
-3.165687
-2.976573
-1.096008
-0.152455
-0.485283
-0.413713
-0.864354
9.303102
7.785989
5.941780
4.257469
3.334450
7.337853
5.770166
2.439884
-0.606239
-3.310993
-5.183447
-4.209090
-7.322517
-7.725855
-4.746566
-0.387358
0.730441
-1.400006
-4.198270
-3.611973
-1.180192
0.057956
-0.123802
0.129913
0.015883
10.895254
9.072413
6.917957
5.125065
3.888280
7.539483
5.260315
1.967883
-1.191208
-3.877875
-5.777431
-4.885434
-7.993854
-7.990635
-4.794668
-0.108926
1.417070
-0.513140
-3.116407
-2.873386
-1.058381
-0.081007
-0.418747
-0.373813
-0.953784
9.413931
7.564765
5.399619
3.822913
3.004742
7.765273
6.554314
3.132401
0.079167
-2.778345
-4.890105
-3.983972
-7.014112
-7.634211
-4.809945
-0.411789
0.899610
-1.105525
-3.903161
-3.519943
-1.048906
0.110733
-0.107856
0.245262
0.323747
2.379917
9.384239
7.041774
5.323932
3.924324
7.930340
5.997795
2.411927
-0.908516
-3.930639
-6.321101
-5.717754
-8.903282
-8.986386
-5.630576
-0.845939
0.856612
-0.920238
-3.692473
-3.305585
-1.105372
-0.010429
-0.271790
-0.211476
-0.755317
9.162993
7.646780
5.795326
4.143343
3.239377
7.629858
5.642168
2.512990
-0.278948
-3.016791
-4.776189
-4.194941
-6.843896
-7.368739
-4.653498
1.347503
1.031575
1.476660
2.487597
3.600461
4.606702
4.067205
3.935032
3.769444
3.535105
2.597950
1.045865
0.020770
-1.124215
-2.127806
-2.525348
-3.289178
-4.465769
4.739607
5.632196
3.110324
0.505088
-2.260432
-4.813447
-6.749864
-8.399008
-11.457593
-12.207082
-10.947832
-9.841825
-9.553776
-10.470958
-9.038715
-2.781876
3.093369
6.390597
7.723855
8.452382
8.139321
7.826550
7.502798
6.346426
6.593412
5.341925
12.396303
11.698663
7.933357
-0.122659
-7.593307
-8.063003
-11.243481
-10.463054
-7.985553
-3.440245
-1.470575
-4.821829
-5.210382
-3.005738
0.741972
3.476194
4.484158
10.616178
9.768102
9.582217
8.583884
5.866100
5.264031
3.523465
3.434148
5.913228
3.308448
-0.089230
-5.273192
-9.105569
-8.959253
-11.180990
-10.292813
-6.816132
-1.897183
0.009338
-2.563927
-4.864695
-4.405058
-2.680476
-1.260550
-0.976920
-0.549606
5.356054
8.340975
6.578456
4.860062
3.909405
2.893365
4.203274
2.453778
-0.303366
-2.890424
-5.120457
-6.921638
-5.740827
-8.849768
-8.736905
-5.691381
0.204001
1.088363
-1.719272
-4.688589
-4.271103
-1.472693
0.308120
0.434780
0.602475
0.039279
9.789217
8.883785
8.079714
6.606826
5.313859
5.563787
3.464548
0.014251
-2.317776
-4.681641
-5.872255
-5.071116
-8.115604
-7.733862
-5.017576
0.423431
0.762267
-2.830244
-5.722460
-4.800668
-1.820217
0.403162
0.750209
0.867085
7.249394
9.045895
8.002205
7.180723
5.709118
4.527596
5.105293
1.031260
-0.778597
-2.682903
-4.525910
-5.794273
-3.268050
-7.040524
-6.383776
-4.069877
0.785522
0.617221
-2.993386
-5.562508
-4.791303
-1.505158
0.834090
1.179757
1.296096
-0.776670
8.850454
7.860105
7.004553
5.324407
4.250587
6.123251
2.143733
-0.121245
-2.287932
-4.305983
-5.549150
-3.202637
-6.751775
-6.237246
-3.703349
1.132374
0.457777
-3.053046
-5.357907
-4.641912
-1.406007
0.947011
1.224102
1.335491
-0.590935
9.093098
7.958015
6.875280
5.154984
4.193190
6.852489
3.599660
0.891370
-1.515345
-3.788089
-5.130575
-3.102561
-6.535395
-6.264789
-3.619073
0.624460
0.310308
-3.076061
-5.357848
-4.819996
-1.824412
0.666215
0.928807
1.089726
-0.666138
8.843863
7.601014
6.339847
4.286178
3.408740
7.198196
4.842302
1.824962
-0.723217
-3.237516
-4.610437
-3.720199
-6.221858
-6.568358
-4.089632
0.031378
0.135318
-2.956425
-5.708513
-5.205177
-2.216800
0.360603
0.562346
0.847664
0.164717
0.103651
9.158699
7.145161
5.186871
4.113085
7.693603
5.040031
1.973198
-0.912084
-3.523574
-4.843637
-3.981122
-6.810112
-7.185118
-4.413680
-0.216604
0.288623
-2.278266
-4.956093
-4.400877
-1.883084
0.297805
0.334562
0.470930
-0.908329
12.450931
7.950073
5.497749
3.790862
2.875082
7.907972
5.749905
2.820330
0.323723
-2.385324
-4.068091
-3.386162
-5.839831
-6.885419
-4.395832
-0.446007
0.262104
-1.960225
-4.800335
-4.469607
-1.782817
0.313423
0.350531
0.729325
0.812050
0.166245
9.579122
7.939225
5.976922
4.495529
8.915505
6.481600
3.066567
-0.196193
-3.314427
-5.588826
-5.413447
-8.430773
-8.646577
-5.503845
-0.861571
0.920009
-0.717590
-3.459058
-3.397135
-1.466235
0.067060
-0.065193
-0.028607
-1.368500
8.800770
6.567144
4.779919
2.625969
1.918093
7.937015
6.196890
3.280631
0.718795
-2.050112
-4.002287
-3.685032
-5.855738
-7.459618
-5.114579
-1.003949
-0.005386
-1.954689
-4.790771
-4.248468
-1.251625
0.552272
0.447718
0.900927
1.096617
-0.784276
10.037667
9.217816
6.324955
4.742908
10.031651
8.079247
4.339949
0.898665
-2.867514
-5.923801
-6.091534
-9.408735
-10.080861
-6.851874
-1.995002
-0.585355
-2.291014
-4.731334
-4.138600
-0.985529
0.644714
0.665824
0.785549
-1.034444
8.366237
7.018090
6.046340
3.944560
3.037116
7.951526
4.768484
2.211257
0.058894
-2.500550
-4.389344
-3.728476
-5.871033
-6.801118
-4.435208
-0.133912
0.646091
-1.377480
-4.232774
-3.602305
-1.045055
0.778657
0.761654
1.004799
0.969083
0.632484
9.249514
7.671293
4.868508
3.683523
7.939650
5.316398
2.013015
-0.999329
-3.712868
-5.392772
-4.603343
-7.287786
-8.165931
-5.300915
-0.784329
0.152434
-2.171247
-4.863527
-4.182743
-1.137420
0.725745
0.711539
0.884520
0.187189
0.942987
9.063686
7.375223
4.624272
3.557413
7.570454
4.331465
1.564104
-0.930583
-3.374330
-4.898608
-3.970951
-6.357541
-7.246304
-4.626599
-0.263501
0.361610
-2.106020
-4.907641
-4.283630
-1.311306
0.714838
0.737605
0.910605
0.165178
8.554626
8.815402
7.172647
4.371982
3.422210
7.419621
4.360943
1.489628
-1.028239
-3.429265
-4.832161
-3.771971
-6.088987
-7.126690
-4.587862
-0.162071
0.113019
-2.594572
-5.344059
-4.777570
-1.461038
0.915579
1.066436
1.310829
0.744289
0.130162
9.408608
8.095744
5.515129
4.229332
7.727307
4.077427
1.289747
-1.228325
-3.635188
-5.013913
-4.135183
-6.626288
-7.190471
-4.573727
-0.135756
0.693212
-1.874439
-4.561404
-3.996466
-1.399474
0.670085
0.628004
0.681270
-0.709195
9.901489
7.969435
5.997211
3.449162
2.716605
7.284003
4.609071
1.794281
-0.528521
-2.907251
-4.360305
-3.449264
-5.473704
-6.792000
-4.554157
-0.243264
0.486679
-2.024457
-4.945065
-4.480252
-1.450617
0.819659
0.874141
1.271739
1.355474
-0.256386
10.041994
8.856008
5.964428
4.509373
8.788363
5.779355
2.436018
-0.629083
-3.504006
-5.694589
-5.219534
-8.085314
-8.890955
-6.021707
-1.213709
0.348717
-1.570023
-4.061561
-3.480390
-0.823271
0.711376
0.552708
0.610488
-0.515183
9.382629
8.066775
5.949104
3.660776
2.818713
7.968396
5.029758
2.215052
-0.110896
-2.675216
-4.408048
-3.951811
-5.818735
-7.075868
-4.785191
-0.289463
1.125481
-0.799518
-3.752331
-3.650560
-1.155304
0.691804
0.604842
0.928257
0.996254
0.353328
9.810196
8.474861
5.673479
4.281926
8.712708
6.022866
2.518856
-0.579818
-3.583616
-5.865503
-5.642025
-8.282429
-9.177124
-6.311442
-1.445446
0.589766
-1.231387
-4.002168
-3.818946
-1.230519
0.483221
0.353665
0.480137
-0.019265
10.019718
8.339001
6.308615
4.254418
3.377279
8.050931
5.208869
2.148702
-0.323916
-2.939033
-4.855037
-4.371946
-6.459178
-7.498982
-5.206932
-0.451888
1.227462
-0.688671
-3.667959
-3.717178
-1.358020
0.513403
0.432496
0.739652
0.796754
0.548450
9.514745
7.535036
4.957751
3.811024
8.444963
6.080424
2.539403
-0.505160
-3.426946
-5.622401
-5.333053
-7.869014
-8.997943
-6.324257
-1.275966
1.117954
-2.079250
-3.935156
-3.818932
-1.300473
0.560182
0.436414
0.600826
0.481403
0.687591
9.201216
7.443460
4.959646
3.907116
2.550871
6.293623
2.335184
-0.399089
-3.153933
-5.191780
-4.655140
-7.022151
-8.133239
-5.765036
-0.856417
1.198921
-2.132842
-4.155315
-4.139891
-1.760471
0.520217
0.527491
0.715046
0.508888
1.360438
8.913363
6.979445
4.444492
3.583250
2.149444
6.414693
2.477836
-0.229882
-2.982463
-4.983811
-4.405364
-6.726441
-8.037519
-5.798128
-0.911329
0.944230
-2.469769
-4.501422
-4.309781
-1.601154
0.644792
0.647785
0.896116
0.886644
0.380466
9.349073
7.820872
5.124350
4.041318
2.703140
6.685883
2.536318
-0.370189
-3.251045
-5.301032
-4.806050
-7.163721
-8.376948
-5.981726
-0.985423
1.011613
-2.407931
-4.415575
-4.292856
-1.670363
0.672490
0.709512
0.896044
0.519164
11.278769
8.532643
6.766556
4.362468
3.460965
1.970322
6.495803
2.501385
-0.072546
-2.804549
-4.833208
-4.392474
-6.485461
-7.895724
-5.752783
-0.894026
1.004018
-2.321428
-4.414788
-4.321610
-1.682100
0.656940
0.675157
0.969978
0.987934
0.284626
9.704191
8.237147
5.459766
4.245327
2.909117
6.949439
2.697661
-0.296069
-3.259038
-5.457181
-5.097945
-7.470210
-8.712897
-6.235329
-1.238007
1.331375
1.235276
2.109007
3.009648
4.019961
4.982699
5.766324
6.150423
5.779156
4.505896
3.465310
3.094570
2.670099
0.666627
-0.983969
-2.786251
-4.474296
-6.213126
-8.021149
-9.464115
-4.464970
-6.237759
-4.515520
-5.249518
-5.258612
-4.368156
-3.312455
-2.447835
-1.800835
-1.318227
-0.990046
-0.511500
-0.179609
0.180839
0.695472
1.457037
1.078520
0.842990
0.678096
0.646187
0.691843
0.529644
0.500190
0.840019
-2.490544
-3.646418
-7.154222
-9.179323
-10.801132
-10.635299
-13.560617
-0.787213
-1.472302
-3.945845
-6.465822
-3.609135
5.191493
7.566696
8.767277
8.803887
8.650570
8.395033
8.036667
7.600963
11.023929
10.743131
10.168209
6.907285
3.732789
1.647720
-2.565644
-9.641821
-11.976249
-9.944108
-5.287704
-4.507304
-7.998810
-6.732179
-5.280493
-2.207426
-0.515717
0.577218
0.987900
7.672137
9.334116
8.104180
7.070905
6.668039
4.093748
3.344485
3.113414
0.589455
-2.987167
-6.909484
-10.227658
-7.877383
-10.137223
-8.426013
-4.938507
-0.169593
0.137856
-3.062855
-5.345103
-3.852976
-0.695001
0.288167
0.993872
1.140165
0.469086
9.615655
9.451732
9.288081
8.220654
6.395762
4.116580
0.899607
-2.168742
-4.740751
-6.186280
-7.034095
-6.219781
-9.271254
-8.357458
-5.093891
-0.245153
-0.318968
-4.074036
-5.535213
-4.003713
0.298395
0.828142
1.118431
1.050262
-0.930473
9.897623
9.128989
8.167508
6.991533
5.299901
4.259739
0.656550
-1.808141
-3.751188
-5.390840
-6.955440
-3.776867
-7.596376
-6.503638
-3.081779
1.752911
0.167026
-3.972958
-6.058951
-3.986992
-0.263004
0.968079
1.782153
1.948894
10.741861
9.448101
8.566203
7.904597
7.034886
5.269199
3.055285
-0.430594
-2.344103
-4.143852
-5.448783
-6.802214
-5.202680
-8.219842
-7.515473
-4.595160
-0.020174
-1.216222
-5.056020
-6.297005
-4.733584
0.051301
0.988096
1.504989
1.567246
-0.199832
9.913365
9.529558
8.637334
7.390560
5.314261
4.032858
-0.367685
-2.268529
-4.066557
-5.474922
-6.689166
-4.334669
-7.504404
-6.633024
-3.441629
1.009966
-0.692662
-5.251064
-6.628113
-4.687175
-0.365170
1.071179
1.903493
2.218725
11.793988
9.207941
8.588029
8.038348
7.065634
5.000729
3.089722
-0.849863
-1.957172
-3.541025
-4.888148
-6.435103
-4.611672
-7.547464
-6.905699
-4.238730
-0.078699
-1.575554
-5.059948
-6.224895
-4.568281
0.251741
1.239712
1.768141
1.798403
-0.399018
9.242088
8.811057
8.134875
6.788492
4.833968
4.979159
-0.173924
-1.822362
-3.788964
-5.309373
-6.508299
-4.103823
-7.102460
-6.369059
-3.238276
1.416209
-0.771648
-4.655078
-6.382596
-4.310991
-0.285594
1.271521
2.051612
2.021908
11.981813
8.972202
8.039134
7.272353
6.274316
4.447398
4.148185
-0.606894
-1.684285
-3.411652
-4.787112
-6.293186
-4.387610
-7.208590
-6.721293
-3.778880
0.399303
-1.698743
-4.982370
-6.394100
-4.559691
0.052819
1.342805
1.910178
1.984011
-0.387289
9.364625
8.948079
8.235272
6.850620
5.023723
6.439111
1.000242
-0.894821
-3.248541
-5.065309
-6.089339
-4.420321
-7.324891
-6.661207
-3.269639
0.869514
-0.992597
-4.273371
-5.982200
-4.413128
-0.246433
1.236628
1.824914
1.783160
10.887740
8.752645
7.782849
6.890220
5.762824
4.204967
6.206333
0.845897
-0.684074
-2.708907
-4.379606
-5.547672
-4.107399
-6.777469
-6.493632
-3.299314
-0.083061
-1.673547
-4.764430
-6.520553
-4.707386
-0.641904
1.087391
1.684058
1.769460
-0.896704
9.194184
8.565539
7.738613
6.368886
4.815096
7.403735
1.964444
-0.104016
-2.612538
-4.544593
-5.553877
-4.110354
-6.914309
-6.534869
-3.165712
0.119303
-1.036111
-4.133725
-5.900605
-4.155959
-0.512006
1.146112
1.658975
1.666862
-1.366589
8.506790
7.496273
6.563927
5.302407
4.117192
8.543704
3.783469
1.350978
-1.205326
-3.543441
-4.942575
-3.885650
-6.591079
-6.723752
-3.630101
-0.528334
-1.712867
-4.658510
-6.421024
-4.413812
-0.660007
1.191396
1.781558
1.975290
0.142753
9.689324
8.985233
7.105224
5.953279
4.537384
9.202901
4.529799
1.840097
-1.194172
-4.021498
-5.703013
-5.000473
-8.090534
-7.764552
-4.309305
-0.849036
-1.309146
-3.551836
-5.199860
-3.463212
-0.550533
0.957280
1.383465
1.379079
-1.464700
8.693709
6.986388
4.900017
4.119612
2.820744
9.756974
5.623593
3.058122
0.348225
-2.672142
-4.762507
-4.364773
-7.127954
-7.644117
-4.781631
-1.216138
-1.629075
-3.812744
-5.172841
-3.638662
-0.532084
1.072665
1.380026
1.763047
1.859612
2.472710
9.934852
7.607759
6.357816
4.423441
12.057467
8.702759
5.614243
1.811422
-3.137052
-6.939404
-7.971675
-11.677983
-10.914177
-6.985500
-2.668929
-2.643876
-3.709175
-3.946991
-3.003690
-0.207923
0.835728
1.178370
1.150832
-2.105685
7.774345
5.981103
4.616571
4.078131
2.555969
9.963603
5.042519
2.711122
0.124123
-2.993084
-5.336359
-4.838836
-7.281132
-7.845003
-4.866546
-1.083723
-1.343353
-3.080991
-4.802136
-3.143942
-0.171415
1.168379
1.523049
1.837057
1.812948
2.794328
9.890259
8.121626
5.920170
4.016768
10.813064
6.285365
3.149228
-0.411925
-3.973835
-6.482096
-6.236423
-9.713927
-9.679037
-6.074833
-2.213053
-3.108630
-4.771513
-5.539029
-3.695250
-0.297093
1.043928
1.442233
1.474665
-1.433150
8.790620
7.655438
6.487686
4.574772
3.262321
9.239605
4.233532
2.188881
-0.179120
-2.841262
-4.935525
-3.841248
-6.544289
-7.252496
-4.325832
-0.929578
-1.972305
-3.935014
-5.278812
-3.217591
0.144678
1.537128
1.931099
2.137052
1.478634
2.715064
9.936506
7.878391
5.715081
3.912989
10.096189
5.169983
2.407103
-0.795272
-3.874040
-6.096397
-5.412989
-8.686747
-8.866755
-5.442713
-1.713799
-2.537945
-4.333832
-5.182071
-3.186505
0.039953
1.277078
1.629812
1.630259
-0.742152
9.798537
8.330218
6.477579
4.590132
3.355526
9.470963
4.536535
2.299362
-0.180236
-2.932315
-5.063672
-4.080904
-6.857353
-7.566933
-4.607330
-1.047148
-2.220916
-4.343120
-5.595629
-3.696906
-0.172090
1.437473
1.919513
2.126841
1.202311
6.165215
9.714928
7.969256
5.781936
4.063015
9.662274
4.656978
2.013654
-1.025603
-3.923179
-6.089933
-5.172660
-8.239696
-8.537709
-5.161434
-1.390843
-2.273777
-4.281958
-5.487846
-3.770866
-0.449710
1.581206
1.639734
1.750249
-0.713436
8.961545
7.753963
6.533614
4.512357
3.278511
9.279253
4.347396
2.028214
-0.426421
-3.073241
-4.989677
-4.065335
-6.749706
-7.285541
-4.644868
-0.965581
-1.430528
-3.550462
-5.062510
-3.190267
-0.081800
1.648908
1.612738
1.937864
1.783069
2.948676
10.336727
7.655707
5.600677
3.852860
10.459425
5.763401
2.901041
-0.310156
-3.719963
-6.327637
-5.897726
-9.508347
-9.474292
-6.237622
-2.237424
-2.098356
-3.508432
-4.066629
-2.221884
0.540998
1.593064
1.374641
1.471981
0.267208
5.942685
8.874146
6.270982
4.536284
3.208777
10.362318
5.228392
2.798144
0.020932
-3.100842
-5.687834
-5.031695
-8.060946
-8.460105
-5.577247
-1.527765
-1.358841
-2.837150
-3.899255
-2.383031
0.472459
1.665080
1.453996
1.628171
1.133203
3.877110
9.542593
6.937460
5.077954
3.517076
10.057352
5.138125
2.352846
-0.696016
-3.845846
-6.386982
-5.787955
-8.983002
-9.180744
-6.165622
-1.729217
-1.138727
-2.888366
-4.616604
-3.126396
-0.173651
1.466421
1.403687
1.592640
0.672965
10.363138
9.444803
7.265562
5.299953
3.841982
9.579687
4.467030
1.961938
-0.841793
-3.688680
-5.956678
-5.117999
-8.229959
-8.550865
-5.589661
-1.453927
-1.264495
-3.122578
-4.705328
-3.175099
-0.176016
1.572779
1.515037
1.669193
0.572810
12.591548
9.472479
7.263479
5.273903
3.882484
8.365093
5.297081
2.178347
-0.769415
-3.660551
-5.898212
-5.051471
-8.058418
-8.460835
-5.582215
-1.323824
-0.603292
-3.021356
-5.256883
-3.927133
-1.009037
1.359297
1.474389
1.700637
0.484491
10.157084
8.882592
7.213392
5.160337
3.880378
8.324344
5.419864
2.325733
-0.553426
-3.430307
-5.642998
-4.742644
-7.807519
-8.405890
-5.644801
1.352053
1.001435
1.432297
2.436924
3.574687
4.586422
5.391527
6.007052
6.643127
6.087882
6.095155
5.695624
5.098064
3.746486
2.369659
1.094546
-0.085400
-0.427067
4.390111
5.130350
8.678435
7.895099
4.271946
6.491147
3.060805
0.737402
-4.775186
1.305442
-1.131910
-1.023365
0.187861
1.265337
2.436529
3.496662
4.541794
5.380522
5.914733
6.103508
5.833153
4.969842
2.840249
1.286738
0.326605
-0.782256
-2.448675
-4.719938
-6.570999
-1.285995
-2.917895
-4.690416
-6.496418
-8.286740
-10.203989
-12.473344
-15.159646
-14.450032
-16.151243
-15.052612
-14.300517
-12.033236
-9.474462
-7.449707
-6.085884
-3.238628
1.387291
7.309659
14.053050
18.597130
21.854074
13.292541
11.872466
11.046683
10.183541
9.454093
9.372578
8.794956
4.930679
5.442944
6.211882
6.521012
6.461189
2.355013
-4.297041
-11.933085
-17.438761
-13.817389
-8.034504
-13.133831
-15.448730
-13.357157
-10.897188
-7.010627
1.005917
7.818494
12.043296
11.017806
10.021841
11.921506
10.772886
9.178215
7.801638
6.173502
10.896400
23.110695
1.224445
0.855109
0.899123
1.913873
2.900538
3.790853
4.029583
3.260915
3.096880
3.341022
2.622970
1.759422
0.365686
-1.008234
-2.444800
-3.882424
-5.367359
-7.114585
-8.386169
3.952617
-3.048270
-4.669969
-5.399760
-2.031883
-2.379100
-2.329158
-2.838219
-4.358881
-4.860770
-7.025759
-8.798742
-5.872190
-4.194357
-4.413916
-7.196172
-8.818457
-4.757876
0.817993
5.963981
8.548557
9.641603
11.683124
10.541787
8.333394
7.103916
6.224270
4.091656
4.998898
11.160592
9.621494
5.665189
-1.948942
-8.034143
-8.703936
-10.293621
-10.008752
-8.135962
-4.592797
-4.406782
-7.118219
-6.607331
-4.030704
0.697830
3.591027
4.640948
11.668445
10.459108
9.690083
8.105287
6.358497
5.498827
3.809373
4.424666
5.845456
4.014472
0.523539
-4.859384
-9.541771
-9.419495
-12.448777
-11.539498
-8.549401
-2.512910
-1.188630
-4.771584
-6.305229
-4.964923
-1.265792
0.944328
1.367512
1.620001
8.824993
10.326096
8.539092
7.202369
6.067660
5.171030
5.771129
3.344268
0.324740
-2.436753
-5.423120
-8.258921
-6.601075
-9.882001
-9.063400
-5.715602
-0.410098
-0.101740
-4.647002
-6.762215
-5.338979
-1.588386
1.149763
1.727745
1.998216
0.848283
10.600889
9.740949
9.112926
7.561437
6.264918
5.167012
1.365516
-1.898779
-4.269909
-6.125410
-7.693411
-5.079520
-9.297131
-8.649916
-5.717449
-0.714735
-0.850775
-6.148459
-7.273050
-6.049819
-0.995317
1.784378
2.261123
2.400821
0.241500
10.132591
9.654449
9.320300
7.672098
5.970352
4.353601
1.073412
-1.559770
-3.647151
-5.434094
-6.993544
-4.192581
-8.142079
-7.715508
-5.091472
-0.053890
-0.823230
-5.126016
-7.141466
-5.525373
-1.144456
1.709203
2.204305
2.304484
9.777061
10.407856
9.693612
9.133679
7.596262
6.030526
4.452527
1.319950
-1.344603
-3.459572
-5.145801
-6.480387
-4.714760
-7.982781
-7.773065
-5.239519
-0.233198
-0.911488
-5.212151
-7.084527
-5.570210
-0.847652
1.910973
2.314075
2.387271
-0.246949
10.327266
9.539679
8.960134
7.324352
5.747608
4.759784
1.403943
-1.140711
-3.084225
-4.879475
-6.661793
-3.866976
-7.908850
-7.616187
-4.986959
0.142696
-0.489777
-4.726847
-6.756312
-5.162559
-1.190742
1.720589
2.267945
2.406682
11.421622
10.340284
9.478237
8.805174
7.311131
5.780435
4.579615
1.344643
-1.141329
-3.011497
-4.803686
-6.473393
-4.842205
-8.242969
-8.048155
-5.532257
-0.402946
-0.993404
-5.367230
-7.191467
-5.478865
-1.419393
1.584490
2.138916
2.306688
5.196060
10.286836
9.364486
8.735790
7.153136
5.633548
4.840651
1.047298
-1.101135
-2.659456
-4.426440
-6.255195
-4.508790
-7.935647
-7.730835
-5.275671
-0.359204
-0.687887
-5.371995
-6.892765
-5.410384
-1.166790
1.747471
2.329057
2.511570
11.287399
10.234039
9.388901
8.772051
7.211987
5.589731
4.695012
1.096111
-1.076651
-2.692866
-4.491014
-6.367581
-4.593928
-8.129657
-7.950807
-5.524902
-0.717376
-1.420078
-6.039165
-7.402924
-5.839472
-1.381812
1.705272
2.308729
2.512547
8.059720
10.252384
9.562176
9.083783
7.468569
5.747181
4.636579
0.792183
-1.295018
-3.040935
-4.726120
-6.360552
-4.616187
-7.877832
-7.748607
-5.338260
-0.626879
-1.233826
-5.756351
-7.244420
-5.820720
-1.163838
1.827158
2.339948
2.491606
0.029594
10.289429
9.651009
9.265528
7.625145
5.874727
4.572078
1.118655
-1.234654
-3.227007
-4.894340
-6.385910
-4.464786
-7.765385
-7.718093
-5.263812
-0.342978
-1.228850
-5.358078
-7.201250
-5.523057
-1.259133
1.859307
2.371532
2.492380
2.138448
10.395066
9.586508
9.064615
7.464522
5.776884
4.693347
1.158878
-1.137269
-3.060733
-4.821850
-6.191364
-4.622639
-7.695066
-7.670320
-5.341694
-0.414402
-0.904855
-5.306338
-6.990959
-5.544068
-1.268354
1.803613
2.330041
2.480982
-0.054947
10.796992
10.018286
9.372335
7.789841
6.201630
4.837020
1.701235
-1.123056
-3.370072
-5.123856
-6.339053
-4.764685
-7.930912
-7.928817
-5.534085
-0.573960
-1.395858
-5.843165
-7.518372
-6.026917
-1.423834
1.818530
2.332351
2.472688
-0.221514
10.811996
10.176811
9.692925
8.058889
6.354342
4.677255
1.584601
-1.065482
-3.433091
-5.172606
-6.319677
-4.885473
-7.656344
-7.724732
-5.363168
-0.522330
-1.135062
-5.547581
-7.263497
-5.980058
-1.216209
1.939910
2.407803
2.543489
0.266031
10.921293
10.490806
10.141424
8.433801
6.676252
4.746652
1.475142
-1.165006
-3.508643
-5.169527
-6.398853
-4.930739
-7.747417
-7.797945
-5.521722
-0.807774
-0.716427
-4.723501
-6.467447
-5.383094
-0.839282
2.184781
2.603347
2.743209
1.024956
11.486061
10.424128
10.032539
8.233317
6.474920
5.152522
2.483465
-0.606047
-3.171075
-5.066588
-6.388732
-5.037737
-7.964923
-8.102900
-5.648631
-0.643766
-0.842136
-5.144399
-6.939043
-5.611725
-1.329662
1.758852
2.188254
2.269977
9.857286
10.910671
10.020450
9.317636
7.889782
6.344517
4.678526
1.872619
-0.743122
-3.033406
-4.929901
-6.331237
-4.895333
-7.996755
-8.074315
-5.765878
-0.550227
-0.618110
-4.725198
-6.829443
-6.217097
-2.018949
1.588522
2.150947
2.322249
-0.397784
11.130857
10.071425
9.315559
7.801155
6.371952
5.038010
2.047663
-1.017717
-3.498685
-5.342419
-6.865334
-4.368874
-8.108963
-8.145894
-5.604008
-0.297170
-0.941426
-5.419765
-7.563342
-6.139110
-1.889270
1.677933
2.278409
2.512334
0.582387
11.139603
10.540143
10.078458
8.419683
6.807651
4.940928
1.750907
-1.280726
-3.728964
-5.357810
-6.478463
-4.822879
-7.804256
-8.133219
-5.748106
-0.567982
-0.801305
-5.212016
-7.148900
-5.848212
-1.616620
1.770685
2.313900
2.521839
0.613327
11.196729
10.472688
10.001448
8.278357
6.636925
5.130529
2.250406
-0.745618
-3.267182
-5.040479
-6.267355
-4.941574
-7.696137
-8.151624
-5.759995
-0.362791
-0.126986
-4.231892
-6.348159
-6.092815
-1.985871
1.598406
2.116757
2.271433
-0.363427
11.226413
10.198309
9.413141
7.896549
6.411983
4.855672
1.803372
-1.243085
-3.634852
-5.318740
-6.805555
-4.378637
-8.037184
-8.264818
-5.874102
-0.629636
-1.175777
-5.634759
-7.661088
-6.215737
-1.960793
1.715736
2.341852
2.621161
1.111358
12.096323
10.669660
10.247885
8.532298
6.870223
5.100152
2.001883
-1.069033
-3.626602
-5.338124
-6.465730
-4.958184
-7.762068
-8.334225
-5.869801
-0.550255
-1.006038
-5.217421
-7.347541
-5.956958
-2.042530
1.537629
2.107648
2.350666
0.471339
11.316025
10.585001
10.106616
8.523685
6.942712
5.077204
1.994981
-0.833585
-3.237083
-4.958740
-6.238142
-4.977129
-7.630421
-8.192384
-5.904111
-0.673072
-0.359774
-4.671277
-6.756442
-6.024073
-1.971699
1.633895
2.190985
2.438267
0.693941
11.343358
10.433262
9.841319
8.213749
6.640011
5.387684
2.606819
-0.588998
-3.248901
-5.116558
-6.469668
-4.826654
-7.932978
-8.417174
-6.083584
-0.888327
-0.010003
-4.264122
-6.405520
-5.321592
-1.386197
1.911293
2.337225
2.493305
0.940491
11.584064
10.142367
9.317177
7.685977
6.172711
5.666808
3.261203
0.044602
-2.555302
-4.732376
-6.586154
-4.503355
-8.224673
-8.664873
-6.214425
-0.765738
-0.382312
-4.615317
-6.799710
-5.584267
-2.029147
1.643209
2.268586
2.521555
0.721280
11.236728
9.972865
9.054244
7.548551
6.143651
5.510769
2.843087
-0.180914
-2.617131
-4.747357
-6.530216
-4.934614
-8.311338
-8.744807
-6.441319
-1.097188
-0.315110
-4.670232
-6.796746
-5.613508
-2.037342
1.649826
2.242664
2.515169
1.070343
11.353866
10.174003
9.282195
7.656866
6.198247
5.844315
3.053285
-0.058558
-2.463338
-4.625307
-6.555208
-4.575051
-8.277119
-8.734509
-6.356136
-0.947489
-0.315163
-4.621462
-6.794675
-5.760393
-2.407901
1.526703
2.303218
2.644510
1.199472
11.188953
10.030432
9.269813
7.765001
6.224242
5.739001
2.529343
-0.297291
-2.461937
-4.471843
-6.095761
-5.236496
-8.070148
-8.709074
-6.467727
1.449677
1.446633
1.726879
2.659712
3.687811
4.622000
5.410943
5.513517
4.455687
3.890852
3.573757
2.621454
1.308824
-0.249504
-2.043865
-3.678339
-5.893997
-7.420309
-8.481109
-2.427552
6.444510
2.362791
-4.387172
-5.986291
-5.895143
-5.402421
-4.709672
-4.732466
-4.821357
-4.490104
-5.331558
-8.414495
-8.676785
-3.609765
-1.429277
-2.725142
-5.079554
-2.559086
0.623786
4.613359
7.625636
9.158834
10.418135
10.354605
8.525444
7.272666
6.098925
4.833980
2.986820
6.869878
12.036565
9.962774
3.003817
-5.170996
-10.005660
-11.156360
-12.669527
-11.557743
-7.893840
-6.713477
-7.508823
-8.172864
-6.189337
-2.968268
2.077232
4.621231
5.795419
10.589737
10.542372
8.732162
7.241746
5.925933
4.925438
2.142892
5.956314
7.396808
4.749822
-1.571953
-8.481740
-10.764803
-11.259234
-12.109241
-10.394662
-5.821035
-2.372105
-5.218221
-8.126227
-7.222750
-4.238210
0.346367
1.694819
2.485171
8.766136
12.425893
10.658907
9.263984
8.100387
6.836928
4.773374
2.214044
-0.785950
-2.882533
-5.303469
-7.342326
-6.979028
-8.157383
-9.560568
-7.828053
-2.760342
-0.303217
-4.363267
-8.050760
-7.793215
-4.751260
0.532738
1.857012
2.444215
2.480424
1.365826
11.378968
11.286513
10.363196
9.658456
7.246386
3.428470
-1.533025
-3.487972
-5.230000
-6.586833
-5.361723
-7.727995
-9.288013
-7.317626
-2.293277
0.065660
-3.622951
-6.832132
-6.825758
-4.015480
0.743339
1.835688
2.201055
1.187530
12.218179
10.857468
10.074436
8.975693
8.006479
5.946837
2.715432
-1.576468
-2.962990
-4.564787
-6.109736
-5.300736
-6.853033
-8.446556
-6.739522
-1.815470
0.025140
-4.013853
-7.115105
-7.290429
-4.190718
0.844811
2.056692
2.554246
2.185670
2.216391
11.554142
11.119776
10.012923
9.727845
7.228422
3.241050
-2.132684
-3.491105
-5.412658
-6.622058
-5.699986
-7.377463
-9.028123
-7.194617
-2.471434
-0.067291
-3.980252
-7.129759
-6.933511
-4.273742
0.754230
1.982296
2.442918
1.712936
10.632455
11.236030
10.621521
9.538109
8.410414
6.226926
2.789668
-1.543917
-2.918290
-4.875973
-6.142051
-5.339847
-6.688017
-8.481114
-6.951702
-2.324266
-0.391843
-4.572754
-7.648055
-7.452695
-4.536358
0.616395
1.932153
2.462085
1.964764
12.078385
11.542641
11.344884
10.384615
10.101086
7.434893
3.231085
-2.068806
-3.047879
-4.963762
-5.934326
-6.741511
-6.474783
-8.694312
-6.943204
-2.264791
-0.346443
-4.412604
-7.542685
-7.345467
-4.686195
0.442026
1.699372
2.180063
1.376111
10.368412
11.384997
10.893183
9.909312
9.538676
7.324229
3.199426
-2.145717
-2.922193
-4.821010
-6.153530
-5.583236
-6.844028
-8.592089
-6.913692
-2.280091
-0.371007
-4.469621
-7.616149
-7.404334
-4.648824
0.495725
1.874503
2.406880
1.774821
10.651968
11.387573
10.914593
9.917143
9.455080
7.292714
3.319610
-1.989770
-3.071036
-5.021601
-6.401196
-5.819287
-7.048505
-8.841664
-7.059763
-2.348756
-0.160784
-4.176731
-7.463430
-7.276965
-4.589976
0.590084
1.908972
2.425642
1.818063
10.599182
11.358891
10.939075
9.991030
9.587878
7.345543
3.345567
-1.789766
-2.988692
-4.941563
-6.245578
-5.636411
-7.000813
-8.856461
-7.161452
-2.418094
-0.389701
-4.314925
-7.592382
-7.403394
-4.682750
0.486304
1.928664
2.461241
1.729963
10.653092
11.354943
10.826016
9.840048
9.207456
7.006674
3.208460
-1.745496
-2.982106
-4.938207
-6.297649
-5.750796
-6.796501
-8.725751
-7.042486
-2.360335
-0.294253
-4.377090
-7.657410
-7.441789
-4.770412
0.512674
1.862308
2.405421
1.904105
9.978937
11.551786
11.350621
10.469867
10.000177
7.523576
3.372154
-1.915126
-2.948978
-4.898448
-5.878730
-6.829938
-6.434653
-8.815415
-7.151408
-2.465662
-0.481807
-4.437278
-7.680226
-7.488859
-4.944025
0.266227
1.732982
2.256287
1.397328
10.487855
11.394544
10.919235
9.966500
9.619922
7.342455
3.254189
-1.967733
-2.808783
-4.721858
-6.137861
-5.735008
-6.739382
-8.665138
-7.018452
-2.397516
-0.460114
-4.566938
-7.919641
-7.528800
-4.831890
0.389305
1.746781
2.289215
1.696036
11.476801
11.564090
11.285973
10.379319
9.288118
7.552782
3.603263
-2.531734
-3.298669
-5.149743
-6.363686
-5.747142
-6.848682
-8.825909
-7.118889
-2.549262
-0.244499
-4.210580
-7.410585
-7.066304
-4.627730
0.407209
1.824706
2.329927
1.593119
10.734936
11.334499
10.750170
9.695354
8.881116
6.514861
2.899449
-2.190180
-3.225666
-5.059585
-6.332711
-5.782623
-6.483956
-8.518616
-7.096397
-2.552776
-0.346452
-4.617637
-7.907090
-7.514874
-4.858862
0.448381
1.795888
2.348651
2.024872
11.679099
11.823669
11.630777
10.824167
9.669446
7.852551
3.705901
-2.418883
-3.146487
-5.005977
-5.840213
-6.557109
-6.110787
-8.599851
-7.222141
-2.717636
-0.507385
-4.457569
-7.623980
-7.256974
-4.945443
0.137127
1.621745
2.128771
1.427279
10.135278
11.374843
10.661226
9.629515
8.664987
6.500353
2.928190
-2.010644
-2.837111
-4.695293
-6.046067
-5.709907
-6.195520
-8.283736
-7.088324
-2.633374
-0.524307
-4.865261
-8.212898
-7.778387
-5.068096
0.331785
1.733325
2.316130
2.044682
2.082184
11.826641
11.650171
10.994058
9.778265
7.971746
3.877550
-2.344332
-3.173641
-5.074098
-5.938609
-6.605361
-6.147560
-8.672747
-7.355302
-2.908432
-0.564595
-4.759528
-8.160325
-7.569900
-5.340970
-0.119247
1.487000
2.043284
1.500197
10.183549
11.485145
10.901676
10.066138
9.103415
6.861858
3.189445
-1.476652
-2.365893
-4.370142
-5.484763
-6.234921
-5.453025
-8.262959
-7.305339
-3.348261
-0.256375
-4.528337
-7.703964
-7.400044
-4.572991
0.516156
1.719103
2.235200
2.007663
2.055032
11.715117
11.481643
10.697968
9.503551
7.747980
3.925848
-1.558765
-2.980274
-4.979190
-6.265426
-5.891427
-6.511263
-9.120174
-7.545329
-3.462509
0.102630
-3.624896
-7.125134
-6.903236
-4.534190
0.417075
1.904054
2.422960
1.679766
10.991925
11.099504
10.225825
9.306543
8.090435
6.007794
3.356254
-0.034448
-1.984380
-4.305141
-5.778747
-5.753938
-5.909217
-8.749002
-7.773087
-3.533867
-0.576526
-4.151951
-7.463029
-7.247995
-4.531057
0.515684
1.748155
2.262713
1.808851
1.895684
11.530880
11.217176
10.414940
9.333920
7.486572
3.788596
-1.611742
-2.966846
-4.966228
-6.310838
-6.157645
-6.460638
-9.138263
-7.740777
-3.689596
-0.076996
-3.931580
-7.503600
-7.315169
-4.852509
0.340225
1.925008
2.606002
1.976930
2.045084
11.331734
10.539427
9.628953
8.351693
6.193180
3.627677
0.198431
-1.955370
-4.335326
-5.746165
-5.755641
-5.733522
-8.714323
-7.757135
-3.474045
-0.521595
-4.049971
-7.437179
-7.226051
-4.706142
0.428085
1.737470
2.264501
1.745573
10.962136
11.532089
11.334854
10.575699
9.504401
7.570694
3.707555
-1.759452
-2.842040
-4.804585
-6.158121
-6.043072
-6.275486
-9.079216
-7.821251
-3.878724
-0.462852
-4.425601
-7.934496
-7.625738
-5.217290
0.111514
1.770143
2.494738
1.802359
9.841887
11.286508
10.719945
9.905074
8.981595
6.751463
4.030171
-0.297561
-1.888992
-4.115216
-5.600803
-5.792344
-5.677635
-8.693352
-7.684333
-3.504972
-0.069122
-2.986776
-6.272317
-6.700443
-4.418531
0.431934
1.641745
2.081722
1.372618
10.264081
11.112122
10.435907
9.435780
8.569271
6.189879
3.279927
-1.853985
-2.939037
-4.856863
-6.156211
-6.180887
-6.269479
-8.978692
-7.943928
-4.049688
-0.106217
-3.957319
-7.291173
-7.103966
-4.638262
0.479444
1.979550
2.515503
1.954504
2.045821
11.608023
11.022508
10.115832
9.072180
7.338619
3.973517
-1.924408
-2.754078
-4.601357
-6.037438
-6.242083
-6.157923
-9.094004
-7.781844
-3.771198
-0.193117
-3.522726
-6.926150
-6.795012
-4.577030
0.490169
1.965644
2.445997
1.506944
10.638129
11.045304
10.036397
9.062887
8.241817
6.160757
3.472168
-0.942599
-2.367477
-4.391869
-5.818523
-6.116799
-5.759943
-8.634146
-7.709321
-3.497440
1.371988
1.236362
1.564772
2.543311
3.508694
3.783262
3.571548
3.735539
3.600936
3.100712
2.058667
1.111846
0.112713
-1.186861
-2.347137
-3.206823
-4.090074
-4.951977
7.611738
2.337357
-1.414460
-4.512997
-6.169230
-6.923306
-7.925522
-8.987789
-10.246076
-8.569073
-7.458102
-6.338777
-6.005673
-5.896983
-4.778419
-1.433923
2.520913
6.687667
8.530298
8.958742
8.631362
7.918530
6.512570
4.478247
3.857273
2.451598
4.790397
15.028657
15.512189
10.836696
1.071292
-7.920750
-12.101773
-13.753307
-15.095347
-12.462044
-8.421440
-8.182928
-9.246715
-9.234713
-7.083395
-2.096921
4.272452
6.788026
7.443872
11.088179
10.693594
9.755730
8.493935
7.319912
4.820920
4.546078
6.464753
6.262791
3.297295
-3.469043
-9.450587
-9.505723
-12.577211
-12.384507
-9.581377
-5.001182
-4.345724
-8.061372
-7.888424
-5.684383
-1.885574
1.888790
3.352435
3.405948
9.827825
11.894590
9.748627
8.184233
6.816615
5.435359
6.594833
3.443997
1.554506
-0.769763
-4.061738
-6.954850
-6.047747
-9.832968
-9.536097
-6.851511
-1.526022
-0.973228
-5.294955
-6.618031
-5.511178
-1.678907
2.024680
2.831591
3.027574
1.472301
11.852196
10.350413
8.901293
7.166735
5.387215
6.403569
2.434923
-0.345757
-2.982126
-5.427784
-7.167906
-5.731202
-9.560738
-9.685946
-6.870937
-1.994216
-2.526945
-7.232915
-7.883552
-6.100793
-2.036444
1.812628
2.865445
3.005579
1.637883
11.839915
11.601821
11.219621
9.208796
7.095468
6.282584
0.212757
-1.390605
-3.112962
-4.524137
-5.691160
-4.205022
-7.533329
-8.056330
-5.654451
-1.226998
-2.965252
-6.933916
-7.722440
-5.923612
-2.272786
1.536504
2.558063
2.322446
12.278297
11.215223
10.822180
10.359059
8.568994
6.505270
5.549072
-0.780165
-1.317218
-2.535476
-3.920520
-5.367479
-4.130651
-7.085433
-7.658010
-5.556138
-1.466538
-3.657927
-7.428909
-8.082175
-6.293096
-2.100634
1.656790
2.653445
2.382260
-0.069854
11.493675
10.885054
10.417078
8.667126
7.076034
5.691678
-0.319026
-1.074050
-2.358988
-3.900600
-5.485635
-4.212587
-7.395875
-7.836454
-5.627342
-1.296113
-2.863866
-6.467133
-7.296954
-5.753956
-2.236073
1.595582
2.724654
2.452620
10.549956
11.529152
10.606602
9.812754
8.183867
6.290348
5.549751
0.481159
-0.786461
-2.240544
-3.979682
-5.690167
-4.686919
-7.720648
-8.232941
-6.052558
-1.587379
-3.110626
-7.175409
-7.951421
-6.309406
-2.449103
1.508720
2.618736
2.693974
1.012574
11.719334
11.296538
10.950489
9.158213
7.080620
5.436164
0.686179
-0.903876
-2.872269
-4.525749
-5.909632
-4.616537
-7.626636
-8.306769
-5.998626
-1.553718
-3.251336
-7.174114
-8.056429
-6.567162
-2.856638
1.227142
2.426955
2.346425
10.857340
11.734140
11.409254
11.074179
9.260463
7.328285
5.271173
0.797168
-0.705947
-2.492402
-4.179793
-5.657578
-4.469643
-7.263197
-8.043501
-5.916722
-1.550875
-3.556908
-7.433765
-8.421944
-7.112902
-3.134313
1.184986
2.392562
2.509514
0.684509
11.767789
11.509824
11.309929
9.397179
7.787167
5.433599
1.675944
-0.479133
-2.720003
-4.582341
-6.090317
-4.954801
-7.714337
-8.424447
-6.205587
-1.561482
-3.092620
-6.863081
-7.970171
-6.807544
-2.775331
1.480032
2.652325
2.701836
0.755860
11.884812
11.392461
10.976997
9.155632
7.224292
5.036770
1.567420
-0.530154
-2.756184
-4.634461
-6.176555
-5.064772
-7.832078
-8.523190
-6.294208
-1.694327
-3.088371
-7.183526
-8.141556
-6.912743
-2.856993
1.295022
2.496894
2.663223
1.215661
12.118160
11.806891
11.607330
9.779198
7.853001
5.451276
2.408147
-0.037493
-2.638738
-4.636082
-5.988524
-4.891675
-7.608512
-8.661023
-6.285817
-1.650988
-3.366778
-7.217720
-8.466713
-7.227730
-3.350094
1.073072
2.305286
2.474084
0.837222
12.051183
11.745058
11.578334
9.756104
8.194367
5.486457
2.199014
-0.121959
-2.629321
-4.697848
-6.274611
-5.313491
-7.997518
-8.809856
-6.547226
-1.666503
-2.840621
-6.924114
-7.941503
-6.938003
-2.809351
1.319278
2.428385
2.466429
0.545040
12.149700
11.628914
11.275799
9.469205
8.080253
5.488025
2.003144
-0.630518
-3.069067
-5.033806
-6.537066
-5.574029
-8.387635
-8.952865
-6.651892
-1.692095
-2.357743
-6.588496
-7.833975
-6.818662
-2.719373
1.535043
2.693683
2.914633
1.446452
12.288901
11.721917
11.334130
9.501745
8.102230
5.929874
2.930056
0.070808
-2.717984
-4.887650
-6.407248
-5.565941
-8.454964
-9.233294
-6.777788
-1.524019
-1.947961
-5.928680
-7.226660
-6.409860
-2.506467
1.478046
2.538190
2.459813
0.443103
12.240344
11.367505
10.674908
9.027282
7.469316
5.316548
2.158823
-0.544789
-3.181606
-5.207841
-6.662336
-5.784595
-8.650571
-9.242643
-6.887806
-1.767186
-2.059695
-6.363274
-7.678048
-6.616896
-2.569694
1.667630
2.796000
3.016224
1.804540
12.370893
11.767597
11.330277
9.506113
8.066213
5.973051
2.901261
-0.060999
-2.935974
-5.064201
-6.494306
-5.620363
-8.552369
-9.339027
-6.923436
-1.744789
-2.037109
-6.256608
-7.566079
-6.711759
-2.775369
1.466834
2.652268
2.806343
1.596240
12.367249
11.575055
11.054893
9.291638
7.500962
5.783487
3.257346
0.573216
-2.261214
-4.576780
-6.172998
-5.489080
-8.114426
-9.157278
-6.699332
-1.455792
-1.953997
-6.027229
-7.316463
-6.406646
-2.673231
1.501739
2.617000
2.783651
1.561980
12.180179
11.436524
10.929233
9.237228
7.779699
5.631179
2.791816
0.006708
-2.770093
-5.062183
-6.688210
-6.077031
-8.703404
-9.542779
-7.169758
-2.113500
-2.518564
-6.861341
-8.130698
-7.147918
-3.216335
1.232980
2.537662
2.761267
1.736855
12.389196
11.774896
11.457557
9.782433
7.900424
5.777157
2.978207
0.313630
-2.484080
-4.676673
-6.190160
-5.554042
-7.775478
-9.038239
-6.571405
-1.603067
-2.381364
-6.391237
-7.902050
-6.831338
-3.202258
1.264727
2.479111
2.745967
1.786722
12.297167
11.859070
11.646184
9.873845
8.338519
5.624894
2.296622
-0.208894
-2.731224
-4.845096
-6.428513
-5.910305
-8.103491
-9.249497
-6.919835
-2.208317
-3.019100
-7.371976
-8.777121
-7.633339
-3.886812
0.822395
2.210669
2.536270
1.604070
12.369736
12.105237
12.160568
10.535676
8.993376
6.211189
2.640533
1.076219
-1.831265
-4.188926
-5.968756
-5.429273
-7.945324
-9.309110
-7.165123
-2.207300
-2.550058
-6.364161
-8.033069
-7.011043
-3.278788
1.027512
2.142780
2.244324
0.604660
12.396288
11.721519
11.323082
9.615567
8.820545
6.197456
2.344707
0.013099
-2.450504
-4.832726
-6.862622
-6.182306
-9.055370
-9.707988
-7.510315
-2.349995
-1.498946
-5.624690
-7.497329
-6.677845
-2.791199
1.458798
2.624623
2.734788
1.216095
12.699772
11.642499
10.883317
9.216788
7.847150
5.731285
2.818426
0.485762
-2.689198
-5.067543
-7.073405
-5.466370
-8.959750
-9.707896
-7.358695
-1.888073
-0.725606
-4.778092
-6.864838
-6.167920
-2.406220
1.843155
2.939333
3.112831
1.952106
12.741891
11.703302
10.852419
9.145644
7.684179
5.304828
2.371734
0.193858
-2.979646
-5.309052
-7.200652
-5.608134
-9.185711
-10.005239
-7.650407
-2.350622
-1.336635
-5.346666
-7.265655
-6.330474
-2.635634
1.650449
2.839604
2.987630
1.807080
12.661236
11.696455
11.026668
9.257466
7.812206
5.346480
2.211265
0.253787
-2.566686
-4.757470
-6.435115
-5.873681
-8.562875
-9.664138
-7.360705
-2.105970
-1.408492
-5.379013
-7.175531
-6.276537
-2.662937
1.675884
2.909011
3.038216
1.863827
12.883977
11.444658
10.762989
9.092241
7.579873
5.130782
1.971235
0.111207
-2.331440
-4.481141
-6.271067
-5.909540
-8.415199
-9.596874
-7.142587
-2.290008
-1.620945
-5.647243
-7.274261
-6.250302
-2.879113
1.373506
2.650370
2.727958
1.443151
12.781798
11.702656
10.929953
9.274844
7.849999
5.331608
1.832847
-0.027636
-2.544434
-4.738167
-6.180950
-6.335250
-7.981531
-9.393273
-7.066404
-2.597881
1.259311
1.246258
1.539175
2.482013
3.087610
3.028999
3.251953
3.357454
3.294235
2.990083
1.676160
0.849984
-0.134908
-1.078649
-1.841526
-2.648772
-3.335251
5.497896
3.546945
-0.467930
-3.717476
-6.674512
-7.051665
-7.251767
-7.595589
-7.729600
-10.477598
-7.226973
-5.545827
-4.558171
-4.876694
-4.295972
-2.180519
1.105511
4.984118
10.204515
9.845268
7.113727
6.006016
4.693434
0.913243
-0.946071
1.301048
4.384280
12.800961
14.724377
9.519815
4.761862
-0.080380
-5.766987
-11.253154
-13.960736
-16.162209
-14.247967
-11.643243
-8.668034
-6.793391
-6.904367
-6.527155
-5.017650
1.252841
5.660059
8.007667
11.529467
11.165771
10.561569
9.837601
8.552483
7.834181
6.515440
6.591100
6.731070
6.300911
0.919375
-5.153216
-7.176283
-11.261085
-11.242118
-9.550819
-7.442003
-8.371591
-11.013803
-9.956926
-7.695726
-2.730374
2.274548
3.927413
3.996756
10.942016
12.491524
10.266573
8.664703
6.639918
5.212740
6.258700
3.587189
2.198263
-0.080161
-4.203422
-8.100251
-7.686013
-9.876482
-9.438393
-6.645403
-1.903393
-2.374421
-5.713336
-6.825318
-5.183232
-1.247471
2.773059
3.697990
3.997303
3.495539
12.207479
11.054158
9.910316
7.970955
5.830840
6.010870
2.190681
-0.479613
-2.859273
-5.341618
-7.021160
-6.515787
-9.919391
-10.601795
-7.881941
-3.819171
-4.325655
-8.695289
-8.768540
-6.772257
-2.676694
1.175830
2.513909
2.283594
1.093238
12.459266
12.217376
12.213556
10.331510
8.593266
6.548222
0.322658
-0.819007
-2.531163
-4.069883
-5.244988
-3.920980
-6.921104
-8.113656
-5.686825
-1.922925
-3.900056
-7.598129
-8.009799
-6.503475
-2.679347
1.372862
2.660117
2.407063
0.538488
12.148635
11.377914
10.858516
9.014194
7.003770
6.122160
0.446373
-0.546919
-1.999693
-3.681197
-5.256135
-4.283606
-6.889751
-8.092031
-5.648203
-2.009770
-3.857655
-7.666886
-8.155028
-6.326401
-2.587722
1.389924
2.719849
2.626276
1.288704
12.334060
11.826097
11.452506
9.591166
7.927958
6.066638
0.407038
-0.846447
-2.506021
-4.207285
-5.733365
-4.723647
-7.643367
-8.642264
-6.154865
-2.584100
-3.882340
-7.749440
-8.157775
-6.453976
-2.969083
1.066132
2.473302
2.190111
0.619696
12.275513
11.526827
11.022740
9.239107
7.248945
5.781444
0.098929
-0.727216
-2.080203
-3.723054
-5.330729
-4.417296
-6.966471
-8.134415
-5.702014
-2.147629
-3.800620
-7.940198
-8.424293
-6.621819
-2.962214
1.169067
2.564775
2.517659
1.313125
12.363452
12.007549
11.758985
9.881452
8.169123
5.824080
0.826518
-0.818189
-2.824201
-4.569310
-5.992799
-5.022872
-7.631236
-8.713716
-6.430310
-2.498651
-4.119072
-8.279524
-8.755896
-7.375333
-3.300607
1.137892
2.556849
2.468038
1.436231
12.466413
12.086882
12.017282
10.116532
8.450864
6.193232
1.570365
0.176284
-1.810202
-3.758164
-5.315304
-4.248281
-7.167925
-8.544535
-6.174079
-2.311647
-4.188940
-7.676848
-8.353084
-6.690437
-3.219188
0.992660
2.331120
2.155285
8.330204
12.524443
11.723907
11.264903
9.519695
7.539825
5.488654
1.202094
-0.016464
-1.866887
-3.886267
-5.684038
-5.075211
-7.254419
-8.506275
-6.053584
-2.324685
-3.816223
-7.977010
-8.725273
-7.034400
-3.464053
0.958813
2.404103
2.478963
1.727410
12.495227
12.141041
12.043907
10.207464
8.510870
5.782895
1.912970
0.040958
-2.279746
-4.389615
-5.904308
-5.059846
-7.871798
-9.221792
-6.809915
-2.844301
-4.261456
-8.296077
-8.885326
-7.468671
-3.804099
0.708951
2.189432
2.046810
0.900820
12.558847
12.036448
11.761081
9.957491
8.366179
5.652813
2.154404
0.331692
-1.958781
-4.136179
-5.939823
-5.478856
-7.462082
-8.729116
-6.284664
-2.404330
-3.925190
-7.988131
-8.956007
-7.411404
-3.588105
1.119989
2.538810
2.680045
1.931747
12.670853
12.369072
12.329557
10.527349
8.715697
5.804211
2.535733
0.361043
-2.318690
-4.584974
-6.099303
-5.343210
-8.011941
-9.401788
-7.033970
-2.917338
-4.195834
-8.006306
-8.921155
-7.472025
-3.814254
0.795717
2.252538
2.156474
1.154332
12.672440
12.215042
12.082123
10.287549
8.661178
5.744071
2.543025
0.665006
-1.782999
-4.124575
-5.936422
-5.501516
-7.656788
-9.014974
-6.653897
-2.731009
-4.143509
-8.163419
-9.179668
-7.752947
-3.810584
0.931170
2.376957
2.448012
1.642570
12.793456
12.484158
12.422829
10.653139
8.947062
5.953117
2.378615
0.509711
-2.052458
-4.381626
-6.045559
-5.566591
-7.861502
-9.327826
-6.929161
-2.901604
-3.957136
-7.988402
-8.944228
-7.484985
-3.834254
0.746861
2.209321
2.172023
1.454931
12.845770
12.467399
12.335897
10.575273
8.900412
5.884327
2.181239
0.126353
-2.198773
-4.460021
-6.210456
-5.864787
-7.799792
-9.169176
-6.779136
-2.850697
-3.465797
-7.486984
-9.081281
-7.636863
-3.969970
0.717859
2.104045
2.224519
1.463449
12.883972
12.557856
12.464059
10.779032
9.788043
6.875764
2.774291
0.866338
-1.780282
-4.399900
-6.419266
-6.351459
-8.454025
-9.752083
-7.259841
-3.105309
-3.163202
-6.954708
-8.643820
-7.299353
-3.768306
0.724361
2.101058
2.042855
0.869653
12.971919
12.370387
12.089630
10.397771
9.481737
6.788956
2.845791
0.336348
-2.191021
-4.769926
-6.778078
-6.700691
-8.746925
-9.847696
-7.292948
-2.849374
-2.322089
-6.357937
-8.113494
-7.041717
-3.231153
1.226226
2.520856
2.587904
1.624891
13.110999
12.374940
11.965690
10.246819
9.314475
6.773392
2.941415
0.481016
-2.480497
-5.085768
-6.972203
-6.325360
-9.357713
-10.288240
-7.970759
-2.776441
-1.635844
-5.339692
-7.212817
-6.297306
-2.614087
1.596065
2.740740
2.709362
1.405688
13.157710
11.997157
11.178015
9.448109
8.008404
5.731724
2.734466
0.823026
-2.403367
-5.021769
-7.138975
-5.683185
-9.324964
-10.185904
-7.819869
-2.761692
-1.677673
-5.338448
-7.189201
-6.082636
-2.378159
1.936445
3.062671
3.179751
2.274261
13.182453
11.950150
11.056714
9.310086
7.695885
5.320521
2.497245
0.807727
-1.894715
-4.491005
-6.476727
-6.069301
-9.103516
-10.208262
-7.517318
-2.996572
-1.788906
-5.227185
-6.816839
-5.696074
-2.536823
1.481063
2.603481
2.478400
1.047171
13.412005
11.846416
10.701667
9.101141
7.258477
4.851405
1.644029
0.173861
-2.074496
-4.461650
-6.000695
-5.952916
-8.310071
-9.667212
-7.276011
-3.201312
-2.820625
-6.653743
-8.291846
-6.725350
-3.187500
1.343861
2.646610
2.788749
2.030081
13.404621
12.585676
12.348820
10.756006
9.630543
6.600237
2.485911
0.739750
-2.151531
-4.685631
-6.212740
-6.335403
-8.430071
-10.039072
-7.671692
-3.701513
-4.108527
-8.028570
-9.360527
-7.949317
-4.121486
0.860086
2.279059
2.323346
1.330756
13.135522
12.705234
12.771967
11.447106
10.504956
7.530978
3.037807
1.337952
-1.318098
-3.797844
-5.388542
-5.649550
-7.247392
-9.169120
-7.106952
-3.333563
-4.221935
-8.054960
-9.550934
-8.144257
-4.395904
0.931399
2.390597
2.612863
1.806065
13.007646
12.651023
12.526806
11.275294
10.259640
7.199527
2.783082
1.800523
-0.941627
-3.637047
-5.466514
-5.886998
-7.646192
-9.584317
-7.576343
-3.824030
-4.608372
-8.292784
-9.723883
-8.109770
-4.667509
0.435077
1.974750
2.006274
1.512588
13.205289
12.866200
12.677157
11.265919
10.363750
7.238686
2.780085
0.742702
-1.233374
-3.821586
-5.819125
-6.346437
-7.616985
-9.259175
-7.404050
-3.686373
-4.195399
-8.204584
-9.914692
-8.312654
-4.997379
0.208322
1.807408
1.955264
1.558321
13.221974
12.889246
12.752671
11.492252
10.508738
7.408803
2.949538
0.733429
-1.168488
-3.743644
-5.692220
-6.218671
-7.618699
-9.358128
-7.540820
-3.785954
-4.100064
-7.999687
-9.863180
-8.196511
-5.182422
-0.182383
1.462534
1.775999
9.364527
13.442803
13.089359
12.875267
11.581602
10.919153
7.855340
3.073004
-0.335477
-1.576222
-3.976147
-5.867811
-6.354127
-7.456954
-9.047927
-7.362151
-3.744680
1.268844
1.347819
1.475479
2.446036
3.525868
4.532460
5.366915
5.997542
6.658835
6.409486
6.455169
6.036710
5.264653
3.940779
2.635245
1.378227
0.227741
4.039796
4.695065
6.237263
8.750004
6.928462
2.442446
0.761594
-0.588772
-0.296029
0.690560
1.794133
2.768302
3.761838
4.663039
5.206265
5.469250
5.397148
5.476912
5.333211
3.953373
2.216364
0.428183
-0.733389
-1.815843
0.860374
-0.856782
-4.678248
-6.299069
0.438467
-1.031499
-2.477879
-4.522442
-5.898163
-6.184543
-6.917494
-7.099105
1.283667
1.359325
1.424949
2.319940
3.375011
4.396509
5.270580
5.901943
6.237025
6.305039
6.075531
5.975662
4.974703
3.425616
1.842681
0.074481
-1.121134
-2.304640
-3.575429
-5.001382
-8.030561
-10.793744
-3.154045
-3.313157
-3.852373
-5.063180
-8.169209
-10.242872
-11.479072
-10.808962
-9.549850
-8.314094
-1.357608
0.580015
2.307326
3.601639
3.730080
3.810403
1.246349
0.683542
0.693164
1.726554
2.872386
3.949589
4.003544
3.646776
3.448096
3.351182
2.454913
1.302396
0.315788
-0.796039
-1.983729
-3.003075
-3.962261
-5.046970
-6.076389
5.231485
-1.296786
-4.396933
-5.636539
-5.464800
-4.395520
-4.752839
-5.738920
-5.840096
-6.150063
-6.623469
-6.389240
-5.704146
-5.396373
-5.945604
-4.692750
-1.333304
2.716107
5.809712
10.979175
7.759079
4.790058
4.808577
2.728385
1.138949
-0.469163
1.295856
1.332383
15.485178
16.424353
12.382193
3.592426
-5.335238
-10.112925
-12.485940
-14.127243
-13.600629
-9.750881
-7.086813
-6.087595
-6.196263
-5.998114
-4.763448
1.785152
6.795950
9.086397
13.280212
12.614030
11.533321
10.261194
8.878544
7.871858
4.493149
7.872980
7.098794
7.366804
2.486917
-5.381028
-10.195657
-11.042775
-12.942920
-12.021529
-9.273864
-7.947617
-9.192095
-10.873950
-8.367112
-4.949536
0.367158
3.011408
4.142511
4.054834
13.298321
11.399790
9.655905
7.872445
6.878413
4.143125
4.726151
0.118906
-0.196683
-2.684271
-5.939439
-7.927727
-7.438635
-10.214644
-9.349679
-5.701839
-2.874391
-6.003608
-8.080268
-6.927058
-3.841381
1.329597
3.067508
3.683299
3.109351
13.414197
12.385683
11.962235
10.972775
9.357339
7.255713
4.046593
-1.666165
-1.790874
-3.762853
-5.017389
-6.219100
-5.373481
-9.535949
-8.623011
-5.652849
-3.943823
-6.760206
-8.889938
-7.358620
-5.045498
-0.035490
1.432775
1.984721
1.099772
12.302136
11.928345
11.475616
10.616096
8.981508
6.411361
3.177361
-1.803687
-1.492940
-3.108479
-4.624863
-5.289750
-4.375034
-8.215779
-7.738654
-4.455802
-3.105105
-6.329712
-8.460785
-6.972161
-4.459157
0.576133
2.181329
2.821426
2.085911
13.254621
12.098409
11.663025
10.794063
9.211139
7.151305
3.299118
-1.631177
-1.326153
-3.008553
-4.485374
-6.076643
-5.083451
-9.171767
-8.388196
-5.427918
-3.850132
-6.793119
-8.869594
-7.489378
-5.534765
-0.427578
1.049373
1.863828
1.209421
11.349792
12.088804
11.434844
10.575510
9.053790
6.660584
3.315568
-1.243687
-1.148693
-2.875627
-4.578391
-5.400620
-4.575253
-8.441031
-7.941459
-4.909084
-3.133037
-6.335393
-8.760325
-7.384208
-5.129129
0.111225
1.750039
2.669927
2.023106
12.947051
12.184858
11.893943
11.131699
9.511151
7.495037
3.787951
-1.182267
-1.155225
-3.006765
-4.618109
-5.787443
-5.141466
-9.254990
-8.453971
-5.462818
-3.578333
-6.474147
-8.901555
-7.707645
-5.821173
-0.787267
0.789805
1.857378
1.253651
10.740671
12.146608
11.560723
10.781197
9.260353
6.840850
3.266763
-0.996148
-0.927063
-2.722952
-4.499712
-5.377370
-4.511563
-8.734306
-8.346074
-5.075716
-2.920590
-6.103440
-8.601157
-7.368864
-5.166064
-0.036604
1.692445
2.462112
1.781060
12.500624
12.224492
11.618893
10.726793
9.172211
6.507579
3.647558
-0.822258
-1.109400
-3.132259
-4.920352
-5.775754
-5.028722
-9.308205
-8.769014
-5.492768
-2.982329
-5.877938
-8.387298
-7.170466
-5.220879
-0.129211
1.468651
2.189003
1.386688
12.610000
12.250024
11.630198
10.764788
9.182031
6.643859
3.787036
-0.780868
-1.029258
-3.012165
-4.777228
-5.635810
-4.835689
-9.142303
-8.652536
-5.308323
-2.942628
-5.800719
-8.342787
-7.115988
-5.038706
0.007099
1.708085
2.468822
1.772438
12.310467
12.188942
11.460109
10.508327
8.942582
6.406504
4.045061
-0.661490
-0.993466
-3.004745
-4.882867
-5.787758
-5.126005
-9.249783
-8.845111
-5.508305
-3.073642
-6.055587
-8.636586
-7.391257
-5.248171
-0.090128
1.673797
2.440932
1.751256
12.577349
12.375861
11.902864
11.117783
9.472558
6.732259
3.489626
-1.125160
-1.154382
-3.102601
-4.749774
-5.585585
-4.688779
-9.043749
-8.593513
-5.363309
-3.126484
-6.105714
-8.501851
-7.156633
-5.251824
-0.165172
1.552826
2.298843
1.649132
11.991603
12.275733
11.551702
10.685934
9.095993
6.552651
3.952259
-0.765191
-0.888801
-2.783239
-4.674830
-5.629217
-4.910733
-8.993644
-8.708610
-5.440325
-3.144125
-6.274142
-8.843754
-7.555783
-5.408687
-0.191496
1.676013
2.474727
1.834410
12.442589
12.462410
12.059304
11.280244
9.649010
6.913190
3.305433
-1.275108
-1.218346
-3.149484
-4.765297
-5.611969
-4.646005
-9.005213
-8.566881
-5.330427
-3.054211
-5.965292
-8.305478
-7.034964
-5.328914
-0.308004
1.437238
2.217226
1.708303
11.681244
12.268182
11.445354
10.538501
8.995696
6.549144
4.208054
-0.552553
-0.663244
-2.516392
-4.528501
-5.602371
-4.922366
-8.942722
-8.820870
-5.637869
-3.398721
-6.459129
-9.202021
-7.853580
-5.690435
-0.325910
1.732396
2.592021
2.085717
12.684091
12.499310
12.334109
11.725617
10.004971
7.940990
4.595077
-1.329242
-1.183327
-3.054931
-4.823170
-5.726414
-5.029375
-9.361244
-8.979788
-5.712547
-3.380646
-5.856110
-8.333665
-7.476536
-5.639641
-1.070178
1.045340
1.942844
1.414353
11.156090
12.167278
11.339353
10.369291
8.823662
6.134167
4.857856
-0.067381
-0.315964
-2.213984
-4.375115
-5.599950
-4.716681
-8.781608
-8.759552
-5.632311
-3.247243
-5.859768
-8.682698
-7.825752
-5.495320
-0.250165
1.927518
2.819650
2.420536
4.197626
12.632360
12.271575
11.564536
9.872726
7.754728
5.223073
-0.493489
-0.819269
-2.891286
-4.841029
-5.820869
-5.219992
-9.530229
