0.001701
-0.128528
0.011297
0.015652
-0.715124
0.066091
0.048384
0.253195
0.530555
0.613379
1.549379
1.446556
1.105514
0.602989
0.109552
-0.247873
0.367850
-0.349692
-0.788814
-0.495211
-0.426942
-0.199521
-0.177070
-0.729578
0.220230
0.446037
0.517499
1.065316
0.538194
-0.954928
-3.533804
-2.120872
0.415371
2.155209
2.520444
3.553955
3.253997
1.985743
1.183613
0.487834
-0.896754
-1.714284
-1.115202
-0.714405
-0.106319
-0.459377
1.791106
0.472353
0.478076
0.430552
5.851649
11.199036
7.333302
4.873290
-0.151632
0.011932
0.798350
3.041945
3.301596
2.723122
2.172148
-3.826090
2.551681
3.669172
2.892406
1.327861
1.884364
2.065081
2.743157
0.578716
1.108648
0.695225
0.329352
-0.024455
-0.219393
-0.297164
-0.311498
-0.284668
-0.242041
-1.989685
0.569795
4.597086
8.565206
9.256429
7.718493
6.885898
7.513720
3.409401
4.092147
6.720548
7.789568
6.472435
1.614153
7.926004
6.730145
5.936333
4.925169
3.967424
1.738128
-0.754428
-1.306294
-0.485226
0.442532
0.051461
-0.603249
-0.451642
-0.920590
-2.211771
-2.747349
-2.231969
-1.496008
-0.820481
-0.761287
-0.729688
-0.532582
-1.323601
-4.291449
-4.342893
-3.980205
-3.789595
-1.714145
-1.984342
-2.437700
-2.349818
-0.931454
1.028893
1.600028
1.469368
0.198740
-0.526760
-0.834557
-1.245375
-1.024354
-1.160939
-1.315614
-2.584694
-1.232519
-0.696830
0.142833
0.739366
1.068187
-0.869489
-1.326953
-1.223270
-0.010790
2.267871
1.129005
1.527620
1.133025
0.247857
0.468161
1.423746
1.271303
1.122046
1.693349
3.105928
2.436295
1.211573
0.978453
-0.401380
-1.493246
-0.396299
0.734814
0.846947
1.463836
-1.261608
-3.484033
-3.479952
-3.269035
-1.844968
-0.806006
-1.260492
-1.202071
1.120238
0.220378
0.346336
1.040942
0.962546
0.201796
0.002378
-0.157970
-1.058785
-1.051862
-1.958082
-2.824396
-3.103930
-1.567160
0.119304
0.037389
1.042461
1.250205
0.647185
-0.354933
0.375715
0.312001
3.475100
2.222409
1.919997
1.219561
-0.952353
-0.117363
0.758786
0.782131
1.548427
1.638236
3.088101
2.236856
1.057106
0.658688
-0.540664
-1.944334
-1.050679
0.178919
0.463958
1.182864
-1.343440
-3.643290
-3.690006
-3.416620
-2.082848
-1.107245
-1.647169
-1.528134
0.947218
0.344695
0.561337
1.162982
0.996049
0.007588
-0.377330
-0.697608
-1.402572
-1.486365
-2.486305
-3.160723
-3.253111
-1.534649
0.237117
0.001055
1.077108
1.096125
1.156703
0.103086
0.897948
1.085858
3.967980
2.827134
2.948518
2.019942
-0.499377
-0.009659
0.918693
0.915504
1.836724
2.158712
3.844210
2.859793
1.745444
0.527900
0.309159
-1.163717
-1.054155
0.041647
0.591416
1.157398
-1.241780
-3.667025
-3.715542
-3.319669
-1.901687
-0.993323
-1.441414
-1.521451
1.233814
0.824326
0.659356
0.986177
0.685575
-0.362759
-0.864791
-1.250697
-1.818178
-1.848327
-2.661627
-3.264699
-3.350421
-1.741032
0.100604
0.036777
1.122452
1.033702
2.247734
0.519684
1.565824
1.620382
4.601584
3.387667
3.061420
1.337160
-0.499443
0.084480
0.022128
1.137530
1.783296
2.159293
3.970484
2.862252
1.684447
0.486670
0.163440
-1.173296
-0.786901
0.121883
0.882732
1.592082
-1.552656
-3.788454
-4.021622
-3.627686
-2.473074
-1.044236
-1.727339
-1.737322
0.230625
-0.191244
0.894153
1.480591
1.102268
-0.140493
-0.793475
-1.133448
-1.682934
-1.822352
-2.579672
-3.062732
-3.385499
-1.304577
0.420929
0.450310
1.194402
1.052046
0.373072
-0.343264
0.149444
0.248746
3.124537
1.978377
1.890913
1.708824
-0.528601
0.196071
0.991788
0.841076
1.390682
1.452913
2.712834
1.815910
0.648428
0.590272
-0.293132
-1.636598
-1.090471
0.356253
0.684752
1.508764
0.753161
-2.540433
-2.558831
-2.076523
-1.913242
0.342926
0.096856
-0.276600
4.078658
2.533674
0.797526
0.579422
-0.024261
-0.742561
-1.083590
-1.356068
-1.897890
-1.397313
-2.009365
-2.645006
-2.762538
-1.548996
0.202876
0.608663
1.523782
1.553791
2.511391
1.172550
1.730003
1.718054
4.453894
5.503041
3.791002
1.861409
0.297195
0.060544
0.650352
0.608301
1.838020
2.176170
3.302303
2.100450
0.859995
-0.117936
-0.152946
-0.255780
-0.082266
0.668808
2.243881
2.603925
-1.487968
-3.312873
-4.070920
-3.767719
-3.809772
-3.726915
-2.745394
-4.524478
-2.999867
-2.248547
0.259396
1.291841
1.109046
-0.611827
-1.871684
-2.737515
-3.080494
-3.333641
-3.816841
-3.879744
-4.619543
-1.938887
-0.189018
-0.185838
0.277929
0.188481
-0.871305
-1.588276
-1.488433
-0.589453
1.114697
1.003852
1.674657
2.716327
2.431857
0.811916
0.969558
0.887167
1.162526
1.418935
2.069479
1.280374
0.621510
0.598344
-0.219440
-1.067773
-0.484515
0.526926
1.003193
2.007247
2.025933
2.852810
0.092641
1.179335
0.953156
2.712953
4.862816
2.867104
1.033195
0.078698
-0.002851
0.523020
0.517227
1.604225
1.698790
2.107197
0.426726
-0.392238
-1.208048
-1.004080
-1.308212
-0.898068
0.401563
1.659948
2.055663
-0.356224
-2.803334
-3.375946
-3.043100
-3.053497
-3.268069
-2.225891
-3.717053
-0.463736
-0.991429
0.709477
1.298582
0.855436
-0.773597
-1.950289
-2.750035
-2.764115
-3.157098
-3.613864
-3.703450
-4.110561
-1.601101
0.293037
0.359588
1.015419
0.878600
-0.610239
-1.139850
-0.953108
-0.622556
1.541678
1.257733
1.587219
2.397883
1.984283
0.828050
1.027494
0.833579
1.020415
1.207753
1.852690
1.024760
0.309798
0.418131
-0.489488
-1.241250
-0.645987
0.652615
1.153768
2.101215
1.906193
1.123075
-0.406537
0.801769
0.450163
2.061106
4.172740
2.129259
0.331253
-0.132100
-0.036607
0.502516
0.582556
1.311595
1.179442
1.282321
-0.016411
-1.039002
-1.813339
-1.389291
-1.727547
-1.134890
-0.088049
1.084517
1.872661
0.543289
-2.163635
-2.671664
-2.289061
-2.307150
-0.698140
-0.553737
-1.605801
2.474970
1.126996
1.264690
1.116731
0.385275
-0.697599
-1.539220
-2.246367
-2.631772
-2.585835
-3.164113
-3.491559
-2.924164
-0.707348
0.202443
0.578465
1.488224
1.704954
-1.400101
-1.656363
-1.564109
-1.481193
0.649463
0.176610
0.231039
2.072813
1.969172
0.922143
1.237580
0.807600
0.448884
0.259585
0.382632
-0.291263
-0.760072
-1.405187
-2.231970
-1.647840
-0.263544
0.671563
0.895983
2.058708
1.758657
0.631901
0.203859
0.792183
0.708520
3.230927
2.758965
1.495030
0.666977
-0.497415
0.407079
0.722575
0.820507
1.043664
1.142754
1.434730
0.467605
-0.660913
-1.155948
-1.135023
-1.824828
-1.175074
-0.234541
0.875758
1.858860
0.489794
-2.100236
-2.268409
-1.984859
-1.681853
0.073002
-0.169835
-0.751316
0.599026
1.247187
1.132308
1.341164
0.860105
0.158581
-0.464436
-1.054438
-1.818083
-2.669688
-2.282671
-2.677394
-1.726616
-0.343009
0.086510
0.490936
1.494756
1.170609
0.228431
-0.487455
-0.035404
-0.161424
2.839560
2.199930
1.012714
0.854810
-0.353347
0.546077
1.328047
0.868684
1.062389
1.087169
1.419089
0.445190
-0.655521
-0.960272
-1.028217
-1.743793
-1.063120
0.021572
0.980258
1.996401
0.714888
-1.863160
-2.016698
-1.649184
-1.780716
0.111076
-0.032886
-1.089816
1.233768
1.245919
1.185914
1.238637
0.695081
-0.036218
-0.680397
-1.331462
-2.020978
-2.554794
-2.692779
-2.807831
-2.004445
-0.959477
-0.032355
0.319929
1.217573
0.737442
-0.284638
-0.729435
-0.419440
-0.410051
1.897596
1.481651
0.543794
1.672482
-0.783082
0.391743
1.189490
1.033803
1.203492
0.967063
1.128746
0.510714
-0.452739
-0.907934
-2.451786
-2.201473
-0.669801
0.574226
1.231362
2.480466
2.212504
-0.407301
-0.510805
-0.248664
-0.473511
1.081685
1.133286
-0.084558
0.624413
-1.563106
0.353349
1.218123
1.433042
1.180734
0.534720
0.307013
-0.884137
-2.208490
-1.975529
-2.862105
-2.078101
-0.193364
-0.177527
0.478070
1.496074
1.486830
-1.321785
-1.668270
-1.584873
-1.915902
-0.108156
-0.299380
-1.126622
0.202182
-1.607000
0.812801
1.802298
1.705667
1.272090
0.270034
-0.026875
-0.628826
-1.698597
-2.507954
-3.042748
-2.548795
-0.086349
0.295682
0.588175
1.652491
2.150965
-0.772409
-1.137782
-1.091971
-1.347815
0.248827
0.261127
-0.396811
1.059077
-1.501548
0.540445
1.653245
1.859853
1.658031
0.804275
0.727452
0.114089
-1.419459
-1.851713
-2.719126
-2.613784
-0.313518
0.550286
0.913710
1.959995
2.650692
-0.555306
-0.833398
-0.733824
-0.991159
0.715608
0.640971
-0.167721
1.585557
-1.310543
0.569513
1.616973
1.541797
1.441165
0.653829
0.600472
-0.346121
-1.777375
-1.863255
-2.745401
-2.175508
-0.054303
0.308430
0.672440
1.706949
1.843751
-0.881432
-2.029282
-1.553995
-1.812440
-0.477589
-0.154773
-0.133244
0.204569
0.677475
0.837204
0.841281
-1.433847
1.779562
2.471410
2.552787
2.916362
1.152934
2.159966
2.699344
2.145657
1.288555
1.577850
1.456168
1.863515
2.067425
1.482354
1.967546
0.542200
-0.718803
-2.870965
-2.969937
-2.808175
-2.788547
-2.129373
-1.560668
-2.130665
-2.389966
-1.963374
-1.539956
1.052075
1.546249
1.029214
1.229053
0.877421
-0.758407
-1.209053
-1.040096
-2.245283
-1.975765
-0.828486
-0.200854
0.259220
0.313765
-0.502029
-3.382555
-2.543274
-2.605349
-1.813662
-0.140637
-1.360685
-0.574967
-0.414766
0.197279
0.963156
1.277079
0.927930
-0.350196
-0.506230
-0.070939
-0.867481
-1.464543
-2.052907
-2.989113
-1.951611
0.289253
0.770541
1.231336
1.145357
-0.302027
-2.832274
-1.470238
-1.678591
-0.272816
1.092891
0.025398
1.848704
2.258803
0.314502
0.625766
1.268620
1.166167
0.652111
1.076102
0.967387
-0.240044
-0.329983
-2.186661
-2.552151
-1.590660
0.390072
0.927063
1.730524
1.762161
0.522018
-1.738751
-0.123741
-0.189857
0.183631
2.278902
0.624252
1.761405
1.815404
0.112598
0.443714
0.759309
0.750115
0.407074
0.835874
0.666055
-0.636017
-0.423255
-1.907958
-2.486979
-1.829114
0.019217
0.853968
1.645650
3.122655
-0.732328
-2.469103
-0.919808
-1.103458
-0.438813
1.275834
-0.317073
0.957886
1.349743
0.172724
0.514414
0.924533
0.832201
0.029701
0.177433
-0.019564
-1.266931
-1.151591
-2.556064
-2.876830
-1.908832
-0.083387
0.754515
1.613893
1.599412
-0.024657
-2.039293
-0.371811
-0.600417
0.123567
1.865876
0.327108
1.373171
1.415750
0.191090
0.412272
0.995322
0.896787
0.321891
0.605695
0.461089
-0.796034
-0.693749
-2.330929
-2.613830
-1.686049
0.163224
0.979946
1.882030
1.823423
-0.102908
-1.968894
-0.365453
-0.563788
-0.261534
1.856870
0.198967
1.174563
0.807336
0.114003
0.512074
1.038217
1.004937
0.237773
0.398266
0.136788
-1.172668
-1.014216
-2.407573
-2.642543
-1.719313
0.103468
1.007035
1.875292
1.693051
-0.007762
-1.928014
-0.358472
-0.556952
-0.258088
1.855956
0.169321
1.014900
0.708545
0.158774
0.530154
1.021157
0.972018
0.231313
0.376296
0.111419
-1.144639
-1.075641
-2.257158
-2.508871
-1.713015
0.129610
1.014909
1.864956
1.761693
-0.098352
-2.003591
-0.481998
-0.664395
-0.426256
1.693048
0.024290
1.007369
0.714032
0.247443
0.640596
1.035432
0.923098
0.112543
0.151897
-0.128697
-1.417305
-1.241058
-2.541270
-2.718775
-1.670921
0.044845
0.911658
1.817184
1.629583
0.035778
-1.975377
-0.373085
-0.631125
0.001173
1.856589
0.271942
1.022199
0.436719
0.198025
0.632070
1.147115
1.092492
0.299884
0.385787
0.121030
-1.073772
-1.079485
-2.406140
-2.501726
-1.666427
0.259279
1.148084
2.004154
1.968832
0.185966
-1.744409
-0.337104
-0.421266
-0.539845
1.859215
0.166839
1.081545
0.754472
0.337936
0.670080
1.007568
0.867203
0.068878
0.034533
-0.254841
-1.615741
-1.382397
-2.431397
-2.547058
-1.462074
0.040415
0.850689
1.698778
1.477933
-0.065494
-2.173595
-0.565545
-0.891444
-0.011991
1.747824
0.180303
0.748112
-0.599264
0.146081
0.791904
1.362546
1.354215
0.440770
0.406049
0.523744
-0.886537
-1.353292
-2.219508
-2.489468
-1.664870
0.325357
1.258708
2.059342
2.014121
0.427241
-1.502198
-0.173368
-0.262911
-0.575356
1.758021
0.183243
0.702963
-0.732110
-0.213846
0.471386
1.106679
1.188701
0.424018
0.340607
-0.045768
-1.484343
-1.468207
-1.995115
-2.429822
-1.293120
0.106215
0.732907
1.488308
1.378240
-0.116713
-2.326299
-0.907558
-1.199426
-0.549698
1.337238
-0.182635
0.364132
-0.621630
-0.004026
0.729389
1.413796
1.469786
0.575474
0.359689
0.492641
-1.049693
-1.445562
-2.444820
-2.662088
-1.737487
0.295955
1.178141
1.997362
2.029042
0.798561
-1.318040
0.149900
-0.031202
-0.304226
2.204548
0.540707
0.613772
-1.550577
-0.267530
0.497495
1.166299
1.307845
0.565772
0.552250
0.088446
-1.347326
-1.349472
-2.056051
-2.358963
-1.108687
0.244847
0.880178
1.649950
1.526777
0.014336
-2.224279
-0.866684
-1.156880
-0.492898
1.420759
-0.151495
0.418433
-0.506459
0.116495
0.818596
1.440160
1.453837
0.538747
0.265410
0.298809
-1.186280
-1.695626
-2.386688
-2.682511
-1.784037
0.254973
1.154387
1.915567
1.982212
0.723305
-1.436901
-0.064976
-0.214439
-0.341069
2.086976
0.395814
0.862191
-0.544544
0.016644
0.657105
1.148858
1.157809
0.395402
0.257022
-0.174006
-1.644701
-1.594640
-2.092179
-2.186100
-0.914995
0.135555
0.619541
1.442612
1.300417
0.032542
-2.316961
-0.898198
-1.224332
-0.273126
1.518361
0.018459
0.108853
-1.692773
-0.072938
0.941480
1.684146
1.769227
0.681759
0.298419
0.383118
-1.000610
-1.579107
-2.590163
-2.686613
-1.751117
0.385849
1.345549
2.100219
2.183284
1.034609
-1.137500
0.117844
0.033521
-0.298089
2.045150
0.467415
0.614113
-1.120433
0.036414
0.689558
1.147482
1.126330
0.348506
0.127574
-0.225962
-1.804842
-1.681984
-1.886358
-2.055905
-0.858835
0.218709
0.646530
1.371516
1.245320
-0.030949
-2.498384
-1.591675
-1.874039
-0.996904
0.592278
-0.756484
-0.360817
-0.354656
0.370568
1.191781
1.702094
1.472949
0.279532
-0.322895
0.005254
-1.252074
-1.834460
-2.908396
-2.981273
-1.911266
0.425639
1.201503
1.922793
2.153398
1.578985
-0.949633
-0.065277
-0.059947
-0.229827
2.043079
0.578709
1.085409
0.556616
0.327449
0.805537
1.208712
1.048115
0.335248
0.191946
-0.019114
-1.531163
-1.472863
-1.882388
-2.238957
-1.051508
0.204643
0.574219
1.261432
2.483988
-0.071215
-2.570907
-1.687411
-2.011010
-0.929928
0.409018
-0.802212
-0.364971
0.348157
0.519989
1.252945
1.757779
1.436474
0.164420
-0.443388
0.075870
-1.200389
-1.842926
-2.992882
-3.045994
-1.892763
0.506298
1.139506
1.825817
2.108407
1.645509
-0.977292
-0.074059
-0.103015
-0.260361
2.001622
0.684069
1.296493
0.909972
0.429599
0.848610
1.289939
1.126387
0.431562
0.296220
0.084442
-1.436771
-1.436533
-1.933085
-2.076165
-0.775886
0.313814
0.618040
1.340281
1.289677
0.188123
-2.348722
-1.407586
-1.727588
-0.887834
0.675169
-0.506342
-0.211971
-0.195781
0.391717
1.209184
1.786132
1.565513
0.338413
-0.281711
0.117147
-1.087663
-1.654766
-3.043430
-2.975074
-1.823756
0.506979
1.254697
1.955456
2.215119
1.754679
-0.803917
0.112862
0.071511
-0.237468
2.680521
0.932261
1.655265
1.035800
0.452158
1.106194
1.418465
0.969034
0.395626
0.131655
0.020551
-1.447419
-1.329889
-1.806451
-1.892075
-1.543432
0.274623
0.572793
1.220839
3.290383
-0.227385
-2.620055
-1.667880
-2.027648
-1.047948
0.960497
-0.639370
0.170497
0.495407
0.527751
1.242931
1.753610
1.442768
0.225039
-0.389456
0.042691
-1.199863
-1.700896
-3.054625
-3.191981
-2.400975
0.180071
1.039393
1.814316
1.951724
1.782096
-0.799781
0.210954
0.176556
0.009677
2.980754
1.092076
1.710630
0.920214
0.331778
1.010874
1.398487
0.981666
0.431072
0.133460
0.122359
-1.372190
-1.249964
-1.844819
-1.680854
-1.549691
0.107033
0.658333
1.377995
2.646714
-0.227925
-2.559481
-1.495373
-1.857515
-0.919564
1.089786
-0.535333
0.197602
0.445787
0.462693
1.180550
1.738912
1.499894
0.262422
-0.380609
-0.096411
-1.233980
-1.678043
-3.112656
-3.150623
-2.435169
0.013640
1.090972
1.858837
2.036394
1.803432
-0.678067
0.244223
0.288593
-0.054057
2.828865
0.965072
1.402985
0.700050
0.245089
0.966814
1.153780
0.864839
0.262839
-0.184396
-0.081992
-1.417717
-1.298044
-1.773929
-1.817816
-1.655049
0.062948
0.567506
1.249214
2.067855
-0.240641
-2.674044
-1.747536
-2.091515
-1.085376
0.910242
-0.136666
1.723918
1.728357
1.585929
1.255648
0.922386
0.683072
0.430242
-0.455419
-0.977262
-1.311787
-1.427144
-1.351263
-2.170803
0.258590
4.308437
8.256473
7.967440
6.350244
6.370001
7.864748
1.942171
5.605236
5.011703
5.141579
5.147586
6.356184
5.739903
5.020490
-0.000000
0.860894
7.179288
6.143171
5.303138
4.221164
3.234287
2.409765
1.678816
1.028697
0.393058
-0.090073
-0.315422
-3.123514
-4.017848
2.532599
9.540654
9.769984
9.066892
8.808999
-3.112339
2.830829
-4.258230
-3.318920
0.910158
5.577956
4.988085
5.042933
4.320845
3.197384
1.960772
0.667043
-0.637592
-1.644742
-1.135348
-0.624495
-1.012859
-0.796986
0.115223
-1.589818
-1.194513
-1.155120
-1.407085
-1.054909
-1.874062
-2.218390
-1.202455
-3.041529
-3.222617
-2.952747
-2.462011
-2.261785
-2.386242
-2.622408
-2.763525
-2.626207
-2.157962
-1.540384
-0.622854
-1.214081
-1.772740
-2.706960
-1.809714
0.360652
0.741793
1.534499
3.507471
4.243483
0.967032
0.642527
-5.489064
-2.596442
0.124031
4.436625
9.008713
9.564136
10.315525
5.665617
2.217037
2.950835
5.081163
6.080867
5.948741
0.249820
-0.135689
-5.044075
-5.696148
-5.191339
-6.095165
-4.925102
0.690687
6.170769
5.400329
5.461551
6.119829
5.308964
-1.001990
-1.510754
-0.597474
0.451496
0.805479
1.252118
-1.203821
-2.358262
-0.728711
-0.357058
-2.565890
-4.630416
-6.968575
-5.063515
-4.486191
-6.696119
-8.337597
-7.129353
-6.711315
-6.383109
-4.854033
0.930037
2.262942
1.497333
-3.361183
-2.253131
-6.929074
-4.129338
-2.897041
-1.485413
-1.987022
-1.796538
-2.583487
-2.526515
-2.480262
-2.966908
-2.695802
-2.913691
-3.870888
-3.676704
-2.149239
-1.859621
0.528763
1.338724
1.230371
1.399994
1.331962
1.633318
2.587566
3.755092
4.465890
-0.858753
-2.695441
-0.352428
3.136566
5.659659
5.785286
5.051473
3.833483
3.513081
2.126343
1.247717
1.579618
1.863146
3.657818
4.606721
5.992375
4.327309
1.821877
-0.428189
0.613655
1.091899
1.292727
2.998376
1.822339
2.184225
-0.014574
-0.295904
0.380521
1.303177
1.619432
-0.008814
-0.329910
-0.238475
-1.726586
-1.907627
-2.607121
-3.171532
-2.346863
-0.626144
0.290080
0.863928
0.673585
-0.793258
-3.017555
-1.805503
-2.009385
-0.656502
0.553234
-0.886055
0.418622
0.697546
0.533574
1.208905
1.179509
0.738011
-0.133203
-0.419025
-0.823221
-1.865841
-1.910942
-2.201460
-2.419945
-1.097751
-0.210968
0.272031
1.202547
0.926754
1.884153
-1.641214
0.291575
0.383339
0.275724
4.837970
2.620868
1.354874
-0.815525
-0.502773
-0.008510
1.089717
1.621633
1.435403
1.750579
1.208319
0.053446
-1.114349
-1.248624
-1.160828
-1.274474
-0.476447
0.666706
1.634638
1.621797
-0.203848
-3.110643
-1.792856
-1.609151
-1.814705
-0.262999
-1.297815
-1.879626
-2.359901
0.214325
1.050436
1.492206
1.301087
0.049622
-0.635182
-0.873024
-2.486158
-2.843995
-2.428879
-2.877040
-1.070386
0.183160
0.521941
1.306470
1.321708
1.945449
-1.526578
0.070532
0.028475
1.219597
3.279219
1.557467
1.188191
-0.842405
0.327757
0.543785
1.162731
1.404304
1.072058
1.416073
0.869368
-0.384851
-1.454067
-1.354422
-1.387974
-1.058024
0.014808
0.942154
1.866457
1.800014
-0.457376
-2.817044
-1.514202
-1.514758
-0.797631
0.995584
-0.568780
0.674646
0.970946
0.869354
1.268242
1.233271
0.817556
-0.203517
-0.754737
-1.342771
-2.694935
-2.560031
-2.786899
-2.172627
-0.973030
-0.057365
0.227378
1.101456
0.852884
0.370585
-2.367126
-0.708647
-0.993366
0.241194
1.731399
0.458881
0.843030
-1.138963
0.162392
0.897356
1.547872
1.573929
0.744863
0.646956
0.925161
-0.452369
-1.080478
-2.391343
-2.548730
-1.700258
0.324209
1.021932
2.007937
2.274810
0.572066
-1.492826
-0.005051
-0.033771
0.279912
2.299275
0.577498
1.391466
-0.718042
0.408658
1.020297
1.259977
1.227954
0.423108
-0.170925
-0.349130
-1.943422
-1.813086
-2.136630
-1.637053
-0.852570
0.224046
0.649880
1.306381
1.519283
-0.980658
-3.148632
-1.618376
-2.113666
-0.779590
0.557278
-0.577154
0.447048
-0.521575
0.756113
1.516204
1.932629
1.618855
0.278966
-0.208278
0.099460
-1.233113
-1.793744
-2.964029
-3.034721
-1.937186
0.449149
1.146504
2.077504
2.237829
1.063613
-1.019397
0.489710
0.443584
0.269660
2.597090
0.973771
1.686774
-0.741540
0.335646
0.916760
1.181499
1.222560
0.043615
-0.080679
-0.036530
-1.405290
-1.405980
-1.974214
-1.514925
-0.781901
0.312749
0.726193
1.391762
1.602648
-1.219546
-3.410529
-1.744218
-2.313613
-1.018798
0.369452
-0.665577
-0.348350
-1.585855
0.731319
1.765553
2.266336
2.033817
0.459766
-0.349389
-0.154006
-1.342750
-1.938623
-3.308175
-3.016346
-1.819332
0.612779
1.270630
2.131387
2.448045
1.713475
-0.616576
0.846088
0.886754
0.551335
2.974264
1.369262
1.768822
-1.373669
0.283139
0.825643
1.176027
1.315911
0.078369
-0.052473
0.112309
-1.069288
-1.095756
-1.991510
-1.307902
-0.591365
0.537400
1.062127
1.741847
1.408662
-1.153202
-3.273856
-1.744060
-2.225059
-1.087548
0.458339
-0.685925
-0.435069
-1.525182
0.856603
1.820175
2.249531
1.982707
0.340668
-0.423516
-0.347862
-1.558633
-2.160545
-3.229439
-2.998742
-1.861915
0.374438
1.064220
1.912471
2.296816
1.882915
-0.802193
0.690523
0.746839
0.637200
3.118955
1.281088
1.532137
-1.283571
0.428109
0.859648
1.151088
1.128350
0.038097
-0.098970
0.051429
-1.074139
-1.106423
-1.957605
-1.427368
-0.570647
0.498993
1.072966
1.733785
1.539892
-1.160275
-3.336832
-1.751527
-2.261725
-1.125828
0.397791
-0.714286
-0.716068
-1.910944
0.576457
1.627476
2.389576
2.359544
0.775603
-0.114343
-0.279680
-1.399974
-2.416257
-2.998832
-2.778309
-1.869689
0.261566
1.085019
1.926725
2.237897
1.919451
-0.722173
0.690553
0.789951
0.483719
2.389051
1.095238
0.096563
-1.376379
-0.163622
0.373015
1.251159
1.566453
0.609670
0.446526
0.093301
-1.111603
-1.572370
-1.270564
-1.245593
-0.524686
0.630189
1.209762
1.799462
1.456486
-0.416248
-2.745451
-1.355084
-1.735360
-0.696609
1.060355
-0.314976
0.268547
-1.178316
0.377383
1.195272
1.772113
1.766887
0.714917
0.114867
0.048446
-1.423403
-2.433977
-2.388023
-2.760087
-1.960636
0.085951
1.055783
1.855373
1.978879
1.023418
-1.326312
0.085438
0.103528
-0.208664
1.675259
0.482437
-0.504206
-1.712475
-0.165375
0.466199
1.380120
1.520065
0.760837
0.525816
0.075964
-1.527239
-2.232008
-1.507254
-1.603876
-0.563186
0.404022
0.780725
1.461824
1.366492
0.237345
-2.355440
-0.918333
-1.170391
-0.164904
1.628142
0.195616
0.395574
-1.225303
0.151360
0.896143
1.560208
1.660872
0.812323
0.476097
0.435026
-1.072015
-1.985230
-2.101872
-2.518114
-1.697002
0.299965
1.208050
1.941377
1.939281
0.978404
-1.396586
-0.376867
-0.342035
-0.650372
1.161090
0.069274
-0.895172
-1.991429
-0.137125
0.651248
1.410790
1.423800
0.473595
0.123132
-0.325565
-1.815271
-2.365614
-2.076981
-2.038778
-0.510398
0.199821
0.399909
1.164762
1.202687
0.621755
-2.139528
-1.094976
-1.300982
-0.685780
1.066246
-0.065988
0.150071
-1.026046
0.213088
1.023288
1.614010
1.522548
0.612480
0.144482
0.568053
-0.988482
-1.653742
-2.444725
-2.813461
-1.635259
0.521665
0.920084
1.616765
1.886562
1.226927
-1.375316
-0.387316
-0.433922
-0.162044
1.790114
0.521279
1.133198
-0.403034
0.284118
0.906238
1.474725
1.391009
0.616880
0.371127
-0.079819
-1.632833
-1.983910
-2.042994
-1.661383
-0.299341
0.279655
0.422948
1.210242
1.150110
0.301529
-2.211565
-1.123346
-1.372004
-0.573331
0.976090
-0.066848
0.008708
-1.121749
0.148718
1.054093
1.752574
1.718122
0.654468
0.051663
0.316700
-0.909470
-1.676144
-2.706041
-2.871544
-1.916248
0.439790
1.113696
1.813506
2.052039
1.481275
-1.029960
-0.120236
-0.060453
-0.343009
1.854667
0.595321
1.008502
-0.512568
0.310639
0.919681
1.307712
1.261151
0.471942
0.166964
-0.086457
-1.607849
-1.849199
-1.666984
-1.984758
-0.968699
0.161973
0.508518
1.097570
1.109657
-0.035784
-2.617218
-1.705905
-2.005375
-0.916827
0.375236
-0.637924
-0.199568
-0.424982
0.453979
1.325184
1.842243
1.550860
0.359404
-0.294316
0.304519
-1.292432
-2.149244
-2.768587
-3.120925
-1.803780
0.774671
0.664612
1.239715
1.625839
1.729770
-1.352103
-0.237793
-0.371314
-0.042058
2.547540
-0.184111
1.500912
1.527942
1.415932
1.103875
0.840594
0.609852
0.460656
0.362131
0.281012
0.235936
-2.148500
2.548741
6.363839
8.352999
8.296202
6.868628
6.617326
1.454845
5.743165
5.185192
6.562249
4.937797
3.223366
0.709098
-1.789175
-3.153206
-2.557628
1.150279
3.707254
3.729575
4.227878
0.322739
2.121612
1.378824
0.505204
-0.244962
-0.643346
-0.768144
-0.732045
-0.645279
-0.703769
-1.818592
2.277052
3.465899
7.988348
9.168452
8.289686
7.945288
8.518007
4.886883
1.365648
5.134727
5.992589
6.226257
6.268834
1.884408
10.924804
9.553161
8.517193
7.332207
6.297950
5.387703
4.515957
3.592198
2.608998
-0.343034
-1.265913
-1.444195
-1.656337
-0.232660
-1.138700
-1.111612
-1.903566
-2.419181
-2.462331
-1.608336
-2.269806
-2.232844
-1.579062
-1.091940
-0.861374
-1.307629
-1.420115
-1.551762
-1.778284
-1.212838
-0.584689
1.223168
5.285037
1.289782
-1.898485
0.706776
-0.353030
-0.961794
-1.821689
-1.993367
-2.430500
-2.274191
-2.291525
-1.780292
-0.455439
-0.672684
0.448989
3.410160
4.571702
5.881707
4.825769
3.509173
2.485454
-0.477991
-1.308020
-3.104189
-4.112204
-4.563481
0.983348
1.540492
-4.382034
-4.207380
-3.756871
-0.995236
-0.305958
2.089384
4.502459
7.722720
6.694767
5.035689
3.924757
4.690296
4.828525
-1.840661
0.231305
-2.167633
0.428825
0.700358
0.551931
-1.843219
-2.950806
-4.171477
-3.331457
-3.351801
-4.766324
-2.121186
0.024629
-0.147330
-0.071406
-2.195230
-3.013162
-3.859226
-3.449051
-3.992039
-4.190833
-5.089895
-5.829035
-4.705185
-4.066312
-2.616882
-1.875049
-1.314640
-1.257336
0.173437
0.953925
0.393381
1.103411
1.175591
0.028769
-2.136255
-2.591558
-1.849254
0.459349
1.984368
2.975335
3.014642
4.083494
3.850301
2.248620
-0.562359
-0.500496
-0.908012
-0.392087
0.647560
1.159317
2.180566
0.250145
-2.054448
-1.996062
-1.350756
-1.488980
-0.339832
0.100079
-1.415934
0.788166
-1.490505
-0.268839
1.219506
1.652653
1.067795
0.388209
0.167298
-0.922288
-2.460148
-2.327357
-2.261589
-2.351952
-1.149011
0.338075
0.800172
1.258892
1.081744
-0.298508
-0.935959
-0.441740
-0.479486
2.052118
1.709248
0.323190
1.372650
-0.821802
0.286787
0.878447
1.005044
1.126601
0.947112
1.257680
0.175203
-1.128418
-1.146927
-1.332049
-2.014177
-1.042657
0.474538
1.053493
1.828898
0.672552
-2.062971
-1.927840
-1.493168
-1.659771
0.144646
0.036296
-1.490982
1.157665
-1.079306
0.186991
1.135308
1.083500
0.598327
0.038057
-0.239053
-1.085509
-2.455441
-2.565027
-2.840285
-2.092069
-0.613520
0.147434
0.306246
1.244257
0.764893
-1.309899
-1.316080
-1.019572
-1.153542
0.537647
0.527109
-0.153123
1.732610
-0.778599
-0.072889
1.206674
1.361553
1.348042
0.793717
0.906585
0.385207
-0.262354
-1.660014
-2.932690
-2.589630
-0.742014
0.939572
1.463027
2.459869
2.447307
-0.595140
-0.401518
0.025625
-0.116754
1.290156
1.337350
0.283162
1.873757
-0.931611
-0.017775
1.160727
1.296265
1.238582
0.799685
0.847466
-0.147826
-1.626997
-1.785915
-2.267660
-2.270984
-0.787141
0.448862
0.958267
1.780798
1.386820
-1.571628
-1.521008
-1.219704
-1.446407
0.218952
0.121028
-0.871471
1.583452
-0.825005
0.307824
1.461301
1.394178
1.063172
0.360484
0.315917
-0.547604
-1.876321
-2.317041
-2.884203
-2.335145
-0.530227
0.585426
0.865973
1.760528
2.440828
-1.058855
-1.029272
-0.771551
-0.917952
0.653790
0.645298
-0.132765
1.896489
-0.734999
0.112492
1.394527
1.482714
1.372511
0.710577
0.823856
0.245616
-1.214355
-1.820146
-2.723671
-2.590442
-0.745532
0.836925
1.277088
2.179061
2.170195
-0.866296
-0.752902
-0.374902
-0.571778
0.898463
0.917357
-0.104487
1.612568
-0.867090
0.171309
1.296410
1.311933
1.158222
0.657763
0.655683
-0.329845
-1.809526
-2.002784
-2.202365
-1.874264
-0.511672
0.470613
0.837320
1.660938
1.284004
-1.311463
-1.447075
-1.242985
-1.409741
0.275875
0.281726
-0.450012
1.362425
-1.768047
0.027707
1.437444
1.821008
1.997328
1.117013
1.002907
0.270314
-1.238680
-1.726094
-2.645409
-2.670037
-0.867668
0.697899
1.197723
2.102983
2.124214
-0.749382
-0.645406
-0.248431
-0.445787
0.871512
0.953937
-0.015715
1.684417
-1.965299
-0.082595
1.229632
1.457189
1.598383
1.084075
1.015800
-0.102283
-1.670157
-1.781231
-2.436144
-2.111926
-0.535782
0.231913
0.625055
1.359263
1.330002
-1.689275
-1.657040
-1.439828
-1.644031
-0.123744
-0.117391
-0.778480
0.774168
-1.973272
0.085647
1.515756
2.007630
2.120233
1.108506
0.874627
0.520053
-1.227375
-1.931000
-2.610682
-2.724535
-0.962945
0.775724
1.288831
2.155194
2.289153
-0.489678
-0.463325
-0.055027
-0.268007
1.057863
1.160671
0.206105
1.838339
-1.997373
-0.096917
1.204141
1.471478
1.650933
1.238405
1.358175
0.266059
-1.493160
-1.578497
-1.944970
-1.986665
-0.634145
0.304453
0.714948
1.310663
1.097265
-1.762143
-1.797156
-1.577175
-1.763946
-0.145654
-0.106671
-0.763419
0.718125
-2.020726
0.085569
1.542601
2.025756
2.098473
1.054741
0.868885
0.206224
-1.278069
-1.867699
-2.725523
-2.702428
-0.955056
0.785390
1.285083
2.143908
3.058036
-0.428962
-0.282943
0.174514
-0.081866
1.250170
1.365757
0.378889
1.944891
-1.946175
-0.083006
1.126580
1.448600
1.646131
1.237617
1.369469
0.216512
-1.474263
-1.468202
-1.951714
-2.063797
-0.810142
0.268218
0.752863
1.364350
1.093795
-1.759290
-1.784226
-1.524565
-1.713906
-0.070992
-0.050583
-0.780865
0.829354
-2.086634
0.066330
1.500194
1.904063
1.983278
0.996463
0.840820
0.128602
-1.415429
-1.876314
-2.684417
-2.745027
-1.022781
0.667290
1.164895
2.003566
2.857854
-0.522986
-1.221987
-0.406008
-0.631289
0.453521
0.627419
-0.259197
1.601086
-2.192177
-0.120482
1.239688
1.304890
1.514593
0.923137
0.877803
0.001719
-1.630281
-1.896559
-2.471233
-2.092695
-0.605049
0.195794
0.533753
1.262756
1.420061
-1.228860
-2.283759
-1.478541
-1.725175
-0.539723
-0.414348
-0.688508
-0.499936
-2.123419
-0.043697
1.375629
2.177023
2.377550
1.234365
0.731516
1.280280
-0.605425
-1.681367
-2.631705
-2.436317
-0.546270
1.128887
1.555808
2.450041
3.233999
0.193088
-0.548909
0.334097
0.228594
0.686280
1.287624
0.536694
1.791375
-2.053056
-0.285791
1.070094
1.244091
1.696065
1.251132
1.449842
0.513474
-1.310377
-1.338533
-1.575956
-2.049799
-0.809683
0.407948
0.829452
1.342539
0.917365
-1.364550
-2.515832
-1.711003
-2.075378
-0.458475
-0.469712
-1.043737
0.515862
-2.233172
0.188704
1.577374
1.876088
1.943861
0.835583
0.605814
0.497726
-1.289475
-1.963001
-2.634231
-2.746025
-1.014727
0.837931
1.275460
2.081151
2.921436
-0.132498
-0.968801
-0.150947
-0.297999
0.564058
0.995141
0.425177
1.591161
-2.030679
-0.343950
1.102437
1.393243
1.864052
1.281720
1.476370
0.480476
-1.078626
-1.307343
-2.043029
-2.080540
-0.670443
0.513859
0.897161
1.637895
1.899275
-0.856431
-1.904149
-1.054220
-1.334506
0.005143
0.209414
-0.362073
0.906460
-2.044740
-0.040055
1.348184
1.692909
2.043939
1.061742
0.968507
0.372098
-1.068699
-1.569206
-2.446019
-2.521016
-1.180289
0.711575
1.188720
2.100396
3.190593
-0.086068
-1.004450
-0.164741
-0.293552
0.573696
1.527305
0.388100
1.880373
-2.019542
0.008976
1.134744
1.087391
1.481468
0.962878
1.022357
0.152916
-1.483029
-1.537455
-2.130481
-2.013645
-0.943025
0.276546
0.573847
1.305306
1.231271
-1.127227
-2.217674
-1.259061
-1.620554
-0.243996
0.356830
-0.440874
1.360868
-2.054424
0.108641
1.446665
1.665478
1.918712
0.880802
0.664856
0.531885
-1.090858
-1.654615
-2.810020
-2.898410
-1.415823
0.624960
1.184141
2.083162
3.107121
-0.081775
-0.799024
0.141003
-0.036841
0.671824
1.581708
0.486787
1.964639
-2.124418
-0.081746
1.085015
1.086857
1.488795
0.964887
1.083501
0.255738
-1.506365
-1.581477
-2.044283
-2.022305
-0.985910
0.202689
0.502964
1.148303
1.326116
-1.138056
-2.309737
-1.357764
-1.700576
-0.311198
0.290266
-0.419400
1.278080
-2.077305
0.125305
1.497374
1.753302
2.054874
0.966105
0.755049
0.636421
-0.951685
-1.605329
-2.607255
-2.737822
-1.338415
0.668398
1.200635
2.128931
3.199476
0.148750
-0.693173
0.230380
0.084592
0.833789
-0.262387
-0.716181
-0.457728
0.082988
0.324715
0.423677
0.426362
0.402362
-1.167201
-0.113852
-0.080844
0.226450
0.886671
1.392197
1.533350
1.301900
0.483795
-0.660986
-0.755185
-0.831848
0.085102
0.245115
0.311893
0.562569
0.342077
1.118510
1.583566
1.360802
-0.637838
-0.755707
-0.888772
0.043998
-0.265086
-1.042520
-1.402980
-0.825548
0.584890
1.691309
2.312960
2.479486
2.383650
-0.215329
-1.318729
-1.110089
-0.721466
-1.755698
-0.553311
-0.229730
0.429731
0.718448
-0.986934
-3.286550
-2.568066
-2.431614
-2.469364
0.593207
-0.201877
0.107043
0.683939
-1.300215
-0.165376
1.306647
1.900547
1.252786
0.959776
1.079018
-0.138442
-1.196141
-0.854570
-1.610178
-1.988097
-0.290336
0.060802
0.535209
0.880799
0.833200
-2.753117
-1.593216
-1.318373
-1.302091
1.608720
0.212879
1.019010
1.651996
-0.790574
-0.247042
0.933510
1.368119
1.150589
1.385396
1.544565
0.114454
-1.078331
-0.891021
-1.561983
-2.006546
-0.612604
0.107172
0.514940
1.083749
1.013998
-2.852639
-2.053105
-1.645415
-1.672515
1.284120
-0.118804
0.881655
2.256916
-0.582538
0.085341
0.885686
0.956465
0.644466
0.625301
0.678837
-0.426395
-1.089098
-1.410397
-2.284423
-2.468776
-0.557072
0.600547
0.921160
1.262361
1.474499
-1.967520
-1.036013
-0.800725
-0.420088
2.165097
0.608626
1.412641
2.065683
-0.785783
0.036748
0.941601
1.051231
0.845517
1.029841
1.327321
0.064579
-0.660322
-1.284839
-2.050172
-2.370340
-0.627052
0.583214
0.870886
1.199633
0.463066
-2.094724
-1.160015
-0.983496
-0.936812
1.787237
0.286303
1.196658
2.165508
-0.675547
-0.039955
0.901763
1.049480
0.624886
0.551183
0.736535
-0.522762
-1.267568
-1.880881
-2.523225
-2.515858
-0.640172
0.338332
0.854266
1.066838
1.471659
-1.605411
-0.653270
-0.467774
-0.416624
2.235347
0.768754
1.264270
1.688541
-0.621606
-0.135554
0.975702
1.211489
0.857180
0.817467
1.056895
-0.172095
-0.857426
-1.720696
-2.312558
-2.171898
-0.342560
0.664201
1.232332
1.439926
0.852937
-1.577568
-0.692946
-0.519916
-0.670421
2.000267
0.505453
1.109254
1.786054
-0.489731
0.038675
0.993569
1.097360
0.664899
0.466625
0.456612
-0.795291
-1.481671
-2.017936
-2.337043
-2.181622
-0.482972
0.407225
1.024289
1.193127
0.785506
-1.634230
-0.799711
-0.701268
-0.695520
1.934190
0.441633
1.080403
1.743886
-0.388006
0.120392
1.070068
1.135357
0.695691
0.420190
0.554100
-0.600746
-1.418038
-1.977782
-2.637700
-2.458073
-0.463547
0.550270
1.132528
1.392391
1.057148
-1.427259
-0.628466
-0.489163
-0.655101
1.969105
0.526532
0.894945
1.070760
-0.463320
0.164042
1.127542
1.259415
0.768663
0.532352
0.476004
-0.855720
-2.192292
-1.948962
-1.740862
-1.770175
-0.129653
0.514412
1.030844
1.272467
1.411224
-1.706487
-1.005928
-0.942868
-1.000901
1.698803
0.269126
0.981262
1.728982
-0.095195
0.417796
1.200341
1.123038
0.572531
0.104021
0.120953
-1.030037
-1.838189
-2.195584
-2.356503
-2.131135
-0.271834
0.419412
0.846304
1.258852
1.626399
-1.407410
-0.662277
-0.607232
-0.435527
1.998246
0.901162
0.995365
2.061433
-0.018847
0.471073
1.243777
1.146392
0.612060
0.212077
0.145697
-1.093024
-1.867582
-2.394544
-1.998053
-1.204849
0.104828
0.340687
0.869290
1.215228
0.651542
-1.696943
-1.071735
-1.112825
-0.911510
1.288825
0.282003
0.774417
2.335911
0.214737
0.691724
1.426923
1.227253
0.500664
-0.243163
-0.215315
-1.109247
-1.615480
-2.883808
-3.177239
-2.446029
-0.058753
0.389928
0.839896
1.381537
1.662385
-1.190464
-0.510037
-0.507277
-0.645432
1.797594
0.831128
0.931560
2.143529
0.222530
0.674662
1.472468
1.349111
0.734280
0.260259
0.110002
-1.318751
-2.733285
-2.415076
-1.971609
-0.765597
0.388381
0.346751
0.816707
1.097522
0.953719
-1.811503
-1.262418
-1.364068
-1.209047
1.014594
0.065384
0.548172
2.542980
0.519757
0.986228
1.617748
1.293708
0.477576
-0.423244
-0.434328
-1.275265
-1.905560
-3.014664
-3.005029
-2.111008
0.251612
0.424726
0.786489
1.376387
1.499227
-1.273069
-0.729954
-0.774871
-0.919813
1.436803
0.546081
0.704891
2.521101
0.438758
0.859894
1.617667
1.387837
0.669737
0.007357
0.060893
-1.232400
-2.260218
-2.595776
-2.079958
-1.010994
0.520300
0.451928
0.853616
1.216192
0.950254
-1.696966
-1.226394
-1.335187
-1.231402
0.888937
0.011340
0.339386
2.746299
0.631792
1.096514
1.743344
1.362765
0.490863
-0.426359
-0.379928
-1.277684
-2.221964
-2.924172
-2.870675
-1.800911
0.614606
0.389925
0.652443
1.240944
1.461115
-1.429361
-0.935561
-1.045779
-0.954312
1.090178
0.310636
0.595253
2.902484
0.656086
1.077335
1.768692
1.422901
0.602831
-0.217192
-0.091700
-1.296143
-2.341586
-2.886389
-2.282097
-0.731812
0.662889
0.481110
0.799737
1.534459
1.255699
-1.629504
-1.038821
-1.203957
-1.170857
0.859301
0.079891
0.237217
2.711735
0.722089
1.160371
1.874513
1.572160
0.647512
-0.307181
-0.349549
-0.993926
-2.040958
-3.107479
-3.147791
-2.033127
0.647537
0.653237
0.837368
1.815374
2.158211
-1.175266
-0.622541
-0.697497
-0.627572
1.507067
0.725488
1.088875
3.104561
0.765552
1.093344
1.784972
1.473385
0.808775
0.158711
0.105348
-1.409402
-2.876344
-2.727239
-2.100998
-0.606943
0.554902
0.536246
0.899889
1.528785
0.927748
-1.826082
-1.303791
-1.451829
-1.417180
0.730115
-0.118059
0.048594
2.600093
0.820777
1.389792
1.910586
1.468755
0.449333
-0.647786
-0.827276
-1.341735
-2.100490
-3.468016
-3.388657
-1.859390
0.792609
0.567278
0.778284
1.826536
1.849385
-1.206672
-0.709745
-0.809261
-1.016845
1.257189
0.501888
0.709745
2.886961
0.769998
1.186596
1.860521
1.563174
0.815546
0.017954
-0.042893
-1.205116
-2.826322
-2.755368
-2.079444
-0.951418
0.752899
0.560182
0.852466
1.601563
1.094411
-1.527691
-1.169523
-1.337301
-1.050887
0.925783
0.136132
0.313273
2.685606
0.804397
1.321450
1.914791
1.505201
0.620082
-0.304102
-0.377113
-1.316335
-2.520719
-3.053151
-2.382352
-1.002395
0.921492
0.553032
0.833168
1.698835
1.462462
-1.346326
-0.891375
-1.043886
-0.980445
1.131162
0.348593
0.495988
2.869884
0.797069
1.233645
1.853168
1.502031
0.666022
-0.245693
-0.321901
-1.300944
-2.718660
-2.988402
-2.483895
-0.832123
0.569450
0.374377
0.693989
1.462147
1.375807
-1.446691
-1.023518
-1.195276
-1.170129
0.898127
0.089109
0.043131
1.328345
0.012207
1.262422
2.044620
1.916361
1.178835
0.021032
-0.252021
-1.001229
-2.592520
-3.088483
-2.885402
-1.761844
0.666056
0.361918
0.562636
1.496831
2.050790
-1.283147
-0.797760
-0.936350
-0.906457
1.154691
0.422000
0.547914
1.458200
-0.015461
1.183796
2.016080
1.905014
1.271330
0.312714
0.121965
-1.090743
-2.746434
-2.754251
-2.312780
-0.709763
0.591071
0.461519
0.756049
1.425330
1.342190
-1.365955
-1.009059
-1.176479
-1.133399
0.959991
0.187171
-0.286079
0.528859
-0.128531
1.280200
2.073797
2.018276
1.245902
0.062624
-0.174691
-0.904141
-2.425411
-3.031292
-2.750566
-1.774571
0.694830
0.513005
0.702448
1.610426
1.899096
-0.891091
-0.620082
-0.730073
-0.813469
1.515122
0.764331
0.309728
1.065160
-0.023205
1.123808
1.935641
1.877519
1.317399
0.404130
0.219532
-1.024478
-2.680276
-2.617732
-2.061785
-0.643133
0.661953
0.506802
0.886207
1.571417
1.456036
-1.173908
-0.892900
-1.061643
-0.979635
1.264121
0.437949
-0.378732
0.467045
-0.077035
1.308533
1.987776
1.860324
1.143739
0.002116
-0.299221
-1.072110
-2.629831
-2.919792
-2.472348
-1.505117
0.652339
0.531326
0.826508
1.678393
1.720755
-0.823928
-1.230368
-1.129691
-1.373471
1.002503
-0.077908
0.478384
0.741366
1.013005
0.967726
-0.528542
-0.166848
-0.201838
0.947589
1.041528
0.388204
1.250458
1.205788
0.674592
-0.098426
0.274699
-0.075424
0.809219
0.645324
0.211757
0.541434
0.352683
1.304759
-0.242739
-0.175792
-0.094266
-0.237297
0.128863
0.396783
-0.335311
-3.593525
-1.757285
0.398919
1.480904
3.270288
3.047239
3.012888
1.157256
-0.659663
-2.362421
-1.532184
-1.745010
-1.384059
-0.531294
0.161398
0.711481
0.357366
-0.305816
-1.848954
-0.911716
-0.976808
-1.096156
0.006680
-0.925204
-0.653861
-2.425395
-1.449991
0.387871
1.691629
1.956772
0.980136
0.880870
-0.152749
-1.671494
-1.684089
-1.350179
-1.639596
-0.984407
0.320355
0.874573
1.197424
0.994885
-0.236045
-2.128947
-0.967551
-1.069640
0.112571
1.255502
-0.135155
1.016773
-2.388209
-0.207261
1.036745
0.987047
1.503919
0.663042
0.494691
-0.202898
-1.731498
-1.814359
-2.153758
-2.152220
-1.163718
0.425980
0.884805
1.503341
1.475789
-0.616819
-1.806082
-0.548265
-0.774098
0.495627
1.446342
0.098743
1.382388
-2.321208
-0.010350
1.059051
1.051106
1.673220
0.792087
0.554197
-0.185510
-1.512480
-1.722288
-2.738427
-2.484036
-1.392775
0.433601
0.967079
1.810376
1.629638
-0.432294
-1.434683
-0.283473
-0.540195
0.576088
1.396516
0.038211
1.531677
-2.312073
0.106717
1.156043
1.150010
1.768246
0.879869
0.648896
-0.204859
-1.659954
-1.992645
-2.477144
-2.390894
-1.323803
0.447570
0.879542
1.564777
1.445244
-0.598979
-1.744173
-0.750855
-1.020822
0.385187
0.976552
-0.158738
1.535817
-2.187122
0.402456
1.450865
1.354835
1.789315
0.768630
0.457262
-0.345903
-1.843306
-2.276731
-2.549294
-2.415968
-0.880175
0.505297
0.643474
1.360964
1.360802
-0.546349
-1.801155
-0.845201
-1.097047
0.239652
0.858525
-0.013527
1.427337
-1.972911
0.535821
1.638511
1.622517
1.992846
0.755125
0.361081
0.060109
-1.652322
-2.265934
-2.676469
-2.532738
-1.071530
0.796179
0.950734
1.681112
1.736609
-0.118627
-1.355650
-0.422707
-0.637076
0.695527
1.310590
0.378560
1.766117
-1.912516
0.461548
1.571574
1.546644
2.005157
0.866945
0.599621
-0.256781
-1.786033
-2.248155
-2.440579
-2.212101
-0.655772
0.652201
0.900049
1.513713
1.483390
-0.453999
-1.796909
-0.857824
-1.130081
0.250501
0.850860
-0.115327
1.188392
-1.865475
0.848886
1.752572
1.580615
1.888546
0.582579
0.065060
-0.292245
-2.031286
-2.733688
-2.640301
-2.557970
-0.856380
0.664664
0.776141
1.442594
1.575892
-0.223701
-1.634925
-0.704372
-0.979697
0.406295
0.976496
0.099925
1.219123
-1.796089
0.894426
1.777517
1.601689
1.865040
0.591096
0.159744
-0.582377
-2.124522
-2.697205
-2.750043
-1.802274
0.203204
0.535425
0.664859
1.374314
1.300419
-0.264289
-1.722888
-0.773132
-1.090759
0.197118
0.837141
0.161792
0.598467
-1.476423
1.168678
2.039208
2.011841
2.164854
0.524180
-0.135260
0.152781
-1.609097
-2.710058
-2.591179
-2.598276
-0.926869
0.893595
1.036092
1.699319
1.829833
0.370405
-1.008129
-0.118122
-0.369941
0.796043
1.512104
0.537514
1.298268
-1.584632
0.575828
1.411988
1.580741
2.167495
0.988139
0.579311
-0.465093
-2.012483
-2.874667
-2.172564
-2.099479
0.073715
0.474092
0.983284
1.568108
1.322439
-0.054947
-1.564213
-0.650984
-0.986849
0.426944
1.093566
-0.047993
0.612148
-1.565781
0.946944
1.633546
1.571696
2.068258
0.702401
0.018104
-0.505110
-2.020822
-3.021407
-2.517152
-2.590605
-0.800854
0.573357
0.989848
1.644282
1.650229
0.264449
-1.218302
-0.287575
-0.589220
0.696276
1.440633
0.186002
0.559403
-1.637596
0.763515
1.437550
1.382654
1.897242
0.707963
0.150222
-0.891804
-2.437147
-3.105143
-2.372061
-1.825676
-0.043927
0.308491
0.916529
1.519955
1.211097
0.026864
-1.544067
-0.604552
-0.985978
0.382442
1.065421
-0.013582
0.347071
-1.474721
1.113886
1.769285
1.644081
2.095313
0.617751
-0.186717
-0.295756
-1.938837
-3.213730
-2.652066
-2.718145
-1.048247
0.612145
0.965815
1.613363
1.723707
0.447308
-1.052835
-0.210733
-0.506703
0.756530
1.469065
0.259099
0.247114
-1.611616
0.905476
1.526138
1.429952
1.823192
0.573480
0.022995
-1.180737
-2.796898
-3.306439
-2.521222
-1.523790
-0.326994
0.238093
0.978247
1.408953
1.011892
0.004748
-1.691496
-0.769916
-1.196476
0.072452
0.678587
-0.253145
-0.325001
-1.333292
1.745709
2.360220
1.940167
2.091286
0.315015
-0.931230
-0.732996
-2.026845
-3.056087
-3.262120
-2.994554
-1.192147
0.784934
0.986170
1.705799
2.007779
0.703973
-0.829540
-0.047770
-0.343427
0.827776
1.561122
0.552726
0.560076
-1.485157
1.080507
1.734295
1.754468
2.123674
0.752517
0.042468
-1.044237
-2.907877
-3.433587
-2.370235
-1.600097
-0.286876
0.398726
1.173761
1.411099
0.964939
0.251266
-2.757933
-1.214372
-1.624636
-0.405892
0.132108
-0.795578
-0.316486
-1.408471
2.073165
2.761938
2.549565
1.861867
0.044084
-1.458343
-0.953956
-2.268280
-3.249560
-3.611837
-3.221619
-0.888097
0.862147
0.890808
1.656053
1.976695
0.809626
-1.834752
-0.421203
-0.713301
0.255249
0.758751
0.072164
0.779142
-1.561392
1.233869
2.026224
2.522609
2.183859
0.729290
0.124074
-0.603604
-2.531279
-3.608043
-2.651393
-1.629484
-0.028791
0.463205
0.882862
1.184007
0.896659
0.425904
-2.658582
-1.034445
-1.418337
-0.343188
0.147736
-0.317274
-0.413929
-1.267725
2.000425
2.854294
2.820075
2.124493
0.192625
-1.350046
-0.597358
-1.852865
-3.030446
-3.566117
-2.947644
-0.778775
1.089089
1.012603
1.718071
2.063801
1.017860
-1.695699
-0.314517
-0.562381
0.369145
0.918120
0.416746
1.126557
-1.467576
1.176841
2.010425
2.618503
2.372993
0.919629
0.356306
-0.030464
-2.082778
-3.339456
-2.212912
-1.853666
0.335955
0.698932
1.058620
1.452651
1.269020
0.324503
-2.473534
-0.963464
-1.353363
-0.248550
0.306074
-0.361747
0.245829
-1.613856
1.446247
2.228820
2.426406
1.954937
0.352929
-0.650383
-0.010752
-1.902777
-3.105632
-2.903653
-2.917531
0.064460
0.729037
0.796622
1.474782
1.625642
0.823072
-1.982461
-0.384342
-0.723898
0.216688
0.836488
0.301832
0.428688
-1.494536
1.122215
1.963399
2.527444
2.240729
0.717800
0.046579
0.357063
-1.602249
-3.251991
-2.415388
-2.451752
0.069817
0.879540
1.019356
1.558751
1.602696
0.823437
-2.059020
-0.478027
-0.786414
0.316783
1.481095
0.445729
1.450470
-1.403697
1.108145
1.853142
2.093964
1.871019
0.661588
0.077912
-0.231202
-1.986292
-3.131202
-2.469101
-2.090257
0.138270
0.639819
0.928427
1.534350
1.341928
0.466499
-2.225999
-0.653793
-1.008923
0.086282
1.251529
0.131629
0.747213
-1.580496
1.102047
1.877482
2.138780
1.897985
0.501070
-0.280419
-0.092097
-1.832220
-3.146583
-2.760796
-2.851384
-0.440538
0.637589
0.790065
1.433846
1.538863
0.604816
-2.101903
-0.629037
-0.920275
0.052094
1.243250
0.112537
0.890906
-1.604183
1.072043
1.876962
2.051392
1.756704
0.471464
-0.236345
-0.566442
-2.377126
-3.528736
-2.712825
-1.671519
-0.077602
0.411127
0.808817
1.322490
1.075767
0.518969
-2.312864
-0.738697
-1.139596
-0.111131
0.931901
0.045602
0.482599
-1.426620
1.423992
2.160598
2.384338
1.964716
0.386615
-0.622045
-0.111101
-1.683240
-2.875462
-2.976752
-2.926931
-0.622714
0.817507
0.819141
1.444034
1.701257
1.003866
-1.818676
-0.322359
-0.641560
0.297038
1.422206
0.418063
1.134765
-1.430752
1.232240
1.964522
2.270770
2.036398
0.656958
-0.017483
-0.325643
-2.280027
-3.563506
-2.595522
-1.615496
0.033624
0.557176
1.058487
1.512136
1.329311
0.342149
-2.286239
-0.700604
-1.097214
-0.193782
-0.315968
-0.509866
-0.089418
0.512337
0.747456
0.800351
-1.095758
0.731870
1.304398
1.773204
2.410393
1.146114
1.964540
2.304197
2.032969
1.197456
1.277167
1.107713
1.837355
1.316790
0.312670
0.402197
-0.008053
1.383507
1.013176
1.131399
-0.095802
-0.725524
-0.906427
-0.222753
-0.650655
-4.446032
-4.115821
-2.025718
0.044626
1.776662
2.889524
4.094524
3.256226
1.574353
-0.326630
-0.589927
-3.381695
-1.505057
-0.865371
-0.256535
0.239521
-0.629713
0.617317
-2.359107
-1.617831
-1.525889
-1.541624
-0.481580
-0.544869
-0.977147
-2.369423
-1.231429
-0.364627
1.512866
1.198949
-0.416270
-0.704599
-0.621673
-1.438087
-1.535241
-0.692266
-2.370028
-2.175920
-0.170489
0.601287
0.647257
0.585182
0.011966
-2.639992
-1.723472
-1.853083
-0.245390
1.744349
0.238772
1.035302
-2.431853
-0.199751
0.993123
1.770864
1.864858
0.864939
0.658344
0.094135
-1.380164
-2.123976
-1.756559
-2.129064
-1.509179
0.287787
0.828474
1.321024
1.120559
1.515062
-2.236906
-0.251880
-0.272108
-0.041880
2.372063
0.985918
1.347475
-1.896384
-0.262999
0.702792
1.453087
1.722118
0.820210
0.609191
0.122929
-1.138031
-2.470584
-2.133337
-1.669481
-1.265462
0.388927
1.290081
1.870756
1.862615
1.315725
-1.856847
0.003651
-0.022950
-0.171041
2.524440
1.001689
1.246708
-1.781705
0.034405
0.679329
1.414446
1.655752
0.714431
0.204350
-0.633816
-2.073644
-3.080004
-2.256429
-1.708148
-1.141145
0.370198
1.137258
1.714220
1.698851
1.875723
-2.171817
-0.600402
-0.555212
-0.597471
1.999289
0.312474
0.304781
-1.813802
0.439941
1.063541
1.445046
1.570503
0.550024
-0.016422
-1.029106
-2.348455
-3.310362
-2.578057
-1.919454
-0.810250
0.395283
1.032537
1.698146
1.758401
1.966238
-1.960126
-0.455664
-0.452404
-0.219979
2.323817
0.516632
-0.422872
-1.732950
0.746500
1.278973
1.519222
1.532082
0.395715
-0.250526
-1.167597
-2.545360
-3.637922
-2.765032
-1.705241
-0.198581
0.389635
0.899717
1.623034
1.684322
1.961395
-1.925095
-0.394530
-0.556863
0.487033
2.341338
0.592662
-0.408745
-1.584516
1.025129
1.562578
1.622533
1.488175
0.226106
-0.477601
-1.336563
-2.815380
-3.852999
-2.843847
-1.428367
0.015784
0.328201
0.916128
1.577698
1.490472
0.943910
-1.993574
-0.529086
-0.848952
0.174765
1.708301
0.205507
0.303160
-1.482237
1.311341
1.950478
1.865599
1.584649
0.244583
-0.682087
-0.816264
-2.457081
-3.525825
-3.074878
-2.349850
-0.032731
0.385690
0.754449
1.489398
1.552735
0.756737
-1.868499
-0.508564
-0.846950
0.097841
1.402081
0.061750
0.096781
-1.614963
1.389776
2.001253
1.985657
1.657944
0.247004
-0.544894
-0.693321
-2.717445
-3.880447
-2.966218
-1.991562
-0.450559
0.201218
0.968163
1.314048
1.076931
0.769133
-2.247602
-0.729761
-1.181986
-0.118184
0.901187
-0.112738
-0.006949
-1.262705
2.150096
2.752643
2.492868
1.827259
0.112237
-1.144356
-1.034793
-2.298438
-3.573949
-3.428749
-3.356443
-0.092606
0.697191
0.753353
1.398255
1.728881
0.986215
-1.845834
-0.475006
-0.814916
0.126777
1.139742
0.249319
0.879349
-1.246732
1.799571
2.458720
2.455854
2.018792
0.461477
-0.321495
-0.995743
-2.982415
-4.346988
-2.864650
-2.316935
-0.690629
0.235488
1.126022
1.192258
0.846724
1.041348
-2.282658
-0.633952
-1.085318
-0.230525
0.670401
-0.084056
-0.265493
-1.113217
1.914030
3.357275
2.991462
2.356053
0.572919
-1.258996
-1.309503
-1.905616
-3.231003
-3.972048
-3.252396
-0.667055
0.940731
0.983607
1.658013
2.073648
1.326486
-1.351197
0.019594
-0.329716
0.251670
1.541709
0.860740
0.930575
-1.253481
1.418940
2.224206
2.758738
2.728360
1.182336
0.521324
-0.645651
-2.572801
-3.798530
-2.722474
-1.458713
-0.082840
0.509973
1.301827
1.467395
1.108662
0.870969
-2.147506
-0.669812
-1.069535
-0.275738
1.010966
-0.094205
0.526819
-1.363911
1.377578
2.338806
2.220898
1.987108
0.626051
-0.419273
-0.504393
-2.162244
-3.815100
-2.851902
-2.963241
-0.173356
0.510631
0.831525
1.446684
1.509636
0.936657
-1.762177
-0.228005
-0.588460
0.181703
1.462933
0.401111
0.181490
-1.647413
0.909814
1.816422
2.158853
2.159779
0.824094
0.082323
-0.017966
-1.898515
-3.712360
-2.546805
-2.473776
-0.151657
0.519183
1.147382
1.585707
1.439987
0.877680
-1.865637
-0.350287
-0.718212
0.108726
1.431006
0.229917
0.328285
-1.616959
0.889692
1.829472
2.039523
2.030621
0.779940
0.024404
-0.543516
-2.055107
-3.722063
-2.655126
-2.158630
-0.170020
0.414334
1.095710
1.619386
1.433089
0.950059
-1.746284
-0.210406
-0.551546
0.172288
1.633323
0.389261
0.066638
-1.656469
0.801159
1.664514
1.951366
2.017113
0.782240
0.017067
-0.187302
-1.873644
-3.540659
-2.740346
-2.525351
-0.168245
0.437950
0.960332
1.531816
1.529940
0.805777
-1.911839
-0.479710
-0.780638
0.026896
1.446718
0.088140
0.255050
-1.867443
0.724910
1.814570
1.913346
1.821194
0.710288
-0.081427
-0.500531
-2.426485
-4.003892
-2.603723
-2.019400
-0.679484
0.158599
1.080619
1.420780
1.132724
1.173653
-1.940443
-0.736190
-0.987363
-0.259546
1.021280
-0.032753
-0.221067
-1.678827
1.248965
2.328870
2.247795
1.870353
0.575293
-0.722459
-0.877149
-1.841266
-3.026124
-3.352251
-3.191871
-0.774217
0.637033
0.906992
1.520880
1.805295
1.221477
-1.525371
-0.518621
-0.708395
-0.165932
1.090979
0.112376
0.055469
-1.819461
1.030815
2.107127
2.337203
2.189582
0.823726
-0.030595
-0.171067
-2.330986
-4.161174
-2.656030
-2.060279
-0.421136
0.394741
1.247821
1.407089
1.116311
1.436405
-1.967932
-0.827713
-1.066645
-0.362868
0.850288
-0.030943
0.207876
-1.457234
1.355510
2.436975
2.402769
1.989619
0.663830
-0.574800
-0.486171
-1.725893
-3.467571
-3.006171
-2.954818
-0.580508
0.725284
0.931672
1.452748
1.698154
1.416096
-1.548845
-0.441791
-0.637726
0.105354
1.278692
0.404038
0.621851
-1.610577
0.970408
2.007411
2.307692
2.213374
0.928090
0.096071
0.010164
-2.036968
-3.883213
-2.768712
-1.662971
-0.081724
0.471513
1.157205
1.473301
1.240037
1.092603
-1.910070
-0.744192
-0.987639
-0.523078
0.900786
-0.031106
0.342932
-1.498533
1.147080
2.272817
2.222214
1.849611
0.569424
-0.623593
-0.489533
-1.954702
-3.298475
-3.096272
-3.033096
-0.103373
0.545627
0.850866
1.414672
1.525150
1.417308
-1.522531
-0.372660
-0.598731
0.041031
1.774793
0.644274
1.017493
-1.346736
0.944695
1.942631
2.256526
2.171236
0.973906
0.074078
0.148999
-1.701082
-3.592293
-2.732961
-2.263078
-0.381469
0.606000
1.012506
1.515190
1.396143
1.037611
-1.701625
-0.619234
-0.853058
-0.239410
1.688418
0.411842
0.768222
-1.379977
0.820636
1.918785
2.024892
1.842608
0.724668
-0.168741
-0.191246
-1.991059
-3.752415
-2.798906
-1.913914
-0.710912
0.288547
0.914237
1.399600
1.210869
1.085612
-1.735113
-0.582345
-0.830442
-0.307481
1.606572
0.329910
0.611170
-1.555335
0.886726
1.960690
2.117516
1.945399
0.743806
-0.274974
-0.278235
-1.898037
-3.574634
-2.995723
-2.473617
-0.525604
0.505625
0.852085
1.414959
1.382551
1.266607
-1.567483
-0.451643
-0.684722
-0.211502
1.755001
0.489537
0.841692
-1.504776
0.878546
1.912598
2.087671
1.973194
0.793096
-0.098846
-0.237495
-2.078169
-3.819921
-2.928027
-1.944440
-0.866108
0.144031
0.925862
1.356904
1.133627
1.294667
-1.738741
-0.610234
-0.857618
-0.414349
1.528612
0.282847
0.560864
-1.479211
1.132503
2.234470
2.211001
1.902566
0.649819
-0.549850
-0.585345
-2.006584
-3.663041
-3.191608
-2.976480
-0.622953
0.555087
0.830966
1.383900
1.435942
1.443890
-1.480491
-0.429050
-0.665124
-0.138671
1.703363
-0.080338
0.754904
0.841751
0.946954
0.842875
0.704269
0.589758
0.493728
0.382876
-1.404466
-0.330163
0.329101
0.583925
0.335751
0.679275
1.029981
0.886422
0.818035
0.664915
-0.138480
-0.342002
-1.288030
-0.571110
0.661055
1.535998
1.401646
1.067260
0.701775
0.224563
-0.225871
-0.535055
-0.483135
-0.340415
-0.082487
-0.121572
-0.300550
1.057072
1.310004
1.086510
0.494565
-0.030271
0.015054
0.712360
-1.928671
-2.609103
-3.386275
-2.878060
-0.460195
0.324000
-2.418764
-6.170195
-5.105593
-3.516203
-2.009554
2.162214
4.943255
4.761560
4.147891
1.797409
2.113699
-0.161912
-1.484727
-2.551878
-1.227776
-0.256881
0.627774
2.380617
2.248992
0.526222
-1.721010
-2.885388
-2.634038
-1.792265
-1.864612
-1.213448
-0.609172
-0.513356
-1.989627
-0.168295
2.092771
3.575091
3.308621
1.590336
2.001628
0.377883
-1.634891
-3.108904
-1.599715
-1.331009
-0.422154
0.541078
0.673753
0.772209
0.346108
1.019929
-1.028046
-0.134816
0.023949
-0.072301
0.583382
0.269691
0.716707
-2.409535
-1.475322
0.119523
1.184362
2.438229
1.904608
2.335901
1.360446
0.092318
-1.304061
-1.093659
-0.750931
-0.393273
0.530580
1.359980
2.030666
1.780596
-1.133437
-2.477322
-1.314339
-1.327453
-1.493897
-0.110322
-1.680872
0.358393
-2.205160
-0.558479
0.733657
1.183140
2.002057
1.273520
0.910923
-0.153180
-1.427305
-2.773060
-1.941049
-1.309425
-0.718594
0.501034
1.332000
1.980126
1.567802
2.672428
-1.047923
0.297258
0.200731
0.064797
2.169700
1.046940
1.262196
-1.907555
-0.464129
0.484443
0.879912
1.958873
1.425508
1.365440
-0.106122
-1.425006
-2.335019
-1.405683
-0.980139
-0.588323
0.287175
1.415069
1.918807
1.493827
-0.641525
-2.194040
-1.084712
-1.181572
-1.297732
0.504608
-1.237385
-0.294370
-2.064789
-0.276737
0.851507
1.127276
1.932651
1.013180
0.502983
-0.455109
-1.631954
-2.961115
-2.181077
-1.426129
-0.754534
0.529008
1.630700
2.221581
1.794483
1.213268
-0.809265
0.510632
0.347220
0.175383
1.493057
0.849497
0.546429
-1.215438
-0.838345
0.415297
1.089845
2.144228
1.438854
1.155190
-0.545244
-1.834479
-2.677352
-1.686286
-1.089061
-0.688595
0.471814
1.635118
1.955172
1.476716
-0.449950
-2.020582
-1.038535
-1.181887
-1.309268
0.296211
-1.415656
-0.369159
-1.994859
-0.065735
0.956875
1.128131
1.836897
0.852829
0.328379
-0.844521
-1.971576
-3.099837
-2.369463
-1.557612
-0.776455
0.473600
1.426275
2.018961
1.697850
1.291503
-1.041253
0.230512
0.077664
-0.012660
2.288001
0.997153
0.814215
-1.584487
0.125732
0.806710
0.846053
1.784964
1.040693
0.702613
-0.943850
-2.289186
-3.011215
-1.876169
-1.254707
-0.782070
0.419759
1.469222
1.838141
1.431348
0.037187
-1.815843
-0.736570
-0.943577
-0.611198
0.980788
-0.868647
-0.346290
-2.025190
0.331258
1.217391
1.102470
1.706022
0.608878
-0.022694
-1.014840
-2.182950
-3.348023
-2.600765
-1.815677
-0.972874
0.504376
1.340120
1.942194
1.860411
0.654792
-1.204962
-0.054273
-0.183201
0.628657
2.084742
0.277975
0.373412
-1.685779
0.472804
1.231870
0.972757
1.735211
0.824663
0.207280
-1.064209
-2.599867
-3.416911
-2.266933
-1.496090
-0.465475
0.482530
1.426474
1.837346
1.549089
0.291766
-1.638299
-0.553235
-0.794854
0.698841
1.541292
-0.297897
0.097601
-1.640110
0.962234
1.576294
1.110998
1.649872
0.457160
-0.231332
-1.424725
-2.663031
-3.714442
-2.838563
-2.004157
-0.445477
0.413354
1.208713
1.802788
1.696516
0.529773
-1.299024
-0.329161
-0.584728
0.769707
1.490942
-0.191602
-0.271636
-1.671264
1.131963
1.668573
1.252112
1.652289
0.455165
-0.174905
-1.513183
-2.935674
-3.845275
-2.859915
-1.044994
0.075818
0.313140
1.139278
1.652308
1.373977
0.330615
-1.451072
-0.517885
-0.872680
0.576178
1.249313
-0.184062
-0.636512
-1.421332
1.711745
2.076287
1.544380
1.777518
0.223490
-0.614797
-1.294925
-2.750128
-3.675519
-3.050424
-1.935661
0.140274
0.342754
0.901647
1.570272
1.567989
0.354472
-1.309893
-0.461234
-0.770365
0.596931
1.161353
-0.138393
-0.027331
-1.449614
1.820723
2.143523
1.588457
1.733712
0.200351
-0.511793
-1.711370
-3.386885
-4.088360
-3.085320
-1.869304
-0.464763
0.230706
0.946689
1.148318
0.795693
0.283098
-1.694056
-0.790314
-1.196725
0.135399
0.355774
-0.560942
-1.867325
-0.782702
3.213137
3.567188
2.520849
1.803311
-0.621882
-2.324410
-1.795714
-2.893407
-3.968457
-4.125989
-3.320833
0.135406
0.819530
0.947781
1.701749
2.034168
0.932824
-0.842114
-0.197429
-0.516464
0.755203
1.582455
0.887865
-0.552230
-0.111258
2.754172
3.092802
2.942611
2.687382
0.551499
-0.092345
-1.600010
-3.603771
-4.824610
-3.032094
-1.785630
-0.175007
0.611152
1.304331
1.209272
0.805590
1.146319
-1.315111
-0.404212
-0.759317
0.445836
0.817206
0.090547
-0.547012
-0.715522
2.817136
3.292857
2.459592
2.288205
0.104023
-1.316592
-1.115353
-2.479769
-3.832162
-3.178765
-2.748105
0.387607
0.783643
1.124876
1.792893
1.899167
0.808892
-0.793879
-0.063370
-0.353695
0.783415
1.661415
0.619204
-0.750494
-1.220083
1.721086
2.432736
2.318517
2.665618
0.866712
0.172870
-1.176632
-3.008677
-4.384062
-2.801105
-1.588402
-0.238502
0.478096
1.307928
1.382368
0.915121
0.513694
-1.368736
-0.509154
-0.872672
0.292516
0.697721
-0.243004
-1.474485
-1.577715
2.072063
2.746044
2.211073
2.291318
0.364546
-0.740923
-0.731094
-2.352076
-3.774625
-2.992173
-2.679830
0.258584
0.703165
1.183456
1.725052
1.722359
0.586648
-0.989900
-0.215776
-0.577646
0.541396
1.161482
0.107929
-1.261283
-1.696961
1.532810
2.333048
2.156945
2.507334
0.793386
0.070050
-0.748971
-2.686486
-4.450709
-2.626244
-1.437304
-0.087223
0.538634
1.311451
1.457326
1.038819
0.601390
-1.268243
-0.399625
-0.782799
0.396494
1.065262
0.065499
-1.232709
-1.474624
1.826985
2.533112
2.167993
2.404385
0.559644
-0.368451
-0.623580
-2.230402
-4.154944
-2.871614
-2.491499
0.211548
0.606885
1.120257
1.632273
1.565886
0.735088
-0.918341
-0.103820
-0.418337
0.744558
1.543397
0.343954
-0.719969
-1.744998
1.374339
2.120524
2.371083
2.148959
0.568987
-0.083841
-1.239606
-2.831684
-4.160538
-2.758329
-1.568904
-0.265834
0.436633
1.234872
1.423357
1.008237
1.034227
-2.235267
-0.582865
-0.928649
0.121690
0.534993
-0.589385
-1.705256
-1.865109
2.027174
2.912622
2.667826
2.017552
0.115262
-1.306318
-1.019283
-2.486663
-3.645121
-3.368102
-3.174904
0.054938
0.685109
1.123112
1.674998
1.719951
0.807425
-1.953093
-0.469946
-0.797176
0.162973
0.417763
-0.578653
-2.106635
-1.859005
1.829620
2.889647
3.130859
2.629811
0.658183
-0.359380
-0.320608
-2.417337
-4.272357
-2.806047
-1.714075
0.179133
0.764346
1.413160
1.534567
1.259574
0.929356
-2.084684
-0.470487
-0.796354
0.149558
0.486488
-0.280599
-1.542852
-1.778610
1.764064
2.672563
2.977487
2.478516
0.602028
-0.342526
0.002796
-1.948557
-3.759722
-2.625632
-2.257333
0.339204
0.909469
1.361755
1.725218
1.640240
0.899599
-1.907282
-0.315316
-0.601826
0.236680
0.741596
-0.172876
-0.062273
-1.576495
1.557862
2.388562
2.623122
2.381272
0.755632
-0.095338
-0.074484
-2.011889
-4.160119
-2.689809
-2.127885
0.081655
0.714628
1.291216
1.620830
1.461456
0.918833
-1.985263
-0.334033
-0.617883
0.344059
0.889545
-0.156931
-0.459072
-1.745486
1.403476
2.257959
2.487537
2.246553
0.646902
-0.166936
-0.139990
-2.087799
-4.147279
-2.655347
-2.047151
0.059214
0.680350
1.331379
1.668767
1.435051
0.972272
-1.987692
-0.357107
-0.644061
0.332553
1.284317
0.138958
0.548849
-1.452964
1.478951
2.169147
2.286919
2.105588
0.676834
-0.103704
-0.595514
-2.273645
-3.962902
-2.816485
-1.752993
-0.035705
0.508568
1.188021
1.571306
1.288536
0.911802
-1.958147
-0.329463
-0.629904
0.275694
-0.218593
-0.594319
-0.257814
0.328433
0.602129
0.686816
0.656803
0.569602
0.338855
-2.739277
-0.548721
1.851730
6.180940
8.840305
7.955978
7.266909
7.822703
7.843469
5.816432
5.402014
4.945789
5.912897
6.643215
6.150071
4.767094
-0.000000
-0.013431
0.486458
10.363129
9.275818
8.277519
7.046515
6.018789
5.101425
4.172567
3.240207
2.293575
1.356538
0.391003
-0.654689
-1.390189
1.042621
0.866507
0.879208
0.988078
0.276049
-1.263719
-1.774670
-2.034065
-2.456372
-3.342105
-3.765240
-3.767060
-3.348953
-3.106299
-3.604727
-0.486175
-1.762450
-1.587098
-1.881830
-1.988937
-1.844569
-0.679070
-0.109775
-0.206859
-0.443818
-0.761017
0.341603
-0.686135
-2.004889
-1.662827
-2.790540
-3.766462
-4.202469
-0.087296
2.830354
8.441358
1.632498
-0.602609
-4.295137
-5.628212
-7.118775
-7.229008
-4.820643
-4.310384
-3.692862
-1.554982
-5.459964
-7.989875
-6.748178
5.303535
14.185605
6.077769
4.018692
2.590783
0.314684
-1.610312
-2.703263
-3.731094
-4.280610
-4.875729
-3.957348
-2.524240
-5.277435
0.256298
2.745408
2.118930
1.477789
0.705792
0.050943
-0.347307
-0.780529
-0.622298
-0.803726
-0.054831
1.094227
0.205240
0.878071
0.962254
0.983338
1.039394
0.869192
0.430785
-0.201295
-0.199797
0.581240
2.958114
1.399436
0.092286
-0.000618
-1.021969
-0.523506
-0.623100
-0.064922
-1.457237
-1.579176
-1.244622
-0.761814
-1.456084
-2.785822
-2.992969
-1.710477
-0.114144
1.571685
3.783179
5.954990
4.756725
1.852333
-0.078164
1.331795
-0.547553
-0.930259
-0.489122
-0.283681
0.041890
-0.794451
-0.296894
-2.068729
-1.534314
-0.958501
-1.278678
-0.823567
-0.773892
-1.629113
-4.418071
-2.826166
-0.517685
2.148651
2.774442
2.172472
2.078956
1.366513
-0.238201
-1.164601
-0.801288
-1.725467
-1.476844
-0.017175
0.545275
0.816617
0.423468
-0.525240
-3.094907
-1.395892
-1.249582
-1.274243
0.798303
0.221911
0.203772
-2.491555
-1.079573
0.125466
1.806756
2.197236
1.306421
1.400702
0.604925
-1.008285
-2.248034
-1.415797
-1.561592
-1.144290
0.312655
0.701586
1.129348
0.873504
1.722880
-2.157820
-0.152223
0.026448
0.228321
1.886318
1.613979
0.386918
-2.270833
-0.800140
0.129518
1.588805
2.036189
1.205726
1.081354
0.322235
-0.942368
-2.162593
-1.785531
-1.533628
-1.158087
-0.085645
0.785917
1.534618
1.428878
2.237267
-2.396385
-0.418847
-0.246719
-0.389179
0.606093
0.713406
-1.058713
-1.313462
-1.058270
0.302297
1.932280
2.450367
1.735153
1.377155
0.013987
-1.307979
-2.322968
-2.055379
-1.356701
-1.065216
-0.072724
1.155893
1.770533
1.425290
2.157316
-2.577213
-0.769092
-0.647049
-0.818151
1.401139
0.547969
0.510037
-2.116285
-0.413006
0.350896
1.690462
2.261234
1.632802
1.094841
-0.054502
-1.441160
-2.359429
-1.819298
-1.203801
-0.975529
-0.111720
1.073028
1.699493
1.361519
0.390696
-2.923756
-1.133873
-1.073995
-1.216516
0.811344
0.197342
0.109847
-2.226707
-0.407776
0.616155
1.810049
2.348141
1.670356
1.371302
-0.047146
-1.399665
-2.369028
-1.934981
-1.271399
-1.026653
0.124794
1.260609
1.778774
1.375972
2.219891
-2.318491
-0.463890
-0.379349
-0.571145
1.603285
0.772376
0.529766
-2.204155
-0.471444
0.267364
1.650386
2.197736
1.518607
1.050197
-0.005174
-1.444877
-2.406110
-1.800563
-1.224821
-0.985723
0.096882
1.220793
1.744136
1.345655
0.764687
-2.504735
-0.673697
-0.610917
-0.809874
1.456951
0.591598
0.322687
-2.397902
-0.421547
0.398901
1.655348
2.179264
1.433164
0.981625
-0.236472
-1.673326
-2.620299
-2.039684
-1.402086
-1.114266
0.204951
1.355214
1.791700
1.272438
0.979424
-2.080016
-0.204808
-0.157478
-0.412993
1.217186
0.712684
-0.353360
-2.003012
-0.818656
0.155877
1.713117
2.264545
1.547861
1.012957
-0.080653
-1.533785
-2.510279
-1.955676
-1.314089
-1.034707
0.208897
1.368517
1.812304
1.329573
1.177972
-2.136875
-0.311581
-0.271550
-0.508560
1.091838
0.592255
-0.475640
-1.933395
-0.824608
0.232665
1.767469
2.370853
1.644070
1.070054
-0.148378
-1.595112
-2.542299
-2.078433
-1.394164
-1.079248
0.043793
1.274937
1.768911
1.305163
0.637538
-2.318527
-0.596253
-0.503005
-0.734791
0.807760
0.360934
-0.401654
-1.865692
-0.842350
0.318315
1.860524
2.499255
1.828224
1.519359
0.044519
-1.415091
-2.351492
-2.024551
-1.257697
-0.932174
0.009286
1.263447
1.792453
1.365548
0.853396
-2.536067
-0.790015
-0.722757
-0.919624
1.172723
0.420383
0.324968
-2.245746
-0.385264
0.490908
1.764114
2.355596
1.656832
1.303946
-0.093280
-1.564519
-2.451856
-2.026598
-1.223178
-0.942920
0.035819
1.281847
1.775906
1.392035
0.531325
-2.559562
-0.741590
-0.610073
-0.827440
1.258850
0.509513
0.014778
-2.267808
-0.512379
0.404381
1.749224
2.368089
1.662860
1.410163
0.189664
-1.386844
-2.403259
-1.940568
-1.141605
-0.855070
-0.017729
1.184110
1.810283
1.553806
0.370057
-2.754086
-0.959166
-0.833455
-1.000208
1.089156
0.339869
-0.012667
-2.178404
-0.489690
0.554091
1.845069
2.487573
1.780219
1.484967
0.161221
-1.350837
-2.323725
-2.080727
-1.188361
-0.849832
-0.092066
1.249956
1.829102
1.514367
-0.064905
-2.869123
-1.106308
-1.003279
-1.141245
0.780492
0.155571
-0.056870
-2.177803
-0.600684
0.518469
1.887218
2.609865
1.979105
1.709642
0.386532
-1.034486
-2.052583
-2.015133
-1.064846
-0.747227
-0.069683
1.358105
1.920938
1.586419
-0.419796
-2.942062
-1.275603
-1.139729
-1.320086
0.238795
-0.519126
-0.091277
-2.245993
-0.627738
0.484545
1.799047
2.540282
1.893369
1.613859
0.447891
-0.891061
-2.073031
-2.121589
-1.075307
-0.646338
0.176272
1.381888
1.997708
1.758711
-0.257434
-2.748692
-1.040681
-0.834607
-1.094029
0.853893
0.151017
0.245550
-2.361404
-0.707777
0.406864
1.897794
2.684876
2.056363
1.620707
0.541780
-1.172441
-2.147033
-1.751898
-0.900493
-0.610265
0.111975
1.311992
1.812898
1.540182
0.037806
-3.134665
-1.412975
-1.300793
-1.418393
1.048874
0.129546
0.732910
-0.312115
-0.017568
0.496776
1.536240
1.953655
1.246898
1.109304
-0.024655
-1.492447
-2.439087
-1.954231
-1.198367
-0.960362
-0.166713
1.033441
1.642194
1.487842
1.846994
-2.872064
-1.072218
-0.928696
-1.002277
1.369884
0.609139
0.332624
-2.388445
-0.720005
0.168813
1.686836
2.591529
2.099060
1.844451
0.537775
-0.935906
-1.989620
-2.060915
-1.088897
-0.945048
-0.311921
1.070300
1.617446
1.347170
0.171539
-2.950533
-1.147022
-1.029856
-1.166057
0.928915
0.234746
-0.038498
-2.746975
-0.891842
0.082849
1.674562
2.663790
2.173722
1.966179
0.677603
-0.823207
-1.943122
-2.022018
-1.036361
-0.870669
-0.190903
1.078618
1.602306
1.343327
-0.311641
-2.973035
-1.195044
-1.080514
-1.233564
1.174346
0.271666
0.677532
0.434338
-0.281014
0.077030
1.439020
2.081395
1.533068
1.490453
0.366248
-1.182279
-2.142395
-1.868405
-0.983605
-0.895567
-0.266437
0.982442
1.516423
1.291838
1.679691
-2.976193
-1.200667
-1.093595
-1.158124
1.165874
0.486171
0.135385
-2.696820
-0.891412
0.122649
1.684366
2.700222
2.219090
1.948792
0.701171
-0.742044
-1.887115
-2.128356
-1.122282
-0.999094
-0.348798
1.057980
1.592248
1.326524
0.200283
-2.845863
-1.020117
-0.895801
-1.042535
1.134142
0.356897
0.390702
-2.692223
-0.962652
-0.066387
1.665809
2.732373
2.261218
2.131568
0.853736
-0.762917
-1.850290
-1.967367
-0.980689
-0.838199
-0.240245
1.131173
1.611436
1.298384
-0.543967
-3.090592
-1.368406
-1.275461
-1.404252
0.692533
-0.009947
0.091482
-1.706760
-0.705220
0.076534
1.608681
2.480340
1.934523
1.810747
0.650825
-0.807827
-1.957523
-2.037947
-1.031151
-0.851455
-0.148597
1.064590
1.566133
1.389702
0.839801
-2.955271
-1.496219
-1.236951
-1.345666
0.404689
0.012702
-0.012948
-2.919255
-0.967105
0.129597
1.710948
2.632784
2.220508
2.031683
0.927077
-0.607553
-1.867009
-1.860489
-0.946480
-0.789780
0.174471
1.216380
1.634677
1.484304
1.958534
-2.493048
-1.029759
-0.762400
-0.895971
1.276766
0.669911
0.490699
-2.528208
-0.837147
-0.053615
1.623380
2.496278
1.990323
1.832804
0.723676
-0.970885
-2.124434
-1.885259
-1.019840
-0.886422
0.047184
1.117405
1.552748
1.343039
1.333819
-2.663514
-1.187313
-0.951188
-1.054789
0.956486
0.472634
0.151079
-2.699572
-0.792166
0.093210
1.629815
2.436175
1.885982
1.609248
0.519980
-0.945177
-2.191320
-2.074772
-1.212826
-0.958708
0.141728
1.186340
1.627060
1.432926
1.990974
-2.161356
-0.678387
-0.433910
-0.583301
1.499468
0.867979
0.205330
-1.879223
-0.703528
-0.124601
1.522162
2.312550
1.776138
1.538182
0.486990
-1.088614
-2.250357
-2.115374
-1.231873
-0.924953
0.100378
1.186838
1.675201
1.385625
0.409675
-2.308091
-0.838076
-0.622048
-0.792892
0.085707
0.934550
0.851281
0.857123
0.706168
0.558843
0.428963
0.342250
-0.889882
-0.247136
-0.329258
-0.091443
0.983412
0.609018
0.961967
0.928577
1.773020
0.558829
-0.065724
-0.078926
0.218915
-0.497094
-0.315561
0.094255
0.490809
0.607344
-0.415722
-0.188291
-0.221064
-0.478895
-0.868340
0.187891
-1.140727
-0.851264
0.006212
-0.574948
-1.877837
-4.016396
-2.721915
-0.382087
1.337403
2.917773
4.243939
4.338477
3.052633
1.363967
1.607134
0.127908
-1.225384
-1.049428
-1.180996
-0.973775
-0.817685
0.307185
-0.856197
-1.117657
-0.503996
-0.682703
-0.824673
-0.338999
-0.972414
-2.735321
-3.017354
-1.657627
1.060197
2.518182
2.443004
2.310371
2.490734
0.852246
-1.036781
-1.341513
-1.608460
-1.955974
-0.401414
0.272507
0.705442
0.307136
0.930435
-1.688592
-1.479493
-0.522508
-0.668968
0.565596
0.730654
0.218449
-0.601755
-1.684701
-0.996622
1.292881
2.293064
1.934568
1.796594
1.400558
-0.190950
-1.603538
-1.806111
-0.965206
-1.159800
-0.574802
0.304970
1.034802
1.005495
1.252296
-2.029314
-1.783828
-1.083414
-1.174765
0.608960
0.710566
-0.109077
-0.664438
-0.826420
-0.728584
1.106327
2.211336
2.188468
1.705318
1.231092
-0.159985
-1.278675
-2.222932
-2.621692
-1.261436
-0.608004
0.386896
1.389716
1.459639
1.624275
-2.262078
-1.569894
-1.074863
-1.126282
0.374867
0.478972
0.189037
0.336359
-0.738328
-0.811063
1.170226
1.973927
2.130867
2.075910
1.261101
-0.502702
-1.631030
-1.928326
-1.359047
-0.901741
-0.475855
0.755875
1.558895
1.344213
1.383957
-2.101744
-1.779684
-1.439208
-1.388532
0.935024
0.660859
0.124566
0.086422
-0.795998
-0.503906
1.166541
2.113847
2.125805
1.897230
1.708614
-0.133261
-1.238801
-1.933625
-2.615764
-1.008090
-0.357806
0.457994
1.503868
1.994149
1.488842
-2.222273
-1.713956
-1.219668
-1.206018
0.212825
0.443000
0.073263
0.106996
-0.581698
-0.850715
1.063844
2.018516
2.059792
1.881512
1.407509
-0.408560
-1.598705
-2.075030
-1.453695
-0.967487
-0.486486
0.754596
1.672205
1.988347
1.370161
-2.260146
-1.748685
-1.355866
-1.340702
0.310530
0.446743
0.032289
-0.118938
-0.717319
-0.833723
1.144224
2.317038
2.355762
2.134959
1.625688
-0.101916
-1.195862
-1.869409
-2.595051
-0.870032
-0.220220
0.705735
1.747696
2.069418
-1.310214
-2.110764
-1.743673
-1.373300
-1.353186
0.251259
0.370130
0.033233
0.161873
-0.717564
-0.896905
1.105699
2.158860
2.293194
2.142024
1.683086
-0.295642
-1.454075
-1.913381
-2.358203
-0.902330
-0.236778
0.710123
1.693979
1.902566
1.335357
-2.359761
-1.958299
-1.550128
-1.522356
0.261919
0.375480
-0.042997
-0.054875
-0.637074
-0.831132
1.138317
2.209531
2.225850
2.019938
1.519101
-0.253357
-1.385857
-1.936067
-2.344199
-0.961872
-0.280846
0.622915
1.596003
1.928132
1.417131
-2.148812
-1.774970
-1.331758
-1.293388
0.315771
0.456446
0.012651
-0.106046
-0.729428
-0.874654
1.105046
2.193838
2.209107
1.987688
1.494841
-0.250036
-1.383421
-1.964620
-2.445622
-0.971208
-0.295442
0.630883
1.629094
1.960840
1.429658
-2.306928
-1.840917
-1.397737
-1.373969
0.333086
0.434811
0.003856
-0.047226
-0.711146
-0.828025
1.153975
2.181480
2.217059
2.014547
1.552160
-0.263462
-1.469494
-1.980085
-2.039685
-0.923925
-0.352262
0.691240
1.638031
1.953424
1.432801
-2.085577
-1.702091
-1.298691
-1.257967
0.326925
0.465664
0.022402
-0.194060
-0.770024
-0.890664
1.121803
2.298023
2.332553
2.062322
1.607586
-0.131538
-1.235945
-1.925474
-2.434756
-0.948364
-0.307249
0.673044
1.719597
2.059751
-1.022858
-2.083475
-1.735855
-1.247145
-1.306757
0.195643
0.334436
0.050090
0.094993
-0.770622
-0.939108
1.106241
2.166533
2.320379
2.158098
1.693537
-0.264907
-1.470634
-1.918529
-2.387646
-0.913464
-0.242529
0.696950
1.674870
1.895382
1.354746
-2.220782
-1.932409
-1.517368
-1.461041
0.271490
0.383683
-0.094122
-0.352091
-0.752214
-1.045037
1.007165
2.398421
2.617255
2.412358
1.986081
0.051004
-1.127753
-1.857108
-1.446830
-0.997368
-0.319827
0.744351
1.640964
1.858795
1.350486
-2.280581
-1.902123
-1.452903
-1.443264
0.023210
0.241034
-0.085699
-0.153393
-0.752158
-1.143826
0.900507
2.142969
2.426592
2.299513
1.831588
-0.117353
-1.345874
-1.982548
-1.683888
-0.930867
-0.515856
0.651238
1.567597
1.803254
1.262423
-2.045631
-1.824517
-1.334791
-1.347908
0.234900
0.401175
-0.130698
-0.545021
-0.919299
-1.208877
0.882875
2.443041
2.726694
2.504757
2.075285
0.268326
-0.868377
-1.749614
-1.453030
-1.029830
-0.375530
0.713871
1.677631
1.874209
-1.209522
-2.119076
-1.894553
-1.056496
-1.399900
-0.177002
0.110261
-0.096153
0.095115
-0.871075
-1.270549
0.834459
2.067338
2.491382
2.434386
1.945361
-0.222725
-1.507610
-2.007932
-1.394565
-0.914841
-0.564217
0.635076
1.532427
1.681021
1.139825
-2.102445
-1.985445
-1.356141
-1.482774
0.086502
0.324471
-0.257518
-0.707265
-0.946437
-1.254172
0.901755
2.550622
2.848572
2.595331
2.429939
0.412330
-0.773362
-1.688777
-1.441301
-0.984111
-0.377209
0.743810
1.683559
1.900485
-1.101744
-2.064145
-1.835531
-0.906250
-1.322522
-0.677191
-0.093071
-0.526708
-0.587826
-0.956005
-1.570557
0.759892
2.333186
2.830009
2.688545
2.218833
-0.017405
-1.346916
-1.924334
-1.416298
-0.949814
-0.606914
0.713148
1.563238
1.649195
-0.425122
-2.080422
-2.528622
-1.640651
-1.805559
-0.910660
0.050266
-0.460143
-0.879990
-1.061268
-1.253150
0.893945
2.365211
2.798292
2.532727
2.455564
0.598301
-0.602819
-1.662563
-1.427841
-0.963911
-0.291087
0.811590
1.641300
1.949833
1.494229
-2.003627
-2.239052
-1.494152
-1.483020
-1.204787
-0.183729
-0.644555
-0.806766
-0.999298
-1.499789
0.811504
2.243901
2.735816
2.550116
2.241166
0.268101
-1.218727
-1.892350
-0.947767
-0.796488
-0.396889
0.882036
1.548014
1.823087
1.315159
-1.875141
-2.247250
-1.204695
-1.457706
-0.252403
0.219678
-0.165671
-0.615697
-1.171897
-1.183315
0.989056
2.401877
2.820380
2.605692
2.510269
0.595847
-0.706843
-1.625780
-1.373713
-0.899312
-0.234473
0.807779
1.626544
1.910486
1.466783
-1.925198
-2.366782
-1.389346
-1.542734
-1.234093
-0.137223
-0.729439
-1.043602
-1.088266
-1.380354
0.817395
1.969628
2.743174
2.402627
2.194312
0.223280
-1.260485
-2.062225
-1.171669
-0.922084
-0.475394
0.845135
1.541272
1.906660
1.387804
-1.636809
-2.011569
-0.985404
-1.260407
-0.130079
0.322896
-0.071974
-0.576061
-1.181190
-1.260397
0.987467
2.480732
2.929052
2.730262
2.426364
0.653910
-0.657389
-1.538031
-1.318267
-0.815347
-0.140382
0.883991
1.752362
1.959595
1.484116
-1.909363
-2.408047
-1.326465
-1.593457
-1.316755
-0.216579
-0.789378
-0.887205
-1.000414
-1.398299
0.800540
1.925972
2.766765
2.389638
1.912962
0.108069
-1.320323
-2.070235
-1.719025
-0.956076
-0.483035
0.753559
1.572154
1.904472
1.362694
-1.549160
-2.031138
-1.082706
-1.276300
-0.262177
0.711009
-0.048215
0.492132
-1.548678
-0.914996
0.982701
1.976807
2.474622
2.417101
2.266986
0.407929
-0.978271
-1.647206
-1.304774
-0.701807
-0.423238
0.750153
1.660008
1.944767
1.433998
-1.648776
-2.219239
-1.119849
-1.406745
-1.175883
0.458713
-0.800217
-0.750748
-1.027355
-1.204551
0.918264
2.211725
2.643004
2.420354
2.251425
0.330785
-0.946704
-1.743768
-1.488291
-0.954450
-0.292516
0.642400
1.581877
1.862857
1.432088
-1.540470
-2.183655
-1.257385
-1.445754
-1.048857
0.409681
-0.569666
-0.545039
-1.101459
-1.073084
0.907811
1.881991
2.391364
2.183176
1.798603
-0.104577
-1.522032
-2.043454
-1.439013
-0.887003
-0.534892
0.569904
1.432215
1.789572
1.309719
-1.350805
-2.010017
-1.011600
-1.243870
-0.192456
0.117422
-0.219402
-0.236805
0.008770
0.086857
-0.329902
-0.265861
-0.202315
0.232230
0.567024
0.556711
0.604822
1.682473
1.753679
1.338007
0.873915
0.648239
0.254467
0.148153
-0.425545
-0.971064
0.306444
-0.765798
-1.068543
0.777174
-0.015256
-0.268359
-0.323924
-0.197945
0.147873
0.086350
0.929304
0.879562
-3.313754
-1.963376
-0.400309
0.631556
0.810978
2.569360
2.786218
1.934042
1.154287
0.089667
-1.469625
-1.709025
-1.968811
-1.574611
-0.911020
-1.143392
1.578025
0.506182
0.662436
0.485767
0.296553
0.379142
0.551125
-0.241909
-4.500266
-2.714129
-0.448263
1.993498
3.318607
2.938607
2.964481
2.392642
0.290414
-1.933387
-1.237720
-1.577714
-1.721654
-0.332662
0.569223
1.049011
0.487329
1.150510
-2.404483
-0.800415
-0.479924
-0.403407
0.362690
0.069782
-0.987290
-0.923135
-0.983285
-0.271033
1.412061
1.743252
0.895581
0.532128
-0.564715
-2.361064
-3.387398
-1.986264
-1.766166
-1.480448
-0.021040
0.616172
0.863804
0.691011
0.952959
-2.844738
-0.951987
-0.844557
-0.368640
1.932455
0.976393
-0.952721
-1.793777
-0.176140
0.914168
1.854416
2.139180
1.244393
0.910151
0.089508
-1.238417
-2.635937
-1.977418
-1.443105
-0.995244
0.517879
1.257709
1.815106
1.602825
2.179641
-1.627705
0.484549
0.590997
0.768219
2.137723
1.406802
-1.702028
-2.754685
-0.785206
0.321152
1.718033
2.419455
1.726468
1.229199
0.102919
-1.169119
-2.401489
-2.400195
-1.609833
-1.237465
0.291556
1.554145
1.970005
1.431692
0.381334
-1.765180
0.087228
0.242199
-0.106488
1.462160
0.529258
-2.454713
-3.029796
-1.013172
0.260815
1.994589
2.845209
2.275677
1.430496
0.339936
-1.329773
-2.299530
-2.093572
-1.321429
-0.907826
0.419001
1.766924
1.935362
1.278565
-0.240412
-2.319022
-0.748269
-0.527525
-0.873545
0.907537
0.025985
-2.540526
-2.886426
-1.039244
0.376914
2.136709
2.951466
2.380892
1.992188
0.478783
-1.291774
-2.226441
-2.029231
-1.323358
-0.684608
0.550086
1.788295
1.966114
1.320505
-0.102053
-2.245038
-0.569979
-0.295338
-0.744959
1.074819
0.141897
-1.754122
-1.254618
-0.664920
0.140454
1.756460
2.311337
1.740070
1.147263
0.139404
-1.548779
-2.542860
-1.958828
-1.108681
-0.767595
0.480374
1.685901
1.945493
1.342585
-0.126946
-2.254940
-0.596752
-0.462225
-0.718284
1.102314
0.200673
-2.281332
-1.750478
-0.824401
0.192511
1.865275
2.634847
1.995024
1.683737
0.449301
-1.096354
-2.180414
-2.194400
-1.185827
-0.888545
0.294125
1.679313
2.052797
1.466856
-0.098759
-2.239895
-0.524224
-0.332789
-0.675850
0.970736
0.086024
-1.400792
-1.384469
-1.209259
-0.279302
1.656625
2.679051
2.324634
1.687801
0.597720
-1.101125
-2.066462
-2.051984
-0.955488
-0.875788
0.200081
1.626565
1.903419
1.302583
-0.485854
-2.605217
-1.013683
-0.851864
-1.064639
0.889060
-0.193599
-1.133900
-0.542157
-0.870447
-0.221634
1.553091
2.496672
2.011854
1.790495
0.475452
-1.071860
-2.055799
-2.190579
-1.187829
-0.858672
-0.025821
1.400625
1.781572
1.290168
-0.569069
-2.793968
-1.171305
-0.981790
-1.210747
0.825346
-0.197613
-0.725193
-0.232293
-0.750463
-0.214107
1.549255
2.441656
1.982581
1.860438
0.618663
-0.998139
-2.016222
-2.011836
-0.858501
-0.824566
0.007550
1.457001
1.815393
1.271958
-0.522781
-2.715955
-1.089267
-0.927343
-1.143076
0.597302
-0.213435
-1.081526
-0.766982
-1.248917
-0.432597
1.451246
2.580785
2.273353
2.195881
0.944294
-0.669465
-1.783399
-2.060430
-0.844812
-0.832129
-0.046651
1.434005
1.866740
1.362337
-0.692365
-2.817145
-1.135813
-0.966372
-1.063225
0.719822
-0.271142
-0.029435
-0.031165
-0.871438
-0.391151
1.465999
2.539727
2.164197
2.113911
0.880957
-0.768937
-1.801282
-2.019046
-1.060837
-0.723589
-0.047586
1.386270
1.747008
1.288698
-0.850499
-3.064673
-1.441429
-1.223297
-1.414551
0.716841
-0.353245
-0.460955
-0.197640
-0.880764
-0.313144
1.567514
2.501062
2.086546
2.068003
0.875938
-0.704471
-1.731273
-1.825421
-0.962954
-0.656442
-0.048506
1.315837
1.682027
1.273603
-0.826416
-3.196861
-1.525551
-1.308575
-1.446166
0.554000
-0.265555
-0.844797
-0.311030
-0.896449
-0.320576
1.489376
2.444597
2.060638
2.019078
0.872413
-0.578197
-1.759220
-2.016616
-1.128424
-0.754791
-0.051750
1.191213
1.614484
1.302975
-0.773890
-3.051518
-1.331569
-1.084779
-1.264998
0.908515
-0.116165
-0.109560
0.043725
-0.786290
-0.259196
1.564351
2.360775
1.986087
2.034408
0.895394
-0.694594
-1.760209
-1.729846
-0.842240
-0.711654
-0.040652
1.273345
1.613188
1.287384
-0.630913
-3.221652
-1.487841
-1.253102
-1.343624
0.696701
-0.085312
-0.959775
-0.765629
-0.900455
-0.251594
1.555812
2.442817
2.121353
1.965674
0.868285
-0.459514
-1.701466
-2.035347
-1.158561
-0.798846
-0.115641
1.150998
1.600472
1.327961
-0.567924
-2.972807
-1.513445
-1.136587
-1.290629
0.500111
-0.193701
-0.825624
-0.358744
-1.055612
-0.359972
1.477581
2.388983
2.125043
2.085691
0.996236
-0.469189
-1.748570
-2.010384
-0.895858
-0.836934
0.066378
1.365117
1.738084
1.337458
-0.623429
-2.644418
-1.284953
-1.024749
-1.138814
0.826651
-0.043200
-0.305471
-0.504622
-1.052227
-0.407853
1.610438
2.608015
2.274151
2.284738
1.285015
-0.309809
-1.547876
-1.761544
-0.902451
-0.559906
0.138962
1.316661
1.697622
1.391186
-0.683061
-2.907764
-1.590631
-1.275890
-1.356636
0.494950
-0.247315
-0.970754
-0.424655
-1.059579
-0.371427
1.473769
2.422789
2.157027
2.039840
0.939860
-0.497096
-1.733689
-2.112706
-0.968224
-0.864799
-0.073402
1.367106
1.804419
1.351125
-0.684812
-2.526639
-1.267874
-1.091004
-1.056302
0.740188
-0.139971
0.018267
-0.503526
-1.090927
-0.538844
1.541291
2.677531
2.439260
2.440260
1.431950
-0.178530
-1.390499
-1.812448
-0.902253
-0.586129
0.026265
1.456200
1.852851
1.427067
-0.815724
-2.714782
-1.531699
-1.308497
-1.271907
0.297265
-0.407571
-0.412573
-0.418820
-1.213522
-0.690417
1.294900
2.530319
2.438655
2.373035
1.260252
-0.266989
-1.453088
-2.001859
-1.126872
-0.931952
-0.145272
1.463352
1.869985
1.358063
-0.819827
-2.927819
-1.653122
-1.360251
-1.470998
0.713106
-0.319682
-0.034644
-0.407466
-1.086269
-0.487538
1.557227
2.511897
2.310100
2.379939
1.297180
-0.259235
-1.351002
-1.621942
-1.474660
-0.656478
0.079897
1.146460
1.517773
1.176975
-0.271406
-3.347650
-2.064364
-1.705705
-1.742221
0.571189
-0.159881
-0.799017
-0.450624
-0.787866
-0.274093
1.491414
2.208050
1.853370
1.827215
0.799009
-0.448691
-1.638098
-1.879793
-1.094824
-0.967924
-0.269069
1.064152
1.384698
1.215009
1.834340
-2.976864
-1.580119
-1.181398
-1.191541
1.127908
0.248027
-0.517334
-0.453525
-0.833294
-0.221005
1.528680
2.256860
1.912107
1.869007
0.960024
-0.239117
-1.518134
-1.830586
-1.043903
-0.933999
-0.243413
1.069472
1.477627
1.316047
1.976511
-2.796224
-1.331978
-0.951815
-1.009984
0.980116
0.196741
-0.829644
-0.934191
-0.942089
-0.280214
1.530099
2.314522
1.988194
1.885817
0.862679
-0.391736
-1.653896
-1.987734
-1.190670
-0.960892
-0.257768
1.142169
1.578751
1.280199
0.195647
-2.672224
-1.264817
-0.929408
-1.024260
1.012974
0.179031
-0.792086
-0.913876
-0.944877
-0.272325
1.569993
2.369216
2.030020
1.951732
0.933419
-0.417697
-1.667597
-1.951481
-1.152334
-0.871499
-0.077488
1.302603
1.701170
1.332758
0.063184
-2.291930
-0.962188
-0.667992
-0.616389
1.053571
0.214182
-0.882604
-1.059675
-1.045122
-0.378465
1.567567
2.373693
2.058806
1.987671
1.128537
-0.479923
-1.765872
-1.944224
-1.105667
-0.788550
-0.121488
1.247540
1.734239
1.468758
-0.586527
-2.290661
-1.099165
-0.905038
-0.530207
0.976339
0.021572
-0.276412
-0.303283
-0.082076
-0.033606
-0.728732
-0.147481
-0.184131
0.169226
0.789923
0.279691
1.103362
1.463234
1.297150
1.006878
0.662952
0.068901
0.311325
-0.333575
-0.670197
-0.047891
0.490936
-0.362876
-0.819539
-0.697639
-0.705110
2.066371
0.413388
0.663029
1.466778
0.787010
0.957796
0.979695
-2.791668
-1.587815
0.119310
0.513171
-0.467787
0.107395
3.005608
3.438167
1.147349
-1.831164
-1.408260
0.233046
0.185442
0.610607
1.597533
1.223102
3.295650
3.502007
4.128731
3.432426
3.322197
3.051864
2.635736
1.622765
-0.017566
-2.657509
-2.499497
-1.280296
0.413072
1.932468
3.433104
2.052846
-0.126446
-1.886191
-1.668984
-1.826394
-1.328034
-1.489652
0.195868
0.919765
0.562754
-1.502326
-3.587423
-3.111971
-2.379674
-2.341638
-2.012066
-1.644055
-2.757257
-2.423437
-1.417558
0.455798
1.647215
1.629104
0.922955
-0.520625
-2.031773
-3.869883
-4.585449
-2.720941
-3.220715
-3.034922
-1.196111
-0.128332
0.011307
-0.158655
0.525476
-1.645799
-0.369074
0.492380
0.638994
1.539625
1.202646
-0.639743
-3.007638
-1.556139
-0.180909
1.894519
2.956197
2.332172
2.243800
1.696001
0.235255
-1.440513
-1.336648
-0.817308
-0.872520
0.455959
1.408028
2.045637
1.547920
0.799984
-1.604069
0.396846
0.522036
0.418647
1.093365
0.535203
-3.351826
-3.845561
-2.093886
-0.561571
1.738950
3.110166
2.807649
2.330740
0.931670
-0.595618
-1.814827
-2.291931
-1.541842
-1.222389
-0.062063
1.357592
1.686825
1.067578
-0.231139
-2.289805
-0.574966
-0.300271
-0.382180
0.683079
-0.114534
-2.996955
-1.872840
-1.413485
-0.178595
1.840875
2.773008
2.450883
2.208391
0.785495
-1.036499
-2.145140
-2.097285
-1.022899
-0.808855
0.329512
1.649398
1.825907
1.097597
-0.143101
-1.988487
-0.368073
-0.337123
-0.075332
1.030833
0.109257
-2.619254
-2.730700
-1.564015
-0.322668
1.865579
3.017237
2.583926
2.359865
1.070359
-0.607510
-1.791072
-1.964741
-1.071692
-0.712145
0.364935
1.658808
1.900856
1.288672
-0.139567
-2.153343
-0.477336
-0.272974
-0.089921
0.629486
-0.148111
-2.892338
-2.163797
-1.553312
-0.454885
1.730882
2.701579
2.474679
2.217046
0.792365
-1.006357
-2.087749
-2.060803
-0.952225
-0.867833
0.279123
1.657763
1.844617
1.123994
-0.167852
-1.952639
-0.359928
-0.373473
-0.364350
0.874771
-0.010685
-2.571042
-2.621581
-1.644858
-0.461442
1.760231
2.965641
2.598558
2.368323
1.085357
-0.528274
-1.700103
-2.022343
-1.090298
-0.809589
0.052768
1.535033
1.873414
1.293291
-0.433208
-2.415113
-1.147830
-0.863341
-0.816548
0.292253
-0.347867
-2.731241
-1.619018
-1.700737
-0.504512
1.572711
2.824374
2.760524
2.511531
1.143115
-0.477454
-1.661079
-2.096649
-1.217311
-0.845564
0.150347
1.594264
1.924506
1.284770
-0.376633
-2.433599
-1.084473
-0.710840
-0.694990
0.374908
-0.430099
-1.013846
-1.133507
-1.395102
-0.516890
1.627453
2.624991
2.472397
2.082596
1.037138
-0.751163
-1.903647
-1.898926
-0.758833
-0.723373
0.317332
1.697215
1.934328
1.288259
-0.479419
-2.033192
-0.860026
-0.757719
-0.490058
0.408051
-0.286668
-1.432933
-1.684745
-1.767805
-0.755100
1.526818
2.858170
2.727075
2.556198
1.422429
-0.266434
-1.537207
-1.982742
-1.013663
-0.743684
0.104821
1.603512
2.017838
1.449566
-0.546149
-2.620605
-1.262889
-0.869454
-0.739371
0.305262
-0.581880
-1.317857
-0.775133
-1.329615
-0.510700
1.552132
2.512111
2.351695
2.145250
0.864828
-0.810404
-1.913962
-2.083722
-1.142613
-0.763378
0.018283
1.468436
1.777019
1.251747
-0.798351
-2.391617
-1.310666
-1.140554
-0.596501
0.356396
-0.407351
-0.769059
-1.091773
-1.445988
-0.640775
1.513764
2.798029
2.668143
2.560577
1.429866
-0.140957
-1.399415
-1.946059
-0.904560
-0.737956
0.000286
1.539396
1.997588
1.457709
-0.744115
-2.813494
-1.495900
-1.141784
-1.016224
0.137672
-0.705815
-0.501897
-0.613007
-1.329006
-0.707612
1.423780
2.606304
2.537513
2.478812
1.284623
-0.452057
-1.577969
-1.891521
-0.976545
-0.682866
0.040118
1.525039
1.858384
1.317360
-0.942718
-2.689949
-1.574085
-1.363053
-0.796717
0.118307
-0.682740
-0.583657
-0.867064
-1.551493
-0.822379
1.430620
2.805977
2.767210
2.763500
1.643744
-0.002700
-1.258476
-1.796590
-0.837978
-0.719690
-0.002934
1.587650
1.948763
1.394657
-0.958975
-2.779275
-1.580526
-1.313069
-0.867923
0.076773
-0.801065
-0.519620
-0.679794
-1.476976
-0.858249
1.474536
2.730175
2.613484
2.626443
1.539188
-0.154557
-1.321889
-1.726310
-0.757915
-0.691456
0.010442
1.592117
1.906913
1.363106
-1.032466
-2.705424
-1.628137
-1.438250
-0.956250
0.100644
-0.623194
-0.584010
-1.233898
-1.557407
-0.828525
1.481143
2.768811
2.672591
2.663024
1.628150
0.105333
-1.149875
-1.716599
-1.432794
-0.710779
0.061558
1.399658
1.719141
1.310969
-1.127216
-2.867610
-1.789945
-1.529261
-0.919030
0.183588
-0.566302
-0.442832
-0.985915
-1.352782
-0.721614
1.544607
2.593981
2.459136
2.482771
1.432678
-0.042536
-1.225489
-1.624182
-1.457487
-0.801336
-0.031248
1.265620
1.576344
1.154056
-1.104265
-2.917940
-1.811476
-1.517501
-0.920196
0.370719
-0.365080
-1.143355
-1.100727
-1.306131
-0.517597
1.571064
2.562950
2.303109
2.306115
1.316244
0.096427
-1.178759
-1.695541
-1.547240
-0.849819
-0.116755
1.122572
1.474937
1.223263
-0.116472
-3.249453
-1.839582
-1.386514
-1.450712
0.544308
-0.184221
-0.991558
-0.829361
-1.045914
-0.350575
1.569696
2.346500
2.050736
2.097202
1.127957
-0.120192
-1.395230
-1.681705
-0.924752
-0.913949
-0.220653
1.178963
1.476707
1.235540
1.912000
-3.075938
-1.638196
-1.177413
-1.125239
0.640975
-0.022267
-1.412073
-1.679563
-1.203872
-0.303163
1.658893
2.538298
2.215688
2.185305
1.409924
0.010374
-1.436036
-1.791945
-0.983201
-0.943468
-0.048068
1.371385
1.656185
1.331863
0.466863
-2.378209
-0.937277
-0.496618
-0.201769
0.786033
0.102934
-1.159227
-1.518930
-1.257446
-0.495901
1.617411
2.367492
2.176755
2.219745
1.367100
-0.325237
-1.713251
-1.659563
-0.628070
-0.940505
-0.120795
1.450289
1.793245
1.400624
-0.064667
-2.295202
-0.990820
-0.668643
-0.468483
0.772437
0.041868
-2.234977
-3.025151
-1.671304
-0.545155
1.693561
2.932163
2.747064
2.585992
1.536653
0.160218
-1.152838
-1.813226
-1.699373
-0.772857
-0.021629
1.151328
1.738236
1.429723
-0.803044
-2.574056
-1.339770
-0.992760
-0.591394
0.367474
-0.230302
-1.677186
-1.781040
-1.499074
-0.593192
1.580463
2.845644
2.740583
2.567819
1.243937
-0.105458
-1.263338
-1.862902
-1.839693
-0.797877
-0.123117
1.428982
1.912740
1.407944
-1.136924
-2.559085
-1.465152
-1.149551
-0.945006
0.212321
-0.425125
-0.639647
-1.041165
-1.447931
-0.814261
1.503006
2.910343
2.857756
2.804801
1.783808
0.171902
-1.129027
-1.771828
-1.687706
-0.689482
0.136474
1.564679
2.013944
1.522977
-1.159040
-2.602069
-1.511181
-1.139649
-1.046520
0.108040
-0.609574
-0.464240
-1.189476
-1.602620
-0.966781
1.546324
2.932291
2.912144
2.915501
1.925103
0.043375
-1.164264
-1.614265
-1.509873
-0.597807
0.223858
1.606255
1.992943
1.475751
-1.336159
-2.601212
-1.694230
-1.284679
-1.247306
-0.124228
-0.745077
-0.677751
-1.330803
-1.727785
-1.123347
1.426118
2.905071
2.960110
2.993762
2.025946
0.231019
-0.998796
-1.546768
-1.349142
-0.576932
0.194542
1.646582
2.054222
1.525000
-1.442687
-2.683951
-1.749097
-1.288197
-1.354516
-0.167217
-0.826823
-0.627912
-1.374699
-1.964409
-1.537791
1.212286
2.921914
3.378516
3.194807
2.340220
0.396770
-0.792634
-1.335710
-1.613485
-0.675054
0.241022
1.610709
1.975546
1.381400
-1.630876
-2.850847
-2.014202
-1.517588
-1.591560
-0.757217
0.111583
0.544693
0.266370
0.140405
-0.045393
-0.143526
-0.176400
-0.170105
-0.150151
-1.910785
1.453907
3.270118
7.745443
8.927714
7.815238
7.571805
8.384670
2.941511
7.048408
4.359577
5.418289
5.820302
5.935061
0.268269
2.852482
2.172137
1.505294
0.640564
-0.031906
-0.359934
-0.472324
-0.448061
-0.365849
-0.283634
-1.947162
3.700970
7.995339
9.333570
7.696162
7.537214
8.484348
0.651883
4.156262
7.868561
7.580590
5.335944
2.900643
-2.021386
-2.491097
-0.983115
0.819352
4.594464
6.135455
1.013579
2.414551
1.593231
0.722198
-0.101737
-0.568543
-0.727356
-0.750831
-0.701235
-0.611985
-2.834255
0.635240
3.893262
5.656580
5.730100
4.602900
4.042071
4.348316
5.356191
6.490446
2.878834
7.695526
4.682719
5.605415
4.689908
3.023607
0.727210
0.499430
-0.351529
-1.407582
-2.430079
-3.946268
-5.795537
-6.288640
-5.816795
-4.757415
-2.954880
-0.492598
0.011868
0.259831
-0.011696
-0.126344
-0.265084
-0.314209
-0.926527
-0.154806
-0.200807
0.021936
0.482831
0.409387
0.785155
1.509365
1.526278
1.314111
0.991018
0.764366
0.392170
-0.118619
0.066681
0.343940
0.373708
-0.065192
-1.286832
-0.721170
-0.288869
0.432009
-0.397359
-0.714902
-0.851331
-0.540824
-0.296459
-0.080320
-0.141228
-2.426975
-1.721244
-0.503878
-0.537455
-1.226429
-2.858801
0.547141
4.128802
3.588195
0.249653
-1.295934
-1.431634
-0.324327
-0.658687
-0.533571
0.379856
-0.126321
1.764934
1.433569
0.897364
0.597547
0.983447
1.106147
0.404484
-0.116145
-3.860379
-2.499241
0.033629
2.169729
3.502333
3.584981
4.116842
1.840958
-0.327833
-1.925660
0.901016
-1.070842
-0.726883
-0.030716
1.054695
1.280163
1.176319
-1.274437
-1.798075
-0.964513
-0.609853
-0.669063
-0.080000
-0.514607
-4.585180
-2.966208
-1.296905
0.961094
2.509662
3.056100
2.293204
1.286243
-0.733320
-2.462860
-3.376709
-1.503401
-2.022066
-1.567987
-0.347535
0.609038
0.970586
0.635568
-0.528351
-1.185806
-0.132362
-0.205072
0.115445
1.119516
-0.132612
-3.417187
-2.713973
-1.556235
0.673414
2.642386
3.474096
3.229280
2.690961
1.088660
-0.353389
-1.603809
-0.929894
-1.243975
-0.341577
0.743584
1.584430
1.882015
0.023298
-0.843423
-1.093497
-0.260055
-0.014136
-0.411646
0.359238
-0.562100
-4.686876
-3.216435
-1.653210
0.622776
2.016618
3.418566
3.273824
2.338217
0.319354
-1.189334
-2.086015
-1.209137
-1.319186
-0.832519
0.458917
1.448960
1.548567
0.815021
-0.973424
-1.476321
-0.598648
-0.689918
0.131920
0.481666
-1.352446
-4.776025
-3.181382
-1.771283
0.839444
2.895764
3.968391
3.715836
3.303963
1.279296
-0.344564
-1.384831
-0.641180
-0.942472
-0.016722
1.107287
1.884078
1.963462
-0.505697
-1.140687
-1.478317
-0.674126
-0.403925
-0.349827
0.179826
-0.830482
-3.963148
-3.055702
-1.700082
0.575142
1.969034
3.362697
3.290237
2.480926
0.315998
-1.250642
-2.074485
-1.081845
-1.060865
-0.663444
0.699929
1.650256
1.674356
0.992829
-1.060163
-1.516842
-0.656881
-0.602824
0.022061
0.377913
-1.471130
-4.645394
-3.408165
-1.857342
0.707522
2.494737
3.896377
3.557495
3.103207
1.300287
-0.330099
-1.507376
-0.836696
-1.028375
-0.068953
1.141618
1.896325
2.030792
0.484559
-1.072308
-1.391246
-0.593849
-0.390841
-0.332357
0.172394
-0.869520
-3.444492
-3.073354
-1.761629
0.487650
1.917529
3.376749
3.232938
2.539047
0.397134
-1.189005
-2.039301
-1.106180
-1.038314
-0.648590
0.764528
1.707974
1.744586
1.072825
-1.093793
-2.193897
-1.242049
-1.126234
-0.461324
0.148251
-1.013579
-4.153348
-3.101843
-1.770442
0.632324
2.119223
3.608298
3.262614
2.809820
1.152639
-0.496379
-1.640105
-0.857862
-0.724742
-0.443442
0.966492
1.911681
2.044340
1.384316
-0.906102
-1.947295
-0.959506
-0.808725
-0.692930
0.206626
-0.885148
-4.184770
-3.266620
-1.840265
0.510818
1.966859
3.527206
3.185480
2.745830
1.028351
-0.655284
-1.738388
-0.922500
-0.812612
-0.520072
0.863893
1.813177
1.928675
1.239135
-0.988500
-2.046108
-1.069507
-0.936434
-0.349903
0.240900
-0.875740
-4.163291
-3.140567
-1.758930
0.620543
2.060593
3.559359
3.209732
2.822830
1.075540
-0.629013
-1.737496
-0.884732
-0.767710
-0.449127
0.918732
1.851878
1.948768
1.302342
-0.920629
-1.932396
-0.950718
-0.839332
-0.245441
0.342848
-0.821169
-4.261815
-3.219483
-1.785590
0.589006
2.078641
3.626344
3.258752
2.745250
1.135671
-0.490774
-1.645007
-0.935430
-0.804963
-0.494968
0.901562
1.876690
2.081029
1.348846
-0.808797
-1.862937
-0.887049
-0.758313
-0.664757
0.107909
-0.894526
-4.432445
-3.201457
-1.878348
0.503465
2.012483
3.581370
3.242399
2.768104
0.951404
-0.737008
-1.801941
-0.941459
-0.867216
-0.496018
0.858142
1.812564
1.878277
1.226969
-0.947861
-1.957899
-0.995978
-0.899278
-0.283044
0.292343
-0.834446
-4.238322
-3.144648
-1.805678
0.577994
2.118644
3.675680
3.280039
2.790257
1.166862
-0.443366
-1.610388
-0.953843
-0.805605
-0.489801
0.904186
1.900748
2.116637
1.388764
-0.770588
-1.823195
-0.860088
-0.714455
-0.646054
0.059449
-0.923083
-4.270281
-3.185632
-1.925755
0.421989
1.924846
3.492542
3.245251
2.781748
0.884882
-0.828206
-1.850566
-0.928620
-0.836932
-0.432788
0.909105
1.810030
1.853456
1.231820
-0.981168
-2.000335
-1.047166
-0.972800
-0.023949
0.305290
-1.222793
-4.626744
-3.439165
-1.881346
0.624135
2.260707
3.934964
3.504658
3.007799
1.408763
-0.194840
-1.442639
-0.941033
-1.030431
-0.261296
0.995467
1.933590
2.129008
1.482901
-0.832591
-1.935929
-0.970058
-0.771917
-0.752485
0.143180
-0.880661
-3.211252
-2.493423
-1.462968
0.321898
1.465514
2.933547
2.831402
2.313959
0.437189
-1.216494
-2.140362
-1.142471
-0.919124
-0.872031
0.532022
1.694682
1.745355
1.049766
-0.890390
-2.134181
-1.145956
-1.042030
-0.070311
0.442949
-0.820964
-3.772418
-3.665159
-1.610351
0.682651
2.082277
3.706143
3.272022
3.007403
1.401445
-0.214952
-1.543005
-1.030889
-0.996341
-0.368729
0.965486
1.831582
2.093217
1.478582
-0.748399
-1.787573
-0.811295
