-1.373213
0.423849
1.643256
2.769921
1.604586
-1.434433
-3.227846
-2.768284
-3.164711
-4.582448
-1.872655
0.969834
2.466543
2.586474
6.630304
13.095338
14.610279
12.073580
8.225310
6.122958
6.238061
4.390759
0.738307
0.658582
-0.556460
-0.489799
-0.058619
1.069870
3.202558
-0.816282
-12.350805
-12.670602
-12.588244
-11.266512
-11.761588
-9.588181
-7.050549
-3.718720
-3.349774
-2.271440
4.928813
16.136694
12.192617
8.756952
6.926146
5.889060
4.319804
2.380786
1.939324
2.219692
2.033092
6.280023
9.712258
11.684825
-20.038424
-19.334688
-18.803776
-16.979759
-14.114148
-10.778847
-6.706119
-0.590648
11.084805
20.060001
15.604112
8.736599
5.301334
4.854665
1.382565
0.138383
-0.916986
0.901932
2.238832
3.537342
4.792063
5.986907
7.143765
8.281547
9.243790
-20.059958
-18.708683
-15.178717
-13.425583
-10.444238
-6.848913
-3.258363
0.822808
5.175410
8.804869
7.952868
6.380653
4.778602
-1.414922
-4.836028
-2.075019
-0.500514
0.965535
2.315346
2.280487
0.914328
0.523326
-6.593173
-5.917768
-6.868347
-5.384607
4.062637
14.198284
14.698329
5.386885
0.380109
2.952899
7.705998
10.450238
9.389783
8.586586
-1.114009
3.785712
3.590100
2.330081
1.698862
3.610684
4.982871
5.400066
-20.060030
-19.725550
-18.999203
-13.254579
-10.675953
-10.909483
-6.390195
0.779829
2.821227
1.503136
-1.948404
-1.942060
3.574754
6.114751
11.028070
12.152409
11.079103
11.630360
-0.117382
1.247146
0.526875
1.330487
4.707395
5.917864
5.779078
-16.386572
-19.478857
-16.232040
-10.981430
-8.153884
-10.120296
-8.150023
-1.564362
6.609355
7.026967
1.028711
-2.295358
-1.124864
3.687090
10.948374
15.100557
15.261056
0.455957
4.245242
5.180485
3.952784
4.464039
6.808398
8.617391
9.372159
-16.090239
-20.029242
-18.724165
-13.715790
-11.822001
-11.991519
-6.911086
0.954189
4.505708
4.112090
-1.270424
-4.984194
-0.920823
5.447541
13.539660
11.642660
11.661573
12.706801
-2.068078
0.934505
-0.471360
-0.697818
3.008126
4.595223
4.997779
-17.804026
-18.668440
-15.270740
-11.252424
-10.067387
-12.412260
-9.468219
-2.763593
6.503914
7.596183
1.499888
-1.893435
-0.609827
3.800523
10.792380
15.084749
14.848278
0.096229
4.157412
5.262776
4.064400
4.740574
7.185207
9.101216
9.906253
-16.427010
-20.060045
-19.351463
-15.151213
-13.327258
-12.818240
-7.577982
-0.212701
3.195951
3.383301
-1.993050
-5.730958
-1.141687
6.027470
15.288277
13.052161
12.551955
13.035975
-2.461056
0.536489
-0.953317
-0.957005
2.961603
4.477640
4.894929
-17.883074
-18.659832
-14.978064
-11.105949
-9.927041
-12.140429
-9.227850
-2.535421
6.940502
8.210836
2.411284
-1.650111
0.177788
3.846506
9.722329
14.460796
14.619701
-0.112662
4.351614
5.649553
4.483654
5.326995
7.861068
9.901360
10.922877
-20.060068
-20.060225
-19.474524
-14.913906
-12.907436
-12.424847
-7.160013
0.118989
3.389706
3.037544
-2.350624
-6.167321
-1.647463
4.981290
13.977376
11.972354
11.814047
12.519619
-3.064096
-0.609223
-1.979864
-1.792533
2.097184
3.611421
3.768610
-17.072166
-18.850918
-15.952384
-11.878964
-10.637949
-12.901034
-10.842068
-3.757747
6.099177
8.423617
2.934393
-1.359155
0.351709
4.500222
10.253646
13.845494
13.858699
0.511885
4.210547
5.244298
4.172420
4.679118
7.596576
9.209338
9.832605
-14.767120
-19.945223
-18.856331
-13.782626
-11.732814
-11.752462
-7.021294
0.451333
3.957541
3.786745
-1.609144
-5.302584
-0.941110
4.838213
14.320590
13.671423
13.221466
14.019350
-0.437057
1.945093
0.733533
0.793105
4.528145
6.107240
6.557251
-18.991785
-18.753010
-15.285962
-10.818625
-9.361137
-11.479959
-8.012399
-0.826287
7.162775
7.149169
1.385928
-2.005087
-0.392226
3.506797
10.677827
12.488002
13.657697
-0.808160
3.383236
4.961191
3.683495
3.699239
7.142174
10.021945
11.139074
-20.059954
-20.060064
-17.864611
-12.677836
-9.725431
-9.009100
-4.409840
1.828075
4.117599
2.961626
-1.698062
-4.793515
-0.869378
3.037714
9.646350
7.904670
8.240110
9.498076
20.060020
-3.006295
-3.712256
-3.746713
-1.073676
1.534637
1.840606
-14.913709
-18.872908
-15.996131
-11.734845
-7.516218
-10.124116
-8.528387
-1.962152
8.604121
11.619269
5.413014
0.448383
-0.975001
1.144361
6.955382
12.834391
11.982745
0.944506
4.840343
6.008260
4.920170
4.697636
5.304519
7.873157
9.139716
-20.057575
-19.325348
-18.879461
-14.611245
-11.772427
-11.651528
-7.816742
-0.675818
2.070315
1.611193
-3.298508
-6.177651
-1.327483
4.099488
13.106714
14.458973
13.715742
14.431660
0.796842
2.858407
1.894138
2.528645
6.151703
7.992617
8.302236
-17.441618
-20.060011
-19.448149
-13.506365
-10.443657
-9.467458
-4.965403
1.491789
5.426474
5.147471
0.474568
-1.642882
1.932973
5.313444
10.944903
9.095199
9.589404
10.816328
20.060015
-0.772730
-1.995534
-2.116306
-0.639973
1.390070
2.049764
-16.390049
-19.093359
-16.860243
-12.623365
-8.248203
-10.628585
-8.839314
-0.454445
8.957544
10.833519
3.860917
-0.345183
0.142862
2.566762
7.714936
14.092411
13.542241
-0.240835
4.740628
6.298718
5.237132
5.120748
5.569332
7.856418
9.324770
-20.060133
-19.708927
-19.186975
-15.568016
-12.653444
-12.969136
-8.484835
-1.171045
2.114051
1.748796
-3.113881
-6.142830
-1.503124
3.981337
13.303226
14.288518
13.960982
15.089775
1.231731
3.116674
2.066671
2.325502
5.978375
8.009179
8.420228
-18.094269
-20.059891
-18.443680
-12.636203
-10.165326
-9.903058
-5.524312
1.368356
5.757156
5.344715
0.494380
-2.230876
0.881287
4.105778
10.892616
9.617840
10.243937
11.811695
-2.596040
0.805978
-0.562543
-0.711142
0.711852
2.612281
3.455943
-17.802107
-19.060694
-17.130442
-12.799730
-8.731383
-11.028193
-9.292229
-0.689623
7.891907
9.249225
3.062477
-0.973095
0.348838
2.916460
8.437620
13.569898
13.655671
0.017017
3.697897
5.551474
4.396482
4.252256
6.207315
9.170238
10.309336
-20.060284
-19.905275
-19.240141
-14.349325
-11.534292
-11.680519
-7.499128
0.178264
3.663549
2.811214
-1.555210
-5.441749
-2.893989
2.433908
11.424864
12.872279
12.893325
-2.555474
3.158046
4.412332
3.177803
3.130785
6.225787
8.470881
9.136898
-18.750856
-20.060129
-19.218750
-13.946070
-11.652124
-12.059011
-7.816914
-0.523091
4.131480
4.591987
0.393127
-3.309175
-0.340936
4.526070
13.414877
12.062086
12.084150
13.403955
0.471630
2.545991
0.993361
0.562645
3.194888
5.494038
6.113189
-20.060125
-19.032085
-16.697796
-12.432870
-9.736064
-11.831057
-10.224650
-2.256145
6.089976
7.761241
2.111086
-1.559673
0.013478
3.344795
9.893215
14.565012
14.825158
-0.911941
4.244667
5.564939
4.351296
4.389312
7.215178
9.797233
10.767428
-19.303328
-19.751038
-18.937508
-14.181656
-11.481690
-11.862984
-7.222093
0.849226
4.743886
4.142958
-0.909343
-4.205753
-1.435522
2.923223
10.759081
10.272775
10.427913
11.786059
0.111811
2.609776
1.165525
0.780523
4.165704
6.481432
7.112098
-20.060337
-19.061281
-17.198660
-12.827645
-10.213833
-12.283496
-10.510592
-2.669771
5.379252
6.933496
1.786563
-1.366671
0.315417
3.359965
10.107149
14.012057
14.631430
-0.954439
4.319472
5.615066
4.419271
4.204514
6.809083
9.535877
10.743361
0.000017
-19.449205
-19.243361
-15.072735
-12.302759
-12.382187
-7.662967
0.406245
4.285069
3.782830
-1.043618
-5.081848
-2.200270
2.996789
10.798684
10.801080
10.763474
11.926736
1.346935
3.179807
1.666579
1.351120
4.273283
6.469021
7.148481
7.167799
-20.059380
-19.154261
-15.094790
-12.004487
-13.219231
-11.087544
-4.198403
3.439625
5.761607
1.151518
-2.366117
-0.048714
4.378968
12.927504
15.121584
13.786408
-1.636695
3.575705
4.619310
3.223040
2.771044
4.210681
6.333424
7.243769
7.337235
-19.681435
-19.051325
-14.624230
-11.043879
-12.321985
-10.083991
-1.772779
5.432721
6.798668
1.050610
-2.644079
-0.614992
4.114384
12.219356
13.942615
12.059481
-1.277211
3.709822
4.770610
3.513110
3.177693
5.071863
7.078845
8.056299
7.996548
-20.059427
-19.135170
-15.639417
-12.270790
-13.100858
-10.464520
-3.316783
3.394239
5.076140
0.463801
-3.519332
-0.578685
5.344848
14.512677
15.613207
13.460362
-1.465227
3.289139
4.485900
3.265239
3.000307
4.625163
6.563469
7.385990
7.358243
-20.060181
-19.128174
-15.620122
-12.342750
-12.879100
-10.303694
-3.713853
3.273912
5.601581
0.884331
-3.144462
-0.065563
5.479130
14.630112
16.224236
14.290685
-1.824513
3.368739
4.526652
3.339304
3.063632
4.887852
6.875370
7.735277
7.717133
-19.807888
-19.038445
-15.143823
-11.929813
-12.513949
-10.286496
-2.782550
4.293874
6.086432
1.206156
-2.990277
-0.851962
4.790975
13.766837
15.373798
13.238313
-1.247998
3.257767
5.330883
3.960199
3.624343
4.852717
-0.642696
-0.638831
0.797415
1.873607
2.990932
4.156508
-15.546006
-12.268239
-6.191899
0.113635
0.903810
-1.878613
1.262775
9.269277
13.740726
10.064267
5.672347
6.032816
6.679242
6.800064
4.523155
-2.597067
-1.292929
0.986857
3.883404
2.433969
1.530588
0.975331
1.317266
2.469732
2.603662
-16.506733
-13.714340
-11.335545
-9.078137
-6.780330
-7.354442
-2.637315
2.807727
4.514805
1.206918
-0.522296
1.079447
4.120803
7.768641
11.042260
11.989908
11.588353
0.234422
4.664271
3.153484
2.675981
3.254809
6.543667
7.567972
7.521994
-18.687239
-19.296574
-14.791507
-10.461907
-10.603249
-10.681010
-4.676508
2.560361
4.646451
1.811762
-3.174453
-2.926346
1.111459
9.009028
15.335308
14.276970
14.792762
0.456600
4.440339
2.774401
2.302773
3.325406
6.367846
7.446796
7.716414
-18.843027
-19.693449
-15.631140
-11.303505
-11.163783
-11.346962
-5.408422
3.362214
6.932427
3.581619
-1.320918
-1.695742
2.613495
10.949919
15.243581
14.561463
15.552685
0.370206
4.597595
2.617398
1.947040
2.300088
5.615124
6.841431
7.292154
-18.279806
-19.251925
-14.643844
-10.228558
-9.718661
-10.988300
-4.613387
4.625310
7.230599
2.863601
-1.174606
-1.964514
1.148205
8.025480
14.147761
13.688373
-0.740064
1.742619
5.231928
3.369310
2.584922
3.117911
6.449231
7.758921
8.102221
-18.529804
-19.461611
-15.453443
-10.999875
-10.569645
-11.410063
-5.064100
3.906424
6.581300
2.609192
-1.741082
-2.194313
1.368904
8.523923
14.189968
13.569223
14.562337
0.838290
4.718545
2.773905
2.006483
2.521229
5.778351
6.974739
7.343910
-18.866434
-19.439392
-15.067261
-10.670174
-10.297368
-11.598090
-5.531959
3.705508
6.746698
2.994039
-1.126209
-1.638699
1.738176
8.772787
14.699574
14.096954
14.384345
1.422659
5.029920
3.160636
2.378962
2.660910
5.863282
7.115462
7.454214
-18.899868
-19.338406
-15.220041
-10.627333
-10.029561
-11.473448
-5.067983
4.290692
7.290230
3.126356
-1.162731
-1.693697
1.526227
8.121176
14.384626
13.818995
14.426827
1.153553
4.923245
3.031036
2.260135
2.560901
5.801921
7.038931
7.309344
-18.995316
-19.332073
-15.068548
-10.451509
-9.820575
-11.477504
-5.187149
4.196745
7.248429
3.197007
-1.071447
-1.466578
1.594369
7.869461
14.168996
13.628398
14.521265
1.308450
5.092239
3.281873
2.512324
2.846025
6.148117
7.455646
7.738880
-18.890045
-19.307384
-15.351925
-10.839203
-10.325698
-11.720114
-5.346020
3.976525
6.909810
2.900390
-1.349435
-1.955176
1.147903
7.920638
14.217222
13.641283
14.076184
1.060536
4.859456
2.964619
2.172421
2.623465
5.801590
6.982202
7.261161
-19.354774
-19.355215
-15.137527
-10.587413
-9.921233
-11.683620
-5.587598
3.946103
7.278414
3.420429
-0.899629
-1.144757
2.007034
8.271225
14.346473
13.796140
14.877599
1.183057
5.148581
3.293550
2.581642
2.729841
6.082336
7.380571
7.609363
-18.776850
-19.271008
-15.244124
-10.664367
-10.057071
-11.501362
-4.998551
4.268237
6.948521
2.792430
-1.310568
-2.072781
0.845728
7.452402
14.027518
13.414294
13.117002
0.998050
4.792791
2.967560
2.160678
2.717777
5.808259
6.952544
7.184879
-19.764067
-19.372282
-15.145261
-10.722633
-9.890258
-11.804893
-5.920572
3.704544
7.813479
3.690212
-0.805117
-0.933570
2.681693
8.507683
14.382916
13.757919
14.559263
1.097582
5.131359
3.318991
2.638348
2.634432
5.631313
6.873225
6.943578
-19.295486
-19.282663
-16.560764
-11.340696
-10.346740
-11.867473
-5.145283
4.282448
7.067083
2.945474
-1.294856
-1.763736
1.298154
7.225692
13.607876
12.825698
12.959392
1.071418
5.086858
3.308610
2.547284
2.955916
6.070946
7.321476
7.538120
-20.019390
-19.566053
-17.383858
-12.409192
-11.413351
-12.699978
-6.622995
2.914733
6.857224
3.021013
-1.309822
-1.217447
2.635576
8.684470
14.076476
13.424868
14.489727
0.547448
4.770836
3.006396
2.262661
2.257742
5.369064
6.546080
6.762053
-19.514126
-19.271435
-16.476505
-11.285748
-10.332946
-12.003833
-5.329792
4.208282
7.230295
3.135008
-1.114739
-1.545624
1.460674
7.314524
13.844886
13.042212
13.052070
1.027783
5.111114
3.393037
2.660221
3.061534
6.196292
7.450501
7.633836
-19.960018
-19.561277
-17.421562
-12.417859
-11.318077
-12.756129
-6.639292
3.025778
7.085834
3.169731
-1.249370
-1.133447
2.570245
8.233079
13.887944
13.260344
14.333652
0.568173
4.919319
3.234580
2.548377
2.680536
5.986628
7.232408
7.359587
-19.296307
-19.269512
-16.688183
-11.608861
-10.766763
-12.267736
-5.551682
3.982458
6.817712
2.878090
-1.274154
-2.046585
1.156624
7.334438
13.778891
12.861186
12.098062
0.855450
4.931832
3.163275
2.421010
2.943938
5.913749
7.074909
7.446400
-20.060038
-19.617643
-16.993822
-12.223071
-11.110304
-12.643895
-6.993129
2.257255
6.729379
3.689074
-1.018294
-0.765743
3.237419
8.986381
14.353425
13.694308
14.825345
0.505077
4.943061
3.347016
2.694742
2.775023
5.752774
7.011447
7.115591
-19.207825
-19.217415
-16.567722
-11.335930
-10.483064
-11.712449
-5.187647
4.299939
6.715021
2.643629
-1.497497
-2.209612
0.985112
6.714572
13.738596
12.725323
11.993614
0.710959
4.827839
3.851233
3.083278
3.579448
6.679582
7.944985
8.250690
-20.059883
-19.772459
-18.034550
-13.227089
-12.115087
-12.715647
-7.343708
1.371640
5.564429
2.874911
-1.963212
-1.526318
3.087323
9.620452
14.736878
13.927911
14.902887
-0.336083
4.370667
3.706250
2.979448
3.132305
6.438351
7.700161
7.855752
-18.941927
-19.246090
-16.766960
-11.966985
-11.376953
-12.083923
-5.527823
3.849649
6.300753
2.470866
-1.770749
-2.616097
0.857693
6.934843
14.213068
13.194644
5.573109
0.601808
4.674763
3.809927
3.111399
3.824479
6.898904
8.106696
8.424261
-20.060028
-19.819653
-18.032160
-13.293097
-12.249228
-12.491961
-7.285950
1.012574
5.207779
2.935398
-2.119054
-1.834637
2.985734
9.939951
15.433156
14.442975
15.244514
-0.437144
4.334145
3.625305
2.945391
3.074228
6.289735
7.532389
7.692634
-19.030966
-19.288816
-16.968245
-12.149783
-11.486260
-12.182725
-5.744966
3.612465
6.379405
2.855020
-1.568026
-2.611056
1.068862
7.479606
14.511539
13.387051
12.546392
0.458903
4.586452
3.773533
3.035164
3.493533
6.522486
7.723619
8.124430
-20.059891
-19.785278
-17.771677
-13.084524
-11.937046
-12.448936
-7.337490
0.952978
5.456293
3.346629
-1.788566
-1.645113
3.052233
9.830053
15.313705
14.363883
15.223676
-0.454232
4.281853
3.672702
2.948029
2.999310
6.586279
7.884442
8.051001
-18.888868
-19.129360
-16.218506
-11.689095
-11.010750
-11.978159
-5.643730
3.650349
6.650399
2.955590
-1.555607
-3.098872
0.411047
6.594601
13.656562
12.985873
-2.322995
0.964179
4.844888
4.021872
3.211803
3.839831
7.318130
8.552092
8.887510
-20.059671
-19.750057
-17.642159
-12.989614
-11.963671
-12.709666
-7.628904
0.993148
5.711224
3.541889
-1.771937
-2.125261
2.420926
9.476566
15.324100
14.487556
15.457911
-0.556417
4.087621
3.381180
2.610286
2.776228
6.500690
7.761274
8.005950
-18.822687
-19.136364
-15.855973
-11.301764
-10.585042
-11.983070
-5.854467
3.389620
7.050257
3.616089
-1.105778
-3.201431
0.350007
6.639913
13.204081
12.937654
-3.807713
1.100711
4.831638
3.999649
3.134971
3.705667
7.108281
8.336092
8.787390
-20.060110
-19.749510
-17.212740
-12.610365
-11.421836
-12.571125
-7.661998
0.934037
5.978212
4.161388
-1.276181
-1.726780
2.640260
9.213057
14.865685
14.080206
15.121336
-0.530868
4.356071
3.621584
2.873808
3.014052
6.736639
8.144883
8.356902
-18.776880
-19.018667
-15.603626
-11.342978
-10.476457
-11.671804
-5.601818
3.028518
6.507278
3.124861
-1.390025
-3.364662
0.000906
5.701853
12.986431
13.190580
-4.082653
0.770329
4.826777
4.065256
3.257272
3.915682
7.489742
-0.690435
-1.191107
0.213368
1.440395
2.670146
3.895696
5.056507
5.868657
6.250396
5.906701
5.642286
5.210106
4.596640
-20.059965
-19.196573
-16.292091
-11.960347
-4.499140
-1.956079
-0.627701
1.444498
4.408353
9.948590
7.058565
4.574989
3.051918
1.685562
0.971109
0.675944
-0.540638
-1.200032
-4.568172
-1.873016
-0.300099
1.090016
2.338018
3.467236
4.534368
5.573079
6.630692
7.646431
8.577618
-12.188809
-19.855776
-17.771551
-10.135012
-2.350409
3.550953
6.970273
7.785712
4.763067
-9.700539
-4.359154
-1.411053
-5.512880
-2.483020
-1.252935
-0.125632
1.150408
2.359745
3.488440
4.615643
5.697807
1.683729
-0.065449
0.765230
1.987801
2.980319
0.810441
2.222276
2.899773
2.749117
3.165642
4.598978
6.473143
3.150419
0.487838
-2.306331
-4.098844
-4.633973
-4.272575
-4.115096
-3.606257
-2.031136
0.474816
3.985149
6.710880
11.691008
10.561768
-2.278152
-3.427662
-3.236209
-0.573450
1.759932
3.018217
4.488010
7.425822
0.657096
-8.468832
-13.024843
-17.931904
-16.097750
-12.132441
-10.559516
-9.277524
-4.731982
0.806639
-1.754854
-3.912032
-3.545200
-0.852811
2.060407
-3.263146
-2.668586
-2.236612
-1.582772
0.667943
2.918275
4.782538
5.993245
7.068589
9.053790
10.685094
12.025005
13.187499
3.728256
1.652514
-0.140512
-1.969659
-4.692582
-7.256552
-9.219345
-10.490389
-10.427373
-3.199009
1.941324
-0.928913
-4.666895
2.126292
14.634689
14.950940
14.168861
9.364415
4.840761
18.494478
7.719389
6.412476
5.478752
4.610323
1.685650
0.505007
-19.719467
-19.320745
-19.669744
-20.048166
-16.953630
-11.457385
-5.730915
-1.720134
1.602688
0.205688
-0.599144
4.101524
8.764825
11.906468
19.089022
14.501431
12.630630
7.209915
8.851133
-1.818270
-1.626908
0.108712
1.725691
1.896644
1.441832
-20.059847
-19.118647
-13.870749
-12.177425
-9.916989
-7.191902
-6.764950
-5.087117
-1.375216
-0.224402
-1.776039
3.604302
12.166158
14.931253
13.280874
13.829850
0.106715
4.247594
6.761474
5.732363
5.279616
5.563189
7.461731
8.716846
9.896508
-18.870708
-18.961557
-17.002733
-13.408003
-10.600965
-11.622421
-5.112278
4.035867
7.504379
2.863133
-0.924854
-1.086714
1.884551
7.521862
13.027293
14.738412
14.928756
1.766510
5.446483
4.100331
3.713720
5.311598
8.789443
10.295979
10.978896
-18.637844
-18.961536
-14.501523
-10.740211
-10.190865
-10.434155
-3.244380
5.179611
7.662235
2.613533
-2.403258
-2.219147
1.106854
8.003608
10.801988
10.497827
11.675216
13.202039
2.889931
0.568176
-0.148033
-0.117563
2.698560
3.944122
4.388916
-19.718061
-18.462450
-14.500882
-9.759936
-8.580852
-11.156174
-5.211127
5.381346
9.820882
5.455005
0.410609
0.815261
3.150064
7.093413
12.341302
12.347297
13.470633
-0.388714
5.355621
3.715258
3.160272
3.362571
5.260959
6.634111
7.455891
-19.699236
-19.109175
-17.718140
-12.393640
-12.067749
-12.353627
-4.768122
3.840347
6.496254
1.297662
-3.051027
-1.480775
1.945472
8.365801
11.785843
11.006920
11.729968
12.818460
2.697427
0.887549
0.321611
1.328914
4.715446
5.746885
6.054099
-19.583452
-18.844797
-14.767549
-9.997465
-9.641448
-11.987418
-5.530300
4.817572
8.437255
4.551990
-0.276811
-0.164713
2.187691
7.372587
13.644070
13.748188
15.278841
0.972567
5.553288
4.065350
3.560873
4.455869
8.325827
10.029769
10.756629
-18.692209
-19.155817
-16.617962
-12.759930
-12.127149
-12.224115
-4.791628
4.068333
6.228460
1.727615
-2.951561
-3.354759
0.784860
7.949243
12.451404
11.778300
12.593585
-0.121633
4.455277
2.595649
1.938265
3.006171
6.217281
7.341365
7.850076
-20.059668
-19.359072
-15.632818
-11.589848
-11.229297
-12.402350
-6.917575
1.956189
6.257395
3.086377
-1.092005
-0.329284
3.414918
10.429042
14.789567
14.279981
15.683314
0.971128
5.203124
3.608063
2.946637
3.511499
6.988105
8.428075
8.817891
-18.821888
-18.969109
-15.520059
-11.561601
-10.739725
-11.650225
-4.293074
4.025499
6.982719
2.593626
-2.070270
-2.971185
0.919986
7.549771
13.848038
12.580346
-1.922967
1.853741
5.446687
3.831427
3.138856
4.189193
7.291919
8.601969
9.253716
-20.060188
-19.372543
-16.543983
-12.578149
-12.076995
-12.513895
-6.944685
1.883010
5.928054
2.497077
-2.183936
-0.976141
3.541941
11.017374
15.075112
14.427914
15.628412
0.530855
4.861470
3.246434
2.627268
2.989650
6.536984
7.813899
8.090968
-18.681244
-18.624044
-14.761933
-10.991382
-10.171455
-11.319614
-5.139772
2.939653
7.009478
3.252791
-1.712477
-3.236304
0.818164
7.835948
13.593609
12.311477
-2.162988
2.049920
5.447531
3.856007
3.095006
3.972676
6.853111
8.137527
8.833154
-20.060076
-19.493429
-16.188173
-12.538250
-11.912349
-11.628012
-7.060211
0.881657
5.340956
2.671665
-2.114532
-0.506611
4.264132
11.569469
15.360473
14.500335
15.470366
-0.232706
4.511548
2.825133
2.272445
2.524244
5.822653
7.027601
7.251799
-18.783018
-18.238428
-14.489126
-10.615883
-9.462234
-11.094962
-6.936300
2.856254
7.537933
3.937029
-1.329318
-2.980858
0.946050
7.714160
13.280856
12.771328
-1.890889
2.127044
5.504790
3.920331
3.184485
3.863506
6.772113
8.083643
8.788756
-20.060041
-19.443989
-16.114323
-12.282147
-11.570564
-12.140030
-6.792356
1.699200
5.921200
2.885209
-1.905262
-0.240641
4.173540
10.947201
14.683495
13.848416
14.857419
-1.107155
4.079763
2.497198
1.923989
2.315127
5.873252
7.097402
7.249969
-18.732697
-18.024395
-14.313658
-10.538232
-9.325048
-11.448820
-7.309151
2.747545
7.730114
4.271431
-1.293087
-3.265511
0.511969
7.365225
13.048450
12.422547
-1.683460
2.156503
5.502547
3.951634
3.183980
3.810747
6.623178
7.948723
8.659801
-20.060083
-19.815327
-17.669392
-13.205713
-12.103088
-12.535394
-7.059108
1.509166
5.915557
3.020914
-1.926356
-0.404303
4.716357
10.734851
14.260101
13.344557
14.230899
-1.125370
4.181506
2.494722
1.917749
2.124546
4.595249
5.688734
6.206604
-19.241610
-18.921261
-15.791532
-10.790686
-9.429552
-11.085807
-4.511760
3.289578
7.628241
4.332852
-1.097249
-1.938964
1.263202
6.276441
13.296444
13.413462
12.732357
1.212066
5.356664
3.748521
2.994837
3.663398
6.912024
8.375444
9.028639
-20.060278
-19.512062
-18.142860
-13.354193
-12.192914
-13.637642
-7.411342
2.600216
6.888270
3.272045
-1.510396
-1.040813
2.925837
8.269122
13.343809
12.668936
13.741345
-0.242768
4.696553
3.047178
2.399002
2.602141
5.065826
6.290506
7.002410
-19.565172
-19.088600
-16.769968
-11.315698
-10.512672
-12.043999
-4.812711
5.043977
7.507811
3.295272
-1.561734
-1.813369
1.550100
6.792616
13.092920
11.992080
12.577501
0.029094
4.793663
3.070477
2.349729
3.065233
6.420593
7.730438
8.324187
-20.060226
-19.432148
-17.504152
-12.544828
-11.431584
-13.398791
-7.271378
2.866255
7.392976
3.528032
-1.097681
-0.955018
2.439605
7.540120
13.526454
12.818470
13.853172
-0.087354
4.683467
3.889105
3.138659
3.257487
5.735290
7.043725
7.937883
-19.725695
-19.218214
-17.487827
-12.143536
-11.333827
-12.544780
-5.770020
3.759635
6.728341
2.677094
-1.985679
-2.161453
1.708686
7.836772
12.939330
11.661054
12.024461
-0.466386
4.372071
3.451283
2.682876
3.117970
6.428189
7.756534
8.399026
-20.059921
-19.493559
-17.882387
-13.154578
-12.267985
-13.212633
-7.707282
1.364642
5.373744
2.648186
-1.795970
-1.553659
2.553548
9.142583
14.413287
13.413624
14.167167
-0.361362
4.507873
3.712405
3.044678
3.446062
6.818013
8.132239
8.616322
-19.556219
-19.179712
-17.347258
-12.503437
-11.888621
-12.954083
-6.305737
3.485397
6.688919
3.049018
-1.661600
-2.558635
1.504813
8.155351
13.887728
12.559498
12.280236
0.324785
4.677263
3.707847
2.973140
3.519714
6.669865
7.974448
8.649603
-20.059746
-19.637651
-17.671534
-13.145821
-12.037235
-13.070927
-7.887460
0.860762
5.559113
3.212698
-1.657398
-1.312497
3.182603
9.573041
14.547269
13.653603
14.571505
-0.380445
4.563180
3.906001
3.226848
3.423010
6.847617
8.237380
8.742356
-19.247801
-19.056799
-17.056175
-12.480486
-11.530889
-12.578732
-5.820057
3.903868
6.388278
2.441538
-2.166441
-2.675965
1.030422
6.589264
13.655654
12.378558
12.576924
0.301943
4.705624
3.900666
3.282362
4.176656
7.518096
8.895377
9.562683
-20.060301
-19.570599
-18.294718
-13.888079
-12.969708
-13.436919
-7.996849
0.809586
5.068209
2.808412
-2.178188
-2.178975
2.190710
9.468238
15.054449
13.826557
14.326986
-1.300969
3.784742
3.291559
2.675358
3.075573
6.890502
-0.709986
-1.089357
0.349089
1.567914
2.796791
4.021010
5.215878
6.361976
7.465252
8.587870
9.736746
-20.059923
-18.908703
-16.141426
-12.496822
-7.581131
-4.423002
-1.152428
2.343256
5.143598
4.199262
3.868973
3.600351
2.033321
-0.634445
-2.646830
-4.418878
0.395867
6.346557
4.985592
1.484628
0.035979
-0.817750
-1.701869
0.251470
1.752404
3.162465
4.465743
5.658492
6.783767
7.582454
7.862771
-20.060038
-17.709665
-13.698777
-12.081555
-8.824033
-3.285721
1.011528
3.352309
8.448921
11.926694
9.626351
6.463497
4.475260
1.804486
-1.577417
-5.992516
-2.803549
-1.072096
0.422679
1.830579
3.188226
4.515236
5.778732
6.944189
1.691080
-0.218275
0.477372
1.566972
2.928827
5.144625
7.414047
8.762858
11.164445
11.082854
5.724030
-6.703917
-1.882762
2.298492
9.297004
7.407903
7.059134
5.299413
0.000000
-0.000001
-0.000000
-0.000000
0.000000
-0.000007
0.001092
-20.059210
-20.059259
-16.447128
-13.018672
-9.488130
-8.531144
-6.289949
-2.415200
2.514424
4.367228
-1.419108
-4.310507
-6.974047
-6.976374
-6.891384
-5.837024
-3.592573
0.247226
1.232278
0.333989
-0.214784
0.647940
1.975366
4.510348
5.451973
5.592787
-0.399964
-2.263700
-3.550763
-3.902103
-5.537904
-5.811170
-3.941307
-1.610504
-0.036801
-0.476032
-0.304245
3.606652
7.480306
3.736008
4.962725
4.702082
5.617180
6.607220
6.444580
5.836998
6.373507
7.977746
9.929564
11.492372
-7.384333
-12.108748
-13.334993
-14.774455
-11.535136
-9.255804
-4.798057
1.082677
2.863957
0.621481
-0.538030
-0.296290
5.483007
8.926018
9.099976
8.832335
7.214242
5.069979
2.885912
-0.646006
4.854095
2.417330
4.702240
8.345214
10.440793
-18.060570
-19.206755
-17.243752
-14.709147
-12.272288
-13.903393
-11.624520
-6.684672
1.533474
6.051455
1.657681
-2.080684
2.357759
7.795856
11.011740
13.241192
12.686784
-0.170919
4.224192
5.170779
3.926641
3.514073
4.678796
7.011546
8.395395
-15.790577
-19.538294
-17.892527
-13.329468
-9.585899
-11.438813
-8.594440
0.866129
6.962007
6.518809
0.564461
-2.621298
0.194930
4.020926
10.794671
12.203245
11.836870
12.496755
0.182460
2.567105
1.270455
1.077835
4.095753
6.753262
7.746830
-18.686340
-19.053225
-16.833830
-12.629664
-9.953957
-12.714650
-10.834435
-1.927636
6.112398
6.949914
1.318464
-1.928101
0.108985
3.555770
10.129128
13.660352
13.703028
-1.338157
4.082553
5.352590
4.166654
3.936872
6.490340
9.497667
11.261788
-18.292593
-19.551600
-18.950027
-14.976143
-12.696604
-14.225683
-10.613817
-1.787218
4.110742
4.731559
-0.304917
-4.475600
-2.167350
3.769778
13.257417
12.395988
11.884881
12.588458
2.784230
4.199366
2.944216
2.670959
4.899553
7.395808
8.699653
-20.060047
-19.962099
-18.922911
-14.609078
-12.631111
-13.576829
-10.611329
-4.389431
2.578936
4.731076
0.603225
-3.316168
-0.732947
5.323085
14.368239
15.572656
15.068469
-2.042786
3.533828
4.670148
3.450631
3.174436
4.985437
7.508653
8.882453
-18.855732
-19.410721
-18.400707
-14.184530
-11.532946
-13.270478
-10.554494
-1.815401
5.503137
6.625136
0.800753
-3.024073
-0.752782
4.089561
12.582988
14.336882
13.988155
-1.745735
3.619663
4.822894
3.661497
3.469072
5.690768
8.237247
9.748462
-18.756348
-19.686794
-18.949823
-14.714420
-12.376980
-13.708979
-10.754017
-2.961339
3.880601
5.385393
0.499583
-3.718479
-1.187893
4.704665
13.908558
14.407281
13.704403
-2.403442
3.182084
4.514858
3.336530
3.110347
5.197450
7.637022
8.978258
-19.836195
-19.796135
-18.912704
-14.604517
-12.288393
-13.468801
-10.758036
-3.532940
3.643369
5.746335
0.674730
-3.205366
-0.471906
5.042440
13.967647
15.137793
14.793031
-2.127445
3.449813
4.669327
3.528388
3.315087
5.270936
7.836822
9.261539
-18.765078
-19.413101
-18.530592
-14.272594
-11.773055
-13.454731
-10.618043
-2.018410
5.108331
6.108628
0.673239
-3.342545
-1.117738
4.231617
12.800141
14.066303
13.519006
-1.598001
3.024074
4.450968
3.310254
3.062456
5.174451
7.544939
8.911625
9.480004
-20.053967
-19.033495
-15.994329
-13.287327
-14.211982
-11.549680
-4.672462
2.966581
5.719656
0.476133
-3.384688
-0.051212
5.463538
14.089561
15.341638
14.732183
-1.727831
3.605898
4.758607
3.619888
3.371918
5.135064
7.636272
9.041752
9.639223
-19.385679
-18.889151
-15.625851
-12.665901
-14.147923
-11.369986
-2.669586
4.988562
6.209023
0.617279
-3.408159
-1.174465
4.166962
13.097674
14.418414
12.439044
-1.462150
3.711022
4.880640
3.721020
3.453546
5.367861
7.682129
9.135120
9.742183
-20.059839
-19.087236
-16.277433
-13.549847
-14.154584
-11.230135
-5.041689
2.421445
5.464397
0.073092
-3.623457
0.072738
5.958060
14.397779
15.728359
15.070617
-1.850240
3.221573
4.493834
3.389473
3.180842
4.947895
7.443427
8.778019
9.252241
-19.252672
-18.867002
-15.206023
-12.158711
-13.854136
-11.200095
-2.253401
5.600151
6.526297
0.796408
-3.159313
-1.053915
3.845369
12.235581
14.534534
12.540067
-1.326897
3.434746
4.703717
3.568797
3.321607
5.340288
7.632356
9.109335
9.761060
-20.060104
-19.068880
-15.980281
-13.209938
-14.072619
-11.424330
-4.898103
2.796402
5.771820
0.478592
-3.404163
-0.053369
5.613565
14.128920
15.574642
14.986706
-4.274819
3.122221
4.424565
3.292567
3.040700
4.845929
7.347133
8.683181
9.262826
-19.216339
-18.872440
-15.121022
-11.894154
-13.723342
-11.377134
-2.379119
5.866368
6.894103
1.058183
-2.941187
-1.028183
3.405408
11.612272
14.530640
12.637168
-1.428231
3.453584
4.697789
3.562398
3.314427
5.365802
7.731986
9.249613
9.855843
-19.975485
-19.048058
-15.903381
-12.981903
-14.101309
-11.775496
-4.697713
3.285684
6.172538
0.718658
-3.297257
-0.284218
4.999345
13.617990
15.264350
14.714330
-4.451207
2.892673
5.259189
4.016899
3.693930
5.243785
7.842457
9.372577
9.986135
-19.337967
-18.884727
-15.679147
-12.905231
-13.929379
-11.643948
-3.397997
4.291087
5.865294
0.661001
-3.576377
-1.840469
3.791007
13.157245
14.419214
12.778217
-1.650846
2.658162
5.032588
3.734233
3.457765
4.800740
7.075508
8.556357
9.298244
-20.059893
-19.154112
-16.007915
-13.432115
-13.285201
-9.893907
-5.789849
1.117870
4.635066
0.034716
-3.818754
0.063839
6.093558
14.654099
16.263121
15.558955
-3.753500
2.486189
4.905576
3.622048
3.324980
4.251688
6.836216
8.250841
8.756916
-19.127480
-18.828121
-15.377087
-12.154651
-13.368804
-11.405540
-2.323350
5.799398
6.655518
0.961103
-3.049488
-1.069483
3.050656
11.148387
14.546652
13.271156
-1.437593
2.314826
4.940156
3.737118
3.515141
5.507460
7.883741
9.492865
10.149735
-20.049982
-19.081524
-16.103586
-13.439154
-13.955456
-11.737285
-5.333982
2.547590
5.754623
0.517082
-3.627331
-0.678722
4.818403
13.767146
15.696492
15.004844
-4.267758
2.225601
4.711294
3.452570
3.201758
4.359926
6.819351
8.282737
8.807363
-19.409325
-18.897043
-15.413307
-12.252816
-13.280244
-11.651818
-3.460879
4.912512
6.798155
1.564984
-2.715709
-0.861256
3.543657
12.258039
14.728114
13.959455
-2.061218
2.087475
4.797352
3.540144
3.255715
4.856570
7.244474
8.771502
9.437587
-19.936434
-19.033386
-15.741750
-12.755570
-13.459792
-11.900552
-5.027729
3.408886
6.701119
1.189101
-2.872368
-0.272114
4.522122
12.845845
15.029310
14.614139
2.101435
1.869804
4.585166
3.291878
2.996748
4.231374
7.360965
8.813780
9.606859
-19.162880
-18.798628
-14.943019
-11.714404
-13.221285
-11.714571
-3.270719
5.318818
6.826345
1.372146
-2.839669
-1.546715
2.837889
11.196752
14.178096
13.149231
-1.701221
2.250579
4.854447
3.559245
3.285760
4.916936
7.848029
9.324159
10.256568
-20.059481
-19.063131
-15.674553
-12.870808
-13.553096
-11.997866
-5.756615
2.475828
6.264631
0.908911
-3.251119
-0.783219
4.440006
13.322119
15.694160
15.191468
-2.161371
2.414153
4.800768
3.480716
3.099293
4.277447
7.415111
8.873034
9.705063
-19.117214
-18.813904
-15.014022
-11.662596
-13.031835
-11.633605
-3.094887
5.528957
6.902390
1.408703
-2.851029
-1.645211
2.778242
11.041247
14.331189
13.025193
-1.816625
2.037684
4.688361
3.382882
3.195469
4.792194
7.678430
9.139894
9.990209
-20.060085
-19.078838
-15.485257
-12.670092
-13.306061
-11.805395
-5.804857
2.425716
6.366788
1.172853
-2.896921
-0.366684
4.599154
13.131484
15.535765
15.031011
-3.001684
1.928152
4.509676
3.217071
2.892854
4.070976
-0.611437
-0.623116
0.890771
2.000871
3.149379
4.334808
5.522775
6.641650
-5.378963
-1.871899
1.808087
2.313747
0.733953
-7.220010
-6.628232
0.974739
7.732141
5.509409
2.913715
5.101660
9.932807
7.095506
4.952266
3.712630
3.387394
2.936662
12.879786
15.060085
-3.120878
-2.427542
-1.696074
-0.747261
0.251794
-18.018942
-20.058252
-17.866556
-12.175889
-9.090052
-10.413032
-5.888160
2.103972
5.056647
2.667111
-0.849398
-0.915305
2.713980
6.680391
9.143899
10.640673
9.342866
0.489902
4.385415
3.295863
2.248271
2.013170
5.500361
7.170664
7.863428
-17.795849
-19.424807
-17.269527
-11.989334
-9.188669
-11.802984
-6.764529
1.232741
6.261481
4.305676
-0.355907
-1.269922
2.182751
6.516086
11.484128
11.905368
11.683599
11.108168
3.139213
2.022493
1.226823
1.272382
5.204411
6.670744
7.576698
-17.342806
-19.293459
-16.937313
-11.912607
-10.024888
-12.892508
-8.180849
2.390254
7.398174
5.089671
-0.085189
-1.722264
1.333608
6.192340
12.425546
11.395262
11.982934
12.397504
2.899775
2.841470
1.934967
2.047901
6.512589
8.213829
9.174896
-16.064783
-19.264736
-17.577366
-13.251451
-12.328495
-14.014731
-8.583334
1.410426
5.954600
3.677933
-1.134043
-3.201214
0.053496
5.736237
12.915320
11.538048
11.956341
-2.310044
2.756283
3.005695
2.006517
2.295693
6.472789
8.093634
9.305975
-17.566133
-19.311001
-16.773129
-12.345824
-11.213942
-13.647331
-9.029995
1.023154
6.521457
4.727470
-0.272003
-2.699825
0.317926
6.292124
13.434845
12.149969
12.564529
-1.377920
3.559255
3.822441
2.813092
2.850124
7.020121
8.676435
10.027102
-17.543118
-19.426510
-17.647026
-13.179789
-11.815380
-13.888247
-9.101394
0.856284
5.927500
4.169411
-0.645724
-3.069483
0.184251
6.131287
13.459500
12.030880
12.278665
-2.045785
3.025836
3.241354
2.169923
2.199353
6.289819
7.772683
9.002523
-18.177719
-19.403952
-17.146666
-12.513435
-11.034179
-13.524827
-9.109596
0.789477
6.308980
4.811861
-0.155421
-2.454591
0.711103
6.302133
13.661853
12.402613
12.790050
-1.161768
3.746925
4.029190
3.015132
2.919208
6.946764
8.636941
9.836584
-17.601130
-19.399588
-17.874016
-13.253856
-11.546655
-13.830945
-9.127275
1.127567
6.368102
4.394492
-0.662177
-2.899759
0.401851
5.690619
13.274609
11.885491
12.162871
-1.163739
3.731400
3.983265
2.926198
2.937264
7.056608
8.665720
9.907634
-18.183556
-19.495483
-18.021095
-13.383309
-11.706073
-13.972877
-9.508675
0.303842
5.699133
4.591836
-0.560757
-2.701229
0.750520
6.028218
13.504652
12.201674
12.629781
-1.372038
3.641560
3.966489
2.982246
2.948936
6.981615
8.576631
9.574550
-18.559404
-19.331848
-17.875805
-13.144768
-11.465019
-13.799444
-8.920835
1.309415
6.403470
4.449561
-0.631457
-2.626163
0.975747
5.798072
13.079927
11.525200
11.706704
-3.043700
3.666458
4.087363
3.157780
3.236466
7.464102
9.169441
10.251884
-18.338312
-19.503227
-18.419338
-13.902699
-12.407658
-14.446336
-9.844942
-0.167875
4.978160
4.078203
-0.754210
-3.028595
0.686656
6.220062
13.647254
12.116589
12.314796
-2.842752
3.431655
3.857600
2.960111
3.121144
7.124609
9.406048
10.463852
-18.033409
-19.502811
-18.159159
-13.604149
-12.118470
-14.128525
-9.501421
0.324343
5.723323
4.160331
-0.710638
-3.180331
0.471415
6.717587
14.075264
12.362710
12.311007
-0.321009
4.314568
4.633946
3.710732
3.882359
7.724361
9.985671
11.293461
-18.859039
-19.828245
-18.971706
-14.679890
-12.983640
-14.439585
-10.210802
-1.540232
4.144194
3.829585
-1.327235
-3.482895
0.650397
7.206363
14.827905
13.316778
13.507302
-1.313983
3.754809
4.247114
3.419966
3.485121
7.374389
9.528342
10.499103
-18.199690
-19.523384
-18.660404
-14.120571
-12.474910
-14.113129
-9.117625
0.817653
5.907717
4.195807
-0.960450
-3.223307
0.703699
7.027887
14.226005
12.310489
12.135124
-0.646161
4.213050
4.651072
3.841889
4.100763
7.924355
10.171245
11.381570
-18.831772
-19.949028
-18.996658
-15.186281
-13.554479
-14.690597
-10.413739
-2.051562
3.517637
3.484494
-1.490362
-3.735802
0.639301
7.687559
15.438407
13.680923
13.631430
-0.880162
4.048535
4.558528
3.842195
3.949667
7.741902
9.874214
10.882644
-18.419401
-19.718000
-18.919533
-14.880175
-13.217519
-14.342020
-9.590065
-0.443016
4.688601
4.067269
-1.219097
-3.709460
0.794789
7.680080
15.158978
13.236038
12.901740
-0.422380
4.314790
4.743162
4.041873
4.265070
8.005825
10.210556
11.333511
-18.694477
-19.999186
-19.003170
-15.377920
-13.705853
-14.510069
-10.160421
-2.033919
3.417584
3.615396
-1.507599
-3.896666
0.657108
7.858015
15.925049
13.951321
13.715059
-0.908453
4.079296
4.619187
3.968426
4.219864
7.985579
10.093942
11.133833
-18.514107
-19.876665
-18.981125
-15.438192
-13.790226
-14.427423
-9.870381
-1.501238
3.714663
3.706400
-1.385184
-4.118317
0.508871
8.408596
16.065983
13.878519
12.835605
-0.479065
4.440170
4.904026
4.187142
4.322865
7.910865
9.991295
11.163116
-19.457796
-20.060062
-18.970922
-15.501432
-13.695036
-14.196289
-10.043643
-2.689609
2.848747
3.502794
-1.571575
-3.766863
0.864102
8.091526
16.564247
14.555453
14.189292
-1.261915
4.058004
4.659472
4.020243
4.260479
7.993157
10.091505
11.070273
-18.398382
-19.727077
-18.948343
-15.215701
-13.422526
-14.482450
-9.727279
-0.461706
4.760809
4.249812
-0.965352
-3.575845
0.665592
7.590727
15.181649
13.196249
12.496186
-0.388778
4.395299
4.836634
4.117305
4.323672
7.924820
10.114297
11.305404
-19.409311
-20.059679
-19.023689
-15.585356
-13.717000
-14.327630
-10.350823
-3.228431
2.424913
3.178398
-1.756887
-4.103577
0.375541
8.068983
16.785160
14.665364
14.152569
-0.743488
4.381560
4.930572
4.287732
4.395733
8.090110
10.169062
11.227206
-18.592051
-19.880072
-18.967783
-15.749708
-13.794664
-14.529840
-10.029238
-1.378762
4.019046
4.095522
-1.281472
-3.752516
1.014390
7.747744
15.808478
13.658790
13.076802
-0.527650
3.985972
4.633119
4.001646
4.306391
7.972135
10.100619
11.237528
-18.750566
-19.990501
-19.014360
-15.307906
-13.415424
-14.315979
-10.206188
-2.235118
3.427904
3.925944
-1.114017
-3.835027
0.694022
7.862102
16.209032
13.949757
13.256437
-0.596349
4.210554
4.828471
4.174586
4.379584
8.029506
10.166604
11.303280
-18.751677
-19.975538
-19.012772
-15.409542
-13.439791
-14.376326
-10.322258
-2.256460
3.455616
4.055823
-1.133798
-4.100433
0.683221
7.930941
16.045994
13.768039
12.613523
-0.555644
4.270383
4.851655
4.186858
4.371855
7.865043
9.928617
11.163149
-20.060070
-20.059340
-19.002047
-16.951433
-14.704000
-15.167512
-11.007056
-3.487945
2.534704
3.657344
-1.584593
-4.311482
0.885858
7.877995
16.536682
14.302009
13.584217
-1.231183
4.069026
4.723869
4.112363
4.349054
7.984663
10.031739
11.165474
-20.060020
-20.023865
-18.931698
-16.754206
-14.647322
-15.348736
-10.881304
-2.322880
3.504380
3.987171
-1.260563
-4.245525
0.675730
7.959228
15.950961
13.780354
12.588651
-0.594821
3.862157
4.546473
3.884049
4.081509
7.534182
9.536786
10.919187
-20.060163
-20.059879
-18.968348
-16.422300
-14.094174
-14.732241
-10.705091
-3.285144
2.836027
4.022599
-1.319470
-4.062210
1.133338
7.648110
16.304567
14.054584
13.539242
-1.092845
3.361369
4.224061
3.649785
3.817994
7.437495
9.490708
10.782733
-20.060091
-19.888512
-18.891724
-16.152210
-13.911123
-15.040787
-10.717636
-1.840975
4.190419
4.533692
-1.050203
-3.684479
1.047599
7.347280
15.038893
13.185602
12.687951
-0.911960
3.429713
4.299482
3.646796
3.822028
7.413766
9.491851
11.061779
-20.060110
-20.059349
-18.971195
-16.094343
-13.683582
-14.886729
-11.002035
-2.902324
3.419526
4.428331
-1.068927
-3.862020
1.136264
7.109389
15.665730
13.460188
13.041087
-0.966709
3.297841
5.179953
4.464023
4.556580
8.198169
-0.690779
-0.963544
0.558283
1.720336
2.825072
1.532095
0.367442
-10.266018
-5.489248
-3.527825
-3.772874
0.424209
5.711494
7.046142
4.402340
5.105292
10.300428
13.448549
10.767529
7.788197
5.221390
3.648652
1.737317
-0.502283
-1.149466
-0.956353
-0.276180
0.850957
2.141968
3.595863
-16.726391
-13.917953
-10.106312
-9.054879
-9.393324
-9.951300
-4.970747
1.638996
4.225610
1.260802
-0.981098
3.212944
8.487579
10.172544
10.965721
9.696012
9.591331
1.479013
4.465641
3.046446
2.639920
2.766315
4.388147
5.755412
6.174917
-19.337347
-17.161583
-13.120007
-9.021021
-9.732844
-9.649755
-1.762137
5.101872
6.075796
1.600731
-0.844023
1.677627
4.431717
8.616951
12.975489
11.513106
11.345745
-0.666931
3.440574
2.128729
2.029453
3.345012
6.717310
8.417059
9.064602
-19.292557
-18.707489
-14.928412
-10.824914
-12.661279
-12.515229
-4.539413
4.629329
6.466862
1.696819
-1.725473
0.179284
3.251403
9.679124
12.935887
12.243776
12.906046
1.280733
4.565334
3.193058
2.893723
4.403658
7.833234
9.734365
10.751396
-19.545689
-19.067228
-15.954089
-12.336437
-13.654907
-13.214394
-5.583869
3.963804
6.788041
1.469239
-2.446527
-0.496884
3.102128
10.761977
13.460443
13.019360
14.011909
1.922887
4.828047
3.534861
3.218826
4.695327
8.043428
9.910492
10.752950
-19.440542
-19.067793
-16.144543
-12.433658
-13.585878
-12.955380
-4.946069
4.502995
6.992925
1.466377
-2.624337
-0.531487
3.025319
10.436988
13.512073
13.043486
13.849738
1.544661
4.621943
3.314241
3.172099
4.977679
8.217072
10.065820
10.767004
-19.497387
-19.095509
-16.126183
-12.548717
-13.633475
-12.819149
-5.168008
3.837055
6.198503
1.266450
-2.816555
-0.483142
3.260066
11.250935
13.778874
12.973348
13.528028
1.477848
4.612048
3.338856
3.237320
4.905745
8.038127
9.855297
10.639690
-19.758633
-19.135799
-16.338779
-13.007251
-13.724834
-12.794518
-5.888213
3.005719
6.123635
1.043376
-3.045684
-0.341402
3.897730
12.006995
14.550748
13.773059
14.143704
1.379598
4.481112
3.228992
3.154988
4.841939
7.903057
9.619654
10.260489
-19.557856
-19.087626
-15.912788
-12.247196
-13.184814
-12.544016
-4.859856
4.333203
6.807276
1.650586
-2.605340
-0.120629
3.555596
11.176015
14.079878
13.304356
13.834188
1.465422
4.648780
3.444418
3.403682
5.067617
8.226521
10.102701
10.889086
-19.707478
-19.154152
-16.594463
-13.061126
-13.759789
-12.943103
-5.744031
3.320030
6.298893
1.075591
-3.036907
-0.189230
3.676179
11.569407
14.081925
13.261196
13.872197
1.137376
4.399758
3.247737
3.254112
5.029423
8.166822
9.943654
10.623341
-19.648031
-19.138226
-16.419104
-12.909594
-13.614174
-12.709761
-5.454749
3.345281
5.790366
1.234055
-3.039112
-0.590801
3.929185
12.235627
14.302418
13.157620
12.948172
1.285628
4.440563
3.327956
3.274848
4.774813
7.704499
9.389301
10.193701
-20.060135
-19.223257
-16.225018
-12.757456
-13.128443
-11.944940
-6.225052
2.241048
5.866796
1.023642
-3.030766
-0.164984
5.009212
12.618998
14.857059
13.882700
13.895028
1.354957
4.596777
3.460480
3.393868
4.787184
7.823197
9.510186
10.134894
-19.765621
-19.259369
-17.523981
-13.061710
-13.784732
-12.894368
-4.686258
4.762797
7.141952
1.744074
-2.715981
-0.264160
3.596835
10.773800
13.564142
12.667735
13.046006
0.967547
4.475283
3.274711
3.173923
4.717306
7.807650
9.622372
10.360564
-20.059448
-19.401466
-17.885893
-13.459373
-13.978744
-13.251521
-5.989280
3.566795
6.986343
1.325467
-2.860171
-0.044707
3.876615
10.695984
13.416428
12.674061
13.394844
0.972672
4.502846
3.371568
3.251148
4.760288
7.925902
9.735703
10.538123
-19.745510
-19.271862
-17.870623
-13.291386
-14.115676
-13.262172
-4.992059
4.398899
6.664003
1.401368
-2.951554
-0.558865
3.550538
10.375170
13.034089
12.079228
12.415141
1.059598
4.548879
3.407744
3.278931
4.788866
7.836194
9.611654
10.566299
-20.060036
-19.503317
-18.086899
-13.792968
-14.049591
-13.321616
-6.674416
2.729333
6.620511
1.032039
-2.998499
0.101871
4.296535
11.012675
13.686249
12.921394
13.654679
0.855295
4.464743
3.364182
3.298296
4.796443
7.919116
9.688394
10.620318
-19.681288
-19.251104
-17.751570
-13.095624
-13.949765
-13.048840
-4.612557
4.482959
6.368680
1.424301
-3.090250
-0.919060
3.847105
9.999919
12.915580
11.868783
12.114999
0.810227
4.422324
3.320276
3.231128
4.566870
7.569982
9.317327
10.423522
-20.060085
-19.644814
-18.241838
-14.184982
-13.869497
-12.025049
-7.581838
0.528109
4.662817
0.457121
-3.954034
-0.523114
4.929787
12.589339
14.712304
13.814720
14.034792
1.125373
4.539397
3.540211
3.520270
4.875729
7.856159
9.521197
10.395120
-19.697048
-19.265713
-17.910345
-13.204525
-13.759848
-12.751594
-4.219974
4.967493
6.502474
1.581209
-3.144679
-0.813950
4.072727
10.059778
13.395482
12.242592
12.341514
0.347656
5.270075
4.047318
3.730250
4.929938
8.010097
9.932350
10.984296
-20.059076
-19.692705
-18.519255
-14.934886
-14.024232
-12.000154
-8.210909
-0.432752
3.757516
0.021944
-4.791023
-1.522646
4.406878
13.172433
15.413265
14.226950
14.281035
0.999756
5.496561
4.447647
4.306736
5.438574
8.529414
10.283156
11.017080
-19.920994
-19.402800
-18.545074
-14.828423
-14.204739
-13.401841
-5.956469
2.981320
5.482285
0.942041
-3.829005
-1.584640
4.612204
11.629189
14.353724
12.874505
12.602367
-0.026651
4.766840
3.577884
3.345851
4.443314
7.401616
9.079663
10.219313
-20.059799
-19.686390
-18.178490
-14.397898
-13.272684
-10.388957
-7.572047
-0.928413
3.253950
0.207847
-4.716367
-1.667966
4.696117
13.493624
16.419075
14.875398
14.637550
0.955472
5.455470
4.403917
4.310621
5.341101
8.361985
10.100530
10.879714
-20.044069
-19.419498
-18.540764
-14.721684
-13.933962
-13.248267
-6.116940
3.098949
6.217394
1.190954
-3.649971
-0.966070
4.406613
11.850085
14.543797
13.170500
13.129085
0.308373
5.010265
3.945649
3.753647
4.987465
8.087595
9.953417
10.859253
-20.059610
-19.530437
-18.386347
-14.379661
-13.667412
-12.563046
-7.538863
1.012315
4.842362
0.912295
-3.745315
-1.452284
3.639217
12.703733
15.117943
13.737734
13.876781
0.217155
4.977493
3.894310
3.715837
4.819570
7.765881
9.489813
10.534444
-20.059607
-19.453331
-18.167328
-13.906862
-13.245439
-12.893719
-6.644181
2.547199
6.455666
1.471085
-3.312378
-0.743709
3.994065
11.597201
14.515192
13.318157
13.597798
-0.287694
4.710700
3.620100
3.418826
4.694825
8.347884
10.052147
10.795003
-19.772861
-19.351583
-18.020306
-13.590562
-13.009910
-13.519343
-6.645711
3.134664
6.736125
1.946734
-2.961204
-1.130740
3.276027
10.815273
14.128264
12.960068
12.873589
0.555589
5.175082
4.018629
3.736046
4.954988
8.602737
10.349001
11.267628
-20.059996
-19.468855
-18.128986
-13.745997
-13.100414
-13.668280
-7.488882
2.099351
6.491038
1.468554
-3.158737
-0.810731
3.474298
10.908550
14.160275
13.048063
13.473926
0.380937
5.198125
4.080109
3.875782
5.027514
8.820918
10.645817
11.529581
-19.731972
-19.407454
-18.558769
-14.260616
-13.532211
-13.906788
-6.963956
2.710448
6.189107
1.436285
-3.467386
-1.681830
3.637524
10.603002
13.938927
12.616117
12.509725
0.120439
4.882018
3.766024
3.521684
4.660034
8.136843
9.789012
10.703583
-20.059835
-19.543344
-17.918348
-13.615392
-12.914007
-12.583626
-7.778817
0.666851
5.077872
1.318326
-3.361179
-1.072362
3.874510
11.798302
14.988249
13.688045
13.962930
0.230396
5.079336
4.097489
3.936635
4.972765
8.566528
10.285348
11.087961
-19.818237
-19.379377
-18.339916
-13.884755
-13.140553
-13.618576
-6.637510
3.254963
6.906266
2.005592
-3.235390
-1.328927
3.676654
10.357771
14.092365
12.812878
12.897491
0.534255
5.192455
4.061503
3.772014
4.741931
-0.605207
-0.609727
0.859137
1.946109
3.087286
4.266087
-8.001864
-5.799186
-2.744306
-0.358218
-0.381111
-1.858637
1.118481
5.363754
7.725777
7.369019
7.856633
8.895193
8.433083
8.099705
5.573897
4.008574
3.648602
-0.091758
-0.788944
-1.777036
-1.087239
-0.467916
0.485540
1.888569
3.996407
-2.603228
-8.293846
-6.909365
-6.398645
-8.979578
-11.036954
-7.589464
-2.610225
1.121633
-1.678351
-5.815478
-1.456913
8.038378
10.770088
8.227089
6.778537
6.346483
0.778016
4.822691
3.650467
2.973797
3.018506
4.356860
5.875382
6.480700
-18.905411
-16.983530
-13.314775
-9.400459
-7.297610
-9.765016
-4.654943
1.642436
3.571662
1.450128
0.346183
3.057492
4.817139
6.150527
10.187725
11.043924
9.539248
-0.124493
4.228312
3.357220
3.261979
4.789844
8.874137
10.757330
11.588099
-19.273827
-19.184229
-16.899218
-12.230481
-11.968864
-14.001040
-6.893063
3.752762
7.021749
2.909173
-1.577901
-0.602854
2.784299
8.292425
12.778462
11.571349
11.875189
-2.721271
3.872037
2.351338
1.953128
2.534475
6.472546
8.260594
9.284809
-19.603828
-19.088354
-15.911917
-11.128511
-10.387885
-13.108150
-6.344875
4.412726
7.984011
3.338413
-1.265490
0.321342
3.143663
8.013741
11.932518
11.202986
12.009844
-2.457416
4.357518
2.876148
2.413767
2.786260
6.581716
8.493405
9.371542
-19.339359
-19.060455
-16.762949
-11.425957
-10.317166
-12.852213
-5.317950
5.304969
8.513667
3.465379
-1.504126
-0.167112
2.575271
6.520105
11.452898
10.513174
11.127507
10.404771
4.526011
2.940122
2.483474
2.831788
6.922143
8.761182
9.805859
-19.659237
-19.200394
-17.394711
-11.879678
-10.842218
-13.259086
-5.936786
4.312505
7.696869
2.999277
-1.909701
-0.157677
2.462428
7.129404
11.198802
10.169272
10.679502
10.044711
4.259294
2.758138
2.338429
2.839933
6.947628
8.795988
10.413218
-19.670622
-19.188820
-17.618917
-12.214785
-11.445768
-13.728723
-6.449249
3.832989
7.407093
2.672877
-2.248559
-0.310374
2.596790
7.904401
11.640655
10.425847
10.803448
10.160343
4.274449
2.994265
2.590168
3.574954
7.497475
9.402336
11.071950
-19.738371
-19.249935
-17.679440
-12.503149
-11.806337
-13.978545
-6.915802
3.166568
6.814050
2.505088
-2.431503
-0.614822
2.957410
8.536732
12.374183
11.023089
11.228260
-0.093558
5.293863
4.079055
3.702579
4.751535
8.676808
10.644357
12.057909
-20.060064
-19.490488
-18.297314
-13.557493
-12.622452
-14.301453
-7.969528
2.104838
6.269115
1.923461
-3.005368
-0.858280
2.961670
9.458861
13.510466
12.158810
12.413784
0.586001
5.488044
4.429075
4.172919
5.217360
9.029325
10.939521
12.211528
-19.864544
-19.412008
-18.679230
-14.070366
-13.122540
-14.293316
-7.395608
2.554406
6.546739
1.494922
-3.688110
-1.448762
3.384833
9.138867
13.456426
12.063339
11.885005
-0.007486
4.992302
3.991208
3.734036
4.785367
8.370350
10.092624
11.302170
-20.059532
-19.598480
-18.514591
-14.105428
-13.004731
-12.979882
-8.285110
0.403403
4.640866
1.526929
-3.695026
-1.227551
3.632472
11.373388
14.999290
13.486178
13.664773
0.227994
5.161487
4.317817
4.272661
5.254974
8.923209
10.655076
11.534030
-19.760998
-19.409786
-18.707262
-14.494387
-13.424672
-13.864647
-7.062150
2.622374
5.979197
1.965000
-3.661926
-2.540048
3.571490
9.701875
14.439742
12.716313
11.918259
-0.379862
4.698334
3.703567
3.476823
4.313913
7.611596
9.184097
10.444066
-20.060116
-20.023554
-18.735144
-15.286371
-13.382642
-10.873685
-8.426353
-2.199003
2.724321
0.981863
-4.270313
-2.939726
4.204792
12.160840
16.502544
14.537023
13.112124
0.787641
5.350600
4.530313
4.425771
5.021879
8.293257
9.838194
10.900578
-20.059715
-19.660225
-18.582188
-15.153143
-13.645123
-13.928924
-6.811684
3.453175
7.158816
2.656794
-3.336266
-1.546678
4.148442
9.888618
14.069515
12.496339
12.209892
0.081818
5.144890
4.117582
3.841184
4.684941
8.380574
10.229404
11.285413
-20.059855
-19.693188
-18.681883
-15.205928
-13.901443
-14.548812
-8.566974
1.225605
5.377180
1.900809
-3.384249
-1.846727
3.141832
10.172697
14.090091
12.593240
12.487650
0.174409
5.081212
4.079932
3.853710
4.717339
8.271569
10.010065
11.316045
-20.060047
-19.643002
-18.630636
-14.573264
-13.356452
-14.277659
-7.717604
2.541993
6.870235
2.379664
-3.346713
-1.680971
3.162960
9.531407
13.865772
12.428782
12.449196
0.084174
5.098403
4.069213
3.817318
4.733105
8.414781
10.234388
11.501128
-20.059439
-19.606936
-18.656702
-14.539032
-13.318193
-14.536397
-7.922251
2.602086
7.312799
2.277132
-3.304698
-1.888766
2.885061
9.195100
13.561246
12.143511
12.138138
0.138700
5.153884
4.001006
3.678097
4.492010
8.126159
9.905691
11.283520
-20.059280
-19.646585
-18.644587
-14.232208
-12.893489
-14.392940
-8.038731
2.361305
6.965793
2.704864
-3.206775
-1.230755
3.045197
8.845368
13.442117
12.025306
12.243397
0.071579
5.224503
4.247557
4.009215
5.012179
8.939910
10.961346
12.195886
-20.006311
-19.571602
-18.752047
-14.587246
-13.366387
-14.631210
-7.859200
2.542769
6.857500
2.283773
-3.411788
-2.278766
2.612063
8.322485
12.943260
11.482690
11.413486
-0.498430
4.767124
4.085559
3.701813
4.531451
8.129070
9.925525
11.501309
-20.060146
-19.911928
-18.668482
-15.051949
-13.543455
-13.891452
-9.122114
-0.393306
4.530437
1.911788
-3.769144
-2.452424
3.289351
10.378125
14.696012
13.227722
13.196959
0.104251
5.052627
4.577667
4.389010
5.060765
8.656111
10.462890
11.743336
-20.060072
-19.631777
-18.658485
-15.338168
-14.003124
-14.494390
-7.816857
2.448390
6.824064
2.112451
-3.869133
-2.575312
3.227852
9.167108
13.797603
12.158262
11.878978
-0.826457
4.435222
3.819602
3.540810
4.335827
7.990669
9.761399
10.983773
-20.060040
-19.772287
-18.665220
-15.052338
-13.518154
-13.552904
-8.870301
-0.128977
4.649343
2.260900
-3.293275
-2.445322
3.161430
10.304777
14.827971
13.181906
13.173830
-0.409442
4.662632
4.244189
4.083664
4.944158
8.541856
10.337800
11.535226
-20.059639
-19.615887
-18.672871
-14.996169
-13.585269
-14.355814
-8.075219
2.326778
7.007603
2.644021
-3.400332
-2.439806
3.246631
9.446714
13.935166
12.296194
12.146667
-0.447512
4.735548
4.183335
3.925184
4.633572
8.342522
10.263451
11.554984
-20.060093
-19.696230
-18.701233
-15.363514
-13.857006
-14.336093
-9.245939
-0.069787
4.650082
2.117037
-3.458767
-2.839751
2.525591
10.338023
14.747764
12.995077
12.877459
-0.411292
4.694454
4.249412
4.046190
4.843227
8.890740
10.757280
11.581699
-20.060080
-19.597530
-18.680437
-14.876990
-13.422901
-14.442604
-8.697891
1.492866
6.468897
2.986866
-3.098653
-2.346976
2.821299
9.733859
14.356503
12.755660
12.628031
-0.064063
4.930940
4.423024
4.181971
4.968848
9.175223
11.272809
12.157077
-20.060045
-19.593519
-18.764368
-14.984325
-13.373742
-14.753098
-8.937485
1.346311
6.329749
2.803922
-3.168968
-2.708228
2.667511
9.348078
13.875149
12.261775
12.114212
-0.141238
4.845223
4.361713
4.078442
4.771892
8.907693
10.924738
12.105462
-20.059633
-19.642326
-18.710238
-14.825851
-13.316891
-14.633414
-9.189886
0.724846
5.753366
2.860786
-3.072689
-2.584943
2.521423
9.528309
14.202294
12.552492
12.544261
-0.274090
4.792186
4.391623
4.149466
4.852991
8.975973
11.045286
11.979694
-20.059021
-19.574833
-18.710718
-14.780938
-13.218127
-14.708029
-8.925094
1.404776
6.647161
2.824245
-3.158904
-2.641765
2.665896
9.092251
13.761425
12.104822
11.992525
-0.450182
4.762080
4.324889
4.056134
4.738715
8.840920
10.892542
12.270802
-20.060026
-19.689953
-18.728497
-15.123840
-13.502598
-14.655194
-9.501774
-0.013092
5.165644
2.783478
-3.179705
-2.741742
2.425357
9.507626
14.505396
12.791156
12.749314
-0.409322
4.715740
4.408922
4.225683
4.972954
9.095969
-0.706682
-1.064277
0.521032
1.701149
2.890295
4.098752
5.273731
6.404020
7.431378
-8.038426
-4.163034
0.374087
1.157857
1.486620
0.321803
1.470648
0.632059
1.233400
3.810573
3.664333
1.718864
-3.237097
-6.748232
-6.983650
-3.877618
-2.549960
-2.438645
-2.998742
-3.524830
-3.633650
-3.348932
-2.269882
-2.152177
-0.570495
1.347461
1.873870
-0.609070
0.265359
2.690797
5.856745
13.281490
19.197165
0.893880
5.226068
7.108614
9.053511
8.918494
10.894694
15.318614
-0.000000
-0.970413
0.153235
-20.060026
-19.662930
-19.169561
-19.169418
-18.570730
-17.930841
-15.360614
-7.488781
2.110524
0.574135
-2.521762
0.663082
6.561234
10.682529
9.751180
-4.368087
-0.717532
3.036922
4.892257
4.357446
5.277243
7.025084
9.248935
10.651941
11.434286
-19.467371
-16.882401
-12.439001
-10.367615
-9.008803
-7.716304
-1.474708
6.094421
8.547964
3.779723
0.154142
4.064396
8.909863
12.177218
15.545103
14.044837
12.178182
7.727557
1.954221
1.157051
1.456655
2.232140
3.713879
5.222061
5.996925
-19.273567
-17.715437
-13.635366
-9.734377
-10.494105
-11.056944
-3.053204
7.150115
10.083368
3.694064
-0.396959
1.792587
3.775479
8.266484
13.300196
12.635408
13.544127
0.848266
4.961680
3.748155
3.679383
4.402453
7.820853
10.087076
0.000501
-19.681444
-19.037485
-16.806564
-11.972890
-13.126746
-11.884439
-2.470453
7.082062
8.750020
1.028529
-3.161877
0.294297
3.813170
8.945060
10.156138
9.984719
10.824469
11.008719
1.392974
0.103033
0.175010
0.944384
4.761682
6.848639
7.593790
-19.067003
-18.201954
-14.202915
-9.685296
-11.181229
-10.955372
-1.754774
8.370007
9.339695
2.848304
-1.192466
0.664733
2.348569
6.383707
12.398042
11.708402
12.513939
0.585791
4.969371
3.773824
3.788814
4.441243
8.197859
10.457600
0.000327
-19.711603
-19.064198
-16.536940
-11.849934
-12.808460
-12.180795
-3.282844
6.764512
9.190092
1.474688
-2.852723
0.632328
3.614366
8.098296
10.698424
10.521571
11.507115
-2.129610
2.812278
1.556904
1.576929
2.208150
5.046793
7.089828
8.064376
-19.184933
-18.750183
-15.059110
-10.715725
-11.609154
-11.172927
-1.576761
8.514230
9.611989
2.732665
-1.612013
0.226729
2.054797
6.073405
12.597863
11.885059
12.640972
1.146374
5.375487
4.259404
4.291367
4.948938
8.815638
11.125285
-0.000032
-19.689751
-19.065611
-16.390448
-11.738962
-12.686391
-12.040133
-3.145623
6.621187
8.755923
1.502427
-3.049804
0.438179
3.435281
8.266567
10.538495
10.175825
10.964720
-2.800237
2.838381
1.693143
1.720020
2.325615
6.115521
8.268429
9.330084
-19.172066
-18.831657
-15.292820
-10.625856
-12.002993
-11.473804
-1.931679
7.899765
8.756843
2.392488
-1.916550
0.279950
2.374524
6.452373
11.593843
10.887863
11.480210
0.279614
4.871104
3.842660
3.891974
4.829518
8.876470
11.154308
0.000394
-19.681498
-19.029360
-16.136213
-11.681851
-12.905415
-12.531464
-4.089190
5.658469
8.121614
1.500646
-2.954098
0.557413
3.418681
8.648906
10.897985
10.405585
11.156327
-0.734787
3.943851
2.835538
2.859117
4.058394
7.923030
10.076289
0.633379
-19.490599
-18.974960
-16.385828
-11.583570
-13.173681
-12.417823
-3.023223
6.501493
7.819098
1.746226
-2.711445
0.196104
2.823957
7.739025
11.280538
10.569186
11.106387
-0.047785
4.496305
3.465662
3.524210
5.310390
9.169541
11.597751
0.000095
-19.745846
-19.119694
-16.411892
-11.989113
-13.294428
-12.807527
-4.371447
5.376050
7.922908
1.548156
-3.114431
0.329641
3.127281
8.962004
11.356158
10.643617
11.211489
-0.138298
4.396060
3.391788
3.536482
5.233044
9.000327
11.185075
-0.000023
-19.729704
-19.125000
-16.835464
-12.383918
-13.625527
-12.903124
-4.359484
4.940959
6.983605
1.195463
-3.361929
-0.129882
3.778666
9.585711
11.779392
10.801541
11.059448
0.542562
4.644362
3.724984
3.837896
5.541012
9.048369
11.274377
-0.007462
-20.054195
-19.245996
-17.420929
-13.291596
-13.987609
-13.330165
-6.150595
3.196292
6.557581
0.430974
-3.678892
0.214487
4.181193
11.301127
12.699351
11.652080
11.980990
0.895973
4.766034
3.924970
4.087957
5.848952
9.275842
11.433148
13.101792
-19.748343
-19.195431
-18.078615
-13.969531
-14.520552
-13.503139
-5.407553
3.466085
5.760696
0.268220
-4.239048
-0.403515
4.457515
10.492012
12.803538
11.490346
11.270136
0.142228
4.200312
3.379441
3.591020
5.127747
8.025352
9.983627
12.594652
-20.059917
-19.332369
-17.861139
-14.298173
-13.333497
-10.015808
-7.644753
-1.087804
2.928389
-0.868714
-5.818030
-1.112433
4.541235
14.434100
15.987808
14.284916
13.623033
0.982472
4.708517
4.039164
4.324957
5.805114
8.624783
10.427266
12.616508
-19.994440
-19.149778
-18.240498
-14.554619
-14.092581
-12.513895
-4.893804
4.086839
6.368324
0.996836
-4.135437
-0.014523
5.399950
11.537255
14.158493
12.495315
11.895058
-0.338000
3.531733
2.778816
3.028801
4.473680
7.485980
9.282138
11.513184
-20.059168
-19.504707
-18.386724
-14.514772
-13.652749
-11.158511
-7.293200
0.573587
4.632505
0.206116
-4.449318
-0.821505
5.128753
13.422926
15.039992
13.606865
12.386885
1.196652
4.787378
4.044977
4.314180
5.692248
8.654540
10.569950
12.959848
-20.058474
-19.397055
-18.429548
-14.925214
-14.669698
-13.385239
-5.505547
4.152764
7.164774
1.063747
-4.173296
-0.784893
5.114477
11.008267
13.757947
12.395845
11.739339
0.405897
4.322560
3.473107
3.622267
5.054933
7.976186
9.903395
12.489580
-20.060005
-19.528839
-18.398802
-14.590203
-14.118269
-12.760760
-7.152429
1.674208
5.619041
0.334026
-4.453341
-0.732367
4.725861
12.430705
14.368554
13.075450
12.288610
1.084161
4.747777
4.045791
4.178378
5.591521
8.542950
10.519615
12.958760
-20.057173
-19.385750
-18.427734
-14.829109
-14.673046
-13.488272
-5.961525
3.616644
7.051876
0.766835
-4.363862
-1.010795
4.907825
11.017109
13.683187
12.284670
11.683684
0.235972
4.153185
3.395163
3.464517
4.918231
7.995026
9.911551
12.381248
-20.060093
-19.470562
-18.334026
-14.163019
-13.862793
-12.900302
-6.873535
2.375584
6.492280
0.906939
-3.798117
-0.513771
4.494835
11.906806
14.077126
12.720817
12.342778
0.688420
4.533715
3.804042
3.912833
5.421128
8.624396
10.673298
13.189178
-20.009085
-19.347698
-18.478352
-14.048019
-13.490752
-13.866059
-6.224059
3.640313
6.860034
1.262248
-3.925330
-0.973245
4.314866
10.311985
13.136101
11.755089
11.572824
-0.342224
5.025884
4.169289
4.175331
5.482623
8.684102
10.682804
14.069485
-20.059624
-19.578829
-18.447002
-15.471572
-14.429390
-13.203124
-8.506543
0.180843
4.421371
-0.197253
-5.293739
-1.691519
4.103274
12.829093
14.691696
13.275465
12.601693
0.680313
5.485757
4.830942
5.038582
6.346590
9.013632
10.877462
13.549517
-20.059692
-19.541866
-18.429461
-16.215349
-14.939142
-13.767270
-7.453620
1.950745
6.081981
0.041260
-5.373747
-1.713845
5.126722
12.308294
14.673733
13.106709
12.367579
-0.276669
4.724989
3.959679
4.093375
5.364590
8.206389
10.052941
12.773288
-20.059761
-19.462406
-18.389183
-14.695210
-13.679228
-12.763000
-7.225724
1.756656
5.847760
0.790797
-4.407100
-1.410850
4.365412
12.539293
14.722742
13.188708
12.863364
0.276962
5.196910
4.443283
4.595388
5.844059
9.119137
11.044256
13.366383
-20.058823
-19.506844
-18.474279
-15.302116
-14.187479
-13.814132
-7.536745
2.227077
6.620169
0.859348
-4.308355
-1.401358
4.086902
11.681381
14.136605
12.723306
12.623376
-0.099880
4.954009
4.170180
4.270399
5.662915
8.841193
10.829577
13.441621
-20.060146
-19.431692
-18.479507
-14.677926
-13.836974
-13.901905
-7.374678
2.555034
6.920619
1.079091
-4.089587
-1.347639
3.808787
10.883156
13.813340
12.432682
12.369624
-0.226318
4.934122
4.123917
4.208307
5.602318
9.415368
11.537881
13.376617
-20.060013
-19.442707
-18.530922
-14.674401
-13.746525
-14.181638
-7.566142
2.463887
6.758329
1.359704
-3.897018
-1.440986
3.758775
10.654831
13.625924
12.232307
12.060745
0.069506
5.178353
4.319870
4.367846
5.655407
-0.628550
-0.609354
0.884047
1.977523
3.109626
4.276038
5.438102
6.344293
6.811059
-19.906826
-19.527758
-14.964913
-12.633484
-9.175256
-3.902061
-0.480177
1.999069
4.082187
8.278989
12.290293
8.518312
5.602057
3.783146
2.017407
0.747162
-0.659810
-2.030235
-1.188759
-5.128260
-2.232208
-0.535400
0.967126
2.355810
3.715656
5.140188
6.589298
8.059734
9.582976
11.203958
12.970646
-4.428661
-6.137763
-4.564673
-2.044616
-1.567784
-0.958607
0.960703
3.204824
4.498970
3.779792
2.841019
0.976436
-2.449652
-7.132455
-8.885078
-4.701221
-2.189465
0.415712
0.724748
1.029016
0.221992
-2.256295
-3.378383
-3.396115
-4.239480
-4.749352
-3.885373
-4.767430
-4.660242
-5.492509
-6.994847
-7.484369
-7.280316
-6.156533
0.590065
4.211816
17.321262
11.308338
6.010831
-7.080814
-4.408756
-2.620908
-2.287271
-2.546089
-0.205751
2.883282
4.893687
7.179994
9.016459
9.691669
0.516030
-2.572183
-2.830075
-5.424504
-8.129437
-9.497310
-10.210862
-10.037681
-9.010131
-7.221578
-6.385486
-6.380960
-6.207788
-6.333843
-1.012434
-1.797548
0.277108
1.753213
3.149836
4.529205
5.757468
1.487616
0.145359
1.116410
2.247701
1.655475
-2.124591
-2.060639
-1.540017
0.311171
3.041417
5.651571
5.959236
3.137829
-1.306962
-3.357035
6.075588
8.950578
7.440801
6.785494
5.816058
2.767658
1.904363
-2.366614
-1.193921
-0.261949
0.709204
2.241268
4.140911
-2.957991
-9.139618
-8.549177
-10.494586
-11.402122
-11.281001
-5.503082
-0.452504
0.282467
-2.371171
-5.040264
0.982169
9.432530
10.485750
7.469963
5.427182
4.718440
0.872730
2.870144
2.017346
2.211347
3.191631
5.043178
6.792381
8.430222
-19.067867
-17.055794
-13.139705
-10.135186
-8.859020
-10.805310
-4.994046
2.478574
5.080439
1.995662
-0.586743
1.513203
4.753623
8.183979
12.312115
11.252176
10.017280
0.103843
4.949596
3.801841
3.684857
4.238302
7.574375
9.959577
11.707828
-19.500168
-18.899900
-16.671129
-11.798716
-10.978748
-13.458859
-5.580720
4.932790
7.053196
2.210926
-1.588901
0.272482
3.697451
8.270215
11.577007
10.345534
10.388085
8.514295
1.892292
0.599442
0.576315
1.637655
5.701745
8.008667
10.218961
-19.372715
-18.857382
-15.671416
-10.849235
-9.818025
-12.742005
-5.469524
5.773728
9.264826
3.582997
-1.003530
0.634328
3.413222
7.459429
11.240477
10.303472
10.883122
8.929681
3.502918
2.138095
1.932150
2.685457
4.798799
7.095546
9.600938
-19.385283
-18.838942
-17.227026
-12.211321
-10.996303
-12.919340
-4.799032
6.697182
10.195002
3.665963
-2.289213
-0.774492
2.490189
6.391117
11.580489
10.704415
11.294777
8.800384
4.031525
2.783363
2.572969
3.264968
6.618078
9.089681
11.120732
-19.401276
-18.892569
-17.500914
-12.436589
-11.308806
-13.205674
-4.622753
6.831007
9.724319
3.171094
-2.394021
-1.113770
1.888553
5.677108
11.383089
10.407015
10.927816
-3.133013
4.359838
3.166793
2.991341
3.686655
7.082900
9.505246
11.736505
-19.571264
-19.003513
-17.748814
-12.511451
-11.497206
-13.308719
-4.971954
6.310712
9.378613
2.972950
-2.718484
-1.137014
2.309361
6.376374
11.189974
10.401053
10.999882
8.561288
3.821624
2.540764
2.339013
3.044257
6.485884
9.027081
11.267266
-19.380581
-18.875446
-17.115639
-12.209642
-11.019569
-13.243792
-4.982319
6.483953
9.382148
3.203027
-2.118440
-0.876270
2.042888
5.815552
11.727832
10.785927
11.316110
-3.513306
4.486594
3.293055
3.141006
3.887282
7.295544
9.920215
12.800015
-19.453632
-18.964272
-17.526318
-12.564795
-11.267720
-13.372418
-5.108140
6.247069
9.278938
3.043682
-2.463654
-1.057457
2.177882
6.036535
11.361422
10.619145
11.248912
-3.220458
4.286479
3.040847
2.874082
3.637819
6.328980
8.715020
11.439287
-19.363913
-18.897642
-17.480696
-12.672175
-11.254746
-13.438954
-5.323918
6.143278
9.318666
3.233991
-2.214147
-0.827307
2.198449
5.976338
11.810202
10.930055
11.487046
-1.633460
4.597333
3.409187
3.263419
4.035278
6.653493
9.141848
12.161438
-19.467569
-18.998201
-17.789762
-13.005292
-11.407516
-13.454304
-5.323490
6.274762
9.715316
3.393677
-2.442791
-1.038512
2.052837
5.723227
11.827169
10.924014
11.491595
-1.081450
4.820460
3.606465
3.463782
4.229965
7.055321
9.224927
12.262870
-19.494967
-18.990767
-17.816744
-13.021733
-11.515746
-13.485627
-5.360270
6.343380
10.025848
3.579668
-2.567153
-1.282333
1.840311
5.702343
11.883301
10.867619
11.366159
-1.524791
4.598288
3.488842
3.355304
4.113536
7.456585
9.960412
12.804709
-19.483545
-18.971769
-17.562439
-12.619277
-11.287640
-13.348811
-5.085492
6.501215
9.819047
3.404237
-2.560898
-1.424464
1.745341
5.473017
11.647616
10.716743
11.260874
-1.126769
4.820148
3.646296
3.462506
4.227339
7.751632
10.071271
0.000031
-19.596567
-18.928118
-17.451880
-12.601492
-11.229467
-13.417027
-5.356513
6.180898
9.934725
3.343459
-2.555991
-1.269517
1.838572
5.633991
11.824192
10.721104
11.182760
-1.144503
4.809891
3.663037
3.494213
4.276712
7.646806
10.132232
-0.000009
-19.591925
-18.960520
-17.662308
-12.688016
-11.264116
-13.338099
-5.214260
6.477428
10.408878
3.623608
-2.681646
-1.504469
1.701831
5.357225
11.756916
10.690056
11.167760
-3.186669
4.791785
3.674073
3.518377
4.277552
7.850845
9.919484
-0.000262
-19.678322
-19.011858
-17.722849
-12.848981
-11.378000
-13.462665
-5.574998
6.360266
10.662390
3.827209
-2.735574
-1.496392
1.610691
5.363391
12.006306
10.888185
11.364532
-0.551103
5.231794
4.160307
4.013559
4.803392
8.563325
11.358520
0.000322
-19.710979
-19.041986
-17.528906
-13.037503
-11.606835
-13.643449
-6.179509
5.698592
10.344625
3.550736
-3.082178
-1.612191
1.800065
5.840761
12.415336
11.363796
11.901129
-0.789402
4.916472
3.860140
3.697226
4.505314
8.125646
10.237521
-0.563243
-19.548964
-18.943523
-17.720104
-12.775185
-11.197271
-13.396831
-5.071155
6.554205
10.163031
3.607293
-2.415390
-1.673007
1.416722
5.127206
11.785220
10.991706
11.311260
-1.084568
4.754565
3.669067
3.536729
4.315977
8.465215
11.180521
0.000485
-19.864033
-18.976887
-17.230600
-12.226633
-10.685663
-13.096770
-5.175866
6.235763
9.996651
3.500627
-2.477005
-1.513972
1.751262
5.420546
11.168599
10.051358
10.467616
9.137171
3.770519
2.542069
2.364170
3.075144
6.575708
9.249418
11.772518
-19.713751
-19.144741
-18.369007
-13.726900
-11.857713
-14.254037
-6.571844
5.699630
10.464802
4.090522
-2.386242
-1.724164
1.744370
5.309762
11.747199
10.483386
10.845409
-0.576186
4.665627
3.530193
3.377843
4.152674
7.558531
10.050710
2.919394
-19.883278
-19.125231
-18.370190
-13.819980
-12.003135
-14.285434
-6.620143
5.564535
10.296100
3.874384
-2.674756
-1.999055
1.672112
5.382225
11.930422
10.785382
11.136749
-1.034694
4.781187
3.723594
3.617426
4.412343
8.614428
11.161859
0.000112
-19.732996
-19.113436
-18.178558
-13.112633
-11.246011
-13.661918
-5.770125
5.994645
10.197398
3.842670
-2.247655
-1.908182
1.501694
4.885377
11.288151
10.001932
10.298382
9.065996
4.237016
3.068077
2.918825
3.659619
6.963926
9.717336
12.608351
-19.827288
-19.193041
-18.404594
-13.972516
-11.963529
-14.435812
-7.157201
5.204835
10.494228
4.276119
-2.520545
-1.912686
1.749265
5.323616
11.848836
10.862612
11.224323
-1.422832
4.509230
3.437634
3.312501
4.120363
7.316526
10.042257
12.567105
-19.788881
-19.129299
-18.377382
-14.032792
-12.000541
-14.470906
-6.833091
5.621791
10.683733
4.367136
-2.427335
-2.139947
1.296340
4.934694
11.544433
11.075196
11.297268
-0.729762
4.951249
3.949049
3.871581
4.710860
8.652762
10.917859
0.000020
-20.056223
-19.131851
-18.402842
-13.727585
-11.828864
-14.337241
-6.926015
5.192378
10.145025
3.907832
-2.630259
-2.113190
1.734439
5.533923
11.917112
10.639509
10.949591
1.017323
4.280061
3.531775
3.338839
4.103992
7.611315
9.789318
12.166062
-19.814365
-19.161724
-18.389519
-13.791289
-12.068321
-14.408512
-7.339314
4.637128
9.577988
3.715701
-2.583354
-2.029910
1.849978
6.133890
11.973463
10.723978
10.995823
9.627184
3.776209
3.086161
2.880194
3.634133
6.995747
9.671366
12.254123
-19.717337
-19.068832
-18.349304
-13.775328
-11.843679
-14.548790
-7.419090
4.657068
9.481824
3.893509
-2.185871
-1.866840
1.753723
5.540278
11.756391
10.920746
11.117754
4.225125
4.299792
3.551144
3.388953
4.179285
7.544137
10.121326
13.413344
-19.772015
-19.080206
-18.371708
-13.663983
-11.768560
-14.474442
-7.647258
4.386513
9.553720
3.811321
-2.451197
-1.919088
1.944494
6.022233
11.865396
10.617496
10.869336
9.460798
3.905795
3.211539
3.024712
3.805997
7.163961
9.856070
13.207436
-19.743059
-19.031940
-18.263649
-13.724292
-11.617147
-14.509984
-7.762695
4.426128
9.735209
4.246768
-2.199289
-1.901685
1.662959
5.209370
11.534216
11.233172
11.466651
-3.129431
4.657131
4.017612
3.880224
4.712322
-0.600624
-0.624048
0.977591
2.219048
3.456917
4.705775
5.943646
7.080576
-2.585298
-0.490290
1.467985
2.009416
0.202222
-1.873449
-1.181239
-1.434250
5.652268
4.945347
6.053226
7.639115
8.604030
6.011635
3.233495
1.308107
0.688034
0.441242
0.927789
0.005465
-0.624338
-0.580065
-0.738624
17.101892
-3.627866
-2.954407
-1.787527
-0.140959
-3.952849
-12.789376
-11.177050
-10.337155
-9.499372
-10.161926
-7.055535
-5.137212
-2.441537
-2.446151
-4.163271
1.200825
11.070541
11.991959
7.526557
5.189494
3.855658
3.110022
1.300552
1.087664
1.014899
2.030302
4.305572
6.262493
8.248439
-11.653552
-16.606207
-11.576709
-10.104773
-9.904472
-11.918296
-8.736585
-0.968002
5.322266
4.126324
0.405342
-0.099043
4.275922
7.464222
10.372220
11.323231
9.831005
7.575033
2.373913
3.320909
3.086461
3.714523
6.288655
9.339330
11.231262
-19.588919
-19.151211
-17.165230
-12.707993
-9.259887
-12.216463
-8.174370
3.431684
10.559517
5.961749
-0.355545
-1.575794
1.303774
3.757999
8.872112
11.438213
10.935650
10.089247
1.727895
2.814590
2.541350
3.078360
5.618737
9.159784
12.163377
-20.059706
-19.387722
-18.529030
-14.724049
-11.402484
-14.171396
-10.339732
1.239361
10.694191
8.462120
-0.817179
-2.397286
1.476370
3.641522
9.192380
11.147236
11.356759
11.464119
2.786182
3.236219
2.880903
3.529319
6.015754
9.390754
11.580931
-19.131536
-19.229223
-18.505362
-14.480921
-11.149754
-13.506066
-8.632533
3.465514
11.777048
7.100816
-1.109064
-2.844162
0.364566
2.781449
8.550285
10.875389
10.790463
10.599276
2.067910
3.009972
2.683807
3.226087
6.166497
9.745458
12.153870
-19.933378
-19.342592
-18.581076
-14.233075
-10.720670
-13.641788
-9.509919
2.174901
11.198254
8.073574
-0.828688
-2.005004
0.994097
3.351901
8.543773
10.871915
10.745028
11.351125
2.819918
3.460632
3.060547
3.663990
5.917161
9.514488
12.345749
-19.602615
-19.255049
-18.520878
-14.601832
-10.954397
-13.659383
-9.200423
2.730352
11.723427
7.821903
-1.024225
-2.826365
0.160494
2.546145
8.438514
11.498538
11.164614
11.432158
3.083771
3.854765
3.497651
4.108099
6.565216
9.832068
12.633571
-20.059744
-19.364290
-18.548180
-14.754291
-11.183199
-13.864647
-9.603632
2.350353
11.914086
8.590030
-0.884478
-2.160864
0.434182
2.854725
8.354264
11.765956
11.568895
-1.924129
2.426022
3.646515
3.290602
3.926796
6.111307
9.680933
12.096549
-19.607166
-19.296495
-18.541414
-14.701918
-11.079013
-13.446731
-9.026520
2.960473
12.276806
8.418505
-0.808403
-2.337857
0.226720
2.315802
7.828089
11.477545
11.235115
11.741200
2.762749
3.582338
3.259032
3.884903
6.163180
9.816338
12.653890
-19.804609
-19.319426
-18.538465
-14.642787
-10.936483
-13.627878
-9.364842
2.505758
11.814356
8.252624
-0.807429
-2.284322
0.779075
2.873605
8.204422
11.124123
10.914013
11.364308
2.252849
3.148248
2.780534
3.408591
5.669152
9.308586
12.028715
-19.742893
-19.279829
-18.525082
-14.677136
-10.923061
-13.819879
-9.725054
2.121685
11.681887
8.396138
-0.686633
-2.318259
0.615039
2.710105
8.132030
11.465436
11.247137
11.772286
2.617622
3.418555
3.074111
3.719561
5.998105
9.598093
12.369271
-19.700140
-19.297144
-18.534880
-14.690371
-10.978260
-13.692673
-9.507428
2.286518
11.709797
8.195190
-0.773290
-2.483939
0.585847
2.773991
8.238051
11.315762
11.033226
11.461836
2.367074
3.370043
3.031461
3.683314
5.938090
9.576322
12.500010
-19.966169
-19.313780
-18.537775
-14.750755
-11.099434
-13.919516
-10.038633
1.744603
11.724600
8.984876
-0.560337
-2.314301
0.475107
2.519409
8.065895
11.966882
11.756519
-2.864859
2.304054
3.686998
3.378469
4.070158
6.292113
9.869596
12.481977
-19.590359
-19.298216
-18.552858
-14.766428
-11.108676
-13.430374
-9.234035
2.602789
12.194059
8.578735
-0.675313
-2.375166
0.269347
2.310973
7.733525
11.478599
11.192897
11.633725
2.266024
3.273957
2.949460
3.600062
5.871686
9.571312
12.424411
-20.060114
-19.652817
-18.535284
-15.589985
-11.707854
-14.240597
-10.171985
1.766178
11.904246
9.022368
-0.409963
-2.564022
0.175366
2.355013
7.716950
11.619306
11.284791
11.589836
2.647754
3.716668
3.400686
4.102450
6.354548
10.055169
13.133696
-20.060110
-19.608574
-18.555384
-15.440620
-11.631107
-13.824924
-9.643291
2.186883
11.794221
8.334795
-0.625074
-2.701087
-0.075639
2.145621
7.579040
11.381940
10.894457
11.184597
2.252403
3.566048
3.253490
3.880683
6.115521
9.725327
12.913445
-20.060110
-19.697075
-18.575743
-15.607740
-11.846089
-14.339213
-10.633778
1.194773
11.728047
9.661151
-0.301221
-2.670257
0.015337
1.880098
7.393132
12.321516
11.597472
-1.521779
2.410851
4.076841
3.753212
4.470246
6.659013
10.279241
12.921856
-20.060125
-19.645678
-18.592957
-15.596183
-11.877931
-13.540293
-9.337128
2.499893
12.052852
8.258704
-0.653381
-2.901345
-0.302954
1.651204
7.182950
11.584980
10.984086
10.831814
2.133129
3.564173
3.319223
3.951250
6.169275
9.746667
12.921787
-20.060110
-19.763288
-18.583342
-15.686972
-11.952716
-14.432894
-10.964361
0.615845
11.374748
9.910010
-0.065317
-2.665704
0.045239
1.972177
7.460289
12.556057
11.674159
-0.950691
2.307933
3.987859
3.646182
4.375828
6.094550
9.555840
11.777008
-20.060091
-19.708927
-18.564114
-16.204691
-12.492104
-14.155859
-10.306083
1.591073
11.707713
8.743273
-0.371936
-2.928098
-0.471446
1.512487
7.312436
12.540553
11.200180
0.210968
2.081367
4.841193
4.484550
5.172712
7.748425
10.588397
14.089890
-20.059982
-19.894590
-18.628052
-15.697002
-12.139111
-14.314572
-11.173201
-0.005842
10.607524
9.347654
-0.370075
-2.936323
0.501459
2.784276
8.090512
12.021895
11.674127
11.817204
2.006063
4.376768
3.955705
4.600153
6.698759
9.276008
11.477608
-20.060043
-19.723473
-18.562462
-16.124935
-12.363946
-14.542869
-11.183272
0.294209
10.274401
7.682826
-0.498692
-3.194515
0.044667
2.542748
8.473265
12.503469
11.764251
10.870342
2.006478
4.640947
4.266887
4.972420
7.682245
10.384228
13.685662
-20.060001
-19.799877
-18.616808
-15.642407
-11.965766
-14.320304
-11.231120
0.038547
10.706069
9.162819
-0.033550
-2.699300
0.434598
2.655689
7.839433
11.947357
11.538718
11.930181
1.660433
4.387845
3.945884
4.611123
6.702459
9.216865
11.465931
-20.060083
-19.756535
-18.611542
-16.318377
-12.435233
-14.814861
-11.665052
-0.389377
9.845081
8.191604
-0.371775
-3.289007
0.193066
2.798820
8.771708
12.460155
11.760081
11.060061
1.753396
4.477603
3.989690
4.635359
7.220695
10.070233
13.179935
-20.060047
-19.760475
-18.602371
-15.762070
-12.032166
-14.393327
-11.467220
-0.151793
10.931576
9.493972
0.208343
-2.570054
0.167537
2.202062
7.444601
12.539544
12.042196
11.523557
1.822240
4.692878
4.253161
4.963951
7.097723
9.593735
11.921398
-20.060110
-19.813618
-18.648014
-16.396278
-12.498723
-14.593222
-11.558992
-0.238366
10.300379
8.475904
-0.273241
-3.128242
0.333265
2.616369
8.282012
12.287891
11.700340
11.408185
1.387532
4.194389
3.622360
4.214766
6.659430
10.476387
12.962660
-20.059824
-19.630543
-18.705393
-15.233530
-11.309165
-13.605331
-10.774508
0.361764
10.842031
8.546769
0.123325
-2.664281
-0.075282
1.788278
7.032565
11.924764
11.380775
11.664861
1.730039
4.601612
4.185692
4.883361
6.914384
10.343854
-0.226776
-20.060013
-19.687622
-18.600399
-15.339862
-11.481400
-13.713446
-10.921910
0.126398
10.774116
9.384505
0.144819
-2.767661
0.142632
2.224342
7.251854
11.536338
11.110103
11.548860
0.907098
4.137528
3.446843
4.095161
6.030626
9.961270
12.521115
-20.060080
-19.577108
-18.597580
-15.269580
-11.404507
-13.427021
-10.614700
0.461493
10.539417
7.876844
-0.233331
-3.104222
0.157488
2.215001
7.413117
11.294207
10.695109
10.941711
0.594691
3.796714
3.254428
3.866282
6.091045
-0.515220
-0.691985
0.885891
2.069901
3.234117
2.463070
0.662797
-1.730307
-1.610632
-0.867289
-2.864832
-3.335879
-1.050188
1.800373
3.307087
4.136271
8.215437
12.859200
11.074142
9.560642
6.039745
4.516508
5.896448
5.528436
0.073227
0.067075
-0.574387
-0.180144
0.256859
1.214979
3.046787
4.636576
6.693006
-6.177903
-13.015653
-15.860952
-12.985821
-14.134573
-13.764485
-11.550159
-7.882238
-6.369153
-3.239120
5.526372
16.280264
11.524601
8.553880
6.879395
5.891202
3.645610
1.599348
1.062683
1.689005
2.917691
4.788872
6.748161
9.004211
-14.395424
-12.749487
-9.468514
-9.296926
-10.582567
-12.699684
-7.602064
0.575358
5.355815
2.738649
-0.938928
1.987757
6.440099
8.658845
11.422410
9.916149
8.893722
0.547056
5.335272
4.676667
4.841921
6.027972
8.088377
10.645904
14.405683
-18.877771
-19.162012
-17.876328
-13.098337
-10.940727
-12.847267
-4.947914
5.729300
7.015894
1.315505
-2.885254
-0.293796
2.762220
6.602617
11.452660
10.458615
9.804534
7.478823
4.199866
3.271269
3.499132
4.964131
9.266737
12.396051
0.000617
-19.654755
-18.845160
-16.933018
-12.172636
-11.534908
-14.267735
-7.132917
3.933652
7.730220
2.310722
-2.449845
-0.301940
2.693036
7.103183
11.841321
10.599662
10.770108
8.993382
4.288988
3.253007
3.443971
4.981745
8.580417
11.732536
0.000032
-19.733347
-18.934221
-17.178186
-12.911757
-11.523953
-14.079391
-7.055447
5.512018
11.143303
3.806195
-3.134598
-1.367485
1.575788
5.110123
11.739953
11.605622
11.385281
0.428843
5.711280
4.869819
5.204840
6.643757
9.536348
12.812583
0.000261
-19.399981
-18.955580
-17.495567
-13.436864
-11.587424
-13.621833
-5.726266
6.589387
11.653840
4.365314
-2.825265
-1.668825
0.544219
3.831202
10.976199
11.822133
10.708164
0.950404
5.939626
5.204215
5.675279
7.161633
9.757586
12.986902
0.000099
-19.370077
-19.022898
-17.685110
-13.451414
-11.627713
-13.581391
-5.759999
6.625519
11.422085
4.126745
-2.907637
-1.681384
0.836229
4.193820
11.150792
11.971581
10.961902
0.499007
5.743433
4.974770
5.322187
6.766665
9.642094
12.887423
0.000132
-19.294037
-18.935406
-17.367777
-13.197035
-11.368930
-13.401578
-5.511455
6.565556
10.667450
3.548668
-2.863694
-1.758829
0.839889
4.268334
10.937903
12.066352
11.046188
0.530921
5.662800
4.913712
5.370358
6.858866
9.677129
13.000983
0.000155
-19.593420
-18.962183
-17.285311
-13.449023
-11.626492
-13.992811
-6.685722
5.934334
11.476919
4.234014
-2.921845
-1.743338
0.809752
4.260679
11.325501
12.187899
10.963769
0.265068
5.510312
4.751431
5.154688
6.600049
9.295740
12.458987
0.000028
-19.525839
-19.226181
-18.488258
-14.755446
-12.454233
-14.295569
-6.452168
6.290393
11.899826
4.584135
-2.794232
-1.929857
0.308263
3.363097
10.529406
11.524433
10.337958
0.415977
5.495855
4.783563
5.255455
6.690364
9.648560
12.864505
0.000067
-19.912464
-19.218870
-18.461340
-14.618703
-12.294182
-14.329518
-6.789878
6.095722
11.867447
4.506342
-2.988064
-1.884705
0.666783
3.724801
10.738314
11.671510
10.439631
0.007277
5.269327
4.562355
4.960014
6.343555
9.408204
12.610033
0.000095
-20.013367
-19.151672
-18.373049
-14.312760
-12.085491
-14.240790
-6.638269
6.061832
11.484679
4.211779
-2.898371
-2.039066
0.565529
3.729732
10.792045
11.800933
10.465328
0.011283
5.273343
4.568138
4.974688
6.380466
9.047145
12.174090
0.000032
-19.483007
-19.477415
-18.622116
-15.025858
-12.589161
-14.750609
-7.464427
5.454785
11.635523
4.576312
-2.857993
-2.056898
0.569956
3.967336
10.903975
11.738244
10.467096
-0.156377
4.982266
4.285972
4.708400
6.182684
9.178359
12.258483
17.097757
-19.843575
-19.355734
-18.501904
-14.938142
-12.517871
-14.657455
-7.248923
5.748077
11.932620
4.788792
-2.771300
-1.846084
0.564670
3.749010
10.670518
11.797078
10.601039
-0.262662
5.006631
4.330532
4.738105
6.125409
9.357434
12.515079
0.000003
-20.004496
-19.156673
-18.352661
-14.060038
-11.881714
-14.144065
-6.627509
6.062768
11.642510
4.389717
-2.641767
-1.779596
0.715635
3.787201
10.539447
11.725080
11.047942
-0.673967
4.976467
4.278296
4.623549
6.020916
8.984997
12.244558
0.000148
-19.778318
-19.188313
-18.435204
-14.387410
-12.186475
-14.555183
-7.425258
5.216287
11.268323
4.237256
-2.879211
-2.050332
1.197829
4.647070
11.106404
11.769565
11.104705
-0.589100
4.834156
4.130420
4.487928
5.908534
9.447576
12.814692
0.000186
-19.995489
-19.098194
-18.232954
-13.596429
-11.692003
-14.048451
-6.569899
5.905163
11.137095
4.164354
-2.412904
-1.929103
0.852719
4.012109
10.664268
11.220565
11.250487
-1.035562
4.865420
4.063513
4.376007
5.761886
8.921104
12.212712
0.000095
-20.010759
-19.077776
-18.195492
-14.126417
-12.076357
-14.513441
-7.880926
4.837117
11.316097
4.415281
-2.770483
-2.074230
1.304852
4.661858
11.109159
11.489754
11.312605
-0.973685
4.677276
4.234724
4.513385
5.863232
8.814980
11.980268
0.000209
-19.689173
-19.242018
-18.496544
-14.714751
-12.481196
-14.876367
-8.101694
4.602122
11.000524
4.349739
-2.747683
-2.400153
1.032668
4.893631
11.449086
12.183041
11.145513
-0.476938
4.410964
4.017271
4.315314
5.636549
8.944271
12.121013
4.101825
-20.059399
-19.135004
-18.362858
-14.215993
-12.102987
-14.722890
-7.996556
4.809115
11.190512
4.653052
-2.340006
-1.886354
0.961424
4.149710
10.766637
12.324226
11.363697
-0.720203
4.547959
4.207761
4.541068
5.901874
8.964222
12.044886
0.000304
-19.672920
-19.264046
-18.507311
-14.729429
-12.349504
-14.814639
-8.326670
4.505654
11.515950
4.956902
-2.680985
-2.403404
0.792089
4.322608
11.058764
12.291794
10.950149
-0.479525
4.038893
3.782538
4.081460
5.448613
8.723276
11.823904
16.376659
-20.059437
-19.225073
-18.383562
-14.538938
-12.250331
-14.851561
-8.419718
4.635690
11.983952
5.496366
-2.309266
-1.927095
0.405040
3.436331
10.319244
12.228121
10.995716
-0.427244
4.232394
3.998023
4.342840
5.734839
8.533971
11.599327
16.284508
-19.668282
-19.559696
-18.654066
-15.244286
-12.594748
-14.928164
-8.735517
4.223839
12.227289
6.084894
-2.433702
-2.157450
0.385236
3.399358
10.321251
11.947508
10.759555
-0.701896
4.371392
4.043294
4.368572
5.663000
9.046818
12.215068
16.072256
-19.897282
-19.209162
-18.132889
-13.879698
-11.547121
-13.877935
-7.231464
5.494773
12.107770
5.319479
-2.189206
-1.691756
0.760159
3.291165
9.640008
11.537319
11.514218
-2.310864
4.203104
3.932633
4.214673
5.533882
8.878392
12.234884
0.000369
-19.910194
-19.055582
-17.878748
-13.323339
-11.135447
-13.922834
-7.443623
4.872097
11.004992
4.425832
-2.458494
-2.193964
1.408978
4.552032
10.724977
10.149650
10.249519
8.690406
3.396099
2.984592
3.193454
4.413497
8.271988
11.757792
0.000586
-19.752548
-18.978277
-17.578646
-12.959945
-11.068682
-14.172131
-8.041170
4.317135
10.924790
4.593176
-2.243936
-2.029906
1.330919
4.300168
10.507333
10.545097
10.671644
9.167709
3.761201
3.391250
3.594599
4.882623
8.402715
11.873172
0.000155
-19.723755
-18.977318
-17.750376
-13.372643
-11.283438
-14.268946
-8.126444
4.398163
11.369401
4.947242
-2.420912
-2.377449
1.027828
4.035064
10.452516
10.919730
11.030593
-2.260348
3.858394
3.623332
3.870396
5.190530
8.759767
12.071814
0.000174
-19.760210
-18.998522
-17.784718
-13.470369
-11.315074
-14.343789
-8.190361
4.335905
11.185014
4.980400
-2.332639
-2.355283
0.958038
3.888072
10.286851
11.332956
11.420349
-3.170243
3.767661
3.619511
3.924610
5.487396
8.929536
12.475843
0.000047
-19.677275
-18.985519
-17.688576
-13.441191
-11.238174
-14.117578
-7.998780
4.518643
11.516529
5.178267
-2.198516
-2.248051
0.581748
3.243709
9.714903
11.742848
11.294197
-0.629658
3.810956
3.659625
3.940335
5.431272
8.811572
-0.465375
-0.628600
0.947384
2.132755
3.249916
1.401747
0.222572
-0.273747
-0.992327
-1.200769
-4.008307
-2.947640
-0.831432
1.244150
2.287312
6.227693
12.326902
12.498551
9.221798
8.266629
5.455811
4.410347
6.165525
5.187629
3.624522
2.844622
0.070293
-0.172867
-0.312169
1.087674
2.929819
4.791475
7.138836
-7.702379
-13.997355
-15.453314
-12.800365
-14.426752
-14.131836
-12.943053
-8.769906
-2.586367
0.270648
3.470896
11.540825
11.653461
9.082711
8.693118
10.187778
4.331653
3.511688
2.428861
3.014950
4.252218
5.967434
8.431181
11.131240
4.197945
-3.985942
-7.545484
-12.066742
-15.203859
-18.539978
-12.185403
-2.596613
4.086195
0.067737
-4.782034
-5.351461
2.539124
8.697949
9.182137
7.497886
7.183854
2.525015
6.294008
5.761906
5.811471
7.332097
10.279434
13.019087
0.000047
-19.486792
-19.391033
-18.566555
-14.485862
-11.517851
-10.848896
-3.963864
5.327556
5.127392
-0.335716
-4.154475
-0.673815
3.765560
6.433267
10.428507
8.833700
7.632737
4.784974
1.503400
1.045684
1.624367
3.602424
8.192157
10.878809
14.666392
-20.060053
-19.096985
-17.868824
-13.129691
-12.008528
-15.319999
-9.043145
2.833618
8.710290
3.549428
-1.996024
-0.846921
2.176209
5.896937
10.936942
12.666147
11.259074
-0.010946
5.400430
4.645085
5.396449
6.153264
9.978914
13.443850
0.000146
-19.836292
-19.229134
-18.457876
-14.819935
-12.717364
-14.784617
-7.743505
5.562163
12.737679
5.214004
-2.935952
-1.803971
0.909775
3.646590
10.480859
11.307122
10.080896
0.171318
5.289840
4.606405
5.314790
7.274738
9.977947
13.241077
0.000139
-19.648981
-19.258385
-18.476500
-14.747300
-12.636278
-14.532132
-6.992007
5.795680
11.353215
4.207060
-2.966971
-2.222021
0.610997
3.858606
10.413993
11.592696
10.258581
0.270075
4.845302
4.255175
4.989970
6.318233
10.093721
13.368880
0.000529
-19.964806
-19.133175
-18.297647
-14.408279
-12.357936
-14.792040
-7.618138
5.467357
11.878586
4.685907
-2.612539
-1.644267
0.627752
3.347936
10.148169
11.767797
10.539989
0.163006
5.251194
4.600000
5.327646
7.403492
10.108613
13.483906
0.000062
-19.807558
-19.160353
-18.447378
-14.618216
-12.419688
-14.181664
-6.810324
6.092959
11.739967
4.474887
-2.747965
-2.166246
0.188384
3.189427
10.073968
11.630153
10.315068
0.209735
4.730755
4.159386
4.908847
5.680382
9.924854
13.229570
0.000828
-19.846458
-19.154842
-18.217939
-14.524762
-12.344021
-14.724003
-7.716076
5.496484
12.422205
5.143412
-2.601224
-1.668724
0.277628
2.959885
10.051108
11.633466
10.402639
-0.082265
4.877913
4.517290
5.129128
6.898371
9.337666
12.526048
0.000551
-19.414362
-19.609558
-18.713146
-15.480117
-12.895640
-14.927108
-8.245843
4.962908
12.319123
5.321231
-2.819617
-2.018837
0.427688
3.396484
10.344129
11.245205
10.054801
-0.246897
4.799648
4.393180
4.987049
6.776287
9.528371
12.601100
18.643917
-19.541174
-19.404280
-18.526218
-15.141242
-12.772958
-14.631433
-7.522834
5.518631
11.591589
4.538769
-2.470174
-1.982183
0.209994
3.289062
10.190118
11.760617
10.499376
0.139496
4.189974
3.971933
4.552535
5.696013
9.185079
12.223416
18.309200
-19.627598
-19.492321
-18.593437
-15.263650
-12.846357
-15.192009
-8.745513
4.582711
12.309854
5.536077
-2.318580
-1.734731
0.084590
3.007256
10.089920
11.608153
10.443390
-0.275378
4.810205
4.450257
5.098113
6.952874
9.731585
12.900579
2.163103
-19.704361
-19.244272
-18.468733
-15.022914
-12.651692
-14.514981
-7.627739
5.635959
12.252841
5.036387
-2.640505
-1.995995
0.180482
3.070664
10.058119
11.596747
10.320649
-0.271382
3.766883
3.676653
4.238309
5.660954
9.040478
12.136595
17.867462
-19.699568
-19.485945
-18.553663
-15.086496
-12.753447
-15.162763
-8.844341
4.400434
12.356998
5.610251
-2.384322
-1.758673
0.006172
3.033561
10.112022
11.541473
10.323076
-0.460824
4.615637
4.288735
4.872323
6.624211
9.362208
12.492692
17.970613
-19.695005
-19.423903
-18.535454
-15.245395
-12.749736
-14.812612
-8.072942
5.255167
12.414087
5.462356
-2.466842
-1.954827
-0.111021
2.858541
9.917521
11.489325
10.266389
-0.494763
3.883870
3.741645
4.327312
5.925784
9.019124
12.064057
16.997152
-19.748074
-19.537249
-18.571280
-15.254020
-12.830356
-15.140571
-8.776110
4.471744
12.473835
5.740230
-2.276132
-1.772806
-0.149031
2.854671
9.932503
11.542577
10.385880
-0.521716
4.088965
3.886837
4.509607
6.235434
9.219046
12.315130
17.185905
-20.023182
-19.288376
-18.405670
-14.889325
-12.519521
-14.845519
-8.322651
5.093944
12.649490
5.710030
-2.193418
-1.786671
-0.417587
2.447335
9.617999
11.699524
10.513928
-0.572451
3.714557
3.624021
4.203731
5.530243
9.044187
12.361675
17.475994
-20.059780
-19.258694
-18.054577
-14.631205
-12.397697
-14.829998
-8.626258
4.691928
12.944666
6.063813
-2.195991
-1.604149
0.038620
2.687664
9.426970
11.803638
10.706058
-0.880706
3.532696
3.480564
4.026385
5.567163
9.222857
12.658924
18.069639
-19.864424
-19.152945
-18.048790
-14.116228
-11.818081
-14.208464
-7.850897
5.130120
12.487103
5.504781
-2.082696
-1.549076
0.499194
3.024611
9.413319
11.929550
11.121849
-1.372396
3.239239
3.237284
3.778787
5.434032
9.247195
12.833783
0.000167
-19.899595
-19.058620
-17.743328
-13.575430
-11.452807
-14.351398
-8.237728
4.516043
12.028973
5.230146
-2.214269
-1.656274
1.247020
3.756398
9.775976
11.086651
11.180351
-1.505662
3.838827
3.541287
4.030456
5.607484
9.206910
12.894252
0.000274
-19.913628
-18.968510
-17.554581
-13.019007
-11.137810
-14.104197
-7.833775
4.600680
11.157093
4.492643
-2.309379
-2.125497
1.100632
4.043667
10.348729
10.478265
10.495521
8.873778
3.686171
3.303604
3.717020
5.325879
8.932625
12.582752
0.000325
-19.968969
-18.930231
-17.529045
-13.221349
-11.434219
-14.614001
-8.608116
3.783055
10.738155
4.522683
-2.372545
-2.296875
1.093094
4.320676
10.602761
11.228745
11.268363
-1.718881
3.781469
3.601325
4.136625
6.102034
9.693219
13.437331
0.000174
-19.890059
-18.930025
-17.515141
-13.125483
-11.360689
-13.952925
-7.752909
4.656723
11.031048
4.340635
-2.187818
-2.307672
0.273340
3.123426
9.676159
11.847972
11.070478
-1.035511
3.958634
3.842612
4.437181
5.192411
9.752010
13.482800
0.000253
-20.059864
-19.031837
-17.436182
-13.885845
-11.837294
-14.719445
-9.089244
3.710443
12.558422
6.305656
-2.248762
-1.837223
0.719432
2.910642
9.304055
12.053780
10.558310
-0.988282
3.813617
3.690539
4.322028
5.413350
9.254280
12.850416
-0.049637
-20.002388
-19.219982
-18.188061
-14.797636
-12.456386
-14.993109
-9.282093
3.679800
13.131156
7.061889
-2.346969
-2.061944
0.215272
2.472915
9.278956
11.443686
10.025496
-0.577730
3.459470
3.499519
4.146708
4.877182
8.770908
12.021794
17.028282
-20.059969
-19.315346
-18.287346
-15.189366
-13.018635
-15.508354
-9.959666
2.951878
12.728384
7.155238
-2.083759
-1.891330
-0.206414
2.221793
9.163670
11.454518
10.168819
-0.542217
3.579313
3.612560
4.316761
5.111474
8.920942
12.139437
16.623117
-19.968565
-19.161678
-17.984875
-14.884051
-12.624068
-14.925937
-9.040914
4.381497
13.552569
7.438006
-1.787225
-1.635949
-0.921991
1.445956
8.523191
11.497208
10.298250
-0.537734
3.137442
3.291415
4.018754
4.876620
8.669187
11.869707
16.356012
-19.940668
-19.182995
-17.771488
-14.853601
-12.667727
-15.067228
-9.434490
3.991619
13.665207
7.821972
-1.631841
-1.771216
-1.375878
1.172665
8.425428
11.457456
10.300508
-0.545555
3.225234
3.325082
4.055218
5.002468
8.771181
12.087352
16.384506
-20.060009
-19.322428
-18.421902
-15.732775
-13.132120
-14.828045
-8.801476
4.405591
14.099537
7.951322
-1.400521
-1.619409
-1.777620
0.559449
7.558834
11.263999
10.115430
-0.570954
3.047956
3.198006
3.975823
4.943933
8.600677
-0.460021
-0.808140
0.812496
2.103364
3.364934
4.586915
5.757098
6.704507
7.117896
-20.060066
-18.651350
-14.284268
-11.770087
-6.858103
-2.669989
0.352773
2.302002
4.955633
11.307865
10.949578
7.573071
5.380389
3.725797
-1.028796
-2.756302
-0.573988
0.923085
2.379445
3.783344
5.091598
6.336224
7.536894
8.718444
9.935072
-20.060024
-18.869087
-14.784801
-8.487132
-6.405630
-2.204447
1.579066
6.894345
10.070470
7.166637
5.075552
3.197602
0.609412
-3.795057
0.863735
3.734788
4.517187
3.553379
0.634362
-1.001526
-1.661470
-0.074859
1.393659
2.806387
4.117815
5.325623
6.480898
7.603165
8.715775
-18.317331
-19.370249
-11.889521
-7.240643
-4.015461
-3.224849
-2.291750
-1.056286
0.302017
1.362475
2.185647
0.855289
0.297942
1.766772
0.662122
-0.084498
-1.161150
-2.249424
-2.718458
-3.673109
-4.310813
-4.499373
-4.177767
-3.547059
-2.760408
-1.989112
-0.925726
0.500724
-0.817122
-1.473337
0.311375
1.634434
2.903601
4.138390
0.804763
0.434665
0.501090
0.166997
-0.174582
-3.492118
-3.448244
-1.342995
0.678683
2.517476
4.105801
8.932755
11.319534
7.821805
6.468932
1.821572
0.279062
1.974007
5.750990
7.975634
6.494484
0.722210
1.306606
1.160527
1.574542
2.415136
4.517856
6.201049
9.278384
-0.000695
-8.766096
-17.663187
-18.592655
-15.661506
-17.312998
-15.759668
-13.442461
-7.442741
-2.817410
0.267199
5.656500
12.572825
14.094144
11.823654
10.684374
10.845570
6.074307
3.047822
5.523692
5.280935
5.238961
6.919101
9.779457
13.274856
-18.687464
-12.699721
-11.606127
-12.143905
-15.375337
-13.055629
-5.295572
1.622533
2.694250
-0.422926
-3.218680
1.322703
6.587538
8.335373
9.659255
7.967763
7.337210
2.752199
4.408007
4.477180
5.906502
8.802961
12.308514
15.787877
0.000164
-19.472687
-18.826511
-17.057302
-13.277722
-14.154469
-11.462122
-0.713920
9.143085
6.675280
-0.318581
-3.364441
0.873516
3.056039
7.398351
11.430792
10.124779
9.137838
0.442921
3.620560
3.502748
4.592960
6.638047
11.100533
14.715617
-0.000015
-19.532539
-18.696205
-16.243608
-12.620621
-14.772309
-13.073653
-2.963790
8.653363
9.711426
1.135527
-2.813884
0.192148
1.336759
5.879192
11.466906
10.492810
1.216598
2.047508
4.820956
4.636829
5.749695
8.222589
12.698885
16.544806
-0.000046
-19.227524
-18.734922
-17.060747
-13.407852
-14.522155
-11.585808
-0.541041
10.098143
9.975796
0.924793
-3.138842
-0.633082
0.297554
5.401827
11.267684
10.429704
9.526110
1.393732
4.384912
4.228189
5.411675
7.920156
12.068901
17.017984
0.000026
-19.253977
-18.609489
-16.571527
-13.193891
-15.120412
-13.131317
-2.460430
9.491542
10.444623
1.474718
-2.680724
-0.622783
0.230997
5.395793
11.481833
10.613331
-1.316920
1.817863
4.616364
4.468899
5.567431
8.239848
12.532104
16.105282
-0.000007
-19.188507
-18.702713
-17.140131
-13.543484
-14.734998
-11.745564
-0.663820
9.933621
9.434339
0.803851
-2.923190
-0.941016
0.221470
5.417505
11.103168
10.681540
9.761578
1.321193
4.264737
4.170289
5.435196
8.056594
12.257342
17.946260
0.000130
-19.215084
-18.623329
-16.650518
-13.429689
-15.441702
-13.539785
-2.986171
9.222792
10.533978
1.476285
-2.674660
-0.512038
0.489643
5.591989
11.460585
10.883439
5.406159
1.592658
4.370396
4.231935
5.273426
8.119676
12.371308
15.884887
0.000280
-19.194490
-18.736742
-17.389795
-13.762790
-14.896825
-12.222520
-1.172419
9.821828
9.670136
0.965015
-2.807796
-0.997984
0.147423
5.460640
11.167590
10.767048
9.893867
1.277409
5.159361
4.763484
5.769053
7.824807
12.007320
15.674440
0.000100
-19.315346
-18.707825
-16.884975
-13.367532
-14.636258
-13.349838
-2.899379
8.930013
9.638125
1.210437
-2.665829
-0.487239
0.530309
5.861143
11.529844
11.102023
10.188077
1.388641
5.250070
4.851323
5.878956
7.738011
12.147378
15.954526
0.000185
-19.266874
-18.730907
-17.037586
-13.520206
-14.437319
-13.166121
-2.657550
9.142993
9.678525
1.188112
-2.689210
-0.630750
0.495959
5.793558
11.377237
11.078302
10.122614
1.318488
5.211261
4.813806
5.817937
7.961411
12.184183
15.858635
0.000606
-19.294239
-18.712492
-16.873278
-13.317541
-14.514059
-13.293928
-2.850488
8.932183
9.454813
1.144160
-2.739530
-0.604172
0.639011
5.923313
11.335740
11.147049
10.120744
1.382068
5.106553
4.749605
5.807674
7.907975
12.182956
15.907295
-0.000116
-19.338470
-18.740202
-16.896610
-13.392408
-14.573421
-13.429559
-3.067697
9.033895
10.167985
1.431604
-2.615113
-0.478759
0.229081
5.466543
11.427797
10.979663
10.102048
1.296067
5.185002
4.787268
5.822475
7.750155
11.985691
15.778550
0.000065
-19.262051
-18.733128
-17.137953
-13.649314
-14.463898
-13.163549
-2.648122
9.173414
9.704931
1.203049
-2.725504
-0.693210
0.433724
5.654825
11.166889
11.028611
10.041104
1.277195
4.963571
4.638576
5.717778
7.804799
12.021335
15.565379
0.000150
-19.367170
-18.756144
-16.974546
-13.475855
-14.610787
-13.559024
-3.288963
8.972254
10.388225
1.551656
-2.563313
-0.400916
0.203506
5.361919
11.472901
10.993843
10.169081
1.249549
5.167667
4.783199
5.812453
7.763475
11.902826
15.643863
-0.000037
-19.215822
-18.740110
-17.229515
-13.748185
-14.449605
-13.055839
-2.544520
9.161246
9.520466
1.148021
-2.734286
-0.886609
0.407934
5.600142
10.953300
11.102354
10.070024
1.208749
4.825062
4.525720
5.622092
7.923401
12.002894
16.646460
0.000016
-19.332602
-18.723888
-16.848661
-13.685594
-14.781527
-13.933392
-3.993758
8.687835
10.986027
1.849629
-2.533985
-0.178125
0.619137
5.369817
11.253887
11.156219
10.466379
0.984725
4.947983
4.570474
5.590928
7.579399
12.115303
15.966080
0.000203
-19.028347
-18.884880
-17.591869
-13.811673
-14.170156
-12.421059
-1.914081
9.305587
9.307865
0.942876
-3.065600
-1.079584
0.306549
5.679742
10.899988
11.091703
9.921450
0.499225
4.608132
4.321860
5.395616
7.611762
12.065781
16.181961
0.000187
-19.477861
-18.725824
-16.601767
-13.407753
-14.670992
-14.072263
-4.485406
8.000433
10.231316
1.563851
-2.748349
-0.179164
1.140550
5.892207
11.261580
11.257292
10.374711
0.950919
4.819549
4.479856
