0.812156
1.210930
2.173723
2.814639
2.587322
2.598165
2.594077
2.436855
1.917523
0.938306
0.049068
-0.488703
-0.892473
-1.262484
-1.376546
-1.524590
-1.013033
-1.754543
-2.478405
-3.618140
6.850747
0.785339
-1.305954
0.574211
-2.752384
-5.139014
-6.567653
-5.745712
-6.591871
-9.907670
-9.791318
-7.882012
-5.055002
-2.299085
-0.723021
2.620130
5.874525
7.352055
6.929379
6.239542
5.406448
4.849355
4.569483
3.963882
2.914469
6.124026
9.874240
5.354792
-0.798397
-8.550109
-12.177094
0.613025
1.874598
2.091656
1.120133
1.635019
2.871142
1.114755
-3.551006
-13.026674
-21.026279
-23.097723
-19.775478
-17.978199
-19.620148
-11.751927
-9.756914
-9.516021
-9.484221
1.446769
1.628285
1.615662
2.616142
3.714386
4.680794
5.476894
6.044134
6.321904
6.439466
6.044637
5.911698
4.760760
2.450721
0.311419
-1.920143
-3.906852
-5.678253
-7.470610
-9.144139
-12.974070
-12.645795
-17.748552
0.533798
1.713037
-1.059926
-0.201678
1.035206
1.987627
2.134837
1.877913
2.224541
1.765201
1.122975
0.489814
0.425434
0.520899
0.453678
-0.008942
-0.911426
-1.732286
-2.345776
-2.090487
-2.459822
-2.996104
0.123456
8.392814
8.940420
3.043923
-3.115892
-6.901068
-6.797287
-3.418546
-2.634096
-4.850115
-5.580994
-4.682131
-2.496985
-0.554119
1.117697
0.563029
0.991720
-0.530530
5.119073
3.290427
3.251499
2.952864
2.958261
2.151529
1.197415
0.318681
-0.412173
0.918988
-1.503729
-5.491019
-4.376185
-0.460127
0.727892
-0.046391
-1.700637
-2.343994
-2.592623
-2.557726
-2.481369
-2.970622
-3.464970
-3.094287
-4.587481
2.314720
1.419068
2.007381
2.906744
3.725430
2.350175
1.033078
-0.143937
5.818901
9.507121
-0.334212
-6.430813
-8.398729
-5.615865
-0.418836
1.777442
0.887832
1.430430
1.100767
0.173832
-1.184459
-1.294020
-2.111859
-3.746871
-5.719265
3.188021
1.147419
1.224287
1.877041
2.720539
1.427364
0.027440
-1.000914
0.598146
6.881229
3.237226
-3.859490
-4.637315
-1.719396
0.156071
0.605670
-0.984857
-2.154284
-2.607889
-2.666998
-2.492218
-2.217225
-3.578016
-4.052712
-5.548488
-7.023608
3.681961
3.653926
4.225372
5.067595
3.359721
1.557063
0.159244
4.851710
8.609173
-0.029255
-6.038700
-7.066649
-4.167933
0.674435
2.443875
1.264053
1.812738
1.277627
0.161901
-1.222221
-1.033028
-1.916258
-3.311319
-5.363097
3.171146
1.161582
1.123416
1.481604
2.362231
1.236485
-0.095276
-1.271835
1.882977
7.679610
4.064964
-3.804246
-4.509074
-2.486722
-1.072405
-0.629281
-1.745604
-2.622919
-2.965933
-2.814327
-2.326152
-1.973775
-3.321317
-3.260140
-4.645261
-6.037320
-7.104491
5.237164
5.330810
5.501553
3.628156
1.763871
0.296580
4.097847
8.341954
0.542100
-5.083653
-5.706917
-2.822118
1.884096
3.914864
2.528256
2.548909
1.855890
0.471282
-1.212544
-1.613195
-2.248404
-3.680903
-5.606012
3.267394
1.176384
1.111445
1.547565
2.221308
1.052117
-0.208271
-1.285473
2.447122
7.292902
4.879375
-3.399682
-4.325619
-2.505168
-1.192660
-1.160827
-2.593834
-3.933510
-4.074659
-3.729422
-2.999729
-2.341437
-3.332244
-3.688334
-5.074396
-6.221630
1.810732
5.872573
5.721709
5.690222
4.130958
2.328866
0.848522
4.281322
8.007936
0.402048
-5.405939
-6.157332
-2.454666
1.774174
3.291227
2.132072
1.954951
1.492102
0.651868
-0.640361
-0.408334
-0.926107
-2.298744
-4.416316
3.596540
1.684771
1.723885
1.908350
1.963684
1.022255
-0.038702
-1.010338
1.086911
6.917985
2.131539
-4.535828
-4.978659
-2.432692
-0.487031
0.095503
-1.257973
-1.874191
-2.125566
-2.287920
-2.501287
-2.439286
-3.039488
-3.739911
-5.226245
-6.910186
3.035357
3.081148
4.028339
4.551624
2.784694
1.064619
-0.164687
3.166727
8.720649
0.637300
-5.175203
-5.974162
-3.166469
0.567467
2.132093
0.932587
1.369291
1.440365
0.410695
-1.134235
-2.056862
-3.005103
-3.694517
-5.432308
3.888388
1.902740
2.048943
2.309824
2.263856
1.031152
-0.217588
-1.122693
0.609510
3.778263
2.975916
-2.969935
-3.758544
-1.330688
1.529357
1.815850
-1.058582
-3.651337
-4.244813
-3.217342
-1.626512
-2.289862
-3.706474
-3.812471
-4.261470
-4.673995
-5.244542
6.408757
6.641291
5.533467
3.103403
1.176140
-0.024383
4.016263
9.065777
2.242688
-4.519062
-6.262015
-3.677648
2.288783
5.131316
2.980443
1.442049
1.077140
0.179691
-0.411072
-0.280859
-1.363703
-2.109690
-3.731919
4.207510
2.137351
2.032360
2.369253
2.546430
1.726269
0.671361
-0.246428
-0.261143
6.167150
1.061544
-4.965203
-5.151147
-1.971867
-1.214279
-1.644046
-2.791674
-2.109763
-1.828321
-2.183259
-2.939901
-2.441336
-1.997760
-1.950637
-3.345361
-4.929539
3.495428
3.427272
3.090687
2.497612
1.004750
-0.181885
-1.068569
4.056356
4.364133
2.104993
-4.720909
-5.395277
-2.946143
0.910300
2.789185
0.430724
-2.149630
-2.838529
-2.333967
-1.332810
-2.021731
-2.980351
-3.353586
-4.078773
-4.823471
-5.604655
7.150631
6.098565
4.650990
2.532958
0.992437
-0.128811
3.081711
8.353907
1.823030
-4.036880
-5.451347
-3.040666
2.671733
5.168129
2.822196
1.239426
0.535302
-0.670002
-1.330661
-1.349195
-1.946436
-2.626396
-3.928923
4.117112
2.091423
1.819206
2.180903
2.311503
1.406322
0.294659
-0.747254
0.050353
7.870900
1.720089
-4.429937
-5.030424
-2.295313
-1.019232
-1.217528
-2.479223
-2.092672
-1.898093
-2.122647
-2.790324
-2.432114
-2.128258
-2.477144
-3.927750
-2.975801
3.364709
3.322275
3.072445
2.504325
1.015531
-0.176303
-1.101524
3.696264
5.613927
2.708266
-4.595258
-5.496787
-3.124731
0.809082
2.998564
0.676886
-1.864420
-2.446836
-2.331012
-1.662792
-2.293467
-2.848256
-3.398597
-4.240617
-5.214475
-6.128685
6.376370
5.663127
4.774563
2.736020
1.150943
-0.024657
1.910856
9.243437
2.669024
-3.659806
-5.285658
-2.563323
2.087655
4.078785
1.826410
0.662060
0.058712
-0.884227
-1.892145
-2.228431
-2.738773
-3.570227
-5.009704
3.726661
1.678669
1.856606
1.585225
1.329682
0.569787
-0.405166
-1.494057
0.967199
11.705805
3.465896
-3.881451
-6.073034
-4.000778
-0.685320
0.037426
-1.351467
-1.351538
-1.509328
-2.041803
-2.699112
-2.432119
-2.014649
-3.024328
-4.211085
5.024364
2.458323
2.527785
2.084164
1.720641
0.796350
-0.465288
-1.561442
2.102751
11.963563
5.294501
-3.047805
-5.805842
-4.256216
-0.918939
0.257737
-0.776201
-2.459540
-2.665121
-2.247935
-1.670039
-1.814844
-2.434191
-3.050145
-4.407166
-5.713896
6.030769
5.364489
4.783247
4.039532
2.413535
0.850544
-0.391429
2.310234
10.583467
3.113618
-3.572017
-5.591743
-3.434319
1.102044
2.856624
1.350834
0.755642
0.324171
-0.577395
-1.623065
-2.174045
-2.549059
-3.265319
-4.688472
2.737521
2.181538
2.228977
1.714297
1.278587
0.450907
-0.564328
-1.540534
1.340929
10.632792
5.114134
-3.049181
-5.670184
-3.683096
-0.788056
0.060795
-1.213884
-2.616262
-2.906626
-2.849129
-2.345161
-2.375398
-2.359931
-2.842972
-4.214909
-5.656432
5.069061
4.594690
4.369141
3.805396
2.143830
0.617413
-0.613721
2.108620
10.751389
3.129697
-3.457385
-5.692274
-3.453981
0.978599
2.943547
1.600358
0.961632
0.014371
-0.786180
-1.713443
-2.203242
-2.540732
-3.369248
-4.894133
4.389963
1.456968
1.563566
1.133012
0.888804
0.033855
-0.948937
-1.915701
2.481539
12.913683
5.806086
-2.802534
-5.798374
-4.764349
-1.357399
-0.550102
-1.183624
-2.423066
-3.443609
-3.477500
-2.978461
-2.500389
-2.451456
-3.158257
-4.381360
6.165853
3.441116
3.458691
2.959263
2.442868
1.161656
-0.216579
-1.549318
2.044926
13.877839
5.374520
-2.548685
-6.167847
-5.300064
-0.641618
1.350371
0.586052
-1.299202
-2.129101
-1.952861
-1.176309
-0.688382
-1.375067
-2.673468
-4.654630
-5.622486
3.488409
3.231449
2.524574
1.925377
1.060922
-0.048274
-1.149852
1.838020
12.651476
5.064288
-2.968768
-6.338699
-5.293892
-0.538748
1.036447
0.042698
-1.306608
-2.254346
-2.360065
-1.967293
-1.360514
-1.357198
-2.343767
-3.478620
5.772425
2.743448
2.619064
2.242394
1.929754
1.159211
0.095396
-1.028122
0.952849
11.818677
4.482049
-3.056961
-6.034533
-4.962544
-0.400379
0.835373
-0.306788
-1.650323
-2.530465
-2.853373
-2.447809
-1.677539
-1.564789
-2.425992
-3.533238
4.252904
3.419249
3.253385
2.951373
2.541788
1.629324
0.453244
-0.783843
0.928470
11.793411
4.241631
-3.080541
-5.981539
-4.774428
-0.381948
0.913507
-0.165690
-1.254803
-2.275330
-2.468478
-2.131694
-1.597109
-1.419500
-2.469361
-4.223479
3.376459
2.915360
2.855750
2.313527
1.912426
1.085751
0.032843
-1.112648
1.437206
12.213741
4.829160
-3.317994
-6.569489
-5.738595
1.384944
1.200427
1.992717
2.871002
3.842601
4.806005
3.711030
3.166655
3.100398
3.052294
1.471688
0.408561
-0.030759
-0.160638
-0.135293
-0.266166
-1.188920
-2.403599
-3.100154
-3.523616
-4.243647
-4.986753
6.017528
8.294636
6.076302
-0.754490
-6.448929
-9.659807
-8.833083
-4.898672
-3.855078
-6.122838
-7.024986
-5.058285
-2.085207
1.096972
2.217089
1.280969
0.678635
-0.277428
4.320687
3.717492
3.302608
2.768299
2.491229
1.598824
0.905144
2.512343
5.962918
3.113049
-4.969317
-8.169295
-7.371926
-2.361056
0.160970
-0.659314
-1.528916
-2.107054
-2.039286
-1.882447
-2.195020
-1.146928
-1.268715
-1.970081
5.286723
2.693597
2.785875
2.548896
2.229127
1.840284
0.768397
-0.294594
1.165638
9.775891
4.518518
-4.369471
-7.625994
-7.052573
-2.257011
0.017405
-0.269589
-1.354819
-1.923983
-2.069881
-2.192890
-2.607569
-1.622197
-2.872321
-4.528747
-5.594378
3.639899
3.104129
2.986171
2.841391
2.676412
0.937098
-0.491202
1.595512
12.843489
6.709111
-2.678765
-6.724288
-6.651321
-2.375024
0.497171
0.295156
-0.697815
-1.456919
-1.329888
-1.100778
-1.491869
-1.377395
-2.623580
-4.280046
-5.945340
3.527329
3.102983
3.014356
2.766471
2.185021
0.624635
-0.652416
0.676422
15.031194
8.172872
-2.062735
-6.960971
-7.308862
-2.952605
0.249558
0.153578
-0.777230
-1.464093
-1.301111
-1.189318
-1.703574
-1.396935
-2.681436
-4.384539
-5.641043
3.530015
2.981984
2.855683
2.448537
1.898278
0.457868
-0.788311
0.569152
14.364595
8.597225
-1.920362
-6.759884
-7.191605
-3.013810
-0.127754
-0.242574
-1.423937
-2.211658
-1.971281
-1.595533
-1.869662
-1.468422
-2.556176
-4.104661
-5.328717
3.983424
3.480655
3.232538
2.751845
2.162519
0.620681
-0.692757
0.604450
14.756869
8.440695
-1.750957
-6.766554
-7.211033
-2.995788
0.158113
0.083356
-1.110927
-1.932241
-1.725421
-1.245171
-1.528683
-1.242020
-2.420602
-4.094815
-5.355453
4.008153
3.458664
3.133001
2.621778
1.854944
0.448211
-0.755897
0.987648
14.572785
8.585298
-1.790674
-6.891411
-7.326318
-3.156533
0.221022
0.075468
-1.228639
-2.143535
-1.901714
-1.331967
-1.583371
-1.373132
-2.406592
-3.845498
-5.198198
4.467030
3.805645
3.346671
2.812940
1.961854
0.544099
-0.650673
0.711850
14.053042
8.270662
-1.791170
-6.803619
-7.178523
-3.001254
0.390110
0.221738
-0.961709
-1.871763
-1.730208
-1.378814
-1.791356
-1.534532
-2.521025
-4.156712
-5.412525
3.834492
3.278500
2.947659
2.433440
1.580125
0.299919
-0.868102
0.889115
14.594823
8.861691
-1.601152
-6.798514
-7.443557
-3.295858
-0.063169
-0.093575
-1.519554
-2.511042
-2.253459
-1.506405
-1.592602
-1.299663
-2.346806
-3.483522
-4.772750
5.034272
4.228456
3.616246
3.038227
2.094786
0.645947
-0.549338
0.555254
13.408335
8.231232
-1.497853
-6.495136
-6.918560
-2.695923
0.700283
0.377712
-0.902830
-1.882976
-1.731908
-1.346924
-1.715683
-1.493681
-2.295542
-3.946650
-5.342359
3.609177
3.118541
2.764424
2.204333
1.324995
0.193284
-0.904899
0.746163
14.372017
9.071659
-1.445967
-6.795453
-7.599868
-3.446518
-0.175109
-0.119696
-1.705752
-2.850263
-2.640311
-1.705518
-1.580559
-1.236812
-2.323483
-2.738294
-4.050225
6.088210
4.466403
3.833352
3.181317
2.172069
0.729265
-0.440446
0.642478
12.800206
8.195415
-1.253887
-6.309455
-6.913508
-2.583173
1.040638
0.707283
-0.980183
-2.200665
-2.030846
-1.378722
-1.516795
-1.182463
-1.897668
-3.335644
-4.669355
4.225137
2.955191
2.678758
2.202464
1.216595
0.187138
-0.858740
0.556561
13.219371
8.871208
-1.147439
-6.428177
-7.180655
-3.096987
0.258278
0.098262
-1.629825
-2.857228
-2.693598
-1.939335
-1.976789
-1.428640
-2.275946
-2.608358
-3.699704
5.530948
4.030216
3.482701
2.978690
1.938704
0.554734
-0.602160
0.471880
12.458386
8.683901
-0.841391
-5.939634
-6.643155
-2.448122
0.893238
0.486680
-1.488837
-2.826502
-2.648334
-1.794225
-1.699296
-1.161706
-1.836929
-3.204688
-4.458679
4.484357
3.227424
2.920709
2.390301
1.391902
0.333770
-0.736262
0.581756
12.610180
8.690874
-1.027399
-6.251633
-7.004093
-2.958509
0.500026
0.287064
-1.501189
-2.806006
-2.656350
-1.902410
-1.951506
-1.462211
-2.218811
-2.504187
-3.664025
5.901479
4.206830
3.648968
3.155092
2.023888
0.672601
-0.441330
0.394629
11.509059
8.236647
-0.801689
-5.736964
-6.201688
-2.218298
1.107232
0.536312
-1.299158
-2.605978
-2.415081
-1.797246
-1.961220
-1.439339
-1.860081
-3.266282
-4.674568
4.154454
2.980118
2.650189
2.109807
1.157998
0.194107
-0.853948
0.676367
12.806097
8.926780
-1.015883
-6.397974
-7.336476
-3.318197
-0.034201
0.080777
-1.650865
-3.074476
-3.037266
-2.205240
-2.093962
-1.412162
-2.266649
-2.350003
-3.145071
6.791590
5.014262
4.290699
3.642174
2.515307
1.052402
-0.110077
0.457184
10.342749
7.658385
-0.718575
-5.446133
-5.969373
-1.841758
1.593793
0.906049
-1.139536
-2.537104
-2.442761
-1.831735
-1.940878
-1.317326
-1.585082
-2.847268
-4.450616
4.111758
2.868849
2.562651
2.087576
1.172099
0.293540
-0.722860
0.806803
11.747555
8.488801
-1.007728
-6.393332
-7.364964
-3.189435
0.129348
0.179735
-1.653561
-2.859004
-2.894272
-2.401335
-2.515188
-1.651534
-2.331031
-2.278646
-2.946897
6.146254
4.602081
3.953579
3.502401
2.434525
1.064863
-0.090923
0.285424
9.664954
7.940429
-0.508130
-5.203712
-5.733273
-1.875962
0.906383
0.238995
-1.579038
-2.694529
-2.547446
-2.240252
-2.508724
-1.552304
-1.658534
-2.926533
-4.544927
4.315401
3.209234
2.931261
2.423753
1.434802
0.556661
-0.454361
0.766450
10.927574
7.796994
-1.378444
-6.447906
-7.171588
-2.806423
0.200478
0.229755
-1.730585
-2.765689
-2.862716
-2.631200
-2.839777
-1.762690
-2.326828
-2.196223
-3.014652
5.996147
4.544115
3.929596
3.547948
2.504730
1.218271
0.039217
0.311508
9.293883
7.830176
-0.683473
-5.205554
-5.702564
-1.800684
0.736398
0.101585
-1.772075
-2.812301
-2.731886
-2.452779
-2.683350
-1.546698
-1.659675
-2.902187
-4.491927
4.311747
3.254467
2.935094
2.396668
1.456087
0.562932
-0.490686
0.798339
11.061313
8.114775
-1.125817
-6.334936
-7.186181
-2.998198
0.079107
0.232220
-1.673777
-2.820524
-2.960017
-2.623158
-2.727171
-1.683330
-2.333771
-2.269769
-2.899622
6.279186
4.809855
4.116984
3.657506
2.572828
1.196746
-0.002511
0.383263
9.466090
7.996291
-0.397499
-5.088030
-5.846727
-1.798846
0.703488
0.084374
-1.363222
-2.411269
-2.355789
-2.163519
-2.353905
-1.577010
-1.812159
-3.091783
-4.681199
4.131488
3.192066
2.802804
2.062334
1.334617
0.380577
-0.604230
0.940335
12.505740
8.654724
-0.956385
-6.615328
-7.790755
-3.602332
-0.512224
-0.262820
-1.587532
-2.580795
-2.492547
-2.197493
-2.481261
-1.646107
-2.421336
-2.607944
-3.326442
6.255255
4.727656
4.066460
3.377816
2.519969
1.177151
-0.021575
0.815863
10.365684
8.409769
-0.439961
-5.435173
-6.187400
-2.362079
0.213758
-0.236062
-1.623428
-2.608177
-2.394846
-2.123994
-2.293563
-1.519342
-1.992986
-3.346888
-4.954903
3.974844
3.235014
2.767836
1.985211
1.292640
0.281834
-0.698792
1.498767
13.893994
9.350320
-0.830075
-6.882696
-8.354971
-4.411115
-1.125676
-0.515033
-1.622298
-2.547640
-2.341470
-1.854823
-2.069630
-1.407802
-2.423069
-2.799988
-3.259835
7.115041
5.357238
4.540624
3.719831
2.833283
1.352007
0.127837
0.727628
9.912291
8.016720
-0.334922
-5.249936
-6.118466
-2.121167
0.524912
0.107274
-1.266644
-2.218350
-2.138733
-1.976543
-2.324397
-1.693021
-1.993305
-3.159751
-4.807893
4.026924
3.219584
2.830855
2.074227
1.339180
0.388781
-0.618079
1.251194
12.623598
8.679235
-0.908384
-6.666698
-7.988494
-3.956188
1.309049
0.838524
1.901422
2.650436
3.681957
4.685366
5.574646
6.277904
7.090330
6.485101
5.178678
3.793293
2.651902
1.596931
1.356607
0.738238
-0.997219
-2.312926
-3.652678
-5.020237
-6.124483
-7.057082
-7.604336
-4.945165
-0.338077
9.795794
11.195769
11.584829
11.585594
11.633285
0.770002
-2.263659
-1.900013
-0.625107
0.537632
1.494999
2.264191
2.886794
3.302270
3.539482
3.575818
3.286661
2.617022
1.572559
-1.821916
-4.675875
-7.066533
-9.086985
-2.642377
-4.294651
-4.807899
-10.370676
-12.927553
0.819993
-2.759807
-3.725014
-1.966908
-0.898274
0.225709
1.259716
1.981023
2.573122
2.903379
1.759757
1.879217
1.823221
1.278730
0.314824
-0.108378
-1.011877
-2.168160
-3.347074
-3.600395
-3.680552
0.141315
-1.181000
-0.968918
-1.136894
-1.541222
-1.935311
-2.367409
-2.694335
-2.775489
-2.605994
-2.150133
8.818343
11.959741
8.192973
5.118381
4.280283
1.734008
1.045321
0.956566
-5.288260
-11.351576
-15.108358
-13.790844
-10.823818
-5.428791
1.197561
-15.280283
-4.896261
-7.700005
-10.862688
-16.255400
-19.045721
-17.913754
-8.901400
-7.257497
-5.736970
-1.062064
8.330828
16.044123
17.319668
13.873933
13.182152
13.552645
12.768857
11.530367
3.069881
-1.719405
3.047342
2.420891
0.710373
-0.084316
-0.343331
-0.743857
-1.245471
-1.261109
-1.050690
-0.978446
-2.786324
-3.401872
-4.496221
-4.661115
-4.332966
-4.412913
1.173566
14.313555
19.253878
22.399614
24.979471
24.452610
16.635803
7.894762
-1.512775
-7.415562
-9.893597
-11.812454
-12.660893
-13.331231
-10.146336
-8.056121
-6.291043
-2.356830
0.528815
6.334691
9.632600
6.988140
5.768240
1.698079
1.075640
6.849828
6.854073
7.011268
6.823731
5.380940
1.691944
-6.862895
-7.433954
-6.329739
-6.623026
-1.695107
1.872101
-0.384118
-5.016798
-6.978542
-7.603101
-8.646786
-8.387364
-6.473649
-1.817304
1.275465
2.489738
1.272529
1.957661
2.692272
6.343328
6.592209
6.086533
4.811919
2.912493
1.633348
3.745455
-1.070310
-5.977286
-8.683690
-8.735500
-4.703380
-1.610613
-0.720073
0.572007
0.658876
-0.329934
-1.638367
-1.859915
-1.312861
-0.761841
-1.807647
3.313879
4.210155
4.216205
4.015609
3.449536
2.486669
1.411139
0.564660
2.838725
10.074657
3.247728
-5.723858
-8.984808
-7.875186
-2.802577
0.717875
0.608879
0.258466
-0.539595
-0.992937
-1.481632
-2.504306
-2.724681
-2.833133
-4.314569
-5.658978
4.334848
3.349237
2.923241
2.370277
1.395252
0.236416
-0.846758
3.994255
12.204576
8.440703
-2.357542
-7.283540
-7.595839
-3.241533
0.198379
-0.128033
-2.632312
-3.735786
-3.319073
-1.958893
-1.577057
-1.604139
-1.533386
-1.764740
-2.549637
-3.706654
4.831383
6.755085
5.817818
3.439120
1.631254
0.309087
2.342854
9.328485
6.081218
-2.408343
-6.436858
-6.046999
-1.540561
2.576811
2.144536
0.077564
-1.013996
-1.738183
-1.439335
-1.852857
-1.555615
-1.809539
-2.299186
-3.672661
4.893183
3.496521
3.227478
2.668293
1.628529
0.525330
-0.490603
1.230177
9.134417
7.428776
-1.887730
-6.223549
-6.150394
-2.092707
0.291882
-0.554885
-2.991117
-4.188094
-3.975339
-2.806961
-2.545679
-2.008487
-2.003377
-2.490387
-3.674819
4.264759
6.267483
5.454244
4.724862
3.319429
1.679979
0.382323
2.232966
10.207737
5.347651
-2.861501
-6.806455
-6.337141
-1.694674
1.645609
0.908962
0.067651
-0.983602
-1.384328
-1.674211
-2.498088
-2.338842
-2.236143
-3.755750
-5.335185
3.796571
3.144335
2.515510
2.011571
1.081619
0.094508
-0.930937
2.098264
13.089719
7.976614
-2.237714
-7.154325
-7.640255
-3.358426
-0.943304
-0.834003
-2.529689
-3.640551
-3.616651
-2.761533
-2.649371
-1.852134
-2.351578
-2.263812
-3.070921
7.183763
6.105573
5.261064
4.562704
3.415180
1.651634
0.232493
0.692210
11.917928
7.651759
-1.499597
-6.203045
-6.311234
-2.092418
0.777011
0.012902
-1.266212
-2.229020
-2.163013
-1.792058
-2.140373
-1.685821
-2.207813
-3.403223
-4.952344
4.030877
3.619319
2.912032
2.389449
1.389838
0.436180
-0.670374
1.304186
14.633006
9.203485
-1.850413
-7.387457
-8.367490
-3.938958
-1.045404
-0.590476
-1.770650
-2.835421
-2.937664
-2.426061
-2.552246
-1.695743
-2.301140
-2.267692
-2.771531
6.749083
5.668651
4.873369
4.259544
3.155892
1.529419
0.205029
0.764726
11.956676
7.886817
-1.508494
-6.208161
-6.323419
-2.012784
0.480548
-0.372684
-1.711840
-2.641811
-2.532679
-2.114104
-2.315830
-2.265825
-2.816612
-3.398557
-4.913057
3.706656
3.515145
2.765576
2.266257
1.374958
0.345112
-0.748500
1.334904
15.645192
9.524361
-1.852024
-7.602671
-8.777377
-4.495153
-1.647908
-0.753869
-1.958338
-2.698575
-2.985897
-2.484478
-2.531508
-1.526809
-2.276880
-2.038399
-2.261643
7.715678
6.466678
5.466271
4.767407
3.651720
1.947132
0.567593
0.694690
10.416868
7.515444
-1.556495
-5.922586
-6.145915
-1.606150
0.713680
-0.282351
-1.884722
-2.826275
-2.768007
-2.224350
-2.284528
-2.512014
-3.303463
-3.129427
-4.548197
3.810209
3.653940
2.848759
2.385971
1.525199
0.435827
-0.667023
1.521251
15.715796
9.499586
-1.780023
-7.654874
-9.025598
-4.825593
-1.701861
-0.670089
-1.918821
-2.620228
-2.822175
-2.176249
-2.212696
-1.337828
-2.018874
-1.873438
-2.105356
7.794362
6.481668
5.496416
4.752285
3.579906
1.929233
0.600736
0.643261
9.339666
7.502699
-1.378972
-5.665564
-5.628916
-1.474540
1.042161
-0.232321
-1.919337
-2.955614
-2.864092
-2.314924
-2.681350
-2.923861
-3.431283
-3.265142
-4.659290
3.908965
3.190428
2.641844
2.218181
1.454898
0.352943
-0.732249
1.443270
16.005747
9.940392
-1.375622
-7.446620
-9.014593
-4.988222
-1.893614
-0.740868
-2.029531
-2.582953
-2.709894
-2.047414
-2.209061
-1.351986
-1.974578
-1.771798
-1.763130
8.685302
6.350759
5.352481
4.566620
3.321886
1.676036
0.398696
0.676793
9.662674
8.079031
-0.808752
-5.490841
-5.929335
-1.818860
1.388764
0.371760
-2.031520
-3.195005
-3.153365
-2.312946
-1.992685
-1.600483
-2.011239
-2.683960
-3.681812
5.425147
3.851275
3.294849
2.776990
1.622847
0.589896
-0.417254
1.533458
14.251220
9.528253
-1.213160
-7.117920
-8.474551
-4.520934
-0.994871
-0.502846
-1.949733
-3.008723
-2.842985
-2.050145
-2.127492
-1.611363
-1.872384
-1.551466
-2.506797
7.687031
5.381048
4.720787
4.088821
2.693326
1.249382
0.052636
0.885617
10.833631
8.227828
-0.877447
-5.964651
-6.594093
-2.489686
1.070222
0.536692
-1.786849
-2.929101
-2.936721
-2.192191
-2.043037
-1.254398
-1.285246
-2.198269
-3.401970
5.652467
3.744811
3.276726
2.716114
1.560753
0.605567
-0.429634
1.224215
12.759073
9.397566
-0.998121
-6.706413
-7.825044
-3.911272
-0.607730
-0.403040
-2.285899
-3.428690
-3.234906
-2.349134
-2.295475
-1.705853
-1.733654
-1.387162
-2.633228
7.243478
5.136475
4.590066
4.015934
2.576606
1.181192
0.025009
0.943768
11.245467
8.437410
-0.714242
-6.111677
-7.102092
-3.143723
0.567249
0.562551
-1.599309
-2.592129
-2.654415
-1.995961
-1.955366
-1.155225
-1.231161
-1.999185
-3.209558
5.492496
3.564734
3.139557
2.549537
1.578861
0.623795
-0.393049
0.902939
11.653116
9.263571
-0.683337
-6.335813
-7.473790
-3.529800
-0.643118
-0.497387
-2.404202
-3.520444
-3.526973
-2.929092
-2.889383
-1.792387
-1.665005
-1.325423
-2.226138
6.422770
4.951918
4.497107
4.022551
2.752054
1.447152
0.223044
0.616698
9.951094
7.996922
-0.824642
-5.828324
-6.543209
-2.623240
0.061935
-0.270302
-2.122935
-3.071121
-2.939071
-2.430414
-2.556794
-1.505585
-1.223988
-2.183878
-3.585307
5.230935
3.841994
3.302723
2.665192
1.705556
0.740304
-0.354506
1.206739
12.398441
8.990636
-1.071860
-6.786574
-7.994298
-3.972845
-1.084806
-0.515046
-2.269943
-3.300387
-3.333034
-2.783209
-2.763675
-1.719420
-1.862597
-1.599061
-2.004048
7.619361
5.827090
5.100549
4.587046
3.244658
1.783555
0.532183
0.859770
9.506630
7.669666
-0.715515
-5.627654
-6.404315
-2.294074
0.373654
-0.184265
-1.938640
-2.853756
-2.735742
-2.318352
-2.525629
-1.564950
-1.135750
-1.857642
-3.354161
5.535311
3.996974
3.608903
3.073448
1.941175
1.026415
0.010664
1.359181
10.533911
7.701522
-1.572017
-6.844703
-7.701467
-3.339760
-0.458149
-0.271494
-2.216875
-3.251601
-3.328418
-3.157036
-3.377820
-2.082411
-1.827571
-1.359221
-2.458330
6.606916
5.088973
4.614592
3.795539
2.958707
1.757685
0.528735
0.730234
8.660054
7.853105
-1.073522
-5.766861
-6.304114
-2.297400
1.285638
0.862457
1.868056
2.658479
3.683838
4.671005
5.561738
6.154454
6.531354
6.567091
6.317575
5.126524
3.395803
1.489870
-0.567333
-2.234082
-3.744393
-5.206964
-6.978123
-9.724648
-8.372225
-15.087155
-14.221077
-20.089455
-26.002033
-30.100029
-30.100019
-29.930418
-16.268427
2.687429
10.263905
15.866364
1.284536
0.779247
1.245162
2.350057
3.582034
4.673121
5.498319
6.048267
6.505745
7.054997
5.636934
3.923472
3.751721
1.817269
-0.207333
-1.942323
-3.602236
-5.217369
-6.486862
-6.697566
-5.141300
-1.991991
4.133687
-1.062153
0.123662
-3.982696
-2.967103
-1.742675
-0.474189
0.709301
1.928312
2.871075
3.322551
3.015671
1.592276
1.008051
0.821305
-0.027823
-1.140012
-2.310781
-4.569940
-0.768788
-1.377534
-2.087554
-3.650420
-4.946299
-3.038855
-1.729677
-0.754940
0.037904
5.393753
4.595104
3.296806
2.751894
-0.020107
-2.437379
-3.085848
-2.567695
-1.332409
-0.102521
2.763443
4.395158
3.321802
1.409652
-3.147971
-5.753840
-5.799576
-5.599708
-5.152973
11.259349
10.147478
7.480033
4.354336
2.728508
2.187362
3.037140
15.755832
8.163658
4.536864
-7.476037
-15.319946
-16.886795
3.332408
13.008153
5.415264
0.633418
-8.621789
-11.209088
2.730381
1.899747
-1.751947
7.048527
13.325196
6.660867
0.434588
-0.501908
6.821799
6.222757
6.723888
7.434861
10.321030
5.854424
5.782845
-3.622078
-14.551228
-19.716976
-20.517731
-19.256517
-5.043545
-1.310388
-0.934364
-2.669434
-4.350690
-3.886276
-2.374165
-3.963290
-0.900119
0.766798
3.519598
0.464147
5.349652
4.656981
3.517488
2.387486
1.596351
0.869783
0.016797
-3.904701
-4.522358
-6.697506
-5.599477
-1.466727
3.063734
1.996154
-0.801754
-3.074639
-4.100512
-5.302004
-5.365039
-5.124671
-3.125592
-1.551474
-1.556706
-2.283954
-2.603397
6.155670
5.192755
5.169580
3.562171
1.801295
0.402252
4.321094
14.391199
3.912553
-4.828719
-8.808129
-8.029680
-2.688700
0.160123
-1.111222
-1.336738
-0.842895
-0.665909
-0.408235
-0.052240
-0.235311
-0.714858
-2.317651
-3.889649
4.983395
4.595025
3.971390
3.397938
2.071896
0.881796
-0.101926
3.351300
11.005019
3.535227
-5.392751
-8.451220
-6.641370
-2.831469
-1.248743
-2.581789
-3.047477
-2.767544
-2.642094
-2.519932
-2.468220
-1.797729
-1.831966
-3.081860
-4.686181
5.086182
4.772818
4.813155
4.463555
2.664869
1.172248
-0.101321
3.944826
13.175299
2.968822
-5.114760
-8.474848
-6.896540
-2.198286
-0.146289
-1.584882
-1.371796
-1.103922
-1.585095
-2.181610
-2.041100
-1.683947
-1.875683
-3.518423
3.975942
3.761157
3.598799
2.838175
2.328915
1.337003
0.139352
-1.093311
2.362671
14.071172
4.315549
-4.396332
-7.832593
-6.639575
-2.533695
-1.154548
-2.599527
-2.923118
-2.847953
-3.424785
-3.550775
-2.683364
-1.714820
-2.354909
-3.134842
7.780405
5.224403
4.884474
4.082409
3.625590
2.354575
0.702297
-0.753001
2.602335
14.764119
4.350529
-3.911526
-7.787810
-6.781338
-2.450270
-0.826720
-2.281430
-2.678218
-2.380792
-2.646992
-2.597158
-1.862247
-1.178170
-1.776540
-3.476550
-4.511398
5.302295
4.856879
4.178729
3.423361
2.097789
0.779923
-0.484325
3.351159
14.040570
3.929358
-4.594022
-8.191287
-6.880499
-2.413594
-0.608354
-2.221340
-2.356015
-2.142303
-2.635267
-2.855809
-2.137477
-1.372849
-1.772078
-3.049551
4.362272
4.694956
4.324856
3.631728
3.078203
1.953782
0.646306
-0.628540
2.314382
13.873432
4.069242
-4.286674
-7.816886
-6.701590
-2.444728
-0.947230
-2.490770
-2.805862
-2.630160
-3.129822
-3.176104
-2.345040
-1.362139
-1.791187
-2.561400
6.077360
5.387909
5.025647
4.380120
3.750479
2.420967
0.960483
-0.352797
2.740697
13.601571
3.703290
-4.337214
-7.859467
-6.516673
-2.085052
-0.480447
-2.122104
-2.520410
-2.282877
-2.739055
-2.901713
-2.173381
-1.382153
-1.682817
-3.326340
-4.584812
4.902906
4.518129
3.701706
3.090182
1.911380
0.671431
-0.552758
3.116206
13.620451
4.074283
-4.622793
-8.169800
-7.102194
-2.760540
-0.928728
-1.747132
-2.461548
-2.676970
-3.142437
-3.168123
-2.546357
-1.509046
-1.865527
-2.454137
-3.161495
5.612306
5.349359
4.452185
3.831342
2.466240
0.988161
-0.394658
2.834784
13.872146
3.989796
-4.169820
-7.894173
-6.765307
-2.180255
-0.467312
-1.486863
-2.053461
-2.468171
-2.788688
-2.761486
-2.042722
-1.210911
-1.451340
-3.208648
-4.402971
4.362047
4.368638
3.482311
2.783506
1.674149
0.477391
-0.761819
3.317351
14.840751
4.676658
-4.355543
-8.280953
-7.499585
-3.046878
-1.058931
-1.772284
-2.570115
-2.721095
-3.140383
-3.071566
-2.367350
-1.314901
-1.752616
-1.950929
-2.657279
5.928144
5.615597
4.664542
4.088252
2.746363
1.233116
-0.199697
2.694932
13.332920
3.768456
-4.296385
-7.908960
-6.673270
-2.131209
-0.531649
-1.605228
-2.182894
-2.600450
-2.912636
-2.856005
-2.082254
-1.133218
-1.193519
-2.973748
-4.398654
4.538105
4.617751
3.771190
3.058722
1.852896
0.706041
-0.500121
3.778614
14.471449
4.278081
-4.835331
-8.659640
-7.753023
-3.376752
-1.172722
-1.736138
-2.514279
-2.620162
-3.064809
-3.055443
-2.446885
-1.361985
-1.736949
-2.190257
-2.849368
5.846955
5.551647
4.584721
3.991896
2.620428
1.133552
-0.276015
2.684799
13.815540
3.986758
-4.184185
-7.933942
-6.831343
-2.328653
-0.601711
-1.526111
-2.121832
-2.582498
-2.846183
-2.729900
-2.091724
-1.188679
-1.258471
-3.139266
-4.468312
4.862650
4.879871
4.008173
3.217229
1.935579
0.755826
-0.388134
3.904790
14.575119
4.341775
-4.758030
-8.668031
-7.843437
-3.368063
-1.080864
-1.632258
-2.376449
-2.519605
-2.953913
-2.912467
-2.372002
-1.377396
-1.668935
-2.340662
-3.110713
5.770447
5.504936
4.599202
3.952164
2.556259
1.155815
-0.213689
2.796168
13.620626
4.257665
-4.235431
-8.135503
-7.229114
-2.451597
-0.501061
-1.430471
-1.793456
-2.313565
-2.766469
-2.818982
-2.281708
-1.237805
-1.389207
-3.109873
-4.437951
4.228501
4.292276
3.335497
2.780940
1.691954
0.526458
-0.735048
3.132244
14.365156
5.121950
-4.351789
-8.455438
-8.001431
-3.283581
-1.248749
-1.654727
-2.920956
-3.107695
-3.655074
-3.589465
-3.021686
-1.554525
-2.020349
-1.165031
-1.897415
6.748711
6.344211
4.956891
4.334500
3.053557
1.452524
0.076799
3.061533
13.584027
4.148131
-4.059119
-8.097506
-7.183961
-2.388761
-0.606961
-1.555623
-2.260226
-2.605208
-3.135793
-2.982246
-2.153785
-0.989407
-0.877049
-2.626562
-4.173475
4.992958
5.070212
4.351884
3.571112
2.230826
1.115393
-0.134045
3.696856
12.850810
4.193501
-5.044969
-8.769076
-7.922522
-3.219164
-0.891106
-1.540031
-2.321700
-2.652500
-3.219539
-3.308071
-2.896062
-1.584882
-1.844368
-2.065331
-3.015455
5.715248
5.469817
4.532233
4.037993
2.671987
1.264850
-0.006062
2.877800
13.250984
4.161695
-4.381447
-8.218483
-7.342960
-2.528037
-0.644421
-1.483954
-2.421531
-2.754396
-3.342183
-3.227018
-2.510814
-1.208938
-1.321969
-2.968430
-4.095468
5.328026
5.240046
4.392631
3.600315
2.256299
1.019708
-0.179837
3.275251
13.391851
4.629391
-4.460048
-8.424375
-7.851478
-3.098687
-0.804870
-1.310224
-2.384152
-2.705227
-3.257890
-3.133321
-2.748823
-1.578808
-1.824233
-2.405368
-3.012286
6.452266
6.142013
5.076038
4.327170
2.949983
1.412661
0.002742
3.395987
12.977611
4.257472
-4.285783
-8.213883
-7.422214
-2.498325
-0.567298
-1.329334
-1.915539
-2.615950
-2.901479
-2.767810
-2.486478
-1.426012
-1.318712
-3.099458
-4.432888
4.891428
4.930279
3.989080
3.280558
2.016999
0.808296
-0.442257
3.786096
14.076770
4.943188
-4.486004
-8.673885
-8.377382
-3.631832
-1.457364
-1.700428
-2.278121
-2.832535
-3.187123
-3.013254
-2.770511
-1.652910
-1.962932
-2.271577
-2.910742
6.233647
5.912722
4.791073
4.104215
2.817695
1.241569
-0.062020
4.005246
14.475645
4.695330
-4.072381
-8.462141
-7.871177
-2.986902
-1.129943
-1.694442
-2.162391
-2.723550
-2.918331
-2.675485
-2.208310
-1.123173
-1.041122
-2.899981
-4.336970
4.927123
5.002497
4.063107
3.349166
2.097668
0.922249
-0.295164
3.826133
13.874560
4.917631
-4.601246
-8.759686
-8.481421
-3.746112
-1.551386
-1.739016
-2.441398
-2.926718
-3.328168
-3.159729
-2.869313
-1.659471
-1.889686
-2.099320
-2.692827
6.814327
6.461151
5.226306
4.391862
3.117749
1.520484
0.064227
3.853164
13.509072
4.335781
-4.276683
-8.451962
-7.815479
1.427813
1.155358
1.389276
2.322140
3.373233
4.391382
5.242312
5.500338
4.433823
3.587430
3.248383
2.524125
0.805803
-1.601524
-2.964867
-3.937500
-4.678330
-5.488984
-6.432128
-1.881905
-3.140890
-4.208548
-6.291584
-6.367703
2.338701
0.214768
1.735035
2.188319
-0.540836
-1.796080
-2.010795
-0.136318
1.299396
-1.904427
-4.938725
-5.490922
-3.598222
-0.576523
0.729095
0.145052
2.708293
2.654845
1.782285
0.059864
4.669486
2.992672
2.807370
1.701661
0.587992
1.669901
14.625188
11.419608
0.819773
-7.200314
-10.440629
-7.575424
-4.581338
-3.333218
-4.623832
-4.368990
-3.499902
-1.925168
-0.756069
0.246862
-0.520665
0.443602
-0.403027
6.480070
5.104832
4.710855
4.123814
3.336780
2.121747
0.894724
1.910367
12.498384
8.335925
-2.080431
-8.428806
-10.031972
-6.075047
-3.017735
-2.101883
-2.888152
-2.763502
-2.368034
-2.178936
-2.363799
-1.757786
-1.237974
-1.169740
-2.854515
3.402840
5.336795
4.938322
5.060690
4.564630
2.793405
1.317590
1.367754
11.299650
8.555370
-1.459450
-7.540730
-8.906322
-4.776908
-2.005874
-1.440806
-2.059632
-1.727107
-1.556592
-2.024014
-2.690136
-2.153761
-1.576366
-1.629698
-3.413140
6.136278
4.666253
4.317759
4.041546
3.573598
1.931149
0.501972
1.105080
12.070072
10.505721
-0.437499
-7.359389
-9.264221
-5.994683
-3.348068
-2.273483
-2.969353
-2.584417
-2.064840
-2.043484
-2.452838
-1.878351
-1.302953
-1.716885
-3.750153
6.760151
4.620452
4.263767
4.189097
3.906443
2.076380
0.513540
1.006852
13.834159
11.184052
0.189898
-6.889882
-9.189812
-6.034945
-3.281308
-2.114298
-2.778181
-2.355031
-1.735732
-1.752501
-2.146782
-1.667271
-1.295783
-1.489128
-3.449781
6.940399
4.717995
4.312355
3.795653
2.982226
1.499461
0.090793
1.179292
13.806666
11.932010
0.592389
-6.773991
-9.217266
-6.186137
-3.612170
-2.336519
-3.315863
-3.227905
-2.536797
-2.210531
-2.319213
-1.630728
-1.223300
-1.401942
-3.076606
7.618282
5.327976
4.783488
4.128935
3.223490
1.646143
0.222812
1.173078
13.981353
11.647918
0.656538
-6.587402
-9.248453
-6.115758
-3.090303
-1.896788
-2.798787
-2.717515
-2.090248
-1.866506
-2.026677
-1.629901
-1.404665
-1.297467
-3.024948
7.277838
5.048835
4.513893
3.677547
2.624108
1.288703
-0.010076
1.096548
13.997176
12.057440
0.889245
-6.564600
-9.208471
-6.354050
-3.450628
-2.210305
-3.147425
-3.105074
-2.456932
-2.127653
-2.248920
-1.702420
-1.422276
-1.288640
-2.599593
8.040712
5.660629
5.103127
4.231495
3.077110
1.666426
0.335199
0.947941
12.484383
11.340530
0.728228
-6.383141
-8.924467
-5.646371
-2.818007
-1.832701
-3.096383
-3.184973
-2.633787
-2.274627
-2.295558
-1.683085
-1.348995
-0.879760
-2.424949
4.617938
5.549105
4.938477
4.054499
2.948169
1.668771
0.419564
0.690650
11.235861
10.864911
0.492906
-6.423361
-8.664063
-5.646105
-2.802256
-1.808007
-2.935971
-2.919399
-2.435266
-2.362081
-2.711346
-2.125175
-1.679926
-1.180963
-2.377524
7.605189
5.512065
4.923587
4.032572
3.038746
1.737574
0.421957
0.744215
10.693539
10.913954
0.757806
-6.195731
-8.446635
-5.371939
-2.642802
-1.790544
-3.345756
-3.354314
-2.830348
-2.709387
-2.875138
-2.196136
-1.596737
-1.062321
-2.533661
7.427715
5.246433
4.674452
3.582987
2.750147
1.566231
0.246200
0.606748
12.089774
11.436205
0.992447
-6.287681
-8.828312
-6.055918
-3.202425
-1.989909
-3.186190
-3.144409
-2.672043
-2.626400
-2.869973
-2.166475
-1.627877
-1.237339
-1.820955
8.103814
5.901561
5.269434
4.332170
3.304854
2.031943
0.664108
0.708523
9.724224
10.740049
1.136948
-5.611374
-7.882674
-4.707803
-2.239912
-1.730307
-3.614492
-3.629177
-3.163683
-3.012253
-3.077445
-2.111444
-1.440578
-0.638996
-2.048325
4.855024
5.498825
4.923307
3.776226
3.004388
1.856544
0.599529
0.807642
10.076480
10.347988
0.551265
-6.274074
-8.447568
-5.437471
-2.659120
-1.663678
-3.140329
-3.060803
-2.715390
-2.926378
-3.388515
-2.563622
-1.769561
-0.950662
-1.665048
7.937259
5.861958
5.225988
4.267524
3.352407
2.159564
0.785847
0.602174
8.609540
10.066104
0.945618
-5.551972
-7.670383
-4.463341
-2.077393
-1.604544
-3.606377
-3.550479
-3.165095
-3.261087
-3.459522
-2.387005
-1.557119
-0.726718
-1.745113
7.146555
5.637415
4.988672
3.919399
3.179093
2.070149
0.756862
0.787026
9.357911
10.049790
0.645051
-6.067059
-8.221657
-5.099105
-2.452740
-1.635644
-3.387119
-3.212543
-2.891288
-3.170159
-3.628153
-2.568657
-1.658792
-0.788731
-1.565623
7.677545
6.100732
5.451767
4.429256
3.590959
2.484683
1.101508
0.875850
7.646825
9.385103
0.590601
-5.691875
-7.622190
-4.320459
-2.097059
-1.656381
-3.679166
-3.422014
-3.110367
-3.463503
-3.823942
-2.615970
-1.583451
-0.570301
-1.636801
6.742478
5.680793
5.045554
3.906170
3.346196
2.250145
0.923162
-0.261363
3.707942
11.838444
1.470407
-5.732830
-8.200818
-5.298143
-2.909795
-1.982973
-3.716401
-3.456791
-3.170775
-3.496220
-3.949821
-2.803293
-1.699584
-0.893806
-1.256276
8.138539
6.543351
5.861402
4.897843
4.031859
2.888910
1.421496
0.130184
2.569028
10.740993
1.411927
-5.057432
-7.243223
-4.128859
-2.027453
-1.742854
-3.791755
-3.567729
-3.229780
-3.532720
-3.861634
-2.731311
-1.790324
-0.639257
-1.719459
3.543853
5.739754
5.110039
3.977680
3.281241
2.202936
0.910729
-0.285085
4.066164
11.676369
1.295305
-5.888020
-8.310630
-5.522182
-2.803649
-1.692510
-3.303035
-3.187272
-3.010973
-3.387619
-3.910494
-2.986923
-1.912215
-0.890227
-1.243669
8.534548
6.305699
5.634727
4.597776
3.803540
2.689432
1.313340
-0.042150
2.625278
10.967844
1.691929
-4.916222
-7.296763
-4.342789
-2.206644
-1.820415
-3.923687
-3.706642
-3.394400
-3.688138
-3.949710
-2.749572
-1.740439
-0.601759
-1.233107
4.470263
6.272715
5.549486
4.525177
3.754965
2.663962
1.319818
0.011845
3.359596
10.382348
1.165169
-5.644660
-7.896979
-4.857374
-2.279099
-1.528239
-3.539549
-3.452263
-3.232244
-3.584430
-4.057489
-2.997670
-1.936624
-0.690825
-1.303618
5.913078
6.257955
5.514840
4.410200
3.710998
2.615895
1.241664
-0.038131
3.110493
10.697953
1.417309
-5.374300
-7.759398
-4.905231
-2.383990
-1.606905
-3.543256
-3.443751
-3.190274
-3.519331
-3.871465
-2.917800
-1.881460
-0.668677
-1.212267
4.886093
5.989915
5.410189
4.304699
3.622503
2.506571
1.149061
-0.166019
3.138416
11.051307
1.712476
-5.312136
-7.807507
-5.091798
-2.508660
-1.564893
-3.536309
-3.505630
-3.255287
-3.558709
-4.075814
-2.983835
-1.831891
-0.635589
-0.874635
5.352097
6.410017
5.834090
4.838155
3.988797
2.848761
1.486991
0.085219
2.444632
10.574784
1.642556
-4.978802
-7.308945
-4.368293
-2.122514
-1.587192
-3.750075
-3.689511
-3.366891
-3.681180
-4.094265
-2.897141
-1.794607
-0.350410
-0.965531
5.071451
5.730373
5.331343
4.169254
3.549145
2.484240
1.127017
-0.097422
3.271042
10.838493
1.677091
-5.455906
-7.920468
-5.216173
-2.575437
-1.439304
-3.495345
-3.691470
-3.515313
-3.741932
-4.185247
-3.080298
-1.877026
-0.529069
-0.638534
5.526556
6.647141
6.038506
5.015176
4.130347
2.952251
1.554949
0.198648
2.346087
9.695311
1.585970
-4.816354
-7.033143
-4.168554
-1.771068
-1.200827
-3.623991
-3.913460
-3.670092
-3.875169
-4.151882
-3.054839
-1.989410
-0.383830
-0.852284
-2.294816
6.152891
5.652455
4.533802
3.747089
2.592140
1.285127
0.100695
3.267042
10.330927
1.617285
-5.380945
-7.807254
-5.160998
-2.348115
-1.143499
-3.338000
-3.736133
-3.545947
-3.699684
-4.080500
-3.150229
-2.099000
-0.523352
-0.610756
5.366626
6.511388
5.927695
4.921216
3.952224
2.767909
1.417647
0.164678
2.577249
9.697453
2.034001
-4.694408
-7.240047
-4.591251
1.288871
1.110161
1.422100
2.314838
2.850345
2.656101
2.737234
2.497872
2.354561
1.671932
1.024439
0.486060
0.111676
-0.070813
-0.440039
-1.108224
-1.337999
-0.445054
-0.814687
-2.190979
-4.057287
5.126524
0.861865
2.355461
-2.018692
-6.965749
-8.184752
-6.242461
-4.685278
-5.568816
-7.571222
-8.027155
-7.378319
-4.462423
-1.569684
0.561560
1.845825
4.267603
4.617032
3.373927
4.302567
4.466107
3.767520
3.032116
2.099793
1.436156
9.770050
10.980649
4.971442
-4.769765
-9.774943
-10.738875
-6.509570
-3.448785
-3.565073
-4.292630
-3.862786
-3.121175
-1.911175
-0.555640
0.314871
0.755971
0.869070
-0.429178
6.664870
6.793654
5.568898
4.489289
3.215906
2.229097
1.153387
5.084175
8.947481
2.877447
-6.687871
-10.106914
-9.549489
-4.640917
-2.219612
-2.666151
-2.997614
-3.216535
-3.397733
-3.218869
-3.039522
-1.959547
-0.557148
-1.114194
-2.546975
6.008164
6.180711
5.340191
4.338191
2.819576
1.562058
0.345333
3.306118
13.963813
5.611119
-4.598215
-9.156389
-9.167869
-4.618040
-2.060661
-2.385697
-2.909845
-3.322102
-3.510643
-3.285497
-3.256700
-2.294977
-1.567618
-2.008280
-2.871924
7.018023
6.807050
5.474495
4.466727
2.879791
1.471683
0.114146
2.766203
14.758648
6.328551
-3.507124
-8.414889
-8.466959
-3.898773
-1.540058
-2.211590
-2.919929
-3.470203
-3.609830
-3.289710
-3.079503
-2.079942
-1.278774
-1.900866
-2.715914
7.445247
7.097745
5.793642
4.812764
3.174208
1.853078
0.562809
2.570512
13.749989
5.969617
-3.855034
-8.427574
-8.275554
-3.659861
-1.472969
-2.306392
-2.953300
-3.495652
-3.760259
-3.568487
-3.316622
-2.135426
-0.911731
-1.322472
-2.250920
7.074076
6.781349
5.594697
4.646942
3.188152
1.913321
0.610547
2.370998
13.185762
5.805034
-3.953239
-8.425813
-8.275054
-3.653788
-1.671738
-2.420363
-3.284397
-3.736584
-4.118075
-4.046213
-3.670553
-2.251055
-1.106109
-0.855213
-1.686066
7.325318
7.078932
5.810270
4.927580
3.417425
2.105619
0.763936
2.182386
12.758695
5.783246
-3.781824
-8.237278
-7.976810
-3.363097
-1.447507
-2.327841
-3.284067
-3.779708
-4.116437
-3.932142
-3.532805
-2.178628
-0.785714
-1.075919
-1.912231
7.404003
7.114542
5.872882
4.866445
3.366986
2.119213
0.865797
2.469638
12.601806
5.663554
-3.926862
-8.325325
-8.170434
-3.464829
-1.304320
-2.152701
-3.144677
-3.705818
-4.074661
-4.003774
-3.673247
-2.375628
-0.978766
-0.666780
-1.606947
7.609099
7.281289
6.092396
5.153626
3.643321
2.375527
1.042820
2.049550
11.266895
5.212662
-4.006006
-8.075363
-7.605117
-2.949440
-1.172130
-2.257479
-3.366739
-3.870719
-4.295761
-4.284065
-3.832900
-2.372392
-0.658862
-0.749148
-1.789844
7.050075
6.811739
5.510409
4.636837
3.415149
2.136761
0.738237
2.283270
12.089484
5.615366
-4.052686
-8.374332
-8.257558
-3.592592
-1.670748
-2.171072
-3.576674
-4.087658
-4.525752
-4.495139
-4.183293
-2.546021
-1.019531
0.183017
-0.503167
8.613900
7.129528
5.881779
5.033201
3.506716
2.208590
0.865813
1.849296
11.523740
5.996005
-3.101935
-7.585416
-7.435403
-2.776999
-0.875420
-1.973178
-3.489196
-4.133136
-4.290960
-3.964611
-3.645737
-2.354321
-0.660165
-0.704900
-1.378193
7.529014
6.480138
5.453669
4.362465
2.948962
1.758896
0.460968
2.580916
12.781677
6.728731
-3.163723
-7.911742
-8.163014
-3.629292
-1.209388
-1.817525
-3.415617
-4.079251
-4.255151
-3.862849
-3.775702
-2.660666
-1.061005
-0.349566
-0.888402
8.876719
7.111061
5.935493
4.876945
3.227567
2.014982
0.769716
2.061571
11.467717
6.343559
-2.810949
-7.391899
-7.388002
-2.817526
-0.614815
-1.731459
-3.409638
-4.091683
-4.259913
-3.855813
-3.657341
-2.572576
-0.963857
-0.816741
-1.431989
7.666842
6.214127
5.154682
4.182412
2.792282
1.602276
0.394675
2.424926
12.624352
6.882638
-2.931941
-7.744268
-8.118788
-3.697914
-1.354681
-1.769130
-3.470286
-4.123989
-4.413935
-4.059730
-3.963800
-2.778900
-1.043237
-0.066707
-0.410309
9.200402
7.497136
6.273651
5.268228
3.590135
2.310384
0.997765
1.927195
10.516212
6.055988
-2.743539
-7.192529
-7.086215
-2.520096
-0.481994
-1.697897
-3.499469
-4.180175
-4.346348
-3.954185
-3.635870
-2.532683
-1.065141
-1.053680
-1.575923
7.149158
5.904114
4.789524
3.986616
2.617450
1.462911
0.311033
2.369804
12.366718
7.068078
-2.882647
-7.621341
-8.051981
-3.551100
-1.309176
-1.594594
-3.345613
-4.087411
-4.773237
-4.719324
-4.632347
-3.228462
-1.381961
-0.044515
0.005622
9.539720
7.845396
6.498793
5.654883
4.038562
2.712536
1.266762
1.511217
9.657892
5.839804
-2.411166
-6.772185
-6.644450
-2.118814
-0.537102
-1.995067
-3.828980
-4.513742
-4.676978
-4.271194
-3.636991
-2.327215
-1.046748
-0.735239
-1.238980
6.530359
5.905635
4.863804
4.020743
2.697537
1.561032
0.498812
2.547788
11.953215
7.461213
-2.838130
-7.728564
-8.184730
-3.463863
-1.074543
-1.576209
-3.096347
-3.884508
-4.702800
-4.668799
-4.877364
-3.452005
-1.345762
0.048746
-0.149718
9.031208
7.524228
6.253339
5.513419
4.056809
2.781058
1.290431
1.256754
9.287629
6.222211
-2.282196
-6.712568
-6.640543
-1.945307
-0.697815
-2.383816
-3.890268
-4.491548
-4.896187
-4.599609
-4.207573
-2.507871
-0.600675
0.209370
-0.871676
6.326272
5.930846
4.877954
4.255878
3.120888
1.945654
0.757594
2.185798
10.861793
6.887933
-3.373245
-7.880762
-8.053863
-3.127621
-1.263497
-1.747779
-3.340599
-3.998699
-5.058224
-5.248987
-5.389022
-3.419427
-1.048116
0.338211
0.030810
9.056460
7.764765
6.420460
5.739480
4.362828
3.077859
1.586425
1.254950
8.554191
5.980062
-2.440497
-6.719169
-6.714736
-2.048377
-0.843045
-2.371407
-3.850271
-4.465036
-4.977149
-4.783225
-4.383315
-2.552939
-0.699935
0.539724
-0.402595
6.352959
6.522908
5.530452
4.715196
3.434963
2.248129
1.092456
2.431176
10.436877
6.332212
-3.420436
-7.925417
-8.043603
-3.090878
-0.976973
-1.762837
-3.357042
-4.067623
-4.713021
-4.685634
-4.697047
-3.037794
-1.079436
0.385568
-0.494265
8.452448
7.041510
5.954124
5.088304
3.744952
2.510574
1.024407
1.724914
9.699128
6.487581
-2.809525
-7.326467
-7.405701
-2.631351
-0.993472
-1.903832
-3.724034
-4.358287
-4.951560
-4.784078
-4.589890
-2.871117
-1.103734
0.504820
-0.227129
7.244067
7.352940
6.214558
5.205441
3.824528
2.559360
1.176470
2.183347
9.709436
6.419570
-2.995001
-7.486931
-7.564516
-2.686601
-0.927739
-1.873588
-3.367077
-4.233877
-4.609717
-4.251254
-4.097636
-2.858641
-1.269056
-0.269220
-1.033742
7.071305
6.846516
5.747142
4.702278
3.385438
2.129787
0.702211
2.520917
11.509306
6.867255
-2.895412
-7.877182
-8.351809
-3.692973
-1.564607
-1.864194
-3.352122
-4.036658
-4.515076
-4.126702
-4.022414
-2.866446
-1.400308
0.265055
-0.324612
8.997699
7.498165
6.330548
5.250982
3.795736
2.516218
1.141479
2.178844
9.844380
6.408189
-2.618201
-7.332419
-7.586939
-2.795515
-0.915826
-1.873654
-3.422328
-4.208928
-4.565001
-4.174693
-3.962556
-2.756877
-1.211675
-0.016070
-0.931167
6.811276
6.581853
5.387861
4.523760
3.319814
2.118014
0.868488
2.482562
10.920292
6.831209
-3.009745
-7.891755
-8.333956
-3.603956
-1.763901
-1.995780
-3.530480
-4.150397
-4.754527
-4.600204
-4.586202
-3.107013
-1.359248
0.489130
0.046252
9.198049
7.725657
6.462361
5.466348
4.042478
2.761156
1.359316
1.802637
8.824085
6.344443
-2.334333
-6.973685
-7.240786
-2.524163
-0.939121
-1.965380
-3.648493
-4.353520
-4.791949
-4.422679
-4.129323
-2.779476
-1.276052
-0.173288
-0.734794
6.109331
6.914485
5.694146
4.757871
3.420528
2.212643
0.992643
1.938202
12.040660
8.540306
-2.229386
-7.653339
-8.442085
1.374929
1.157976
1.434726
2.350290
3.383907
4.404260
3.610789
3.198839
3.090106
2.878733
1.543910
0.234292
-0.914252
-1.920156
-2.697881
-2.932544
-3.696042
-4.759990
-4.895452
-5.136295
-1.191738
-0.566886
8.969381
5.397586
2.895733
-0.722558
-3.669978
-7.116370
-7.043622
-6.462359
-6.659848
-8.532948
-8.815359
-7.918252
-4.593923
-0.567970
0.905565
2.576188
4.708887
6.684528
6.905979
5.011859
10.903432
5.522984
4.851101
3.610481
1.799327
8.158437
7.542568
6.610011
-1.872139
-7.856259
-10.063249
-8.094886
-5.456551
-5.022172
-5.760049
-5.310779
-4.221191
-2.592400
-0.382449
-0.490850
0.031794
4.257231
3.681286
8.078897
7.597959
6.695940
5.453079
4.503989
3.552053
2.551447
3.066549
2.132382
1.194554
-6.180935
-9.568182
-8.961387
-4.060976
-2.442122
-2.900409
-3.476981
-3.581531
-3.910682
-3.718542
-3.725198
-2.795706
-1.410409
-0.041055
-1.355613
6.485036
6.553061
5.499348
4.404575
2.872436
1.742658
0.611414
5.519524
12.832100
6.720486
-4.371295
-9.470435
-9.902024
-5.255510
-2.803998
-2.381969
-3.396959
-3.841061
-3.940288
-3.079056
-2.756990
-2.285161
-1.068476
-0.471028
-1.374895
-2.840246
7.481035
7.444218
5.997904
3.992283
2.480121
1.223513
2.225646
12.310008
8.446560
-2.661457
-8.167396
-9.047476
-4.378193
-1.647308
-1.638673
-2.979837
-3.491571
-3.550466
-2.712067
-2.371178
-2.275032
-1.834041
-0.817736
-1.190030
-2.587547
7.431100
6.919522
5.555064
3.447269
2.164080
0.976157
2.312876
11.541800
8.711702
-2.153352
-7.844623
-8.856247
-4.370791
-1.463290
-1.582027
-3.108381
-3.742605
-3.889635
-2.961221
-2.674789
-2.616573
-1.780414
-0.782846
-0.930425
-2.839433
7.821821
6.732220
5.473582
3.473898
2.149181
0.923398
1.961781
10.434668
8.510339
-1.691466
-7.263260
-8.084411
-3.985143
-1.226969
-1.445616
-3.339823
-4.010327
-4.230227
-3.356440
-3.113637
-2.896945
-1.998070
-0.855412
-1.001999
-3.160135
7.841269
6.747554
5.517056
3.718130
2.385439
1.107872
1.961630
9.615207
8.100647
-1.870818
-7.169606
-7.971184
-3.854220
-1.159381
-1.435216
-3.410068
-4.063039
-4.394392
-3.652387
-3.485749
-3.119210
-2.287294
-1.103586
-0.973284
4.876147
7.404977
6.086648
4.993286
3.425254
2.128646
0.861671
2.014425
10.682052
8.599666
-1.447264
-7.044564
-8.161549
-4.069850
-1.414998
-1.516293
-3.307371
-4.042261
-4.502769
-3.919499
-3.775078
-3.225810
-2.128114
-0.430300
-0.362996
8.234396
7.756897
6.482100
5.377613
3.827200
2.540051
1.201562
1.780167
9.737449
8.053169
-1.242016
-6.741963
-7.668775
-3.287834
-0.955617
-1.654432
-3.570130
-4.335626
-4.763299
-4.212491
-3.908348
-3.023489
-2.099190
-0.146768
-0.429109
7.001375
6.758385
5.582191
4.703331
3.329086
2.140597
0.915329
1.726532
10.542687
8.902551
-1.360503
-6.934606
-7.971253
-3.500042
-1.455044
-1.713847
-3.613050
-4.443054
-5.114505
-4.943819
-4.792489
-3.509108
-1.889141
0.355204
0.421236
8.738893
8.429331
7.193438
6.208511
4.783188
3.478954
1.989937
1.531909
7.277914
6.936877
-1.698909
-6.458198
-6.907618
-2.191117
-0.815189
-2.190249
-3.953328
-4.633208
-5.141461
-4.862959
-4.468478
-2.994463
-1.849752
-0.122131
-0.434998
4.257893
5.775828
5.023851
4.284234
3.076964
1.936073
0.702942
1.627751
10.759165
9.581855
-1.402072
-6.972660
-7.955581
-3.464118
-1.612197
-1.663581
-3.301776
-4.043681
-5.367221
-5.787793
-5.914840
-4.323399
-2.315584
-0.275002
0.452747
9.617770
8.573475
7.180184
6.290737
4.882226
3.497818
1.893377
1.378563
8.383586
7.963006
-0.791211
-6.052000
-6.917463
-2.510539
-1.096000
-1.908848
-3.938637
-4.741892
-5.182204
-4.683383
-4.041969
-2.397604
-1.603653
-0.326878
0.130928
-1.730103
6.781151
5.702586
4.759310
3.334695
2.167931
1.003602
2.222298
11.744843
9.543742
-1.206183
-7.052451
-8.306225
-3.996227
-1.540021
-1.766717
-3.487264
-4.268264
-4.784865
-4.449651
-4.388368
-3.371571
-1.978996
0.380170
0.358215
5.912088
7.351414
6.372317
5.313910
3.818864
2.537311
1.152891
1.647694
10.192835
8.602283
-1.160414
-6.800873
-7.816234
-3.451086
-1.409626
-1.797041
-3.841877
-4.531008
-4.926054
-4.460054
-4.159750
-2.976852
-1.989421
0.219281
0.334893
5.932838
7.129832
6.159259
5.066211
3.502908
2.306365
1.045830
2.026509
11.128242
9.148075
-1.085411
-6.950614
-8.181283
-3.921284
-1.497066
-1.754922
-3.661975
-4.359276
-4.728996
-4.239805
-4.034948
-3.103547
-2.218101
-0.334205
0.022890
6.047420
6.917001
5.935841
4.808130
3.263702
2.045457
0.810683
2.010194
11.866219
9.618955
-0.826159
-6.932449
-8.339746
-4.267759
-1.783587
-1.726448
-3.707186
-4.395827
-4.713900
-4.152553
-3.838495
-2.993567
-1.945551
-0.045191
0.220863
-1.686041
8.031796
6.913492
5.742774
3.975199
2.677738
1.325098
2.113649
10.015979
8.441670
-1.070673
-6.742867
-7.882069
-3.688330
-1.122686
-1.689542
-3.523321
-4.176176
-4.549900
-4.037888
-3.875098
-3.111692
-2.473089
-0.200465
-0.469814
4.150710
6.367587
5.469836
4.507483
3.017781
1.817776
0.589124
1.945393
11.475272
9.870739
-0.718640
-6.888911
-8.377306
-4.293482
-1.950695
-1.722765
-3.538351
-4.297828
-4.971496
-4.827445
-4.717377
-3.630492
-2.276122
0.157124
0.670595
10.315541
8.205360
6.964095
5.955399
4.362199
3.042682
1.623317
1.660629
8.690296
8.178579
-0.657637
-6.325670
-7.474899
-3.097004
-1.243211
-1.942894
-3.979226
-4.608743
-5.051713
-4.660029
-4.316923
-2.864276
-2.047418
0.436272
0.116001
3.697886
6.551286
5.651780
4.778030
3.394531
2.265981
1.018717
2.058801
10.406841
9.374667
-1.106075
-6.976660
-8.238671
-3.866926
-1.667458
-1.785808
-3.616897
-4.376294
-5.115057
-5.086904
-5.029655
-3.687796
-2.125808
0.563682
0.636887
6.327543
8.223221
7.046567
6.096817
4.575881
3.234653
1.778936
1.807307
8.152946
7.849281
-1.186985
-6.631620
-7.667985
-3.245447
-1.445636
-1.979564
-3.861754
-4.461323
-4.983612
-4.746593
-4.500232
-3.041504
-2.137547
0.314538
0.165897
-2.186251
7.248681
6.212991
5.206566
3.731754
2.519878
1.247035
2.288412
10.553039
8.794958
-1.455858
-7.226213
-8.433546
-4.172550
-1.786150
-1.766374
-3.443554
-4.096405
-4.797963
-4.771657
-4.736570
-3.482957
-2.099219
0.595741
0.385470
8.055032
7.567847
6.553519
5.512967
4.103919
2.839341
1.441813
1.778190
9.012578
8.404387
-1.002468
-6.748436
-7.985786
-3.634664
-2.030194
-2.186149
-4.097080
-4.496872
-4.867129
-4.633842
-4.460407
-3.177707
-2.166609
0.362221
0.423489
3.556682
7.729620
6.629003
5.188908
4.057600
2.778984
1.462326
2.297869
10.305278
8.516215
-1.225288
-7.120574
-8.516559
-4.236651
-1.962168
-1.949460
-3.697099
-4.273625
-4.555172
-4.251919
-4.054434
-3.087482
-2.305737
0.250645
0.233528
5.290129
7.275431
6.227807
4.813313
3.749070
2.438072
1.215831
2.289955
10.896077
9.048844
-0.936229
-7.110607
-8.677933
-4.546857
-2.347547
-2.078447
-3.843174
-4.275136
-4.640490
-4.380569
-4.235204
-3.225606
-2.324136
0.227594
0.336577
5.433397
7.853738
6.709074
5.255381
4.139365
2.832249
1.431890
2.184817
9.783342
8.549764
-0.892948
-6.852394
-8.308942
-4.132751
-2.009768
-2.020605
-3.851039
-4.303738
-4.644300
-4.346589
-4.123519
-3.079930
-2.432297
0.190892
0.132274
2.412590
7.394758
6.319877
4.852362
3.836279
2.515305
1.209501
2.296283
10.395397
9.072886
-0.820178
-6.935420
-8.491448
-4.433418
-2.214746
-1.912893
-3.711845
-4.189365
-4.670889
-4.539964
-4.449536
-3.428065
-2.407430
0.230884
0.479973
6.301097
8.163709
6.988795
5.558877
4.421223
3.100441
1.676375
2.109643
8.580185
8.140683
-0.807204
-6.604331
-7.994174
-3.738846
1.301816
0.996032
1.837636
2.770954
3.816704
4.847123
5.680314
6.130557
5.773101
4.176357
2.954201
2.675479
2.272100
0.487873
-1.377885
-3.185660
-4.965691
-6.785749
-8.568167
-2.168979
-1.675874
-1.178906
-0.829727
-2.164193
-3.523096
-4.923840
-6.604706
-8.747418
-11.171227
-13.323195
-14.944203
-10.055099
-8.764418
-7.322243
-4.221427
3.756694
9.777810
8.612861
7.125103
5.431749
3.847546
2.023926
1.337083
6.461930
11.321209
7.731407
1.884580
-2.949605
-5.698598
-7.886825
-10.987201
-8.529053
-3.248703
-0.534253
-1.249858
-1.545205
-1.104332
-2.252100
-0.363490
-0.175475
-1.671392
5.903165
6.094497
8.723341
8.112118
7.445981
6.817815
5.095592
5.462435
11.630876
2.959890
-8.651745
-12.873001
-11.316222
-5.211648
-1.471412
-0.198638
-0.445699
-1.730417
-3.296501
-3.650343
-2.060346
-0.102250
1.209981
2.111331
1.387452
-0.553951
6.712990
6.629950
5.318849
4.019891
3.064785
2.271345
10.132680
6.637514
0.860067
-7.320233
-9.994179
-9.068954
-4.098031
-1.579179
-1.784390
-2.385767
-3.257710
-3.904419
-3.867655
-3.370593
-2.339577
-0.414397
-0.260132
-0.838817
-2.011057
5.925250
8.592222
6.730222
4.202080
2.461896
0.992648
7.403897
12.803626
4.536375
-5.218817
-9.632225
-9.445734
-4.036827
-1.092711
-2.040339
-2.553792
-2.977912
-3.243621
-2.755762
-2.641859
-2.351343
-0.429650
0.039750
-0.740207
-2.335885
5.569586
7.298103
5.731844
3.526838
2.029049
0.820343
6.811292
11.131844
5.138546
-5.401042
-9.506041
-9.181939
-3.606839
-1.495952
-1.984847
-3.424110
-4.170752
-3.956605
-3.095805
-2.687987
-2.174981
-0.666398
0.157903
-0.566700
-1.920554
5.904839
7.916993
5.895606
3.605959
2.175002
0.940142
6.198533
12.592989
5.131597
-5.121567
-9.589415
-9.695677
-4.406578
-1.717028
-2.367848
-3.034401
-3.300483
-3.419089
-2.748111
-2.693703
-2.558244
-0.384736
0.389005
-0.152882
-2.182160
6.059855
7.574213
5.536814
3.352471
1.929851
0.751347
5.937939
11.643994
5.633616
-4.740321
-9.155914
-9.185565
-3.953027
-1.303197
-1.717090
-3.245981
-3.591136
-3.660132
-2.866110
-2.415547
-2.113945
-0.911323
0.291296
-0.149655
-1.405615
6.195094
7.670894
5.539568
3.344485
2.050107
0.899950
5.395325
12.676187
5.638505
-4.464123
-9.218955
-9.604427
-4.624145
-1.825891
-2.510777
-3.234519
-3.433895
-3.464042
-2.692554
-2.620766
-2.561328
-0.556307
0.192677
-0.145040
-2.313556
6.149772
7.436972
5.587549
3.404900
2.011607
0.842047
4.734015
11.021777
5.905475
-4.235190
-8.594175
-8.617649
-3.350124
-0.977313
-1.693121
-3.343681
-4.041344
-3.925333
-2.989297
-2.668568
-2.463473
-1.170536
-0.021571
-0.356380
-2.183223
5.965811
7.508773
5.625327
3.423069
2.107434
0.945943
4.769531
11.647993
5.663895
-4.301883
-8.802953
-8.822144
-4.298901
-1.703074
-2.421855
-3.334015
-3.613357
-3.708705
-3.029806
-3.075575
-2.939569
-0.818695
0.079896
-0.173041
-2.531944
6.460699
7.751673
6.149258
3.925611
2.466937
1.194498
2.681401
11.623980
6.942047
-3.254372
-7.986468
-7.952900
-3.445653
-1.107206
-2.492920
-3.749927
-4.105881
-4.143416
-3.367735
-3.257691
-3.014156
-1.555755
-0.346974
-0.424549
-2.942972
5.764523
7.527387
5.960361
3.831884
2.435518
1.193071
3.147453
12.169243
7.075433
-3.415647
-8.193166
-8.393312
-4.214443
-1.571504
-2.593239
-3.734499
-3.998100
-4.146143
-3.555135
-3.651933
-3.391486
-1.446974
-0.503661
-0.489882
-3.113092
6.077159
7.852932
6.320549
4.233956
2.758162
1.394642
2.574726
10.558507
6.491761
-3.078506
-7.603246
-7.530802
-3.223249
-1.004795
-2.452833
-3.792475
-4.199262
-4.474390
-3.974684
-3.850218
-3.405576
-1.635212
-0.672411
-0.606903
5.623318
5.588255
7.203623
5.927517
4.077462
2.645141
1.337029
2.891834
11.464172
6.646010
-3.213814
-7.934917
-8.132472
-3.884077
-1.583941
-2.549160
-3.929749
-4.317039
-4.706262
-4.418802
-4.291517
-3.550645
-1.612378
0.210575
0.357232
9.029834
8.807343
7.426186
6.218231
4.518922
3.094341
1.743646
2.491435
10.070225
5.806448
-3.305745
-7.838909
-7.701376
-3.309465
-1.428199
-2.712361
-4.183558
-4.641983
-5.039496
-4.762404
-4.292886
-3.436538
-1.670701
-0.027537
-0.354954
7.313301
7.337605
6.445623
5.559133
4.019589
2.699740
1.337640
2.482460
10.781623
6.475080
-3.566715
-7.953383
-7.937516
-3.391037
-1.328822
-1.907632
-4.118563
-4.838758
-5.929021
-6.501192
-6.152991
-4.400074
-1.309377
1.031594
1.228129
10.126245
9.514655
7.777278
7.008136
5.715994
4.283009
2.628497
1.793842
7.540968
5.353390
-2.994845
-7.148048
-6.882994
-2.698780
-1.105744
-2.905288
-5.247393
-5.790819
-6.173381
-6.090905
-4.927242
-3.163686
-1.430702
0.341044
0.201044
4.716382
4.431086
6.768715
5.836759
4.331034
3.016759
1.678881
2.687284
10.122021
6.849874
-3.505039
-7.730121
-7.592617
-2.830642
-1.022142
-1.776188
-3.921384
-4.675460
-5.757157
-6.231847
-6.021758
-4.438807
-1.572579
1.004568
1.191632
9.061967
9.039547
7.495311
6.516202
4.977367
3.532581
1.816946
2.093807
9.606774
6.018624
-2.902058
-7.508572
-7.495191
-3.063904
-1.120204
-2.269880
-4.482655
-5.058266
-5.563268
-5.380138
-4.573339
-3.145671
-1.688785
-0.038006
0.299034
4.214274
7.994282
6.515441
5.443452
3.868050
2.600636
1.388340
3.134174
12.277309
7.438464
-3.025786
-8.065028
-8.412657
-3.974221
-1.695300
-2.105294
-4.307268
-4.867948
-5.589015
-5.666535
-5.275097
-3.927439
-1.578259
1.059486
1.356388
9.081464
8.781769
7.292278
6.236906
4.621868
3.257825
1.802981
2.418904
10.211759
6.230896
-2.915308
-7.716822
-7.817896
-3.319654
-1.213218
-2.255767
-4.446452
-4.994910
-5.518786
-5.354973
-4.642694
-3.316580
-1.726334
0.570387
0.574188
4.841966
8.036849
6.592583
5.588654
4.024248
2.736934
1.452203
3.109943
11.762392
7.097031
-3.177062
-8.179579
-8.506042
-4.018231
-1.750856
-2.170197
-4.372005
-4.890018
-5.538295
-5.572723
-5.106177
-3.741772
-1.743579
0.788932
1.161502
6.125583
9.004403
7.465515
6.300179
4.648223
3.252774
1.791436
2.746183
10.304535
6.294029
-3.048278
-7.885450
-8.050047
-3.597972
-1.445886
-2.231932
-4.262543
-4.787675
-5.291275
-4.838274
-4.352890
-3.442175
-2.132025
-0.198901
-0.027788
5.007793
8.151982
6.644853
5.592902
3.917801
2.586893
1.302838
2.994792
11.421576
7.737266
-2.749104
-7.970539
-8.439857
-4.028757
-1.648751
-1.929055
-4.114470
-4.637440
-5.470932
-5.471638
-5.353787
-4.121656
-1.541854
1.195078
1.362793
10.335570
8.697761
7.235799
6.280615
4.779517
3.412141
1.903762
2.157905
9.180144
6.589046
-2.587680
-7.510744
-7.718078
-3.273474
-1.094545
-2.395028
-4.676833
-5.247261
-5.956632
-5.784610
-5.275222
-3.555552
-1.388550
1.454020
1.038018
6.193551
7.995210
6.641911
5.753722
4.341479
3.079031
1.748626
2.880467
10.652730
7.297959
-3.143896
-8.178145
-8.432443
-3.773198
-1.596289
-2.292639
-4.520555
-5.082280
-5.845113
-5.826543
-5.474689
-3.792018
-1.396654
1.471178
1.173891
7.122284
8.542749
7.125861
6.105905
4.561152
3.268692
1.861249
2.696510
10.226015
6.807117
-3.099535
-8.078491
-8.346986
-3.711852
-1.707546
-2.599189
-4.170900
-4.688769
-5.440732
-5.348457
-4.958700
-3.593246
-1.698186
1.090439
0.984974
5.340416
8.633497
7.180385
6.040596
4.429493
3.130082
1.781256
2.968076
10.858673
7.105002
-3.048036
-8.209421
-8.560452
-4.072073
-1.903920
-2.478843
-4.240169
-4.674859
-5.339130
-5.152156
-4.789260
-3.621532
-1.867835
0.931495
0.720024
5.623012
8.700706
7.258687
6.058026
4.454268
3.093868
1.696100
2.966548
10.661348
7.112093
-2.988818
-8.150262
-8.555343
-3.985322
-2.046060
-2.699335
-4.126721
-4.555573
-5.135181
-4.907601
-4.561854
-3.646009
-2.113808
0.532491
0.529804
5.412034
8.639786
7.126235
5.821718
4.277502
2.898701
1.555821
3.098983
11.362942
7.435554
-2.751090
-8.159021
-8.776962
1.349755
1.160407
1.451919
2.372692
3.414689
4.435570
5.295383
5.955898
6.655521
5.744322
4.557765
3.897713
2.775976
0.965479
-0.505533
-1.971893
-3.316612
-4.450112
-5.538390
-4.089173
0.148198
2.465476
10.784494
10.764712
10.247948
9.520346
6.846735
0.835184
-3.992181
-3.483601
-1.986194
-0.674327
0.465259
1.562406
2.637329
3.531170
4.250711
4.663898
4.742873
4.286605
2.287770
0.403971
-0.643734
-2.146852
-4.594445
-1.206430
-3.056711
-2.944410
-3.325179
-3.836621
-3.522550
-1.924033
1.145099
4.834785
7.463068
6.925054
10.646757
11.784442
12.717386
13.280282
13.109067
12.095722
10.592676
8.605482
6.520816
4.402838
-6.493361
-10.454040
-14.057899
-20.021244
-20.988602
-17.457970
-11.310035
-5.190609
5.772806
13.128925
8.552589
8.654966
7.998223
6.959177
6.556525
11.723012
-2.146281
-16.517544
-14.107393
-10.097580
-10.055434
-5.229925
-8.557878
-12.144579
-11.989141
-9.393441
-10.317429
-11.372739
-7.411712
-5.506930
-2.498941
4.387427
5.713317
4.954166
4.949269
10.563344
9.148819
6.580450
1.408712
0.206154
0.242221
1.358310
2.440543
3.490810
4.012671
3.034423
2.730024
2.696765
2.173990
0.792112
-0.474536
-2.028246
-3.518550
-4.966831
-6.496200
-8.245162
-2.892555
-1.745344
-0.902360
-2.233217
-4.408428
-5.408969
-4.621861
-3.839859
2.328463
3.255479
3.627300
3.967443
2.129377
-1.036000
-3.599211
-5.002016
-5.058032
-7.371884
-8.218565
-6.668848
-2.477018
0.876885
2.226682
3.197907
5.425575
6.611200
6.826527
5.140908
4.771139
4.024636
3.537361
2.424501
0.929737
9.522839
8.329905
5.999653
-1.663830
-7.884006
-9.622313
-7.669590
-5.904608
-6.213212
-6.840623
-6.342835
-5.281848
-2.839545
-0.275198
-0.081251
-0.543541
2.750826
2.810490
8.735936
7.886414
6.465569
5.133687
3.991821
2.984242
2.340058
9.831353
10.935426
5.220672
-5.385961
-10.549410
-11.440244
-6.858788
-4.735957
-4.043472
-4.250533
-4.389513
-4.365838
-3.490750
-2.491312
-1.883780
-1.207607
0.274104
-0.407852
-1.873450
7.751877
7.801624
6.672387
4.518229
3.000936
1.674866
7.625352
12.186335
5.522114
-5.495646
-10.373983
-10.520063
-5.410136
-3.757637
-2.821864
-3.927580
-4.312305
-4.412726
-3.593283
-2.786404
-2.546305
-1.213271
-0.154543
-0.438925
-1.600956
7.853487
8.615013
7.081027
4.561852
2.788496
1.391396
7.018833
12.442499
6.795383
-4.266204
-9.566115
-10.148107
-5.484972
-2.246455
-1.620616
-3.312340
-3.557137
-4.056335
-3.334328
-2.417469
-2.376678
-1.205080
0.147067
0.413261
-0.434760
7.566701
7.947868
6.228103
3.955854
2.158665
0.739543
7.571264
13.088595
8.104131
-3.139819
-9.018392
-10.043375
-5.456946
-2.382437
-2.073081
-3.489869
-4.021589
-4.038605
-3.160956
-2.279363
-2.515118
-1.618270
0.097050
0.384477
-0.506361
8.291750
8.143430
6.391191
4.080466
2.255165
0.887115
6.912240
13.667341
8.314172
-3.186924
-9.089834
-10.128242
-5.499565
-2.524150
-2.225312
-3.594514
-4.028852
-4.100241
-3.192855
-2.392555
-2.533322
-1.400381
0.082219
0.389957
-0.567450
8.339893
7.819737
6.267947
4.112020
2.351450
0.975411
6.958706
13.261745
8.143673
-3.275994
-9.134953
-10.103070
-5.447352
-2.636787
-2.164046
-3.524900
-4.048984
-4.088918
-3.259301
-2.318125
-2.416576
-1.607715
0.194258
0.379639
-0.616361
8.371258
8.123376
6.338402
4.082963
2.415417
1.133984
6.838909
13.757949
7.986321
-3.504313
-9.383739
-10.437863
-5.830095
-2.849063
-2.278957
-3.464400
-3.876913
-3.946079
-3.167840
-2.276625
-2.447270
-1.675477
-0.023061
0.246431
-0.813178
8.836987
7.924225
6.228426
3.927027
2.373658
1.062803
6.844288
13.718740
8.048240
-3.483108
-9.402521
-10.480802
-6.075564
-2.993320
-2.279649
-3.512372
-3.744166
-3.953417
-3.244951
-2.235748
-2.279579
-1.544667
0.253887
0.483813
-0.564053
8.586872
7.973918
6.151479
3.879705
2.341127
1.028862
6.900359
13.704610
8.065254
-3.355171
-9.345378
-10.515067
-6.193070
-3.035451
-2.339512
-3.595359
-3.744069
-3.938776
-3.198297
-2.153864
-2.292375
-1.589860
0.235338
0.631271
-0.364755
8.454177
8.055152
6.140843
3.875973
2.256273
0.904634
7.146349
13.789717
8.257220
-3.010238
-9.111028
-10.349694
-6.080513
-2.832742
-2.288294
-3.639928
-3.819294
-4.029940
-3.276906
-2.266160
-2.378007
-1.441840
0.183409
0.684294
-0.164442
8.716367
8.056379
6.162207
3.988192
2.244624
0.901192
7.113549
13.697556
8.564726
-2.732500
-8.884270
-10.140910
-5.707263
-2.643298
-2.281790
-3.641913
-4.063361
-4.086033
-3.251687
-2.300548
-2.490574
-1.685503
0.086208
0.591995
-0.354810
8.052261
8.076206
6.253689
4.077725
2.368467
1.014009
5.478440
15.352509
10.288003
-1.990217
-8.684545
-10.266547
-6.051259
-3.058019
-2.785903
-3.933563
-4.147192
-4.200226
-3.416356
-2.455412
-2.571009
-1.616579
0.180503
0.675094
-0.354601
8.985285
8.341507
6.457112
4.274918
2.425873
0.939797
5.329760
15.126667
10.158189
-2.034497
-8.678518
-10.220454
-5.940159
-2.825698
-2.698893
-3.978888
-4.196252
-4.266796
-3.439713
-2.482136
-2.635592
-1.714410
0.132171
0.770161
-0.117380
-3.400805
8.285508
6.433691
4.166459
2.266013
0.813472
5.734860
15.231890
10.428991
-1.715527
-8.444857
-10.098167
-5.970153
-2.844265
-2.728876
-4.025364
-4.266614
-4.384816
-3.577349
-2.598338
-2.681318
-1.528905
0.274187
0.925098
0.189527
-2.926884
8.482530
6.599908
4.275652
2.355764
0.847354
5.775110
15.338394
10.403112
-1.473863
-8.344827
-10.096887
-6.139836
-2.905762
-2.955891
-4.077827
-4.332395
-4.515940
-3.786349
-2.781610
-2.679446
-1.254436
0.632757
1.195780
0.308763
-2.971619
8.436119
6.526589
4.573092
2.637224
1.091114
5.673683
15.385843
10.131977
-1.674527
-8.512344
-10.175310
-5.978938
-2.764870
-2.775361
-3.892318
-4.115968
-4.242741
-3.544769
-2.528863
-2.502169
-2.179394
0.173112
0.741581
-0.085387
7.593043
8.424065
6.665543
4.512493
2.588339
1.175802
5.606884
15.308064
10.066379
-2.169119
-8.852043
-10.481486
-6.154485
-3.250340
-2.962906
-4.081265
-4.082124
-4.041887
-3.324795
-2.482470
-2.680119
-2.018158
0.008485
0.544224
-0.414920
7.211449
8.406640
6.903146
4.691523
2.648233
1.164941
5.469278
14.412460
9.654532
-2.347445
-8.796185
-10.207649
-5.859590
-2.888213
-2.233787
-3.758821
-4.268787
-4.404947
-3.772798
-2.790780
-2.744901
-1.723308
0.221045
0.808638
0.105987
-3.520016
8.684296
6.926345
4.652706
2.588031
1.020815
5.655491
15.146163
10.467523
-1.694276
-8.448645
-10.129725
-5.959745
-2.826397
-2.452129
-3.727787
-4.122625
-4.262208
-3.653047
-2.632550
-2.515112
-1.582361
0.370130
0.918598
0.174469
-3.412854
8.573849
6.805498
4.719996
2.694384
1.100572
5.586753
15.385711
10.415079
-1.656148
-8.466219
-10.181686
-5.861862
-3.040264
-2.841614
-4.082523
-4.004980
-3.881572
-3.203979
-2.395383
-2.590830
-1.974047
0.174209
0.740618
-0.087783
-3.829439
8.600940
6.946248
4.768094
2.680000
1.126298
5.392775
14.659032
10.196753
-1.939210
-8.612323
-10.224750
-6.074093
-3.022591
-2.255451
-3.695934
-4.168525
-4.354571
-3.791982
-2.763952
-2.624429
-1.622644
0.374688
0.948984
0.247944
-3.095220
8.778301
6.913538
4.721302
2.643429
1.072854
5.870533
15.179238
10.469675
-1.551651
-8.354558
-10.097814
-5.950853
-2.788835
-2.219004
-3.605377
-4.101467
-4.283794
-3.795649
-2.738724
-2.526022
-1.884322
0.118653
0.775849
0.095126
-2.889607
8.866927
7.070862
4.825750
2.746700
1.237944
5.541750
15.520492
10.514194
-1.567040
-8.484934
-10.304708
-6.200785
-3.172590
-2.809606
-3.917810
-4.048106
-4.182282
-3.691406
-2.733851
-2.524299
-1.795385
0.367044
0.892575
0.092564
-3.332161
8.615595
6.988262
5.073647
2.947084
1.367917
5.519327
14.912907
10.144379
-1.855945
-8.570413
-10.322747
-6.261467
-3.092455
-2.428889
-3.676498
-4.119708
-4.396675
-3.963530
-3.009954
-2.542277
-1.837531
0.371296
0.763068
-0.150946
8.383628
8.314774
6.866316
5.169959
3.156619
1.655548
5.131794
14.709985
9.779105
-2.130072
-8.768932
-10.437475
-6.249363
-3.287004
-2.479548
-3.719822
-4.098800
-4.290764
-3.906538
-2.887295
-2.467728
-2.143527
0.189032
0.666116
-0.254512
7.526247
8.487445
6.920347
5.033702
3.140009
1.622080
5.258272
14.942461
9.743911
-2.311844
-8.958611
-10.680322
-6.610929
-3.530419
-2.539573
-3.675903
-4.003968
-4.237771
-3.886899
-2.947367
-2.553453
-2.080051
0.261289
0.642915
-0.327567
7.593812
8.461228
6.936578
4.991249
3.068319
1.616542
5.149950
14.627127
9.673100
-2.172305
-8.872947
-10.602953
-6.542977
-3.547831
-2.506489
-3.867236
-4.106315
-4.249252
-3.886470
-2.825434
-2.490449
-2.092427
0.279298
0.810110
-0.070991
8.072952
8.604156
6.997356
4.785323
2.895905
1.568966
5.184059
15.264959
10.054964
-1.910156
-8.779489
-10.708042
1.333992
0.999142
1.315744
2.273409
3.309335
4.310008
5.119362
5.292031
4.063394
3.318955
3.055734
2.155890
0.477261
-1.013003
-2.788588
-4.447315
-6.391353
-7.694944
-8.721400
-2.214372
-1.436353
-1.240183
-3.019119
-3.469017
-2.986036
-2.400168
3.272664
2.080867
1.741982
1.792882
2.086643
0.999137
-1.684349
-4.173040
-6.367988
-6.574831
-7.305399
-9.004186
-7.794965
-5.464598
-1.974121
0.878666
2.166606
5.453636
7.108341
7.636213
6.996759
6.051478
4.842205
4.397088
3.759066
2.713121
4.660403
12.062291
6.850371
1.592028
-6.937747
-10.260430
-9.292112
-7.828932
-7.299351
-8.396754
-7.788752
-6.526243
-4.671658
-1.936673
-0.911011
-0.947372
2.349730
4.124255
3.474196
8.578509
7.615620
5.558095
4.633462
3.680422
2.777897
7.005309
10.932517
6.820280
-0.183657
-7.646301
-10.295445
-8.674339
-5.371774
-3.729439
-5.023945
-4.699897
-4.285808
-3.702503
-2.284515
-1.746821
-2.631452
0.999329
1.231340
0.240435
-1.714024
9.153631
7.475924
5.401209
3.293637
1.839794
5.030320
14.231823
8.803532
-0.412623
-8.262797
-10.812063
-8.351066
-4.121841
-2.235793
-3.782978
-3.985148
-4.137441
-4.161632
-3.104877
-2.886160
-2.268874
0.561236
1.126411
0.678888
-1.142269
14.933797
9.228220
5.979518
3.501041
1.837513
4.455749
14.456668
10.935849
0.341210
-7.600472
-10.415421
-7.795716
-3.381362
-1.802564
-3.543615
-3.718731
-3.709184
-3.748764
-2.711285
-2.223631
-3.174966
0.117419
0.985086
0.413853
-1.427644
10.051146
8.124068
5.497708
3.120994
1.609730
4.494266
14.602658
10.786768
0.558507
-7.731206
-10.615559
-8.246598
-4.263197
-2.204153
-3.871151
-4.063916
-3.971257
-3.736821
-2.656094
-2.591290
-2.518636
0.685881
1.476324
1.052422
-0.903629
13.355379
9.211422
5.774624
3.288042
1.732278
0.937669
11.315535
12.477507
1.429047
-7.253643
-10.443121
-8.349442
-3.950878
-2.252322
-3.905274
-4.093858
-4.010490
-3.984827
-2.856596
-2.427425
-2.964123
0.303133
1.222134
0.768157
-1.143889
10.275676
8.163224
5.329229
2.988832
1.511037
0.802273
11.126031
13.504554
1.945631
-7.021708
-10.534099
-8.607268
-4.457732
-2.581908
-4.216513
-4.316892
-4.182331
-4.076678
-2.858757
-2.549010
-2.750806
0.353401
1.447173
1.180192
-0.605052
15.294501
9.270447
5.653081
3.217888
1.751098
1.030332
11.747094
12.640905
1.629718
-7.258694
-10.629266
-8.659272
-4.320468
-2.509753
-4.111597
-4.176813
-3.987563
-3.900220
-2.762339
-2.391229
-3.211610
0.154509
1.231079
0.884606
-0.849408
11.641709
9.306265
5.791362
3.299882
1.860071
1.084676
11.189795
12.943430
1.477144
-7.469805
-10.753098
-8.764736
-4.550683
-2.590216
-4.105663
-4.138308
-3.973521
-3.957442
-2.837273
-2.556136
-3.040815
0.315331
1.304997
0.966773
-0.856941
12.290371
9.265482
5.877963
3.374947
1.879056
1.152326
11.462063
12.278461
1.349690
-7.513285
-10.682734
-8.664001
-4.342897
-2.487972
-4.094275
-4.211996
-4.129870
-4.141277
-3.043684
-2.629467
-3.037416
0.262523
1.246581
0.890921
-0.849238
11.632016
9.354924
5.929781
3.463536
1.924989
1.124167
11.167485
12.832364
1.438700
-7.439172
-10.696112
-8.640424
-4.355151
-2.455896
-4.056154
-4.106947
-4.020113
-4.073751
-2.954284
-2.578349
-3.190244
0.261423
1.194068
0.890709
-0.906425
11.219581
8.989302
5.792944
3.343965
1.846198
1.123619
11.382413
12.558770
1.578038
-7.357525
-10.649484
-8.696297
-4.461475
-2.584133
-4.198460
-4.268250
-4.196887
-4.220509
-3.114629
-2.710788
-2.985955
0.259067
1.306942
1.057311
-0.616959
17.350838
9.372775
5.832388
3.382504
1.888348
1.134135
11.772209
12.638141
1.679739
-7.283248
-10.693227
-8.764748
-4.455434
-2.582274
-4.160921
-4.162125
-3.991626
-3.993997
-2.836141
-2.482616
-3.415771
0.140564
1.181273
0.943388
-0.734221
11.755625
9.350132
5.871281
3.402428
1.950580
1.154875
11.363653
12.633789
1.557153
-7.494702
-10.782838
-8.887276
-4.673769
-2.685463
-4.303207
-4.251331
-4.014363
-4.014514
-2.958047
-2.594364
-3.094586
0.320712
1.401265
1.165292
-0.675122
-2.111866
9.584398
6.298204
3.587184
2.051987
1.084215
11.175684
12.830930
1.764212
-7.278598
-10.587395
-8.709029
-4.416045
-2.532330
-4.074810
-3.983994
-3.695848
-3.721300
-2.633392
-2.367191
-3.194635
0.314261
1.365891
1.066238
-0.884746
8.729000
8.701901
5.742626
3.192829
1.680432
0.939226
11.487719
12.881283
2.262596
-6.946607
-10.485944
-8.838091
-4.690681
-2.754914
-4.374050
-4.352259
-4.096895
-4.022025
-2.853900
-2.565421
-2.722206
0.482292
1.582180
1.343435
-0.308745
-1.970051
9.825253
6.319863
3.569120
2.024230
1.112094
11.392488
13.273822
2.467134
-6.883145
-10.508985
-8.849977
-4.561550
-2.683597
-4.218643
-4.002008
-3.621108
-3.617860
-2.498917
-2.187054
-3.384680
0.108321
1.216595
0.997928
-0.808530
13.289250
8.652843
5.729112
3.181120
1.754119
0.997690
11.414004
12.996776
2.315315
-7.001673
-10.595337
-9.049603
-4.980168
-2.965330
-4.519782
-4.377753
-4.130246
-4.109821
-2.971146
-2.661029
-2.788512
0.563785
1.491943
1.312390
-0.219560
-1.909659
9.910065
6.475959
3.661730
2.086625
1.089159
11.505114
13.096266
2.478874
-6.854510
-10.446022
-8.769503
-4.266383
-2.705784
-4.099522
-3.894334
-3.714922
-3.935361
-2.858672
-2.371960
-3.295146
0.027955
1.017754
0.892989
-0.611852
12.632790
8.776639
5.783137
3.283456
1.846189
1.120803
11.582621
13.554047
2.901540
-6.722905
-10.832005
-9.661128
-5.484617
-3.327847
-4.686998
-4.347352
-4.119516
-4.162964
-3.117031
-2.678557
-2.703719
0.689380
1.511441
1.322356
-0.366350
-1.961689
9.832438
6.684352
3.932749
2.293589
1.306911
11.321890
12.765576
2.288398
-6.868775
-10.624123
-9.050865
-4.293578
-2.754607
-3.989937
-3.837870
-3.913846
-4.338492
-3.407532
-2.659926
-3.143993
0.197430
0.943031
0.715136
-0.953749
10.125094
8.222967
6.121592
3.735080
2.140172
1.243886
11.120313
13.288455
2.640239
-6.760008
-10.736531
-9.383473
-5.261559
-3.044745
-4.530802
-4.237342
-4.027537
-4.129514
-3.180465
-2.678781
-3.016027
0.539850
1.266212
1.221194
-0.402556
-1.885740
9.733154
6.663615
3.923854
2.321869
1.309595
11.330019
12.377131
2.339186
-6.895949
-10.634750
-9.139414
-4.500473
-2.830558
-4.050016
-3.867519
-4.046867
-4.536582
-3.628575
-2.890994
-3.170695
0.255864
0.752610
0.675142
-1.025596
10.355944
8.337515
6.302229
3.867397
2.238193
1.268967
11.028078
13.204853
2.709566
-6.697618
-10.681829
-9.319992
-5.095634
-2.931845
-4.530246
-4.268410
-4.088356
-4.245065
-3.286580
-2.742013
-3.188287
0.302480
1.341408
1.343481
-0.166032
-1.703276
9.804522
6.586810
3.889488
2.299691
1.371725
11.480085
12.611908
2.497286
-6.871035
-10.723948
-9.390060
-4.749515
-3.003996
-4.168036
-3.879640
-3.973709
-4.445824
-3.545588
-2.837821
-3.240741
-0.053283
0.704321
0.753447
-0.851322
11.035103
8.873315
6.660252
4.074456
2.456985
1.253083
11.119426
12.782637
2.584548
-6.870714
-10.764712
-9.419943
-4.968317
-2.897793
-4.422336
-4.058210
-3.917011
-4.023432
-3.139248
-2.736451
-3.479868
0.031122
1.099291
0.993433
-0.564432
15.716581
8.772739
6.436622
3.707102
2.132000
1.133898
11.471782
12.292715
2.748925
-6.589313
-10.494426
-9.353293
-4.619155
-3.132890
-4.340827
-3.994459
-3.825540
-4.033430
-2.997392
-2.634665
-3.239122
0.347777
1.306143
1.359648
-0.284329
-1.743151
9.733715
6.789283
4.057689
2.457724
1.408094
11.422565
11.750172
2.569977
-6.877484
-10.609696
-9.272635
-4.584196
-2.846716
-4.213988
-4.076889
-3.905497
-4.142781
-3.220884
-2.625516
-3.502156
-0.205579
0.805256
0.765348
-0.927503
11.237924
8.697184
6.507147
3.906665
2.290846
1.117220
11.089155
12.024190
2.825807
-6.761282
-10.548977
-9.266320
1.364667
1.339871
1.583463
2.537552
3.493051
3.704510
3.268642
3.206924
3.061041
2.468202
1.326304
0.401209
-0.775272
-1.887828
-2.836237
-3.586042
-4.186053
-4.694561
-3.613982
-4.585473
-1.130195
-1.965056
6.481422
4.262243
0.662111
0.756854
1.505735
-0.103543
-3.880197
-5.781155
-5.270776
-8.620924
-11.599958
-11.027741
-8.244621
-5.116017
-1.832442
0.453840
3.132359
6.189243
7.689749
6.588321
6.283309
5.238598
4.913662
4.748492
3.819777
2.790332
7.603568
10.534186
5.610329
-0.775537
-8.206926
-9.957373
-8.511687
-7.283189
-7.662730
-8.172826
-7.191045
-5.933493
-3.733615
-1.678744
-1.399125
0.095728
3.756970
5.641520
4.696358
9.998857
7.772668
5.845906
4.451226
3.534447
2.908314
10.895051
10.946288
7.077282
-3.017277
-8.860239
-10.524622
-7.590831
-5.267492
-4.570052
-4.934757
-4.833219
-4.916750
-4.226418
-2.158189
-2.171024
-1.936565
1.870987
1.209502
-0.547824
9.180299
8.660240
7.114654
4.917814
3.493138
2.158087
5.988498
14.961688
8.266617
-4.385981
-10.485024
-11.507614
-7.290231
-5.534700
-4.810135
-5.255439
-4.938149
-5.059285
-4.502925
-3.562556
-3.649897
-2.239332
0.640674
0.732232
-0.756744
9.283951
8.536246
6.722578
4.377651
2.773162
1.321595
7.196662
14.796369
9.154916
-2.959746
-9.364014
-10.678151
-6.412159
-4.518227
-3.827161
-4.788056
-4.814304
-5.042036
-4.441933
-3.072474
-3.322051
-1.797179
0.361631
1.251802
0.073733
9.638294
9.798562
7.689718
4.849623
3.142873
1.728745
5.641137
16.166599
10.800363
-1.631709
-8.705154
-10.462899
-6.366431
-3.919245
-3.500429
-4.399819
-4.390450
-4.585677
-4.008817
-2.596585
-3.018112
-2.418319
0.738553
1.804332
0.836294
-1.866268
9.449075
7.294850
4.480465
2.929061
1.696706
6.074216
16.620955
11.046381
-1.479957
-8.711835
-10.732492
-7.015194
-4.439459
-3.931184
-4.620339
-4.403546
-4.545422
-3.965572
-2.547706
-2.922608
-2.181183
0.592400
1.651108
0.786829
-1.815203
9.864148
7.596124
4.800560
3.166132
1.862285
6.033720
16.376938
10.620089
-1.886028
-8.963838
-10.829967
-6.936435
-4.389524
-3.853994
-4.482356
-4.353553
-4.525379
-4.090987
-2.671436
-3.011836
-2.543531
0.738568
1.508587
0.404222
9.154696
9.193792
7.151721
4.597157
2.980503
1.646032
6.272338
16.361883
10.398172
-2.054519
-9.051070
-10.982470
-7.187997
-4.657330
-4.015966
-4.610002
-4.443290
-4.676709
-4.258890
-2.881469
-3.102359
-2.078207
0.557473
1.610414
0.723525
-1.980488
9.636465
7.359627
4.843572
3.066355
1.656472
6.524966
16.329161
10.787745
-1.641054
-8.771879
-10.727470
-6.866959
-4.177970
-3.796132
-4.598415
-4.446774
-4.679458
-4.286194
-2.783433
-2.992986
-2.478241
0.701585
1.939193
1.219318
-1.772059
9.937154
7.561400
4.917409
3.084405
1.654445
6.386179
16.911108
11.427101
-1.404224
-8.731780
-10.895041
-7.232008
-4.653134
-4.137516
-4.961705
-4.566212
-4.616696
-4.128406
-2.654924
-2.916318
-2.044137
0.763594
2.029694
1.346212
-1.659846
10.287107
7.787230
5.100206
3.108216
1.621620
6.577184
16.592646
11.077417
-1.539113
-8.755583
-10.827437
-7.039757
-4.394608
-3.986963
-4.928946
-4.609371
-4.656439
-4.166561
-2.711620
-2.895737
-2.029812
0.911166
2.040549
1.296870
-1.751787
9.676126
7.317418
4.987649
3.043393
1.506502
6.918861
16.441328
10.910456
-1.494916
-8.691017
-10.801180
-7.126999
-4.457449
-4.062599
-4.795430
-4.578515
-4.873947
-4.562633
-3.026687
-2.960938
-2.005252
0.541361
1.808243
1.230090
-1.583634
10.069898
7.732148
5.349223
3.299867
1.665589
6.630930
16.866888
11.334306
-1.506980
-8.749786
-10.762465
-6.950799
-4.386379
-3.749772
-4.838928
-4.650134
-4.792608
-4.414304
-2.924006
-2.921652
-2.150449
0.693771
2.068905
1.538464
-1.135842
10.527274
8.048314
5.368819
3.243267
1.668880
6.989190
16.711576
10.969035
-1.675187
-8.878096
-10.976202
-7.196390
-4.564527
-4.138867
-4.926316
-4.488538
-4.508861
-4.042768
-2.693874
-2.883577
-2.164395
0.703455
1.884417
1.238405
-1.577425
10.484373
8.219246
5.449641
3.239184
1.693652
7.013362
16.150225
10.438362
-1.907083
-8.917153
-10.886929
-7.053241
-4.345165
-3.817649
-4.700946
-4.469041
-4.767890
-4.500517
-3.070060
-2.936337
-1.971345
0.786428
1.821371
1.152572
-1.692148
10.338614
8.181045
5.759661
3.517258
1.848173
6.838687
16.130461
10.257024
-2.034794
-8.975518
-10.833321
-6.760104
-4.366652
-3.908583
-4.730597
-4.352060
-4.432849
-4.081048
-2.863738
-2.995956
-2.390882
0.591778
1.579819
0.900795
-1.966272
10.047022
8.058627
5.604659
3.381065
1.685913
6.995367
15.747632
10.236220
-2.017561
-8.919470
-10.816335
-6.936899
-4.296617
-3.658523
-4.577603
-4.421390
-4.750742
-4.530093
-3.159044
-2.978053
-2.036202
0.751990
1.706616
1.034941
-1.760238
10.370192
8.204818
5.808861
3.511413
1.837006
6.915697
15.867461
10.302320
-1.892911
-8.864043
-10.816279
-6.865220
-4.137105
-3.764855
-4.670040
-4.488317
-4.947416
-4.853986
-3.381850
-2.919167
-2.271578
0.496914
1.462095
0.898678
-1.824163
9.731876
7.811152
5.923707
3.780629
2.104960
6.672023
16.219727
10.279585
-1.953275
-8.927766
-10.871137
-6.909203
-4.445396
-3.950243
-4.832716
-4.571803
-4.800077
-4.564366
-3.210588
-2.939759
-2.270675
0.851170
1.886832
1.293590
-1.364643
10.386266
8.178744
5.808008
3.611480
1.901670
7.130918
15.901429
10.018743
-2.011909
-8.948174
-10.989169
-7.279200
-4.410706
-3.842075
-4.711336
-4.435092
-4.870888
-4.800044
-3.333469
-2.954113
-2.342869
0.469481
1.548058
1.099269
-1.522830
10.024963
7.967004
5.781921
3.662427
1.953660
6.987611
16.246817
10.400845
-1.696321
-8.768236
-10.798719
-7.092063
-4.442051
-3.700912
-4.849832
-4.687576
-4.919491
-4.697541
-3.270281
-2.991149
-2.313079
0.803600
2.066690
1.669888
-0.855601
10.677223
8.276232
5.635838
3.416544
1.849968
7.531052
16.366068
10.375462
-1.633742
-8.774089
-10.992436
-7.630044
-4.683781
-3.825300
-4.878938
-4.594835
-4.953048
-4.826066
-3.266310
-2.924008
-2.332568
0.455798
1.855733
1.651176
-0.738534
10.948393
8.481408
5.656502
3.602127
1.852911
7.518561
16.775404
11.088148
-1.432754
-8.831573
-11.193487
-7.868768
-4.998352
-3.716002
-4.724750
-4.413366
-4.396336
-4.007621
-2.712566
-2.742280
-2.591444
0.780849
1.983151
1.581960
-0.773835
11.413981
9.026793
5.904379
3.586462
1.905443
7.905237
15.493575
9.824227
-2.055597
-9.062273
-11.200706
-7.705740
-4.859289
-3.743421
-4.519727
-4.246431
-4.454826
-4.296479
-3.051883
-2.910549
-2.561357
0.604475
1.386749
0.803796
-1.738035
10.195796
8.431816
6.242176
3.822617
1.926375
7.368256
14.602022
9.546268
-2.078542
-8.923669
-10.818652
-7.012946
-4.495941
-3.497413
-4.541859
-4.387715
-4.596754
-4.398182
-3.230630
-3.105758
-2.431980
0.875081
1.589549
0.939709
-1.672025
10.293724
8.264933
6.058430
3.770522
1.908251
7.441869
14.538997
9.766912
-1.808818
-8.726930
-10.726908
-7.115359
-4.371029
-3.417078
-4.382658
-4.278921
-4.564892
-4.419227
-3.153209
-2.953886
-2.507389
0.723983
1.512610
0.955291
-1.582907
10.332177
8.187518
5.906552
3.723742
1.943996
7.341045
15.136482
10.126681
-1.691795
-8.739866
-10.844550
-7.268583
-4.530855
-3.617366
-4.600752
-4.434880
-4.662249
-4.502588
-3.196762
-2.961486
-2.611127
0.800643
1.624686
1.072785
-1.440938
10.340034
8.126713
5.862419
3.795695
2.024719
7.373883
15.245924
9.906450
-1.767511
-8.797116
-10.830814
-7.442317
-4.775151
-3.788276
-4.608908
-4.299225
-4.445319
-4.275773
-3.002640
-2.905504
-2.798852
0.784007
1.609078
1.083998
-1.343302
10.536349
8.302534
5.734114
3.568446
1.895872
5.521113
16.107756
11.775087
-0.556641
-8.249000
-10.745078
-7.881491
1.383211
1.426975
1.625054
2.554030
3.133966
2.885958
2.869043
2.929502
2.864312
2.140807
1.070393
0.140310
-0.708284
-1.398282
-2.046494
-2.530497
-2.623711
-2.144019
-2.970046
-3.647982
-5.322430
-2.662418
4.429444
1.148710
-0.578754
0.335666
1.132249
-0.078448
-3.579883
-4.901957
-6.386671
-9.089140
-10.987372
-10.193016
-7.004259
-3.797638
-1.348335
1.291232
4.898490
6.723645
2.481015
0.762804
1.990039
2.614366
2.990949
1.756102
0.563797
2.239340
14.749283
17.724499
8.400491
1.696556
-4.772380
-9.800769
-9.412512
-7.103971
-8.365060
-9.663397
-8.836828
-7.126994
-3.977358
-0.314985
-2.901526
-2.728134
2.796759
6.968373
8.798516
7.686159
9.914367
7.471205
5.749682
4.412673
3.221292
9.313577
13.236708
8.542285
-1.870026
-8.015449
-10.465268
-9.360471
-7.649540
-6.927284
-6.714764
-5.501735
-4.683124
-3.238909
-0.737098
-1.441036
-1.617381
3.371311
3.260818
1.075074
9.534521
8.291123
6.738879
4.715783
3.473102
2.678810
9.088657
11.842854
5.115147
-5.008904
-10.565634
-11.037748
-7.356754
-6.163413
-5.488958
-6.227469
-6.093974
-6.140034
-5.610896
-4.208253
-3.964946
-2.018282
1.491173
1.977304
0.818192
9.260755
9.437917
7.346210
4.943627
3.132958
1.644592
8.181905
16.050047
9.834046
-2.060556
-8.813133
-10.609287
-7.335068
-4.870312
-4.145663
-4.629592
-4.384566
-4.722651
-4.319213
-2.650308
-2.955289
-2.027280
0.400716
1.530521
0.943377
-1.853706
11.342298
8.777198
5.632849
3.778670
2.213913
6.684067
16.818722
11.595788
-1.429260
-8.813100
-10.711522
-7.121241
-4.848933
-4.277123
-4.934154
-4.643296
-4.873170
-4.591256
-3.024169
-3.031629
-2.491771
0.817388
1.847457
1.150535
-1.580358
10.034300
7.756636
5.153407
3.506544
2.098571
6.909016
16.881020
11.156327
-1.702560
-8.834080
-10.751367
-7.407950
-5.329498
-4.609486
-5.056826
-4.679267
-4.818914
-4.477456
-2.958434
-3.165869
-2.366099
0.836495
1.942585
1.268203
-1.487794
11.037992
8.430075
5.567585
3.723551
2.263257
6.682583
16.700720
11.001813
-1.779316
-8.960968
-10.845642
-7.479991
-5.025765
-4.310657
-4.740153
-4.385056
-4.607961
-4.344172
-2.752774
-2.948890
-2.556705
0.725349
1.782118
1.127247
-1.563662
10.228738
7.864907
5.213545
3.556733
2.149400
6.970655
16.835278
11.040730
-1.699646
-8.815304
-10.787234
-7.641185
-5.367071
-4.650684
-5.063934
-4.650667
-4.796025
-4.449230
-2.907395
-3.166754
-2.375599
0.843957
2.054463
1.471563
-1.212499
11.147843
8.461813
5.583202
3.630661
2.046628
7.003940
16.622648
11.150559
-1.496291
-8.770053
-10.887761
-7.606461
-4.949643
-4.400216
-5.021497
-4.688400
-5.073996
-4.870831
-3.184932
-3.040589
-2.329687
0.763148
2.032495
1.654164
-0.852320
11.047097
8.409596
5.694622
3.833061
2.257557
7.056144
17.070810
11.748366
-1.428641
-8.880725
-11.005379
-7.717129
-5.287734
-4.485757
-5.043407
-4.779593
-4.993113
-4.795212
-3.180609
-2.998822
-2.910297
0.776484
1.851930
1.348364
-1.172948
10.316074
7.935882
5.595691
3.870012
2.335129
7.011640
16.860544
10.739214
-1.810987
-8.987962
-10.965204
-7.841997
-5.341994
-4.519403
-5.045495
-4.734102
-5.090676
-4.930686
-3.296571
-3.231076
-2.476633
0.759587
2.067389
1.677416
-0.899653
11.253440
8.552945
5.883404
3.886592
2.227679
7.191109
17.047621
11.502986
-1.505006
-8.898365
-11.067327
-7.899875
-5.176972
-4.605927
-5.125759
-4.626259
-4.843009
-4.607570
-2.984079
-2.916726
-2.686237
0.681648
1.959212
1.552007
-0.903131
10.975401
8.421313
5.809788
3.768714
2.196978
7.295470
16.774851
10.704291
-1.737221
-8.959819
-11.012534
-7.888381
-5.391336
-4.584268
-5.272382
-4.997571
-5.281663
-5.084754
-3.465078
-3.304701
-2.457923
0.828773
2.185430
1.870079
-0.558231
11.146408
8.534622
5.825224
3.781928
2.036461
7.537960
16.967964
11.487890
-1.294567
-8.720856
-10.982504
-7.910115
-5.128894
-4.347174
-5.142668
-4.777391
-4.999255
-4.745741
-3.070257
-2.902363
-2.562381
0.778413
2.164787
1.865515
-0.492687
11.090393
8.490836
5.754298
3.690189
2.036922
7.706164
17.038980
11.082106
-1.484049
-8.866616
-11.090037
-8.161300
-5.573187
-4.739495
-5.504082
-5.036413
-5.254877
-4.976757
-3.260021
-3.060894
-2.439409
0.853148
2.268565
1.997462
-0.315501
11.219584
8.660110
5.847760
3.756049
2.041997
7.957680
17.128714
11.194489
-1.376911
-8.761007
-11.046067
-8.169716
-5.433003
-4.542719
-5.296794
-4.821912
-4.955874
-4.657675
-3.009850
-2.953397
-2.613546
0.772161
2.178772
1.905531
-0.409420
11.229091
8.661497
5.792080
3.679597
1.980217
8.026044
16.921089
10.802477
-1.427066
-8.765352
-11.029028
-8.323642
-5.580524
-4.424775
-5.163582
-4.851520
-5.022878
-4.711287
-3.130542
-3.141510
-2.569934
0.796554
2.209434
1.944537
-0.255417
12.252167
9.592442
6.289288
3.917753
2.219645
8.280157
16.678478
10.270041
-1.777920
-8.916636
-11.099894
-8.201632
-5.515409
-4.214784
-4.967846
-4.641677
-4.778393
-4.540175
-3.078893
-3.105957
-2.911936
0.553651
1.775107
1.527076
-0.708000
12.047709
9.678037
6.508779
4.027761
2.302374
8.148259
16.031914
9.591716
-2.176445
-9.123994
-11.067088
-7.906408
-5.375404
-4.358526
-4.947495
-4.583792
-4.814678
-4.633340
-3.262361
-3.219213
-2.679981
0.722397
1.714807
1.362438
-0.965856
11.988369
9.713823
6.634046
4.125103
2.259022
8.169867
15.421658
9.845773
-2.163721
-9.065716
-11.093405
-7.657365
-5.126756
-3.971779
-4.588068
-4.329244
-4.622006
-4.548976
-3.324343
-3.205576
-2.822600
0.747557
1.475509
1.001858
-1.385288
10.693531
8.769973
6.580223
4.190583
2.261643
7.675024
14.833097
9.848212
-1.974216
-8.928919
-10.853718
-7.435161
-4.978304
-3.930873
-4.592731
-4.508923
-4.873503
-4.806073
-3.510136
-3.191567
-2.646621
1.104221
1.629915
1.099749
-1.362523
10.469201
8.476737
6.503899
4.320368
2.510445
7.677970
15.246784
9.806449
-2.004017
-8.906910
-10.768058
-7.498432
-5.215270
-4.118810
-4.599164
-4.298542
-4.494763
-4.426371
-3.192760
-3.086970
-3.136814
0.900020
1.468418
0.918915
-1.374413
10.059219
8.070752
6.045637
3.963737
2.254165
5.743471
16.335571
12.019423
-0.693138
-8.404835
-10.807939
-8.236308
-5.745439
-4.563138
-5.159503
-4.852825
-5.043840
-4.798381
-3.347751
-3.216637
-2.633028
0.900846
1.961325
1.689720
-0.504727
12.345336
9.428349
6.102109
3.706712
2.026841
6.647188
16.844542
12.237329
-0.463662
-8.277329
-10.925673
-8.448091
-5.680802
-4.725040
-5.499086
-5.219950
-5.488826
-5.287520
-3.676653
-3.269845
-2.956772
0.323353
1.721344
1.654667
-0.140773
12.751044
9.951566
6.295055
3.991477
2.197621
6.056947
17.178282
13.305970
0.220735
-8.072521
-10.903950
-8.741552
-6.026563
-4.742416
-5.743489
-5.377307
-5.590801
-5.362017
-3.740115
-3.270841
-2.840034
0.813368
2.332127
2.287608
0.546776
12.553503
9.627654
6.045160
3.870624
2.138084
6.819562
17.708046
13.206401
0.189896
-8.070250
-11.074205
-9.252647
-6.376199
-4.948467
-5.864367
-5.351961
-5.311967
-4.918854
-3.214419
-2.972876
-3.123117
0.744323
2.355191
2.258105
0.492310
12.573131
9.679330
6.037964
3.713785
2.022851
7.053029
17.579374
12.493200
-0.007824
-8.122855
-11.109520
-9.493984
-6.554078
-5.100678
-5.940717
-5.417400
-5.396401
-5.027062
-3.292095
-3.151048
-3.115099
0.674851
2.335984
2.295844
0.621395
12.746875
9.739670
6.149541
3.738115
2.047411
7.229581
17.774549
12.639577
0.134214
-7.977574
-11.043406
-9.562108
-6.560887
-4.984647
-5.869843
-5.203323
-5.010386
-4.614205
-2.913020
-2.896191
-3.647294
0.594084
2.240956
2.212208
0.313598
12.410651
10.321338
6.346699
3.720470
2.158970
6.779317
17.579130
12.593809
0.288716
-7.888495
-10.945947
-9.577299
1.392313
1.253637
1.372846
2.387056
3.535612
4.549522
5.357595
5.981515
6.629374
5.526646
4.109247
3.543419
2.243863
0.655849
-0.783144
-2.276887
-3.600972
-4.898569
-5.669777
-2.530066
0.433517
9.766903
10.901444
0.880087
-1.054569
-0.852750
0.299532
1.558321
2.753455
3.799380
4.569017
5.048226
5.271918
5.158846
4.075558
2.163057
0.233565
-1.472754
-3.382566
-5.083512
-6.791246
-1.215357
-3.825568
-11.568053
-17.004969
-16.399578
-21.612270
-30.100014
-29.223574
-21.875063
-4.587026
-0.190212
3.986874
1.153306
0.975155
1.208824
2.326143
3.557755
4.635402
5.500430
6.140853
6.474751
6.481148
5.597817
4.078310
2.642866
1.172263
-0.284064
-2.011473
-3.630070
-5.454660
-7.660406
-10.063366
-9.843051
-11.972037
-16.492455
-16.936020
-22.433817
-29.674406
-30.100027
-30.100010
-29.487919
-0.000000
1.894012
4.002790
6.046619
8.053214
10.049170
12.012826
13.820807
15.383570
1.286208
0.739889
0.758898
1.842966
3.022715
4.114964
4.017543
3.323798
3.201418
2.904184
1.856460
0.506637
-0.561093
-1.769458
-2.843478
-3.761608
-4.630307
-5.415888
-6.234231
-5.782964
-1.427982
-2.979975
-4.215464
-4.201139
5.144376
4.014577
2.316521
2.924136
3.977874
2.922113
-1.039610
-5.046665
-5.090668
-8.377966
-11.126786
-11.799080
-8.960300
-4.786384
-2.879077
1.081407
3.809714
2.995554
4.974524
3.087365
1.953984
2.702333
2.806953
3.782070
2.775227
1.871786
-1.244143
10.719356
6.498791
3.951640
-0.366378
-4.290814
-7.350823
-7.420958
-5.649321
-7.003555
-7.181248
-6.459849
-4.597864
-2.232595
-2.417284
-1.177879
1.499880
5.248724
7.637549
7.302295
11.197944
8.358314
6.632797
5.200222
4.093884
3.251972
11.568018
9.797491
3.241405
-5.912986
-9.828534
-10.590343
-8.970210
-6.882690
-6.923075
-6.400540
-5.431038
-4.492360
-3.027721
-2.074687
-3.021437
-0.074195
3.146368
2.691811
0.267984
10.347154
8.044849
5.717867
3.612812
2.403447
2.504528
13.578607
11.223133
3.418043
-6.456309
-10.447141
-10.077854
-6.853973
-5.553851
-5.907228
-5.704988
-5.496704
-5.330047
-4.302707
-3.435838
-3.719220
0.035877
2.014578
2.572208
0.797956
-0.042708
11.060703
7.837047
4.921715
3.308256
1.874666
10.344962
15.885094
5.613325
-5.463014
-10.014503
-9.977518
-6.528148
-5.011816
-5.110446
-4.693457
-4.415286
-4.398570
-3.508864
-2.769163
-3.817878
-1.058458
1.232257
1.831914
0.176267
-0.660538
10.037889
7.224586
4.718547
3.370785
1.909528
10.313425
15.770101
5.798897
-5.499391
-10.200532
-10.277870
-7.255963
-5.122445
-5.552892
-5.149797
-4.823736
-4.777988
-3.997579
-3.262978
-3.892541
-0.540698
1.880802
2.558827
0.930414
0.149117
10.958213
7.832876
5.015076
3.492346
2.231852
10.832231
15.906536
5.489354
-5.822985
-10.348656
-10.484927
-7.285876
-5.253063
-5.417889
-4.766967
-4.479495
-4.560471
-3.893755
-3.018769
-3.851772
-1.275658
1.061685
1.666760
0.109923
-0.656726
10.198405
7.575310
5.032654
3.534141
2.111367
10.160307
15.920690
5.695760
-5.724671
-10.336071
-10.595374
-7.515152
-5.224771
-5.620578
-5.065759
-4.812726
-4.884336
-4.230695
-3.538037
-3.933161
-0.721602
1.557368
2.324368
0.687308
-0.114541
11.283895
8.327936
5.474398
3.852527
2.387302
10.240677
16.073139
5.537655
-5.857015
-10.371045
-10.533534
-7.221395
-5.138126
-5.406141
-4.670762
-4.472162
-4.688041
-4.166991
-3.199608
-3.808747
-1.338898
0.970627
1.666833
0.181865
-0.587506
10.283752
7.685163
5.240663
3.725222
2.249518
10.140687
16.053747
5.978792
-5.710935
-10.667661
-10.800032
-7.404173
-5.314198
-5.494992
-4.866837
-4.703697
-4.905774
-4.302159
-3.406168
-3.928943
-0.991631
1.253357
1.928008
0.337002
-0.439143
10.152887
7.704110
5.311292
3.792065
2.222995
10.345569
15.761095
5.897495
-5.513163
-10.420167
-10.494250
-6.812703
-5.119176
-5.205495
-4.614520
-4.578448
-4.886309
-4.326134
-3.334935
-3.916746
-1.198102
0.956694
1.636939
0.084327
-0.691747
10.283773
7.852211
5.428371
3.921979
2.331391
9.933767
15.962168
5.989006
-5.560935
-10.493303
-10.599248
-7.161383
-5.129704
-5.303244
-4.712502
-4.597049
-4.843078
-4.297788
-3.360652
-3.864498
-1.056226
1.243007
1.833636
0.237934
-0.531636
10.156110
7.734218
5.280012
3.695687
2.200672
10.376355
15.733135
5.844749
-5.523674
-10.446958
-10.584846
-7.207078
-5.183895
-5.367158
-4.809886
-4.672680
-4.896074
-4.311602
-3.415381
-3.956642
-1.089351
1.166583
1.907244
0.374268
-0.433492
10.327056
7.715128
5.304457
3.911191
2.298033
10.065044
15.906920
6.167963
-5.358042
-10.322792
-10.525689
-6.986098
-5.229003
-5.276047
-4.730182
-4.628129
-4.868102
-4.299470
-3.245137
-3.790267
-1.180601
1.224368
1.849948
0.312283
-0.466573
10.285849
7.781986
5.328293
3.759083
2.274290
10.372995
15.790780
5.912138
-5.545565
-10.483786
-10.702250
-7.394784
-5.335503
-5.496936
-4.913414
-4.737475
-4.945572
-4.382417
-3.464709
-3.965134
-1.120934
1.206380
1.996736
0.507723
-0.306694
10.469526
7.802820
5.441789
4.073108
2.432590
10.073590
15.773561
6.158326
-5.364417
-10.303085
-10.523946
-6.982211
-5.203502
-5.251460
-4.666637
-4.610111
-4.906755
-4.395678
-3.230454
-3.725983
-1.280777
1.220647
1.809003
0.298775
-0.460414
10.319404
7.859264
5.303544
3.743323
2.288454
10.379684
15.805160
5.931580
-5.553210
-10.520451
-10.958944
-7.823461
-5.406785
-5.645478
-5.071646
-4.866778
-5.048363
-4.502656
-3.575459
-3.972182
-1.073620
1.379042
2.289635
0.850026
-0.001071
11.602814
8.760345
5.682890
4.020679
2.485567
10.695765
15.290792
5.740962
-5.678709
-10.536149
-10.744308
-7.110242
-5.297537
-5.262811
-4.667873
-4.670311
-5.006485
-4.577771
-3.192164
-3.626301
-1.479439
1.143170
1.712289
0.268484
7.402965
9.734081
7.695463
5.302338
3.771322
2.253531
10.638982
15.358976
6.170744
-5.398359
-10.450928
-10.918339
-7.818243
-5.550006
-5.715676
-5.141842
-5.037217
-5.255483
-4.770062
-3.746103
-3.920568
-0.888493
1.342394
2.204690
0.803992
-0.056230
11.367009
8.782808
5.787591
4.051737
2.463277
10.626443
15.250874
5.761682
-5.522705
