0.000000
22.896824
22.150345
21.234844
19.402304
21.291630
21.117527
21.076591
12.809347
4.866129
3.379449
2.936403
1.474804
0.753154
3.537370
5.956023
6.414843
-1.233860
-1.448339
-2.402318
-3.972354
-3.644827
-2.639577
-2.193637
-2.775392
-0.570158
1.464778
4.313269
6.336413
6.308642
5.078276
3.642564
5.450869
5.165841
3.656087
0.000000
17.067553
18.158068
19.295864
20.248390
20.954557
21.279888
3.259837
-3.365539
-4.820973
-8.765770
-8.081005
-1.829198
0.363310
-0.432760
0.093713
-1.330377
-6.059130
-8.438107
-5.850451
-2.103352
1.954735
-5.396545
-4.075464
-9.597340
0.000000
5.033462
4.605835
4.119507
3.586921
3.062917
2.498081
2.254645
-7.694741
-3.628663
0.000000
22.477076
21.831526
20.902344
19.012945
17.121416
15.113412
13.164100
8.806976
3.968723
2.325338
3.448111
2.251729
1.150064
0.994093
0.908572
0.871462
0.839439
2.030234
0.863536
0.238347
-0.184793
-1.014540
-2.003394
23.673288
22.954903
21.776220
20.040899
18.166241
21.650732
21.399561
19.859789
16.655037
6.600846
-2.982561
-3.135499
-3.283235
-3.459872
-3.662272
-3.860422
-2.119593
-7.359211
-0.313472
0.627135
-1.573439
-2.419545
-0.832342
-2.233109
-0.873000
0.440849
2.133753
3.085941
1.254396
0.400411
-0.256553
0.485086
-0.100056
-1.021969
-1.857246
-3.055517
0.000000
17.917074
19.164005
20.851255
20.785645
20.426758
15.200417
-8.063496
-4.523191
-1.372236
0.481107
1.800624
2.283540
1.614159
1.878864
0.990984
0.979324
-1.677020
-2.646209
-2.225977
-2.244091
-2.574719
-1.864202
-10.777620
-9.357874
0.000000
21.407074
22.033945
23.383696
6.638710
22.562262
16.699757
-7.666364
-4.285124
-2.175507
-1.617878
-1.100979
0.387945
1.032889
2.092901
2.706060
2.418152
-0.051340
-1.168384
-2.151772
-2.887036
-3.107466
-2.208490
-1.577039
-0.702675
0.000000
19.115675
20.873436
22.811264
22.857857
18.373356
7.812721
-10.678360
-6.121885
-2.377594
-0.810108
1.043028
1.636998
0.870975
2.045577
1.777341
2.506593
-1.152295
-3.014317
-2.741691
-2.397098
-2.549796
-2.087871
-1.971935
-11.962463
0.000000
20.215742
20.670731
21.727570
7.702124
21.664600
18.963518
-7.294546
-4.380332
-2.171280
-1.129769
-1.226113
0.146688
0.978398
2.030373
2.690548
2.544919
0.191529
-1.137699
-2.420857
-3.349826
-3.459093
-2.488287
-1.576310
-0.503788
0.000000
19.027706
20.944988
22.897480
22.916647
18.410589
7.851265
-10.328076
-5.967367
-2.347870
-0.987771
0.712747
1.426464
0.838500
2.071498
2.043001
2.885428
-0.567230
-2.829679
-2.974334
-2.514028
-2.686675
-2.248682
-2.079631
-12.235212
0.000000
19.888618
20.283911
20.332842
6.131812
20.904606
17.173393
-5.871971
-2.899759
-1.072505
-0.134262
-0.645132
-0.062428
1.037144
2.045686
2.801805
2.416161
-0.010803
-0.994915
-2.636540
-3.630725
-3.356451
-2.452666
-1.585378
-0.952627
0.000000
18.857866
20.878147
22.910925
22.951921
17.122887
5.576530
-9.776609
-5.375999
-1.869773
-0.611212
1.300272
2.119493
0.659368
1.696610
1.595058
2.085308
-1.241111
-3.089401
-3.098949
-1.790686
-1.434687
-1.823058
-1.864950
-12.751003
0.000000
19.821461
19.958168
19.726343
4.984611
20.343739
19.968037
-4.947470
-2.896158
-1.160021
0.034001
-1.053997
0.239763
0.790833
1.683416
1.762749
2.146174
-0.572536
-1.324767
-1.834389
-2.750583
-2.970665
-2.132444
-1.493121
-0.742140
0.000000
19.119516
20.792923
22.632013
22.586821
17.964514
7.496898
-10.899168
-5.825716
-1.979114
-0.607003
0.360074
1.250632
1.122971
2.327801
2.054467
2.636268
-0.704327
-2.433570
-2.858033
-2.687723
-2.772066
-2.052380
-1.926796
-10.629784
0.000000
19.678282
20.521437
22.240849
5.527581
18.928036
11.200742
-8.126790
-4.582803
-1.755058
-0.669268
-0.113428
-0.092776
1.233479
2.614659
2.872055
3.016109
0.738856
-0.745744
-2.908453
-3.832579
-3.669407
-2.345483
-1.768213
-2.565778
0.000000
18.763256
20.566990
22.561363
20.063597
13.688689
2.240167
-9.550799
-5.190537
-1.448536
0.171263
2.520230
4.062500
0.770581
1.163324
0.699518
-0.787103
-3.769220
-4.586407
-3.238320
-0.367957
1.762431
0.387990
-0.745526
-8.784472
0.000000
19.109713
18.380674
18.192202
12.674321
18.938442
10.870163
-10.850349
-4.262495
-1.516019
-0.058284
-0.899804
-0.104671
1.312095
2.104990
2.410285
0.818213
-1.389334
-1.922831
-1.722650
-1.451077
-1.744531
-1.909558
-1.343619
-0.941447
0.000000
18.686047
20.493633
22.536827
22.570267
16.288811
5.858402
-9.219021
-5.519236
-2.219303
-1.042202
-0.352141
0.334634
1.037644
2.154078
1.950385
2.568505
0.355857
-1.583568
-2.767970
-3.445190
-3.162456
-2.145528
-1.705644
-7.282372
0.000000
19.029114
20.007421
21.590525
12.312822
15.128553
4.357861
-8.922268
-4.723208
-1.525886
-0.213833
3.002955
4.337442
0.783996
1.144439
1.502678
-0.089097
-3.375072
-4.178077
-3.136175
-0.221287
2.161374
0.827134
-0.447396
-0.783636
0.000000
18.850796
18.519308
18.316183
11.673740
19.504223
13.402555
-7.221022
-3.223382
-1.134454
-0.084958
-0.037128
-0.533969
1.319292
2.388048
2.676000
0.854813
-1.159961
-1.806787
-2.659117
-2.309057
-1.873553
-2.045752
-1.556316
-0.755942
0.000000
17.825872
20.253160
22.286877
22.474806
18.266472
6.600716
-10.033375
-6.077246
-2.362346
-0.892595
-0.422632
-0.050360
1.121221
2.406826
2.248596
2.793420
0.477986
-1.532623
-2.904620
-3.471398
-3.167832
-2.277269
-1.900563
-7.873517
0.000000
18.954559
19.974834
21.702892
11.330138
14.228376
3.756199
-8.732392
-4.327932
-1.169216
-0.025240
2.650249
2.970603
0.820779
1.279188
1.652238
0.158057
-3.036552
-3.766851
-2.976175
-0.355278
1.493154
0.285792
-0.688793
-0.905411
0.000000
19.185343
19.202185
19.162048
8.104583
20.079969
14.699619
-7.474411
-3.984044
-1.454318
0.041703
0.135952
0.156629
1.421844
2.465212
2.357661
1.547249
-0.454413
-1.521872
-3.083453
-3.156380
-2.850087
-1.950288
-1.601326
-0.965152
0.000000
19.211426
20.999428
23.081835
21.985748
7.728384
1.513921
-4.310707
-2.464103
-1.402027
-1.125877
-2.002389
-1.289178
0.214559
1.598831
1.800013
2.195134
0.265549
-1.620157
-3.026690
-3.297927
-2.613401
-1.887447
-1.395915
-0.777875
0.000000
18.829399
19.995892
22.393419
19.020212
11.832820
4.321861
-7.087364
-4.154405
-1.759799
-1.172806
-0.310712
0.324670
0.237216
1.526721
1.761636
2.225122
-0.137460
-2.519616
-2.646440
-1.559783
-1.433224
-1.648889
-1.497660
-1.034733
0.000000
19.003628
19.413567
20.011093
4.915367
20.656458
16.631023
-8.896277
-5.498178
-2.147738
-0.579097
-0.948314
-0.174062
1.348233
2.383322
2.532303
1.888365
-0.011085
-1.506167
-2.511475
-2.990450
-2.711024
-1.558465
-1.399624
-1.454115
0.000000
19.304167
20.610901
22.760656
17.907665
3.864733
-1.976789
-4.311614
-2.123671
-0.980374
-0.713073
-0.097930
0.453254
0.216547
1.138868
1.022222
1.569824
-0.791327
-2.854925
-3.019486
-1.951528
-1.517331
-1.474627
-1.319757
-0.950698
0.000000
19.046997
19.712841
20.761892
4.777163
19.725513
15.643204
-9.266166
-5.617000
-2.281704
-0.800671
-1.013999
-0.258708
1.358671
2.543281
2.655290
2.236156
0.233810
-1.209477
-2.304057
-3.281290
-2.956453
-1.834750
-1.560615
-1.337199
0.000000
19.339430
20.691307
23.075565
23.335421
2.758969
-1.515974
-3.332546
-1.382509
-0.684521
-0.745980
-0.770060
-0.647967
-0.163174
0.915572
1.272358
1.542771
-0.146812
-2.400182
-2.674586
-2.718215
-1.840574
-1.674485
-1.208288
-0.756881
0.000000
16.378214
19.037046
21.160048
21.732117
17.395393
11.069889
-8.790045
-5.620121
-2.740921
-1.561313
-1.787308
-0.862409
0.352285
1.638753
2.389720
1.901788
-0.465542
-2.178540
-1.960775
-1.292319
-0.918056
-1.325261
-1.229409
-0.902513
0.000000
19.151974
19.890284
21.188622
21.900034
6.862724
1.645846
-3.552979
-2.427898
-1.842259
-1.487491
-2.007431
-1.284500
-0.009669
0.978708
1.640518
1.181373
-0.656397
-1.746924
-1.823457
-2.250023
-1.737337
-1.670359
-1.161183
-0.678736
0.000000
18.328566
19.392063
21.698864
22.269745
11.935767
3.867151
-4.066976
-2.986624
-2.160841
-1.861266
-2.524608
-1.279886
-0.125543
1.253010
2.031530
1.892308
0.036211
-1.306669
-2.004443
-2.378131
-1.855562
-1.821230
-1.251169
-0.733732
0.000000
18.211618
19.164652
21.097094
21.683233
16.816416
6.709568
-6.425316
-4.302782
-2.428512
-1.913433
-2.423548
-1.257918
0.175870
1.599948
2.293241
2.239093
0.284222
-1.216135
-1.828155
-2.391569
-2.109029
-2.088266
-1.371917
-0.962706
0.000000
18.834282
19.869841
21.688251
22.216988
10.087446
3.359643
-3.806571
-2.636767
-1.928286
-1.676287
-2.426838
-1.171909
-0.332263
1.104247
2.024538
1.731746
0.000000
19.145226
21.457380
20.555130
18.694824
16.673317
20.449940
20.574968
19.500027
7.311442
-5.766916
-3.278958
-3.051646
-3.151244
-3.309596
-6.037673
0.920818
8.895198
0.684124
0.588931
-0.732808
-2.938577
-2.785717
-1.758317
-1.961979
-1.345342
0.179773
1.933487
0.687403
-1.077991
0.493871
2.255247
3.886420
2.076120
-0.167401
-0.603642
0.000000
18.663137
19.497402
20.756977
21.379889
14.960539
19.959301
-5.702034
-6.596086
-3.275369
-2.856993
-1.205909
1.547871
0.058468
1.259016
1.525109
0.976718
0.965856
-1.147871
-1.178129
-1.567347
-1.695243
-1.976956
-1.367597
-7.537639
0.000000
19.169724
20.206184
22.369503
22.688528
13.603537
19.226038
-7.302116
-7.109839
-3.437538
-2.442757
-2.340794
-0.236590
-0.190715
1.345844
2.262773
2.095344
1.919487
-0.695916
-1.287110
-2.367859
-2.311287
-2.428050
-1.418648
-1.234000
0.000000
18.258343
19.238968
20.764732
21.659389
18.868528
18.167412
-8.921685
-8.970846
-4.573725
-2.596658
-1.883508
0.152712
0.155202
1.746715
2.691433
2.546315
1.942204
-1.383225
-1.537142
-2.236160
-2.208683
-2.576419
-1.922449
-1.579319
0.000000
17.782858
18.961277
20.929909
21.816713
15.792167
15.097227
-8.656794
-8.081734
-3.689848
-1.830982
-2.277725
-0.372283
0.136593
1.494944
2.220900
1.991459
1.399624
-1.563861
-1.576900
-2.160674
-1.981197
-2.362218
-1.658559
-1.344874
0.000000
17.928320
19.061668
20.975836
21.909466
17.168755
15.613293
-8.214063
-7.666406
-3.636962
-1.960025
-2.129357
-0.456712
-0.088688
1.313324
2.159442
2.062888
1.515363
-1.580300
-1.745710
-2.255329
-1.748006
-2.191945
-1.542009
-1.337691
0.000000
17.837496
18.833433
20.603207
21.556824
17.501621
17.857334
-8.719944
-8.714216
-4.189857
-2.175803
-2.160306
-0.572291
0.076874
1.475881
2.383265
2.081835
1.298647
-1.798103
-1.828717
-2.145086
-1.245954
-1.786998
-1.339772
-1.261392
0.000000
17.837517
18.868952
20.621334
21.577169
15.815633
15.105247
-8.643194
-8.003205
-3.618421
-1.776541
-1.847347
-0.240346
0.175593
1.389384
2.172923
1.781836
0.980207
-2.012353
-2.042742
-2.233102
-1.074571
-1.594420
-1.233982
-1.203668
0.000000
17.861912
18.882265
20.344934
21.385786
15.557938
15.805647
-8.749231
-8.236198
-3.732764
-1.885204
-1.828623
-0.334303
0.220849
1.484071
2.231621
1.833661
1.088337
-1.861914
-1.973559
-2.236090
-1.342003
-1.826752
-1.348089
-1.256011
0.000000
17.880253
19.009378
20.877096
21.826641
15.124638
13.147555
-7.476192
-6.715834
-3.067935
-1.676683
-2.006049
-0.515024
-0.116345
1.060859
1.871915
1.647686
0.938616
-2.015369
-2.143939
-2.276769
-0.811581
-1.236256
-0.973015
-1.050855
0.000000
18.374718
18.632122
19.897491
21.002272
15.935294
15.969715
-8.884871
-8.543695
-3.887501
-1.931227
-1.664188
-0.128961
0.362504
1.614750
2.382160
1.860033
1.105488
-1.895125
-2.058860
-2.291790
-1.211006
-1.659794
-1.327209
-1.304145
0.000000
17.895393
19.189106
21.169735
22.106960
11.318499
10.546194
-6.245932
-5.267852
-2.417708
-1.548909
-2.025867
-0.567167
-0.327487
0.666497
1.541762
1.255342
0.537658
-2.261043
-2.341753
-2.102681
-0.237086
-0.609222
-0.580124
-0.793514
0.000000
23.700001
18.047886
18.995306
20.664593
15.871533
15.851330
-8.888871
-8.595679
-3.869080
-1.910117
-1.463311
0.116266
0.507612
1.672423
2.336001
1.738568
0.875134
-2.182376
-2.304832
-2.140681
-0.384796
-1.030562
-0.980715
-1.215432
0.000000
18.038172
19.251480
20.796055
22.213600
10.983029
8.913673
-5.591668
-4.229369
-1.969604
-1.498438
-1.799098
-0.426717
-0.327418
0.652337
1.431942
1.088136
0.421087
-2.160405
-2.356452
-2.296955
-0.351860
-0.685341
-0.543467
-0.768898
0.000000
23.700001
18.074888
19.457357
21.009626
15.666668
14.982325
-8.595573
-7.857783
-3.532379
-1.831593
-1.558414
0.102341
0.293560
1.496288
2.298129
1.694582
0.776224
-2.267175
-2.354034
-2.058653
-0.137389
-0.854659
-0.888035
-1.220276
0.000000
17.973839
19.097752
20.599348
22.015291
10.842046
9.333583
-5.645577
-4.338009
-2.024197
-1.509005
-1.703211
-0.388275
-0.322130
0.659388
1.400801
1.036868
0.317588
-2.242483
-2.436564
-2.336973
-0.235171
-0.510369
-0.443309
-0.726301
0.000000
23.700001
18.139227
19.230463
20.943207
14.704553
14.207375
-8.299636
-7.349398
-3.255375
-1.721685
-1.444236
0.013124
0.279147
1.522250
2.267641
1.700659
0.895195
-1.953820
-2.312680
-2.246396
-0.616693
-1.144571
-1.027377
-1.276174
0.000000
17.943550
19.310513
20.981201
22.369928
7.428705
7.862068
-4.178298
-3.084785
-1.714837
-1.597967
-1.932157
-0.533148
-0.614068
0.169880
1.079029
0.761135
0.077979
-2.488329
-2.580069
-1.859533
0.311285
-0.120078
-0.217040
-0.533291
0.000000
22.113155
17.760601
18.479336
20.234121
14.900982
14.947400
-8.820126
-8.325583
-3.729136
-1.838741
-1.307231
0.214402
0.532376
1.856033
2.469111
1.795283
0.991736
-1.888223
-2.217107
-2.213083
-0.438517
-0.989769
-1.040155
-1.319759
0.000000
18.011147
19.501680
21.120649
22.526253
5.538919
6.946088
-3.855714
-2.406420
-1.441320
-1.549470
-1.840283
-0.470004
-0.599353
0.153500
1.048567
0.696114
0.312360
-1.927206
-2.247716
-2.354178
-0.586996
-0.557875
-0.455917
-0.497839
0.000000
23.594418
17.562143
18.914688
20.520985
15.878838
15.620564
-8.538786
-7.886937
-3.513853
-1.845586
-1.613152
0.103189
0.163815
1.587743
2.581886
2.117146
1.615026
-1.105520
-1.941550
-2.468688
-1.394679
-1.738402
-1.421938
-1.506496
0.000000
17.770164
19.294649
20.934107
22.255571
6.779726
7.911067
-4.053769
-2.580636
-1.449099
-1.441389
-1.894120
-0.492630
-0.621170
0.164796
1.121769
0.784254
0.662271
-1.507611
-1.974686
-2.434723
-1.116979
-0.948658
-0.675680
-0.597034
0.000000
23.700001
17.588772
19.059603
20.589745
16.197241
16.357597
-8.120753
-7.476589
-3.372904
-1.881305
-1.817422
-0.176587
0.027497
1.507563
2.605243
2.192420
1.802992
-0.915210
-1.826922
-2.542504
-1.500280
-1.766532
-1.394628
-1.508252
0.000000
17.718973
19.289471
20.955666
22.211460
6.418442
7.710384
-3.780456
-2.490225
-1.478503
-1.502346
-1.872881
-0.580707
-0.704823
0.057347
1.097234
0.841761
0.543508
-1.725098
-2.175510
-2.418373
-0.691957
-0.569288
-0.496533
-0.517481
0.000000
23.195713
17.571833
18.817717
20.361929
15.661179
15.652376
-8.378272
-7.746326
-3.487681
-1.858832
-1.739271
-0.070990
0.108575
1.563299
2.608878
2.171472
2.279976
-1.461329
-1.557953
-2.285294
-1.642429
-1.942527
-1.598230
-1.642657
0.000000
18.057911
19.481932
21.139353
22.369919
3.494048
5.985357
-0.604863
-3.319290
-1.674612
-1.621597
-2.208346
-0.545918
-0.540691
0.017972
1.053927
0.848132
1.146666
-2.030243
-1.724383
-2.254843
-0.987499
-0.968386
-0.720806
-0.641398
0.000000
23.700001
17.379839
18.758295
20.365969
15.787971
12.991390
2.539453
-8.371895
-3.890118
-1.939654
-1.734261
0.105602
0.142078
1.430125
2.474758
2.067073
2.153800
-1.671194
-1.600951
-2.254497
-1.479236
-1.924969
-1.585938
-1.634040
0.000000
18.340347
19.686962
21.407816
22.558886
1.925559
6.717315
-0.018639
-3.878689
-1.952529
-1.780799
-2.476207
-0.544181
-0.497829
-0.101978
0.977794
0.976733
1.205392
-2.151340
-1.817418
-2.193781
-0.471468
-0.529655
-0.496640
-0.499339
0.000000
21.470570
17.313635
18.050598
19.865822
15.242980
13.133937
3.794220
-9.147902
-4.335540
-2.071401
-1.629913
0.146211
0.329672
1.730774
2.661538
2.149630
2.406117
-1.441111
-1.644747
-2.265123
-1.612365
-1.972393
-1.696991
-1.702538
0.000000
18.435022
19.746351
21.456944
22.635782
1.821505
6.050549
-1.041528
-3.353859
-1.683147
-1.704174
-2.447067
-0.245986
-0.539383
-0.021132
1.010053
0.890236
1.291859
0.000000
17.118259
21.401281
20.466356
18.388388
16.391886
9.857163
1.729918
-2.429050
-2.505709
-2.574578
-2.645797
-2.714070
-1.474579
2.669435
1.717722
1.146869
1.081848
1.045596
1.043247
2.609434
6.253516
8.323189
4.794572
-1.451550
-7.909489
-10.486098
-10.073709
-7.548342
-10.390558
-2.270272
23.700001
22.407497
19.006813
16.057549
13.877643
12.185544
10.955896
10.097019
8.883888
6.977201
1.470491
0.520655
1.048529
1.170969
1.035399
1.046022
1.091305
1.074571
1.035985
0.881195
-17.690538
-15.435233
-3.698237
-2.242209
17.216663
19.031847
19.383345
16.920166
14.401978
12.233151
10.349227
7.979869
15.405430
11.539925
9.306127
11.072844
10.397884
7.913223
6.016737
4.842575
4.531431
3.253977
5.942269
-4.143662
-5.192806
-3.212906
-1.634668
-0.492510
0.241461
0.569900
0.599084
0.491872
0.345515
-0.760794
-1.152721
-1.130610
-1.446413
-15.923697
-17.621700
-11.388863
-8.909904
-0.486326
7.724839
7.961743
6.578827
7.342663
6.875402
18.953764
-23.464050
-19.348719
0.000000
23.700001
23.082449
17.444305
8.449608
4.750827
-4.168606
-10.712643
-14.581778
-15.872684
-17.972130
-16.731007
-6.324478
-2.732904
-0.612217
0.786741
4.811544
7.383943
4.925485
3.049797
3.610469
3.281192
2.278686
1.097442
1.219072
2.032577
2.942784
2.123803
-1.154064
-3.488473
0.000000
-3.192311
0.838320
-0.684636
3.030689
3.563256
9.631306
-6.363661
-4.742679
-1.079880
-5.739800
-7.247961
-1.808820
1.420758
3.245574
4.052241
4.958553
4.851121
2.537794
0.184031
-0.697082
-1.580826
-1.301380
-4.482056
-8.817774
0.000000
19.272074
20.068842
20.915283
20.002199
9.932516
5.349076
-5.103820
-1.491220
-3.719839
-1.555925
2.916445
2.071095
1.167877
-0.612452
0.244035
1.246213
0.925193
-1.003149
-2.062583
-2.231729
-0.421836
0.086616
1.052536
0.576058
0.000000
19.458235
20.061813
20.580355
20.988604
19.632326
16.122787
-6.200955
-9.433797
-8.462150
-7.614449
-3.249707
-0.395958
1.223764
3.557953
4.587493
4.123932
3.506599
-2.523328
-1.720430
-1.271658
-0.710098
-0.740107
-0.150425
-4.739474
0.000000
18.455362
19.252720
21.119371
21.503979
16.184155
14.976745
-8.253886
-6.492583
-2.455739
-1.154088
-0.757031
1.138977
0.427401
1.568391
1.618091
0.761403
0.530973
-1.445793
-1.698337
-1.952945
-1.907584
-1.757784
-1.181854
-0.998834
0.000000
18.400112
19.533367
20.687967
21.906082
8.779170
0.880213
-6.421185
-3.468689
-1.486736
-1.264599
-0.220926
2.598517
-0.264710
0.642692
1.489010
0.664707
-0.830083
-3.676435
-3.149139
-1.546255
2.418770
1.077514
0.004505
-0.746396
0.000000
17.718796
17.900517
17.929407
18.548630
18.729078
14.295118
-10.215151
-6.043108
-2.906417
-1.399992
0.071900
1.753081
0.127994
1.613960
1.958625
1.298765
-0.510477
-3.068721
-2.721833
-1.750493
0.636199
-0.219794
-0.521623
-0.996169
0.000000
17.581161
18.673275
20.190508
21.697670
13.653958
4.511735
-6.535871
-4.727083
-2.334659
-1.709438
-0.814691
1.907663
-0.267656
0.889446
1.502352
0.957378
0.229438
-2.476975
-2.427500
-2.040397
0.401476
-0.220086
-0.517611
-1.041819
0.000000
17.914356
18.706800
19.083067
20.032835
16.701187
16.630684
-8.728286
-7.318873
-3.286622
-1.588825
-0.557771
0.733328
0.334790
1.730773
2.079951
1.427019
0.819268
-1.501477
-2.113924
-2.558718
-1.635321
-1.626160
-1.121574
-1.114754
0.000000
18.012430
19.582466
21.339491
22.367279
4.092275
4.446024
-3.790242
-2.384835
-1.521427
-1.586743
-1.793524
-0.114496
-0.752156
0.207842
1.191843
0.896729
0.611830
-2.103705
-2.420755
-2.292284
-0.283466
-0.464352
-0.413233
-0.600603
0.000000
23.700001
17.371954
18.218121
19.600143
19.616718
20.223877
-10.098692
-9.665689
-4.542911
-2.268606
-1.596805
0.319847
0.633471
2.159036
2.850420
2.121411
1.306053
-1.410530
-2.036644
-2.236018
-0.848510
-1.518743
-1.229207
-1.398504
0.000000
18.505217
19.802887
21.444036
22.300436
2.533223
8.080072
-3.913157
-2.593712
-1.798354
-1.885450
-2.753710
-0.767028
-0.583131
0.206538
1.233195
0.880768
0.547516
-1.746153
-2.041451
-2.109300
-0.327750
-0.405910
-0.281332
-0.432913
0.000000
23.700001
17.000652
18.303320
19.587818
19.407990
16.646706
-10.708281
-9.703040
-4.463253
-2.112436
-1.495844
0.437920
0.789427
2.340548
3.117845
2.224221
1.548611
-1.260557
-2.058736
-2.274888
-0.993382
-1.706660
-1.449014
-10.351200
0.000000
19.262936
20.370766
22.015585
22.689722
2.462305
10.227940
-3.733875
-2.966296
-2.185547
-2.190393
-3.112902
-1.286138
-0.894639
-0.102623
1.022116
1.120673
0.655724
-1.552598
-1.758069
-1.475069
0.384439
0.124230
-0.051920
-0.212401
0.000000
21.438475
17.110304
17.573538
19.009895
19.384426
17.901089
-10.481640
-10.428725
-5.029861
-2.582954
-1.656124
0.583007
0.806945
2.459140
3.260753
2.371807
1.629897
-1.319113
-1.969972
-2.091642
-0.418105
-1.283050
-1.245418
-9.109539
0.000000
19.687502
20.646708
21.992474
22.652750
2.544074
11.954636
-4.642024
-4.075788
-2.635904
-2.508817
-3.221632
-1.199867
-0.727799
0.029952
1.127947
1.196389
0.553011
-1.687330
-1.764712
-1.426586
0.845666
0.494246
0.180550
-0.192502
0.000000
20.647486
16.998531
17.527155
19.018717
18.125841
15.751978
-10.278942
-9.460023
-4.553325
-2.193680
-1.317512
1.074872
0.797739
2.389104
3.107755
2.147476
1.351511
-1.354725
-2.104534
-2.177824
-0.343460
-1.208707
-6.113719
-8.530272
0.000000
19.828739
20.745186
21.970892
22.966568
2.547970
10.724697
-4.548859
-3.877181
-2.594145
-2.492927
-3.230808
-1.303088
-0.808332
-0.149304
0.961523
1.125530
0.461418
-1.831826
-1.691542
-0.870660
1.415295
0.632521
0.260919
-0.159958
0.000000
18.581339
15.290775
16.924809
18.994396
17.194746
15.430946
-9.995534
-9.172803
-4.457590
-2.181159
-1.312902
1.209613
0.819301
2.247818
2.921230
2.189019
0.725894
-2.039205
-2.474463
-1.988454
0.946573
-0.222669
-0.723425
-7.874867
0.000000
19.108191
19.965815
20.497931
22.054075
5.108139
9.731013
-5.664673
-3.545915
-1.865142
-1.815926
-2.130875
-0.360381
-0.438249
0.316857
1.130291
0.791269
0.143046
-2.258133
-2.287019
-1.902139
0.719089
0.400464
0.176315
-0.385136
0.000000
23.045778
17.200554
17.924911
19.976980
15.706715
13.455728
-9.791095
-7.981940
-3.618979
-1.707992
-1.012733
0.831263
0.563980
1.847256
2.448458
1.793861
0.373469
-2.382174
-2.520311
-1.966662
0.819285
-0.118773
-0.579501
-1.312343
0.000000
17.681948
19.090824
20.062708
21.854939
6.236759
5.671999
-4.991860
-2.767097
-1.569435
-1.608925
-1.794351
0.062016
-0.440958
0.374304
1.100262
0.748424
0.121619
-2.467129
-2.490115
-2.056422
0.581909
0.297649
0.032168
-0.559472
0.000000
23.700001
17.635592
18.449018
20.439203
14.701175
14.176655
-9.116217
-7.377820
-3.290630
-1.737383
-1.287303
0.576319
0.214757
1.354710
2.143069
1.722544
0.519062
-2.271881
-2.359374
-2.014513
0.516678
-0.189402
-0.512873
-1.053828
0.000000
16.854610
18.846987
20.138176
21.969130
6.335435
4.793431
-4.080234
-2.492430
-1.692068
-1.828126
-1.957313
-0.096290
-0.570137
0.269559
1.237269
1.032592
0.754745
-1.839649
-2.399194
-2.400722
-0.327710
-0.311812
-0.322552
-0.618374
0.000000
23.700001
17.344002
19.038828
20.613485
16.029060
15.421540
-7.978657
-6.606431
-3.169298
-1.998237
-1.879086
-0.029718
-0.113380
1.215688
2.273452
1.963002
1.621479
-1.202466
-2.085624
-2.507194
-0.515297
-0.815141
-0.761899
-1.165602
0.000000
17.376148
18.959812
20.379910
21.937159
4.176260
5.980787
-3.550812
-2.330464
-1.782414
-1.933934
-2.198434
-0.418461
-0.720587
0.015104
1.091508
0.974017
0.691605
-1.880515
-2.356191
-2.276193
0.084018
0.081834
-0.105085
-0.382752
0.000000
22.615637
17.063566
17.981731
19.779974
15.808678
16.646246
-9.154047
-7.991197
-3.643723
-2.018176
-1.701739
0.214183
0.247465
1.706613
2.689701
2.175889
1.813737
-0.965842
-2.028012
-2.546977
-0.682114
-1.059768
-0.982807
-1.357439
0.000000
17.232746
18.819071
20.129696
21.763788
5.254350
6.451400
-4.596267
-2.448086
-1.564421
-1.573769
-1.735560
-0.239704
-0.519611
0.287055
1.169616
0.790058
0.814497
-1.394442
-2.089847
-2.412355
-0.845895
-0.692500
-0.484687
-0.627362
0.000000
23.700001
17.529833
18.938404
20.603298
15.079679
9.809204
-0.338157
-5.882247
-3.137907
-2.209154
-2.219378
-0.243262
-0.252670
1.041031
2.266988
2.019236
2.337305
0.000000
17.725269
21.437399
20.489880
18.736715
16.779554
14.893184
13.028051
11.148340
9.527791
7.840000
5.341967
4.576566
3.026141
1.513644
0.972980
1.983225
2.218664
1.448421
0.606513
0.361447
-0.056074
-0.901900
-1.773289
-5.145936
-2.538901
-1.391562
-2.193505
-1.997018
-2.710851
-2.312407
1.941449
3.325598
22.747246
22.051132
20.954012
19.169994
17.342773
15.288589
9.339686
1.209023
-2.654560
-2.738085
-0.420894
1.333838
1.171667
1.035284
0.955422
0.919212
1.822557
5.059215
4.558709
0.906825
-1.489324
-1.343738
-2.143255
-2.522340
23.700001
22.365957
20.485086
19.441175
18.722006
16.971235
14.932450
12.756482
10.211144
15.928378
12.353390
9.806300
12.147992
6.200304
-3.743286
-4.054296
-4.334291
-4.573964
-1.103744
1.622228
0.212789
0.443556
0.597992
0.279073
-0.383233
-0.577656
0.678631
3.228955
0.133953
-0.230858
1.240634
1.445445
-0.650006
-1.144768
-0.375244
0.514079
1.201043
0.016903
-0.016475
0.000000
23.115616
16.704037
12.105936
8.383153
5.882199
3.911350
-20.982006
-17.363398
-3.797755
-0.241812
-1.284875
-3.254033
-1.657954
-3.070745
-0.679861
4.147502
5.180542
-1.860937
-0.616191
1.214822
0.953563
0.390680
-3.983951
-1.185437
0.000000
17.737062
17.121069
17.338606
17.836054
18.051672
18.074955
15.380069
-2.602606
-4.599498
-2.319896
-0.449002
0.408284
-0.397654
-1.035635
0.791582
1.695934
2.751398
0.079911
-3.552450
-1.606966
-0.057519
0.780148
1.049204
-0.578769
0.237788
0.000000
17.413237
18.819605
20.253256
15.041281
18.858677
7.872534
-7.628475
-3.594152
-1.216006
0.927470
2.924751
3.762475
1.561121
1.000170
0.576801
-0.453281
-1.911612
-3.168113
-2.950365
-0.512069
0.252484
-0.077591
-0.516133
-0.709535
0.000000
20.480486
9.046470
15.778717
1.712390
21.136612
20.207394
-8.994614
-6.844140
-4.284785
-3.312441
-2.228334
-0.632506
0.265175
1.755973
2.943316
2.599528
0.233306
-1.645030
-1.159779
0.576504
0.774046
-0.090487
-0.659549
-0.879810
0.000000
17.874271
19.094437
20.733131
10.024112
14.236271
6.330778
-9.451733
-5.481323
-2.823729
-2.106036
-0.481055
1.222341
0.412566
1.429815
1.678608
2.064312
-0.123631
-2.209269
-2.090219
-0.983200
-0.600019
-0.796073
-1.024145
-1.094870
0.000000
17.878588
18.952541
20.795336
2.128906
19.674335
12.253254
-9.963100
-6.075974
-2.974451
-1.948380
-1.656737
-0.486699
0.685712
2.022320
2.540615
2.536988
0.743158
-1.134869
-1.742974
-1.609982
-1.826898
-1.512749
-1.337546
-0.999516
0.000000
18.040705
19.494932
21.853548
9.190454
5.066809
0.746872
-3.972193
-2.560540
-2.100740
-1.926521
-2.181048
-1.654006
-0.638098
1.185469
2.172501
2.406635
0.807270
-1.096070
-2.084839
-1.938389
-1.557927
-1.597391
-1.103456
-0.765349
0.000000
17.000587
17.879929
20.140726
17.145218
20.802828
13.082926
-10.689280
-7.188147
-4.007150
-2.873786
-2.693027
-0.972100
0.430464
2.289523
3.297853
3.306540
1.244956
-0.794712
-1.839025
-1.181000
-1.299342
-1.496142
-1.411762
-1.233922
0.000000
17.815451
18.771454
20.454338
7.378427
12.218101
5.241549
-7.492118
-4.365748
-2.474942
-1.985051
-2.334710
-0.880670
0.074876
1.587125
2.370512
2.230587
0.472465
-0.962435
-1.895684
-1.645292
-1.542464
-1.508739
-1.214149
-0.947236
0.000000
17.764690
18.874041
20.917633
11.695442
11.448474
5.045194
-6.268792
-4.160462
-2.831882
-2.351824
-2.847190
-1.294910
-0.261332
1.572288
2.599237
2.755298
1.030983
-0.784189
-1.899839
-1.618191
-1.360020
-1.492668
-1.171532
-0.941566
0.000000
16.937700
17.894623
20.106277
15.063661
18.321012
9.095316
-9.708420
-6.012368
-3.133157
-2.149401
-2.315033
-0.732849
0.502287
2.133129
2.937631
2.766321
0.836461
-0.855305
-1.899596
-1.411974
-1.470344
-1.508223
-1.420362
-1.250656
0.000000
17.933014
19.174740
20.943764
4.896095
8.674683
4.094889
-5.614720
-3.500676
-2.452470
-2.217165
-2.522840
-0.839352
-0.435822
1.130299
2.102400
1.986631
0.314989
-1.222195
-1.371677
-1.504111
-1.083618
-1.272179
-0.889721
-0.711700
0.000000
17.033789
17.763979
19.460304
20.217354
18.938948
9.759855
-9.796516
-6.140479
-3.304246
-2.387847
-2.387953
-0.702624
0.469674
2.086275
2.995917
2.785828
0.813123
-0.874750
-1.298794
-1.372301
-1.461145
-1.531307
-1.414237
-1.274065
0.000000
18.002291
19.181065
20.870964
21.447588
8.591728
2.294394
-4.577896
-2.796134
-2.197092
-2.161200
-2.624174
-1.357413
-0.700369
0.902696
2.020527
1.977330
0.313094
-1.027837
-1.158219
-1.356186
-0.951814
-1.277269
-0.856180
-0.637705
0.000000
14.657115
17.154408
19.050911
19.871037
19.344179
11.523458
-10.754203
-6.840287
-3.535216
-2.467450
-2.274958
-0.408902
0.681451
2.253586
3.107811
2.912538
0.878186
-0.814607
-1.267350
-1.337753
-1.417968
-1.489609
-1.477988
-1.424591
0.000000
17.911129
19.237371
20.869614
21.399315
10.231185
3.410534
-5.339901
-3.000182
-2.163372
-2.142069
-2.471956
-0.999212
-0.589449
0.878937
1.851019
1.820195
0.151810
-1.105701
-1.117580
-1.179206
-0.810638
-1.159271
-0.789416
-0.652550
0.000000
16.742950
17.471338
19.201143
19.989660
18.887102
10.787519
-10.549419
-6.643536
-3.440985
-2.320927
-2.282782
-0.575414
0.605141
2.182851
3.057396
2.929379
0.880102
-0.987554
-1.349327
-1.349740
-1.148630
-1.359323
-1.396794
-1.413532
0.000000
17.856346
19.115223
20.577839
21.196772
11.369381
3.756595
-6.043993
-3.198003
-2.078182
-1.963165
-2.295825
-0.898859
-0.433154
0.935520
1.882531
1.725976
0.063750
-1.215973
-1.218508
-1.122027
-0.751213
-1.129529
-0.826897
-0.750240
0.000000
16.858107
17.708548
19.330029
20.094109
17.908354
9.181082
-9.967992
-6.098715
-3.167712
-2.165160
-2.248497
-0.489159
0.352964
2.068279
2.999182
2.853623
1.033120
-0.706131
-1.253513
-1.673460
-1.758201
-2.075966
-1.442429
-1.329225
0.000000
17.854570
19.205017
21.048088
21.593901
7.368696
2.350739
-4.157990
-2.728333
-2.277422
-2.282639
-2.694742
-1.017654
-1.071577
0.633000
1.929335
2.084834
0.491355
-0.932480
-1.004487
-1.078880
-0.455220
-1.040362
-0.675406
-0.491413
0.000000
23.510370
16.378946
18.264835
19.198633
20.167311
13.134511
-11.620133
-7.966712
-4.386448
-3.083045
-2.507939
-0.252053
0.857586
2.677762
3.773705
3.444161
1.340842
-0.558472
-1.259537
-1.416948
-1.150171
-1.652513
-1.387197
-1.596072
0.000000
17.557249
18.933830
20.479115
21.064917
12.209154
3.991007
-6.549060
-3.289833
-1.929134
-1.867526
-2.151817
-0.059139
-0.467833
0.858058
1.799364
1.567932
0.204515
-0.996806
-1.153784
-1.516187
-1.133501
-1.533597
-0.835722
-0.744261
0.000000
15.991216
17.261776
19.311693
20.090612
18.513412
10.426830
-10.346481
-6.549171
-3.419134
-2.337862
-2.341398
-0.170066
0.384377
2.111118
3.107416
2.871330
0.879626
-0.883698
-1.423150
-1.517360
-1.082631
-1.561380
-1.184533
-1.357597
0.000000
17.701145
18.853893
20.128597
20.830763
13.070643
5.090238
-7.067767
-3.959451
-2.332363
-1.935155
-2.261862
-0.270700
-0.434988
1.026873
2.141905
1.939097
0.343789
-1.286297
-1.428455
-1.307594
-0.493029
-1.104313
-0.705489
-0.820520
0.000000
16.685467
17.424484
18.792397
19.638144
17.789450
12.165723
-10.288157
-7.222078
-3.552005
-2.265135
-1.863157
0.196508
0.458941
1.990971
2.870611
2.398871
1.173280
-1.090152
-1.442846
-1.619479
-1.029733
-1.678218
-1.262585
-1.403682
0.000000
17.683559
19.060099
20.598892
21.208788
9.213491
5.352258
-5.530472
-3.340040
-2.300154
-2.139999
-2.328960
-0.461643
-0.763265
0.597715
1.828082
1.662014
0.883989
-1.221613
-1.413964
-1.411095
-0.668043
-1.308229
-0.744365
-0.719174
0.000000
16.735870
16.947056
18.846661
19.679657
18.595518
12.788628
-10.287043
-7.385907
-3.788083
-2.564666
-2.220752
-0.276804
0.480775
2.126162
3.117069
2.786527
1.538937
-0.797996
-1.305148
-1.627075
-1.065345
-1.706285
-1.348995
-1.511034
0.000000
17.554655
18.990896
20.608137
21.209101
8.527016
4.832639
-5.373941
-3.163559
-2.193648
-2.106272
-2.330416
-0.376928
-0.808122
0.472269
1.679890
1.581196
0.790900
-1.243292
-1.401486
-1.348973
-0.422602
-1.067226
-0.618608
-0.685422
0.000000
16.626202
16.903706
18.417978
19.348646
18.678885
13.164639
-10.758990
-7.823513
-3.925184
-2.583447
-2.060831
0.262510
0.620397
2.161112
3.065589
2.707684
0.000000
22.791790
22.012033
21.030516
19.387907
17.620943
15.864861
13.409021
19.466455
15.384251
12.731228
12.242509
2.499379
-3.439804
-3.670576
-3.899746
-4.126526
-4.122016
-3.128771
-3.958669
-2.167294
-0.923650
-1.730281
-1.583998
-2.054469
-1.110439
1.370897
-1.489722
-0.736210
0.677496
1.980760
1.750529
2.930379
2.954194
4.506539
4.930672
1.513608
-0.670807
0.000000
16.619207
17.951986
19.048388
19.620241
16.593729
21.570141
17.534027
-7.832277
-4.743211
-4.088048
-3.620271
-0.383288
-0.226164
0.513161
1.506296
1.639800
2.124867
-1.436267
-0.900037
-1.162395
1.391851
1.090000
0.153053
-0.805457
0.000000
16.901913
18.132338
19.044813
20.590595
11.655476
18.859152
7.902636
-8.349998
-4.668526
-2.912462
-2.102428
1.163864
0.047701
1.091075
1.925418
1.977425
2.906026
-1.275347
-1.903972
-2.021395
0.061569
-0.487443
-0.718666
-1.118585
0.000000
20.306570
17.599554
18.689857
20.343863
12.328608
19.838604
8.112057
-7.063320
-3.917389
-2.064171
-1.268588
1.465603
-0.322221
0.780366
1.908918
1.898188
3.064205
-0.833452
-1.843121
-2.227006
-1.191168
-1.620402
-1.209853
-1.346783
0.000000
21.628067
17.616161
18.807896
20.844902
13.899000
17.962555
5.138299
-10.072306
-5.155192
-2.783111
-1.806598
0.051679
-0.347165
0.554824
2.035505
2.352183
3.479376
-0.846790
-1.561015
-2.042954
-1.003400
-1.590518
-1.316298
-1.290774
0.000000
21.638607
17.633284
18.856386
21.008476
10.208901
17.064068
4.764442
-9.686241
-5.161009
-2.964420
-2.237662
-0.223040
-0.505474
0.457881
2.055511
2.356334
3.579281
-0.753414
-1.399790
-2.080886
-0.935164
-1.459194
-1.106215
-1.135585
0.000000
23.700001
17.429901
18.718513
20.935596
10.594749
15.120916
2.365465
-7.888551
-4.133157
-2.532284
-2.106482
-0.372189
-0.724639
0.137842
1.831153
2.229452
3.356135
-1.038905
-1.624048
-2.215981
-0.367478
-0.833147
-0.893499
-1.048648
0.000000
23.700001
17.197336
18.196289
20.452248
9.790052
15.886120
3.486488
-9.020342
-4.678436
-2.671183
-2.239413
-0.323117
-0.504682
0.417918
1.943417
2.233569
3.288871
-1.002905
-1.596375
-2.235633
-0.453273
-0.707899
-0.690094
-0.951726
0.000000
23.700001
17.366039
18.538364
20.760180
6.867949
11.612916
0.794348
-6.723778
-3.455508
-2.222364
-2.140217
-0.450997
-0.756058
0.039624
1.597054
1.963153
3.050099
-1.129903
-1.661623
-2.329423
-0.503791
-0.541014
-0.661666
-0.868088
0.000000
23.551908
16.759462
17.913416
20.190340
9.418468
13.982253
1.404457
-7.940794
-3.901638
-2.233205
-1.979715
-0.343569
-0.490238
0.412701
1.899786
2.111990
2.989395
-1.154413
-1.677241
-2.318536
-0.269355
-0.257633
-0.402038
-0.874997
0.000000
23.700001
17.512579
18.774525
20.645056
3.531964
9.611778
-0.494188
-5.693095
-3.008189
-2.131161
-1.981625
-0.800268
-0.737475
0.070947
1.576934
1.796839
2.887265
-1.058856
-1.673301
-2.436736
-0.701742
-0.512626
-0.529322
-0.780786
0.000000
23.700001
16.929445
18.308184
20.550247
5.345013
9.728099
0.184173
-5.653477
-3.235601
-2.332026
-2.110489
-0.772542
-0.810300
-0.000120
1.578988
1.891056
2.693968
-0.409462
-1.200756
-2.258465
-0.860966
-0.776177
-0.619352
-0.891710
0.000000
23.700001
17.630043
18.853104
21.024347
2.026989
4.809954
-0.119895
-3.847445
-2.797421
-2.516423
-2.489463
-1.282287
-1.176853
-0.444265
1.171332
1.669335
2.730965
-0.328942
-1.172501
-2.334913
-0.947486
-0.622990
-0.580341
-0.632361
0.000000
22.554268
16.426634
17.841709
20.061171
7.609801
9.043870
-0.629991
-5.468863
-3.200428
-2.348316
-2.361199
-1.028487
-0.812791
0.149863
1.828308
2.110207
2.798265
-0.205946
-0.855770
-2.278499
-0.845086
-0.632970
-0.549006
-0.974203
0.000000
23.700001
17.746965
19.102386
21.022707
1.840831
2.448582
-0.965703
-3.168731
-2.504508
-2.473867
-2.627324
-1.428384
-1.159716
-0.414836
1.137950
1.497863
2.464444
-0.362487
-1.080992
-2.374236
-1.156430
-0.714651
-0.542035
-0.591355
0.000000
23.700001
16.504168
18.096075
20.259443
6.028591
7.664474
-0.579808
-4.614483
-3.074404
-2.495643
-2.415971
-1.360441
-0.983844
0.043946
1.781477
2.133081
2.913791
0.047330
-0.649916
-2.301905
-1.119505
-0.930621
-0.663450
-0.933052
0.000000
23.700001
17.316938
18.679117
20.779610
1.780105
3.260557
-0.990229
-3.266269
-2.689550
-2.586698
-2.563916
-1.575418
-1.053711
-0.239052
1.380504
1.764074
2.688852
-0.047355
-0.721458
-2.286520
-1.369471
-0.946155
-0.752507
-0.742131
0.000000
23.700001
16.686625
17.965111
20.204052
4.928013
5.861052
-1.023951
-3.733727
-2.945143
-2.605951
-2.541773
-1.608221
-1.062578
-0.027246
1.723611
2.116328
3.036630
0.301064
-0.426134
-2.247945
-1.621230
-1.289475
-0.859787
-0.932464
0.000000
23.700001
17.291098
18.720943
20.814184
1.888879
2.627042
-0.196226
-3.021198
-2.878369
-2.852652
-2.692135
-2.404916
-1.195003
-0.327287
1.492373
1.995766
2.868597
0.149531
-0.550872
-2.138286
-1.311426
-0.877832
-0.783259
-0.676697
-0.337179
0.000000
16.347132
17.396580
19.674238
7.476385
7.814777
-0.443245
-4.587888
-3.146936
-2.538586
-2.491327
-2.090494
-1.034764
0.165730
1.949233
2.314455
3.026316
0.255159
-0.405537
-2.328074
-1.373911
-1.027134
-0.690515
-1.003234
-0.751557
0.000000
17.586647
19.106136
20.873838
1.836299
2.006386
-0.343976
-2.938524
-2.587197
-2.648717
-2.537966
-2.318158
-1.129028
-0.427445
1.225904
1.646376
2.504246
-0.086931
-0.853705
-2.290271
-1.331776
-0.680890
-0.646062
-0.534736
-0.236672
0.000000
16.333725
17.635571
19.919764
7.198624
6.610844
-0.165218
-3.961639
-3.129158
-2.761400
-2.595394
-2.381203
-1.225714
0.044823
1.906903
2.393763
3.136399
0.418122
-0.293742
-2.250021
-1.410927
-0.973672
-0.728171
-0.918872
-0.665988
0.000000
16.957897
18.421017
20.270266
1.922852
3.552565
-0.745410
-3.257618
-2.768764
-2.646904
-2.468480
-2.123428
-0.702742
-0.153816
1.411907
1.754650
2.523132
-0.043474
-0.684583
-2.343993
-1.285321
-0.687119
-0.621153
-0.708500
-0.477342
0.000000
16.981552
18.228802
20.267082
2.447481
4.090296
-0.303718
-3.186610
-2.962590
-2.858275
-2.665174
-2.317809
-1.008791
-0.156700
1.569310
2.017899
2.843985
0.168581
-0.613998
-2.369339
-1.302839
-0.673823
-0.529219
-0.679147
-0.492588
0.000000
16.941896
18.159172
20.478580
1.832676
2.194509
-0.196163
-2.976273
-2.823100
-2.810356
-2.627684
-2.372511
-1.111756
-0.390424
1.362109
1.874687
2.678362
0.050133
-0.847185
-1.870883
-0.987711
-0.672724
-0.632816
-0.635765
-0.420228
0.000000
16.377419
17.519691
19.929665
4.478991
4.858126
-1.009293
-3.365268
-2.854036
-2.609665
-2.576974
-2.208225
-1.124901
-0.117854
1.665819
2.101788
2.881513
0.207703
-0.576513
-1.899120
-1.139260
-0.953781
-0.632556
-0.861656
-0.697646
0.000000
16.949331
18.493958
20.760454
1.619918
1.767771
-0.755761
-2.959773
-2.637454
-2.623890
-2.561014
-2.242615
-0.838520
-0.439693
1.231063
1.665590
2.347421
-0.258178
-0.921006
-1.716990
-0.532520
-0.293364
-0.437515
-0.553562
-0.451047
0.000000
16.370859
17.377542
19.762644
3.964461
5.438498
-1.510818
-3.672765
-2.850979
-2.507489
-2.465294
-2.014338
-0.465251
0.011145
1.659971
2.012664
2.597506
-0.057338
-0.839254
-2.013075
-0.814263
-0.431912
-0.345470
-0.778036
-0.761475
0.000000
16.953135
18.395760
20.497316
1.372983
1.940290
-1.176107
-3.125370
-2.512074
-2.486997
-2.526124
-2.090055
-0.513875
-0.339710
1.166237
1.490391
2.073646
-0.489686
-1.145142
-1.910812
-0.432847
0.125007
-0.140797
-0.468096
-0.500005
0.000000
16.339361
17.464668
19.987793
2.059193
4.365775
-1.817052
-3.522710
-2.669744
-2.384375
-2.353788
-1.893087
-0.304188
-0.137458
1.529567
1.962549
2.601112
0.000000
22.534492
21.856569
20.557598
18.701750
21.170303
21.281050
21.328655
8.470628
1.234029
-0.443271
-1.150419
-3.258887
-3.436466
-2.213233
1.836070
11.781756
-0.902290
-2.487669
-4.027044
-5.258501
-3.373626
-0.827104
-1.526976
-1.518679
0.560244
2.375389
2.579418
2.485327
3.336763
3.356122
5.111007
4.721646
1.603805
-0.501665
0.000000
17.814276
18.549141
19.183578
19.404131
19.790855
18.412300
-6.942358
-5.303735
-4.182446
-5.611993
-2.623975
0.968521
0.029784
0.911476
2.144030
1.938669
-0.252948
-1.930128
-0.257102
2.362066
3.748138
1.464936
0.050412
-1.086976
0.000000
16.882990
18.052258
19.511272
19.968887
14.446087
10.372834
-7.913438
-4.824698
-2.885100
-3.127357
-1.321041
1.157146
-0.105475
0.840528
1.659526
1.459220
0.875133
-1.633504
-1.132194
-0.679611
1.142517
-0.091273
-0.228546
-0.995641
0.000000
16.888098
18.247705
20.046631
20.610548
13.889131
9.058453
-7.682705
-4.664782
-2.813536
-2.400686
-1.803281
-0.286114
-0.448128
0.941540
2.052075
1.828063
1.055223
-1.525948
-1.376623
-1.070760
0.821959
-0.407649
-0.302851
-0.852132
0.000000
16.580931
17.440634
18.786707
19.668015
12.830065
7.756411
-7.981496
-5.101497
-2.814050
-2.052165
-1.951361
-0.633004
-0.332105
1.166738
2.291116
1.868901
0.938877
-1.324819
-1.509448
-1.303647
0.719942
-0.466275
-0.416675
-0.982508
0.000000
16.617794
17.607054
18.612286
19.582476
11.182467
5.776350
-7.144315
-4.145022
-2.366687
-1.952264
-2.006061
-0.465943
-0.447193
0.953862
2.042195
1.650797
0.965291
-0.996177
-1.416470
-1.305259
0.369981
-0.532096
-0.412079
-0.968336
0.000000
16.727962
17.949221
19.133471
20.045095
10.090320
4.366060
-5.515312
-3.403576
-2.528271
-2.389252
-2.370441
-0.613424
-0.715283
0.772392
2.034385
1.775239
1.130211
-0.852397
-1.342664
-1.324345
0.449338
-0.441461
-0.310485
-0.828814
0.000000
14.482147
17.103729
18.674078
19.584122
11.510161
6.314115
-6.631095
-4.042974
-2.629671
-2.258926
-2.308856
-0.380541
-0.467329
1.053708
2.266135
1.864738
1.085392
-0.853111
-1.360719
-1.231967
0.760126
-0.266204
-0.307266
-0.978576
0.000000
16.731417
17.868736
18.899855
19.819836
9.591204
3.118061
-5.550568
-3.219387
-2.309825
-2.257778
-2.225821
-0.358778
-0.576832
0.775630
1.923382
1.508721
0.884416
-0.855968
-1.412457
-1.406982
0.527822
-0.196723
-0.170198
-0.790382
0.000000
15.781517
17.232090
18.631451
19.595379
9.911894
3.664657
-5.580552
-3.347560
-2.472361
-2.264400
-2.190920
-0.312932
-0.486531
0.963389
2.081600
1.641809
1.098603
-0.627674
-1.334951
-1.449316
0.245290
-0.396869
-0.319676
-0.931335
0.000000
16.803089
18.195427
19.432446
20.350990
4.952387
2.157459
-3.412153
-2.828286
-2.739093
-2.846853
-2.801795
-0.728323
-0.998940
0.457879
1.828666
1.653145
0.828660
-0.975872
-1.285784
-0.652391
1.402428
0.337596
0.099458
-0.543046
0.000000
23.700001
16.454443
17.765104
19.463585
10.443448
4.735544
-5.960433
-3.576321
-2.533940
-2.345982
-2.225247
-0.108322
-0.406509
1.017656
2.247816
1.634535
0.680870
-0.982045
-1.487298
-0.864666
1.646502
0.249530
-0.067515
-0.907035
0.000000
16.864796
17.928967
18.605156
20.274776
6.259892
-1.390151
-4.246953
-2.433545
-1.923515
-2.157017
-2.003441
0.042390
-0.685059
0.285893
1.455777
0.857714
-0.056488
-1.602229
-1.657124
-0.761968
2.028399
0.830592
0.386911
-0.492087
0.000000
18.460443
16.887693
17.681208
19.549894
8.487405
0.838808
-5.570927
-3.064954
-2.148971
-2.063363
-1.745855
0.156115
-0.347994
0.790966
1.854042
1.024076
0.080046
-1.390359
-1.624850
-0.822140
1.697584
0.531020
0.127275
-0.791871
0.000000
16.885580
18.055872
18.882252
20.670321
3.491368
-0.819415
-3.758589
-2.302187
-1.989399
-2.321108
-2.117361
-0.156543
-0.863825
0.067535
1.301027
0.820744
-0.101163
-1.782039
-1.648915
-0.553521
2.236895
1.095710
0.550433
-0.340942
0.000000
22.379303
16.414829
17.343361
19.208122
8.610170
1.793487
-5.753985
-3.148557
-2.255751
-2.151424
-1.798472
0.214638
-0.295114
0.901843
1.956763
1.057054
0.166947
-1.179728
-1.491381
-0.780041
1.600328
0.498964
0.062100
-0.882455
0.000000
17.292318
18.642904
19.513254
21.194920
1.542234
-0.441947
-3.308630
-2.091821
-1.841769
-2.320668
-2.169924
-0.281928
-1.089324
-0.252134
1.089140
0.834340
-0.019978
-1.791624
-1.672692
-0.437111
2.094750
1.284963
0.667634
-0.100718
0.000000
20.850794
15.484069
17.012150
18.810219
9.411011
4.282074
-5.864523
-3.531876
-2.575029
-2.526639
-2.257889
-0.238655
-0.454608
1.062121
2.316646
1.538635
0.688327
-0.624422
-1.235660
-0.591902
1.709132
0.436757
-0.064772
-1.043703
0.000000
17.428434
18.897388
19.850687
21.312691
1.470769
-0.954248
-3.312235
-1.929087
-1.642882
-2.302415
-2.281822
-0.208827
-1.335913
-0.160808
1.170711
0.963216
0.338692
-1.204046
-1.633804
-0.859153
1.221675
0.826871
0.463301
-0.061923
0.000000
22.570892
15.938112
17.414143
19.064806
8.996128
3.395890
-5.062439
-3.379497
-2.597399
-2.667456
-2.555762
-0.626759
-0.929449
1.118865
2.569072
2.198103
1.657893
0.207387
-1.085148
-1.205319
0.382677
-0.322164
-0.391745
-1.002341
0.000000
16.824760
18.558504
19.852289
21.287588
1.408462
0.677585
-2.649410
-2.070224
-2.174127
-2.762231
-2.800038
-0.638778
-1.487488
-0.060917
1.463861
1.537828
0.820015
-0.853697
-1.277561
-0.516269
1.100049
0.485751
0.187238
-0.213227
0.000000
22.887756
16.024302
17.477671
19.079340
9.252960
5.139987
-4.910393
-3.496917
-2.801406
-2.985342
-2.881064
-0.879394
-1.068402
1.103565
2.679041
2.526655
1.983357
0.395834
-0.937901
-1.128630
0.493461
-0.208483
-0.326655
-0.950629
0.000000
15.601881
17.701237
19.017656
20.548302
3.651255
-0.653916
-3.614658
-2.306300
-2.122315
-2.514255
-2.405872
-0.201395
-0.996292
0.419219
1.713868
1.477086
0.977988
-0.535740
-1.435294
-1.386015
0.532257
0.168098
0.072444
-0.468062
0.000000
23.700001
16.505924
18.214870
19.938496
7.589395
0.357673
-3.833225
-2.832006
-2.541363
-2.582019
-2.540158
-0.395583
-1.046688
0.680649
2.144163
1.892467
1.113753
-0.589509
-1.248797
-0.834360
1.103315
0.217609
-0.057496
-0.708435
0.000000
23.700001
16.575249
17.951988
19.700115
6.597701
4.717061
-4.272183
-3.098423
-2.425548
-2.424481
-2.256287
0.005227
-0.785782
0.706423
1.968251
1.416859
1.507489
-0.691923
-1.729960
-1.786753
0.462844
0.509805
0.223931
-0.610597
0.000000
13.123294
17.349474
18.535700
20.191223
4.296389
4.820230
-3.676257
-2.865040
-2.407628
-2.615516
-2.416560
-0.196095
-1.087389
0.272106
1.574864
1.183590
1.187132
-1.137847
-1.805748
-1.401262
1.143721
1.043334
0.550720
-0.293012
0.000000
23.655231
16.382904
17.633698
19.488535
7.072155
4.689309
-4.429523
-3.130834
-2.484362
-2.460700
-2.166356
-0.021883
-0.765452
0.733926
1.948464
1.356693
1.532995
-0.626602
-1.694971
-1.800752
0.335174
0.490288
0.216887
-0.625416
0.000000
16.421093
17.477976
18.897396
20.596006
1.574729
6.425430
-2.968298
-2.648476
-2.429319
-2.793649
-2.569632
-0.350671
-1.234969
0.068820
1.451617
1.237747
1.269802
-1.113219
-1.793732
-1.222562
1.257651
1.018532
0.515649
-0.235167
0.000000
23.516539
16.139284
17.575743
19.329288
7.583995
6.828869
-4.342352
-3.347665
-2.663946
-2.649537
-2.422956
-0.187699
-0.916286
0.733786
2.110435
1.588409
1.669286
-0.511630
-1.574395
-1.599336
0.782824
0.747960
0.293396
-0.638319
0.000000
12.391026
17.438862
18.687107
20.293070
1.726933
4.974811
-3.560738
-2.625108
-2.181035
-2.493659
-2.628710
-0.484871
-0.937454
0.314549
1.580878
1.187538
0.000000
22.690767
21.932705
20.611834
18.967550
16.888239
20.596640
20.734148
19.538492
12.582245
-2.896160
-4.092028
-3.699399
-4.010749
-4.445323
-0.419591
2.396186
21.151476
1.889123
-0.170199
-1.982767
-4.149042
-3.806534
-1.755679
-2.357103
-3.890097
-1.784320
1.047688
4.165434
5.287172
4.552023
3.648312
5.423794
6.086186
4.029321
1.134765
0.000000
14.195704
17.480852
17.725212
18.517365
17.112986
19.996338
-4.957387
-6.862544
-4.643768
-6.286623
-4.196070
0.346992
-0.419073
0.346932
1.510226
2.046167
1.717828
-0.904304
0.581195
1.722587
4.135600
2.447445
0.349549
-8.734604
0.000000
15.945065
16.752655
18.641048
19.542376
11.344502
11.171728
-7.166389
-6.336276
-3.342044
-3.550477
-1.816495
1.104841
0.136418
0.736542
1.221372
0.221603
1.548912
-0.980368
-1.040576
-1.007149
0.867156
0.738979
0.440518
-0.514662
0.000000
16.799458
18.248899
19.357082
20.574203
8.915241
7.021955
-6.990200
-4.187538
-2.406453
-2.409295
-1.411490
0.784713
-0.715880
0.524111
1.761503
1.405897
1.005373
-2.263050
-1.944289
-1.124809
1.983100
1.644867
0.700434
-0.404838
0.000000
15.170602
16.556011
17.208820
18.298122
10.616152
7.175327
-8.013769
-5.683196
-2.571571
-1.776482
-1.298790
0.642208
-0.596578
0.739615
1.825013
1.010013
0.037167
-2.921905
-2.253190
-0.716152
2.771883
2.310562
0.995765
-0.334744
0.000000
16.248461
17.220045
17.912489
19.032940
7.257499
3.092076
-6.975918
-3.616767
-1.730119
-1.551463
-1.121805
1.509508
-1.003855
0.323699
1.234552
0.491037
-0.384665
-2.863958
-2.213952
-0.676158
2.672743
2.520180
1.185213
-0.185414
0.000000
16.417910
17.340828
18.042774
19.323107
6.151186
2.573967
-6.129566
-3.300621
-1.844645
-1.820431
-1.341898
1.286949
-1.057668
0.186247
1.215304
0.509119
-0.341939
-2.716691
-2.008110
-0.591571
2.442774
2.433460
1.195493
-0.178821
0.000000
16.236372
17.243607
18.118660
19.448578
3.578036
2.533801
-4.991235
-2.873473
-1.927770
-2.113799
-1.692845
0.800462
-1.284130
0.036161
0.993917
0.347238
0.002412
-2.259181
-1.764044
-0.844649
1.866338
2.325225
1.224216
-0.113807
0.000000
15.053224
17.517487
18.490955
20.154198
1.683658
4.528699
-3.775273
-2.554675
-2.062721
-2.488387
-2.465549
-0.323624
-1.122629
-0.011660
1.089664
0.539243
0.373766
-2.039810
-2.028380
-1.353554
1.454125
2.336043
1.312119
0.085703
0.000000
23.059895
16.319096
17.519487
19.427778
2.943779
3.636798
-4.054280
-2.705355
-2.315327
-2.391684
-2.161215
-0.170378
-0.810429
0.442070
1.529386
0.697154
0.592542
-1.292942
-1.797531
-1.549411
0.969330
1.766938
0.932416
-0.260938
0.000000
23.700001
17.170828
18.764328
20.567616
0.946854
6.021942
-3.105880
-2.311020
-1.976261
-2.469653
-2.527652
-0.570304
-1.240042
-0.201632
1.164145
0.792611
0.718942
-1.471723
-1.930224
-1.271266
1.337219
1.965350
1.022854
0.010587
0.000000
22.191673
16.000160
16.940361
18.788334
5.816428
5.568978
-3.919460
-2.919732
-2.621908
-2.593829
-2.440057
-0.441240
-0.898160
0.772360
2.083493
1.412687
1.585444
-0.203853
-1.557541
-1.771130
0.439111
1.041403
0.459693
-0.637354
0.000000
16.261845
18.184938
19.671337
21.571066
0.975990
7.420768
-2.412052
-1.981884
-1.803735
-2.379105
-2.835487
-1.055160
-1.596118
-0.611260
1.033244
1.134958
0.778563
-1.503377
-1.837505
-0.272007
1.858391
2.016495
0.906901
0.151542
0.000000
18.302835
13.912959
14.784058
18.473803
7.833063
10.918443
-3.705458
-3.350607
-2.974780
-3.181218
-3.157759
-0.987483
-1.327764
0.489481
2.196069
1.826918
1.434566
-0.562618
-1.049186
-0.330292
2.107889
1.828767
0.711631
-0.544392
0.000000
16.700787
17.965086
18.802008
20.446318
1.076077
4.357643
-3.775600
-2.330130
-1.685458
-2.330958
-2.724925
-0.515197
-0.917012
0.039914
1.295157
0.995165
0.879125
-1.164031
-1.914024
-1.398048
1.311492
1.869191
1.019389
-0.105547
0.000000
23.153517
16.184565
17.389465
19.688292
6.385413
4.751561
-4.092684
-2.874246
-2.429513
-2.484903
-2.421756
-0.348595
-0.952954
0.319617
1.678726
1.182881
0.925861
-1.303431
-1.616364
-0.906398
1.719404
1.813080
0.859571
-0.330588
0.000000
23.539520
16.339495
17.636766
19.885098
3.665089
3.109754
-4.410308
-2.693060
-1.988113
-2.176345
-2.311516
-0.277743
-0.802395
0.254731
1.453181
0.933991
0.600029
-1.543911
-1.831372
-1.120555
1.607726
1.967326
1.000462
-0.226332
0.000000
23.413385
16.568140
17.752901
20.089998
2.373277
3.388001
-4.315182
-2.724946
-2.029347
-2.223211
-2.333300
-0.288624
-0.863424
0.104838
1.330680
0.883985
0.381883
-1.906569
-1.858040
-0.884034
1.986545
2.421420
1.225281
-0.064049
0.000000
21.075178
16.142454
17.126549
19.155476
5.045941
2.696172
-4.841401
-2.855787
-2.076152
-2.133822
-2.087346
-0.200947
-0.696924
0.471709
1.527307
0.890620
0.772392
-1.232682
-1.724032
-1.466322
1.063270
1.771263
0.863246
-0.250466
0.000000
23.683535
17.142981
18.650791
20.873583
1.031890
4.551061
-3.756598
-2.423640
-1.790575
-2.156259
-2.430692
-0.506555
-1.148338
-0.339953
1.051451
0.906267
0.718759
-1.784287
-2.123041
-1.124558
1.670768
2.368110
1.212312
0.217670
0.000000
19.066118
15.681470
16.256590
18.783968
6.477412
6.393169
-4.502932
-3.127248
-2.568627
-2.546400
-2.536569
-0.484634
-0.932034
0.515315
1.977829
1.551636
1.372750
-0.719544
-1.382890
-0.984769
1.328441
1.410525
0.576164
-0.502505
0.000000
23.700001
17.012308
18.706686
20.715376
0.881067
4.821336
-3.690292
-2.324811
-1.753920
-2.215880
-2.478177
-0.721773
-1.006598
-0.106926
1.321142
1.230634
1.175208
-1.151187
-1.971811
-1.426661
1.163085
1.805218
0.905736
-0.022619
0.000000
22.051117
15.777329
16.779751
19.046444
6.487670
6.612093
-4.309123
-3.054579
-2.560797
-2.587152
-2.645861
-0.631957
-1.000822
0.434484
1.951431
1.672497
1.682871
-0.625225
-1.505999
-1.248867
1.140400
1.466760
0.643978
-0.422456
0.000000
23.700001
16.863071
18.442858
20.233358
0.921104
4.654119
-3.810595
-2.499474
-1.964295
-2.389913
-2.712152
-0.740936
-0.929502
0.121911
1.460209
1.364036
1.322629
-1.029783
-1.995081
-1.687555
0.906387
1.717391
0.921828
-0.048863
0.000000
23.234953
15.986753
17.247375
19.642942
3.667939
5.452498
-3.684681
-2.794115
-2.491751
-2.638561
-2.736679
-0.782636
-1.089008
0.233098
1.782750
1.645399
2.276607
-1.671547
-1.217496
-1.135446
1.135978
1.600447
0.710348
-0.310001
0.000000
23.700001
16.198130
17.586628
19.590155
2.254041
0.423081
-3.996025
-3.417792
-2.480957
-2.585148
-2.677563
-0.564065
-0.821708
0.264835
1.547060
1.297024
1.908076
-1.744869
-1.391366
-1.383940
0.881298
1.922372
0.958147
-0.137956
0.000000
23.700001
16.389547
17.902296
20.061569
0.911054
0.287429
-3.667491
-3.294684
-2.460253
-2.697748
-2.805615
-0.665077
-0.960839
0.022878
1.377989
1.265890
1.786211
-2.033537
-1.532949
-1.153499
1.284311
2.037483
1.005202
-0.065363
0.000000
22.091219
16.109194
17.260303
19.488518
1.977444
0.422987
-3.716120
-3.434514
-2.614611
-2.724437
-2.738240
-0.636950
-0.899797
0.195784
1.551809
1.355932
1.874208
-1.873712
-1.403912
-1.197658
1.184652
2.066473
0.997624
-0.159300
0.000000
23.700001
16.679270
18.095909
20.146061
0.684028
0.146912
-3.647081
-3.208261
-2.330501
-2.641705
-2.876725
-0.799866
-1.049680
-0.121531
1.273951
1.260983
1.791911
-2.008508
-1.631956
-1.214329
1.218106
2.158995
1.103740
0.018094
0.000000
21.567266
15.824452
16.930614
19.205938
2.452889
0.388834
-3.825954
-3.422439
-2.662179
-2.704699
-2.697759
-0.685413
-0.916636
0.250606
1.656979
1.439672
2.040567
0.000000
20.756809
21.474731
20.463385
18.850006
17.051413
15.285801
13.075017
10.708498
15.486541
11.527134
9.103944
8.541806
4.296858
-3.006851
-4.218483
-4.474144
-4.636214
-4.610300
-4.828259
-4.855226
-3.337141
2.938001
3.290699
3.256169
3.024203
2.489136
1.829613
1.070789
0.416268
-0.030714
0.003653
0.049450
-0.257367
-1.114120
-1.256230
0.813409
1.393909
1.585699
1.219684
0.208692
-0.907670
-4.348205
-8.875633
-7.717252
-4.747403
-1.901331
3.050684
7.333861
3.322704
2.390902
1.679767
-2.333624
-2.824413
-2.244422
-9.134062
-7.440168
0.000000
16.472511
16.865715
5.230772
17.256176
17.558270
12.228090
-8.979628
-4.218806
-2.240769
-1.472627
-2.044139
-2.189871
-2.979989
-1.641098
0.732197
1.681160
-0.412404
-1.302167
1.025525
1.934832
3.322600
1.746804
0.163497
-0.827924
0.000000
16.056307
17.112215
17.962532
18.324488
11.110838
3.541218
-6.975655
-4.016252
-2.828330
-2.765214
-0.678060
2.288964
0.544317
1.170520
1.995188
1.462578
-1.213317
-3.274931
-1.864918
1.067392
3.847568
1.801023
0.455837
-0.859183
0.000000
15.955632
16.240902
16.309362
17.015255
15.186849
3.110676
-9.285257
-5.980089
-2.954298
-1.766341
0.054470
0.985725
-0.008254
1.033317
2.131893
1.248697
-0.432015
-2.536726
-1.799779
0.926160
3.679462
1.252598
0.333720
-0.770984
0.000000
15.625486
16.399971
17.080637
17.962839
11.156274
0.804158
-8.968524
-5.147424
-2.314098
-1.840157
0.211394
2.868217
-0.326458
0.567287
1.635078
0.527630
-1.493749
-3.530491
-1.747967
1.059911
4.343112
2.201043
0.670990
-0.654632
0.000000
15.983272
16.825459
17.339506
17.973343
11.200101
0.876284
-8.093360
-4.389147
-1.942718
-1.517860
-0.211876
1.212460
-0.293365
0.534518
1.565793
0.631141
-1.042616
-2.647021
-1.558888
1.258028
4.181285
1.794281
0.710332
-0.505010
0.000000
15.629004
16.138969
16.723631
17.641045
9.362522
-0.447135
-8.688190
-4.673640
-2.013474
-1.622070
0.047396
2.062762
0.030742
0.779997
1.750011
0.631064
-2.048118
-3.786438
-1.690235
1.581581
4.786836
2.537167
0.893117
-0.492024
0.000000
16.191925
16.827917
17.288633
17.938412
8.473023
-1.686837
-7.952079
-3.799645
-1.602858
-1.498400
-0.412020
1.192563
-0.189647
0.503036
1.411340
0.410733
-1.272073
-2.322069
-1.392728
1.302602
4.266957
1.888613
0.751836
-0.487449
0.000000
16.206890
16.684837
17.169783
18.113707
7.539344
-1.668901
-7.726392
-3.872838
-1.873596
-1.686373
-0.130685
1.822228
-0.210327
0.558421
1.652270
0.393290
-1.770839
-3.156865
-1.534373
1.058900
4.284680
2.594462
1.028438
-0.575707
0.000000
16.335756
17.220999
17.833191
18.546059
7.094687
-1.951419
-7.099504
-3.153607
-1.471688
-1.551008
-0.531602
1.081265
-0.516438
0.219811
1.294146
0.349482
-1.185609
-2.177593
-1.325718
1.078969
3.955301
2.120199
0.978701
-0.345215
0.000000
16.094015
16.580723
17.094198
18.065834
7.237337
-0.865473
-7.110912
-3.536428
-1.904091
-1.612468
-1.075187
0.889962
-0.472520
0.585068
1.609614
0.475647
-0.909331
-2.163592
-1.512992
0.624149
3.419477
2.223630
0.991015
-0.483294
0.000000
16.513954
17.410837
18.131212
18.948202
5.577048
-3.393378
-5.995476
-2.724455
-1.517287
-1.624819
-1.346030
0.554112
-0.813296
0.134551
1.126345
0.197151
-0.747941
-1.620422
-1.424420
0.403937
3.096092
2.326454
1.215128
-0.194178
0.000000
16.183012
16.859394
17.456707
18.441343
5.301014
-3.254605
-5.691324
-2.823930
-1.807384
-1.710396
-1.163995
0.503153
-0.728714
0.385085
1.442299
0.373437
-0.463139
-1.504093
-1.434474
0.132645
2.677888
2.129742
1.069133
-0.331951
0.000000
16.672615
17.631681
18.336971
19.276018
1.396913
-2.304778
-4.165441
-2.372224
-1.972736
-2.362443
-1.869161
-0.076548
-1.149814
-0.040925
1.230543
0.428066
-0.427881
-1.584190
-1.178890
0.505267
2.973929
2.390358
1.269383
-0.096014
0.000000
17.235535
16.529327
17.515934
18.787769
2.181215
-2.055631
-4.085548
-2.600790
-2.480488
-2.697763
-2.094818
0.005353
-0.831582
0.563510
1.828902
0.850596
0.187529
-0.767271
-0.781659
-0.167368
1.990561
1.718209
0.817935
-0.459396
0.000000
16.422419
17.941460
19.248888
20.296562
0.601346
-0.466892
-2.866688
-2.063490
-2.137710
-2.857640
-2.580286
-0.694263
-1.617546
-0.285289
1.339741
1.219000
-0.066403
-1.460446
-0.309026
0.827785
2.469390
2.036201
0.937738
-0.037390
0.000000
19.918127
14.840983
17.203527
18.457123
3.820718
1.566888
-2.565013
-2.801692
-3.408391
-4.004775
-3.413333
-1.107390
-1.289882
0.840369
2.647783
1.928854
0.493313
-0.006373
0.655903
1.019138
2.281260
1.312018
0.304139
-0.877644
0.000000
17.108751
18.712427
19.852638
20.362394
-0.002493
-2.085572
-3.021317
-1.767805
-1.803433
-2.740086
-2.677932
-0.533447
-1.414069
-0.143120
1.548700
1.305214
0.103336
-1.144217
-0.541894
0.579966
2.482380
1.987036
0.959122
-0.105690
0.000000
20.734022
15.843441
16.768250
18.813667
4.720471
0.171219
-3.513870
-2.848377
-3.033570
-3.225760
-2.794094
-0.390337
-1.110397
0.556953
2.219264
1.259034
-0.294167
-0.847180
0.231777
1.171620
2.855725
1.828748
0.691920
-0.605419
0.000000
16.374962
17.497408
18.438086
19.932463
0.353218
-2.842850
-3.569546
-2.024443
-1.811921
-2.525815
-2.477314
-0.108812
-1.081527
-0.073204
1.404284
0.862503
-0.669732
-1.513914
-0.237119
1.007159
2.932198
2.078555
0.939277
-0.229943
0.000000
20.599997
15.777830
16.941898
18.972622
3.922421
-1.344877
-3.893731
-2.651266
-2.670197
-2.883894
-2.502999
-0.143340
-0.929976
0.486908
2.013510
1.137170
-0.373468
-0.959827
0.137230
1.021453
2.693034
1.708447
0.653756
-0.610795
0.000000
15.167348
16.909061
18.330917
19.913620
0.630320
-2.316033
-3.562387
-2.135103
-1.993909
-2.653840
-2.562574
-0.156075
-1.116294
-0.083488
1.410539
0.777099
-0.757773
-1.535822
-0.130342
1.137326
3.043255
2.225632
1.004824
-0.273970
0.000000
21.002115
15.915384
17.133162
18.935438
3.441384
-1.962966
-4.028665
-2.551917
-2.501914
-2.751810
-2.387206
0.033893
-0.857802
0.395100
1.846429
0.929696
-0.354137
-1.167093
-0.236499
0.673754
2.631427
2.054202
0.933710
-0.382216
0.000000
16.230379
17.398901
18.357044
19.959229
0.574534
-2.314779
-3.572903
-2.112340
-1.901245
-2.559539
-2.506662
-0.295196
-1.478584
-0.099176
1.380957
1.080235
-0.152746
-1.483966
-0.498462
0.572164
2.475621
2.013670
0.981440
-0.070812
0.000000
21.159557
15.419062
17.013092
19.079462
3.439838
-1.020434
-3.539024
-2.614821
-2.690903
-2.996206
-2.678712
-0.388511
-1.356622
0.565313
2.192611
1.763185
0.180237
-0.443658
0.462816
1.094773
2.184765
1.169545
0.319860
-0.657764
0.000000
22.777548
16.441235
18.224850
19.980137
0.376784
-2.192255
-3.365607
-2.140230
-2.266236
-2.894008
-2.959568
-0.352365
-1.292579
0.320827
1.907484
1.622858
0.136446
-0.774475
0.161609
0.879588
2.307706
1.284725
0.419624
-0.537778
0.000000
22.650026
15.977104
17.663067
19.550024
2.777397
-1.735804
-3.725718
-2.494452
-2.498406
-2.862915
-2.740170
-0.379359
-1.269900
0.485336
2.054753
1.768778
0.625901
-0.587557
-0.489394
0.244873
2.164259
1.736489
0.747770
-0.376425
0.000000
22.758778
16.056932
17.653856
19.340248
1.830127
-2.643168
-4.009588
-2.403138
-2.259117
-2.647868
-2.598484
-0.185911
-1.229878
0.375321
1.861340
1.481938
0.302697
-0.910693
-0.437423
0.310746
2.228643
1.775170
0.788622
-0.393314
0.000000
22.756083
16.018946
17.619682
19.375490
1.917329
3.836800
-3.911275
-2.817871
-2.394638
-2.686307
-2.574296
-0.227848
-1.248590
0.295828
1.757261
1.290187
1.033538
-0.910265
-1.148153
-0.437007
1.906783
2.317154
1.190451
-0.133185
0.000000
16.465487
16.518147
17.719828
19.438507
1.262758
4.235763
-3.682663
-2.746221
-2.403726
-2.835665
-2.627235
-0.268360
-1.372952
0.085153
1.587011
1.214854
0.000000
22.727840
21.966347
20.729826
18.889910
16.922409
11.562941
3.610837
-2.522058
-2.591572
-2.667049
1.488742
1.367153
1.241666
1.157466
1.112754
1.094169
5.389318
7.940345
3.754574
-1.259865
-5.838087
-9.361776
-7.495239
-4.705807
-0.520836
2.067923
-23.256224
21.567852
22.025572
20.501553
19.141714
18.365419
17.971941
16.236130
14.421156
12.432051
10.254684
7.951447
5.756196
11.225876
11.353025
8.947165
5.864196
-0.428761
-4.385327
-4.648131
-4.924721
-4.914672
-4.824184
-4.678639
-4.479497
-4.205745
-3.837873
-3.341552
-1.458891
3.360872
2.409311
7.359992
8.409838
6.909966
5.240446
8.237684
12.464314
15.418071
13.460134
9.625002
6.888427
12.760442
-3.281924
-0.060545
-2.547436
-3.226684
-6.221312
-8.825522
-8.506330
-1.370084
-0.383261
0.316839
0.819072
-0.765610
-0.681646
-4.221837
-3.328367
3.318693
3.525431
-3.130466
0.360376
2.867179
1.278316
1.168387
0.588964
2.414042
3.287525
-0.752804
0.000000
14.184686
14.941542
16.181362
17.316870
18.811501
16.598791
7.564888
2.268642
0.000000
23.071968
22.226612
20.727030
19.100113
17.281807
15.158634
21.257524
19.091784
16.631449
16.089699
2.657015
-1.321809
-1.146559
0.429841
0.889308
1.165177
0.786849
-2.789232
-1.074950
0.164295
2.355991
4.201802
1.275847
-1.109336
-2.901863
-3.379437
-1.361939
-2.893979
-4.299417
-1.778823
0.652683
3.638112
4.804193
5.152214
4.150899
5.477289
6.609192
4.554523
1.067615
0.000000
15.116661
16.811844
17.907446
18.626102
20.095089
20.579315
-8.035181
-6.636753
-4.870325
-6.469023
-3.982568
0.701206
0.367388
-0.388089
0.552326
1.011184
1.000716
0.432291
2.343396
3.195927
4.502697
2.515756
0.157552
-0.900636
0.000000
15.805121
17.059647
18.161682
19.322706
14.974785
9.620059
-8.957400
-5.483617
-3.763789
-4.712490
-2.544914
0.621058
-0.432937
0.896259
2.206824
1.757157
1.154806
-1.976486
-0.606897
0.262846
3.226557
2.107920
0.702097
-0.509174
0.000000
15.186532
16.687889
17.807596
18.787315
14.817814
5.514599
-9.870914
-5.794590
-3.029613
-2.808192
-1.143425
1.840238
-0.328751
0.637135
1.601354
1.033799
-0.162695
-3.245371
-1.415640
0.313792
3.765244
2.952961
1.212731
-0.292302
0.000000
15.089504
15.873089
16.398550
17.539995
14.458511
3.557578
-9.990786
-6.313976
-3.122582
-2.111237
-0.218315
2.435027
-0.638368
0.642418
1.730835
1.367473
-1.403978
-4.090877
-1.487990
1.440069
4.525121
3.390565
1.404001
-0.273686
0.000000
15.472131
16.010387
16.290001
17.381258
11.592624
0.327102
-10.921731
-7.545252
-3.778778
-2.569746
-0.472776
2.426563
-0.474708
0.639894
1.640458
0.744536
-1.154938
-3.258101
-1.862789
0.419948
3.944746
3.523657
1.597191
-0.069097
0.000000
15.215735
15.943376
16.379839
17.449104
11.572018
0.727664
-10.948387
-7.587100
-3.823329
-2.565153
-0.636834
1.616234
-0.317563
0.681391
1.677237
0.848957
-1.129666
-3.126522
-1.646154
0.559834
3.778798
3.347090
1.507650
-0.133285
0.000000
15.267783
16.069304
16.521265
17.640881
11.520959
1.596960
-10.257127
-6.999698
-3.336275
-2.380497
-0.655484
2.279033
-0.623357
0.529538
1.574853
0.741878
-0.952719
-3.110771
-1.707254
0.375174
3.850708
3.475293
1.534158
-0.130793
0.000000
15.244636
16.092632
16.650953
17.724529
11.607484
1.921324
-9.897058
-6.758825
-3.148476
-2.311541
-0.805334
1.416611
-0.442718
0.606530
1.614249
0.720496
-0.964533
-3.148930
-1.579668
0.435933
3.782876
3.502587
1.601883
-0.058709
0.000000
15.296250
16.159441
16.692793
17.851736
10.923801
1.581658
-9.622436
-6.149395
-2.626261
-2.086680
-0.841627
1.392242
-0.455411
0.617290
1.594761
0.884634
-1.161539
-3.482749
-1.668987
0.872485
4.178928
3.539391
1.543329
-0.130422
0.000000
15.351426
16.163019
16.662718
17.796024
10.648770
1.503540
-9.643877
-6.243356
-2.750226
-2.205533
-0.907640
1.404014
-0.527891
0.539492
1.525555
0.837852
-1.387485
-3.384338
-1.479632
1.066048
4.221753
3.688652
1.642770
-0.040590
0.000000
15.349801
16.035006
16.444321
17.536623
10.009414
0.282589
-10.033105
-6.533078
-3.028643
-2.254553
-0.866871
1.388577
-0.270514
0.687181
1.605615
0.910870
-1.472127
-3.386252
-1.578040
0.985785
4.121642
3.624824
1.614427
-0.061602
0.000000
15.317916
15.975437
16.312254
17.419334
10.236307
-0.116629
-10.594988
-7.239839
-3.566561
-2.470310
-0.752197
1.603488
-0.289328
0.660208
1.607814
0.722396
-1.247638
-2.990286
-1.550722
0.549611
3.772861
3.666314
1.689444
-0.020767
0.000000
15.216278
16.005285
16.455149
17.560286
10.251377
0.453365
-10.365558
-7.004998
-3.350114
-2.221088
-1.176354
1.128028
-0.329266
0.744692
1.729868
0.911617
-0.997140
-3.044444
-1.945336
0.584797
3.885089
3.634748
1.662750
-0.031670
0.000000
14.892772
15.670824
16.194450
17.291363
11.288856
1.343881
-10.764387
-7.658588
-3.922878
-2.442127
-1.138503
1.209658
-0.314692
0.764279
1.752594
0.916391
-1.255538
-3.132367
-1.904357
0.730116
3.901901
3.768217
1.755208
0.021610
0.000000
14.910859
15.556942
15.941400
17.091152
10.751604
0.171983
-11.935978
-8.125374
-4.284314
-2.659519
-1.171647
1.102735
-0.120893
0.855671
1.807980
1.069446
-1.169918
-3.073189
-1.954546
0.673952
3.868799
3.749567
1.732198
0.029178
0.000000
14.827396
15.341188
15.621551
16.794502
11.636250
0.390594
-12.348883
-8.143438
-4.293303
-2.618084
-1.486618
0.967164
-0.070449
0.939917
1.846317
1.253303
-0.487681
-2.378066
-1.825630
0.681059
3.748838
3.572665
1.605711
-0.051031
0.000000
12.392964
15.410556
15.716540
16.954988
12.590295
2.654137
-11.118464
-8.325946
-4.430578
-2.721200
-1.584581
0.926974
-0.021292
1.059744
2.030951
1.279466
-0.764499
-2.889522
-1.951641
0.481549
3.655991
3.520601
1.582022
-0.125787
0.000000
14.794990
15.667433
16.241245
17.286434
11.035648
0.829735
-11.657803
-7.964292
-4.097278
-2.600179
-1.281100
1.092598
-0.317642
0.751161
1.715842
0.855194
-0.394986
-2.314275
-1.950428
-0.477985
3.046983
3.811677
1.861048
0.102001
0.000000
14.622471
15.567153
16.193586
17.314531
11.238885
1.796587
-11.687316
-8.085214
-4.280814
-2.630768
-1.110509
1.974442
-0.473374
0.598281
1.609142
0.907435
-1.082809
-3.356128
-1.887891
0.237073
3.612101
4.076796
1.954002
0.135718
0.000000
14.648978
15.291481
15.664345
16.831570
11.391561
1.577132
-12.159189
-8.026422
-4.202808
-2.507143
-1.076922
1.247210
-0.320146
0.692993
1.684015
1.035295
-0.823894
-3.014280
-2.006543
0.264390
3.590798
3.931244
1.844950
0.077897
0.000000
14.612524
15.316799
15.736425
16.939356
11.199676
2.436933
-11.483946
-8.027519
-4.198027
-2.529128
-1.417261
0.904539
-0.206715
0.776607
1.780442
1.022876
-0.157299
-2.525771
-1.935597
-0.778656
2.865074
3.729542
1.792233
0.083178
0.000000
14.533047
15.501107
16.163435
17.286613
10.637173
1.699927
-11.765697
-7.953050
-4.130916
-2.528786
-1.151196
1.816090
-0.668180
0.429124
1.467398
0.892226
-0.988674
-3.188329
-1.741560
0.349493
3.627977
4.185975
1.993371
0.175857
0.000000
11.661876
15.193351
15.537923
16.719469
11.221678
1.966441
-12.105352
-8.180030
-4.309376
-2.561348
-1.137322
1.133416
-0.254163
0.722048
1.738151
1.082112
-0.936095
-3.068500
-1.877832
0.050598
3.472045
4.028089
1.899460
0.110935
0.000000
14.489248
15.230291
15.639723
16.730207
10.610656
1.587228
-12.125328
-7.935144
-4.069475
-2.400188
-1.504018
0.818663
-0.212892
0.727396
1.685635
1.094901
-0.417350
-2.741437
-2.030867
-0.285833
3.163559
3.924578
1.887466
0.113161
0.000000
14.449623
15.291656
15.823652
17.013842
11.027051
3.278504
-11.375590
-8.091272
-4.271706
-2.549177
-1.228580
1.225271
-0.380723
0.717394
1.779983
1.475159
-0.175435
-2.813704
-1.765721
-0.038410
3.120400
3.656747
1.640852
-0.024674
0.000000
11.619473
15.548051
16.239410
17.405523
10.483616
4.360414
-10.380823
-7.766464
-3.977532
-2.535576
-1.476220
1.515325
-0.679390
0.523950
1.682699
1.266935
-0.265021
-2.843371
-1.679918
-0.076818
3.262657
3.967033
1.847907
0.080154
0.000000
14.493419
15.610070
16.419479
17.461243
9.501873
3.775928
-10.229829
-7.452992
-3.700629
-2.392700
-1.454572
1.142184
-0.594061
0.562243
1.649452
1.259736
-0.195522
-2.912380
-1.709704
-0.144069
3.175674
3.951047
1.854827
0.122250
0.000000
14.468511
15.467800
16.240469
17.393291
9.288649
4.077302
-10.223900
-7.389872
-3.644122
-2.391530
-1.507246
1.420746
-0.705038
0.482059
1.606161
1.199388
-0.165441
-2.851540
-1.633106
-0.256070
3.243932
4.154811
2.035114
0.238553
0.000000
14.537766
15.590899
16.205322
17.359983
8.483794
3.362352
-10.052002
-7.062103
-3.362289
-2.239037
-1.540082
0.557607
-0.423575
0.578425
1.631670
1.130715
0.000000
22.460409
21.762383
20.848684
19.029480
17.419744
15.495858
12.989065
18.806417
15.062375
12.654269
12.690723
1.103594
-3.335402
-3.383802
-2.385761
-5.607084
-2.346067
-0.490761
13.501473
-1.371953
-1.616423
-0.656286
0.421087
0.863903
0.257165
-0.296424
-0.299894
0.276074
-1.105040
-3.360646
-1.759800
-0.031006
1.882811
4.467327
5.217546
4.894185
3.825974
4.708579
4.967463
2.841257
0.000000
15.275704
16.724106
17.769951
18.762691
19.520462
20.870853
17.703455
-5.536353
-4.553316
-6.809988
-7.172789
-1.669539
0.903749
-0.563777
0.359718
1.905744
1.884339
1.853578
2.849339
2.410772
3.242080
4.470151
2.668009
0.281346
0.000000
15.196456
16.527126
17.770525
18.976664
3.682098
10.460706
4.159173
-7.063149
-4.524999
-5.083637
-4.624353
-0.643947
0.575580
-0.222146
0.859761
1.693916
1.317912
-0.576891
-0.499904
0.271992
3.142383
4.158997
1.885931
0.275950
0.000000
16.326212
14.997956
16.176178
17.132904
2.023609
11.067132
-2.476349
-8.360643
-4.433298
-2.647871
-1.631926
1.350844
0.955809
0.095817
0.834285
1.295955
-0.166422
-2.514443
-2.623764
-1.017239
2.939125
5.097957
2.696691
0.880897
0.000000
11.824348
14.556300
13.458460
15.385634
6.769151
11.941648
-5.299582
-9.410830
-4.969912
-2.506504
-1.369607
1.271080
0.154703
0.607736
1.450632
1.700135
-0.042034
-2.314269
-2.120955
-1.285959
2.518853
4.529569
2.318070
0.531262
0.000000
15.669808
14.915063
15.633058
16.445795
4.031771
10.106153
-6.320353
-9.023677
-4.435905
-2.272682
-1.461637
1.307848
0.581432
0.264418
0.953911
0.957251
-0.335923
-2.604926
-2.141308
-1.141549
2.476307
4.848851
2.630455
0.811719
-0.757313
0.000000
14.461716
14.834843
15.617274
6.452181
11.686261
-5.502866
-9.394677
-4.765727
-2.447842
-1.349679
0.987063
0.446128
0.625047
1.357426
1.542284
-0.126649
-2.409208
-2.305180
-1.145195
2.765386
4.826523
2.513215
0.666916
-0.997594
0.000000
14.676440
15.218861
15.992993
4.988137
10.814495
-5.936769
-9.032059
-4.501440
-2.310713
-1.402661
0.621887
0.218387
0.373633
1.159622
1.384932
-0.458081
-2.679276
-2.213341
-0.963319
2.852334
4.962698
2.681983
0.824894
-0.797496
0.000000
14.472723
14.693254
15.338984
6.180994
11.270023
-6.665858
-9.404202
-4.580478
-2.344975
-1.381196
0.055408
1.404639
0.691526
1.355273
1.425396
-0.545173
-2.724622
-2.299448
-1.104529
2.788984
4.840051
2.507340
0.722660
-0.966941
0.000000
14.564716
15.014441
15.709314
5.007798
10.681756
-7.269262
-9.323564
-4.370985
-2.213964
-1.385769
0.771580
0.575694
0.531682
1.182210
1.315253
-0.541681
-2.692726
-2.337495
-1.094923
2.802655
4.904829
2.684421
0.797341
-0.912810
0.000000
14.568681
15.000906
15.715325
5.655467
11.259680
-6.419434
-9.400259
-4.603398
-2.359248
-1.432031
0.934192
0.780999
0.593842
1.235899
1.433746
-0.364624
-2.615496
-2.414533
-1.082105
2.836220
4.945087
2.626195
0.753655
-0.929198
0.000000
14.582109
14.989394
15.666902
5.306095
11.291798
-6.308265
-9.289411
-4.529572
-2.267628
-1.376615
0.755282
0.476143
0.504026
1.227521
1.446363
-0.427438
-2.580387
-2.336010
-1.103078
2.777621
4.882204
2.741757
0.811401
-0.968078
0.000000
14.577238
15.057502
15.766838
5.022699
10.820830
-6.346076
-9.271055
-4.567835
-2.326219
-1.428932
0.851747
0.732172
0.469754
1.147777
1.328926
-0.465097
-2.658227
-2.376026
-0.996457
2.898224
5.023125
2.671629
0.819427
-0.827671
0.000000
14.457854
14.681988
15.290263
5.462887
11.409228
-6.688334
-9.401100
-4.554346
-2.295527
-1.368271
-0.035214
1.397013
0.583526
1.282578
1.410538
-0.533023
-2.642976
-2.313174
-1.122506
2.754391
4.814955
2.679356
0.816230
-0.978166
0.000000
14.538733
14.984827
15.698321
4.440691
10.629427
-7.275836
-9.325288
-4.391822
-2.220961
-1.442791
0.753742
0.762235
0.463973
1.094299
1.270545
-0.585484
-2.699478
-2.669501
-0.978320
2.837231
5.054270
2.684818
0.829695
-0.884268
0.000000
14.422484
14.743779
15.388843
5.213823
11.421649
-7.925622
-9.542449
-4.467648
-2.202907
-1.300201
0.889823
0.662821
0.496810
1.160501
1.268056
-0.320913
-2.389912
-2.557364
-1.102833
2.695597
4.812404
2.603380
0.757845
-0.986860
0.000000
14.579785
15.149687
15.903910
4.175380
10.716891
-6.809718
-9.268145
-4.455866
-2.269294
-1.389499
0.862241
0.749239
0.225284
0.886126
1.095191
-0.444710
-2.590764
-2.629821
-0.804379
2.937583
5.170967
2.674483
0.860106
-0.704693
0.000000
14.269683
13.269032
15.022945
5.576011
12.038717
-7.967143
-9.511278
-4.409542
-2.157192
-1.236018
0.092002
1.268340
0.321638
1.056415
1.201150
-0.452508
-2.393655
-2.429982
-1.075689
2.678599
4.737367
2.570864
0.771354
-0.925069
0.000000
14.496159
15.164995
15.950059
3.397374
10.619071
-6.861137
-9.129867
-4.246673
-2.152681
-1.414182
0.769439
0.788687
0.035956
0.679895
0.960335
-0.628016
-2.692296
-2.623259
-0.735656
3.007625
5.233301
2.717933
0.895871
-0.669274
0.000000
14.261992
13.097261
14.948408
5.589379
12.432159
-7.829218
-9.579681
-4.485076
-2.178016
-1.229368
0.158727
1.282965
0.302068
1.027821
1.560638
-0.594187
-2.717001
-2.739930
-1.023206
3.010396
4.876868
2.664432
0.835548
-0.869833
0.000000
14.437110
15.031025
15.629252
3.737090
11.252814
-6.742117
-8.994096
-4.116781
-2.051544
-1.339321
0.029909
1.056003
-0.258819
0.699768
1.375797
-0.135898
-2.472579
-2.345407
-0.711105
2.787487
4.912367
2.422834
0.767815
-0.691666
0.000000
14.352890
13.621086
15.130108
5.794156
12.635919
-6.742404
-9.563014
-4.724058
-2.286067
-1.384594
0.769459
0.682815
0.196401
1.180013
2.023167
0.149635
-2.243909
-2.669863
-1.152028
2.759525
4.709588
2.616217
0.757361
-1.086711
0.000000
14.665475
15.478415
16.220968
3.324347
11.504975
-3.475636
-8.691455
-4.391795
-2.251990
-1.535514
0.380153
0.433303
-0.502724
0.667780
1.455215
0.131796
-1.995519
-2.115984
-0.702100
2.649788
4.772413
2.459739
0.741429
-0.883780
0.000000
14.439501
14.791390
15.379338
3.940120
11.680963
-6.936984
-9.501779
-4.621626
-2.241819
-1.418541
0.757535
0.846100
-0.021894
0.979849
1.939377
0.099362
-2.273299
-2.721111
-1.072208
2.778278
4.867969
2.863819
0.910758
-0.990440
0.000000
14.513037
15.250947
15.951113
3.507555
11.734949
-3.312818
-8.808405
-4.570820
-2.282955
-1.494505
0.383765
0.561658
-0.472899
0.704741
1.525576
0.123245
-2.072517
-2.135141
-0.703449
2.673181
4.833440
2.523290
0.778599
-0.916059
0.000000
14.401255
14.716610
15.260951
3.067453
11.270400
-7.605393
-9.497515
-4.472079
-2.148834
-1.391673
0.687737
0.788027
-0.143644
0.861830
1.807694
-0.112888
-2.372456
-2.657400
-0.981042
2.841595
4.930737
2.911465
0.981397
-0.970645
0.000000
14.501521
15.157427
15.766401
3.376884
11.619595
-3.859122
-9.007587
-4.489116
-2.168261
-1.501031
0.369545
0.765942
-0.373012
0.728124
1.527364
0.128575
-1.247585
-1.697869
-1.167930
1.804920
4.288158
2.343381
0.670355
-1.053658
0.000000
14.624728
15.353035
16.075603
0.789720
10.354951
-5.769082
-9.152988
-4.342302
-2.106170
-1.405245
0.618085
0.710502
-0.305861
0.653106
1.728062
0.044867
-1.623692
-2.578031
-0.758595
2.685481
4.882258
2.693970
0.840643
-0.928338
0.000000
14.344988
14.873785
15.522079
2.406966
10.773527
-6.718233
-9.476207
-4.461135
-2.153207
-1.513852
0.676745
1.162439
-0.167432
0.760154
1.648049
-0.142844
-1.540996
-2.178877
-1.086883
2.332296
4.660569
2.612549
0.764799
-1.181594
0.000000
14.685367
15.612111
16.402822
0.421512
10.039001
-4.303081
-8.872539
-4.356651
-2.135887
-1.550365
0.497608
1.026377
-0.511391
0.457329
1.205979
-0.218011
0.000000
22.604717
21.852816
21.089201
19.254328
20.930916
20.789423
20.940193
19.460403
7.022583
-0.334503
-2.064956
-2.328218
-0.731703
0.839612
2.154841
4.723880
3.295780
-2.167526
-1.915390
-1.698586
-1.683836
-2.163417
-2.611048
-2.164111
-3.780278
-1.818941
0.240256
2.432503
5.514964
6.329726
5.731389
4.832139
4.229513
4.217786
4.489477
2.904236
0.000000
17.221569
18.336300
19.837261
20.592598
21.531736
22.178509
-3.208319
-4.277295
-6.299153
-9.875828
-7.773284
-1.958396
-0.296468
-0.504880
1.268319
2.913650
2.269398
2.690282
3.566648
3.421497
4.685130
6.003127
3.222745
0.368296
0.000000
15.087655
15.848817
16.797300
17.770079
12.090729
10.383609
-5.335203
-3.398636
-3.563976
-5.846756
-3.567897
-0.169517
-1.127713
0.190331
1.583840
1.660609
0.857410
-1.094397
0.940427
1.983344
4.221359
3.785469
1.897477
-0.489589
0.000000
13.893525
15.682471
17.001472
18.159813
9.727954
4.028598
-7.563015
-4.012624
-2.544058
-2.973380
-2.478799
0.505477
-1.181172
0.194961
1.401276
0.825598
0.664082
-1.800656
-0.954095
0.301613
2.980461
3.663576
2.001761
-0.030758
0.000000
14.032260
15.310373
16.459963
17.833347
9.417907
2.656046
-8.521659
-5.263382
-3.018718
-2.676372
-1.635097
0.786139
-1.274281
0.152659
1.372276
0.944238
-0.563779
-2.348364
-0.817750
1.371280
4.064157
4.123916
2.238919
0.168088
0.000000
13.997297
14.522826
14.760506
16.072603
7.619028
-2.011923
-9.193211
-5.042760
-2.143124
-1.304941
-1.295316
0.626303
-0.627512
0.445084
1.456574
0.456283
-1.700707
-2.067036
-0.943715
1.488352
3.964019
4.053506
2.090090
-0.018770
0.000000
14.644722
15.081833
15.448956
16.666294
6.433358
-4.342710
-8.979395
-4.261686
-1.677305
-1.377141
-1.464065
0.455635
-0.427499
0.368795
1.274050
0.187717
-2.050843
-2.098013
-0.828464
1.650855
4.036007
4.098068
2.114323
-0.030325
0.000000
14.374543
15.008608
15.400429
16.589329
7.688433
-3.905046
-9.391755
-4.912387
-1.918540
-1.428218
-1.440017
0.580141
-0.440670
0.512604
1.410533
0.332776
-1.518169
-1.758995
-0.934801
1.091006
3.801457
4.020709
2.130415
-0.088952
0.000000
14.305315
15.172780
15.835205
16.959839
7.847920
-1.783081
-9.233331
-5.077252
-2.150414
-1.766868
-1.666016
0.313898
-0.564772
0.330277
1.316372
0.460731
-1.414773
-2.132173
-1.000165
1.289925
4.021687
4.214543
2.253150
0.171736
0.000000
14.224977
14.697023
14.995887
16.192909
9.101590
-2.393065
-10.401837
-6.309911
-2.958560
-1.849085
-1.414904
0.623129
-0.414054
0.502672
1.464947
0.571743
-1.636905
-1.918224
-0.953421
1.168185
3.932772
4.322278
2.329394
0.183048
0.000000
14.212610
14.631831
14.900222
16.123512
9.024154
-3.091839
-10.518645
-6.333618
-2.896000
-1.923694
-1.562894
0.553266
-0.384027
0.368106
1.299157
0.388854
-1.576644
-1.825980
-0.801466
0.973187
3.921622
4.512780
2.447165
0.363428
0.000000
14.190562
14.562510
14.751042
15.994728
10.295954
-2.564783
-11.662228
-7.654730
-3.833106
-2.425668
-1.619271
0.631200
-0.268195
0.549485
1.506445
0.689574
-1.197268
-1.666579
-0.833423
0.814419
3.792883
4.477974
2.420058
0.262662
0.000000
14.085465
14.627691
14.976710
16.213181
10.714610
-1.682475
-11.254036
-7.527064
-3.729313
-2.431852
-1.570940
0.583106
-0.314289
0.495967
1.462925
0.758808
-1.291399
-1.953037
-0.918757
0.920765
3.810403
4.377807
2.403309
0.302035
0.000000
13.900405
14.330172
14.509285
15.711487
11.819862
-0.894650
-11.943645
-8.120975
-4.157067
-2.440025
-1.602411
0.598413
-0.382054
0.419348
1.406706
0.725766
-1.384383
-2.340000
-0.461201
0.643261
3.701300
4.518049
2.465041
0.358106
0.000000
13.998704
14.356513
14.515422
15.722333
11.502461
-2.366053
-12.795928
-8.298081
-4.250857
-2.671074
-1.691595
0.588382
-0.259465
0.549032
1.534308
0.815086
-0.890924
-2.193637
-0.922542
0.668170
3.705554
4.311400
2.292906
0.184083
0.000000
13.873406
14.413479
14.752647
15.946475
11.824441
-1.862030
-13.124750
-8.367277
-4.289016
-2.704814
-1.626297
0.616204
-0.324391
0.587239
1.570181
0.918172
-0.746967
-1.959411
-1.123888
0.630172
3.731109
4.478722
2.441583
0.297280
0.000000
13.763607
14.359127
14.700658
15.930552
12.528798
0.307412
-12.227400
-8.378639
-4.415525
-2.713054
-1.644800
0.549194
-0.349111
0.611548
1.663284
1.045766
-0.292246
-1.590725
-1.013714
0.256219
3.310251
4.015253
2.161510
-0.013792
0.000000
13.762224
14.598120
15.158190
16.322653
11.362633
-1.014181
-12.730708
-8.318100
-4.315361
-2.733457
-1.450384
0.594335
-0.472067
0.520135
1.562536
1.029248
-0.465137
-1.968239
-1.190852
0.618827
3.716487
4.470752
2.404410
0.342235
0.000000
14.411879
14.309018
14.701927
15.924404
11.945009
0.589809
-12.290461
-8.434375
-4.491910
-2.733211
-1.650182
0.570312
-0.377958
0.647302
1.727984
1.292760
-0.547337
-2.102050
-1.131666
0.451209
3.480416
4.317575
2.401723
0.267206
0.000000
13.639845
14.451576
14.861604
16.090273
11.384314
1.320172
-11.397154
-8.100382
-4.162195
-2.535172
-1.696487
0.509881
-0.166099
0.580106
1.635572
1.195468
-0.514738
-2.162310
-0.892453
0.513759
3.508171
4.251932
2.249640
0.207935
0.000000
13.857527
14.527330
14.968673
16.170675
11.121989
-0.149782
-12.000555
-8.344141
-4.362194
-2.810303
-1.718916
0.516253
-0.168582
0.603130
1.617520
1.183311
-0.652022
-2.111772
-1.091904
0.627147
3.665423
4.517547
2.538069
0.398633
0.000000
13.051918
14.314136
14.569447
15.717844
11.038552
0.404402
-12.385500
-8.416926
-4.372367
-2.609883
-1.633620
0.595434
0.115533
0.538186
1.455433
1.027356
-0.873746
-2.365234
-0.684972
0.472347
3.583099
4.526383
2.412004
0.391454
0.000000
13.791940
14.295149
14.476074
15.612530
10.794986
-1.401990
-13.015382
-8.377925
-4.280049
-2.713368
-1.633811
0.587957
0.157403
0.514601
1.372471
0.947344
-1.115986
-2.665678
-0.637721
0.617805
3.719499
4.717321
2.590326
0.558262
0.000000
13.766411
14.114891
13.687918
15.085917
11.122607
8.565976
-8.859635
-9.268639
-5.029654
-3.097449
-1.995268
0.329283
-0.245888
0.413112
1.433949
1.099550
-0.362140
-1.994913
-0.552101
0.211459
3.242126
4.281302
2.198107
0.264154
0.000000
13.663811
14.326604
14.719173
15.858050
9.836125
7.731944
-9.278570
-9.629910
-5.071999
-3.378242
-1.696659
0.642205
-0.288063
0.589166
1.555920
1.231059
0.276173
-1.419664
-1.521950
0.025512
3.245499
4.310194
2.381926
0.232375
0.000000
13.435387
14.346087
15.001822
16.161831
10.644047
9.230712
-6.847679
-9.497309
-5.336943
-3.369454
-1.567637
1.315589
-0.643365
0.335587
1.438234
1.309784
0.634559
-1.543481
-1.462807
-0.130278
3.078270
4.273287
2.341042
0.243520
0.000000
14.582302
14.331720
14.989059
16.243099
9.858118
8.299298
-6.886685
-9.323342
-5.212338
-3.289814
-1.491510
1.207472
-0.797682
0.306583
1.457786
1.431958
0.536164
-1.505805
-1.347605
0.169295
3.282245
4.316574
2.400965
0.259055
0.000000
14.510418
14.326038
14.880182
16.102144
8.721976
7.788396
-7.298017
-8.981366
-4.818113
-2.988798
-1.534810
0.525187
-0.386720
0.449409
1.523415
1.358884
0.227572
-1.619769
-1.244926
0.255373
3.286258
4.359735
2.423915
0.242367
0.000000
11.258122
14.488462
15.090187
16.282343
8.235883
7.219874
-6.839086
-8.331925
-4.227550
-2.712240
-1.539548
0.485245
-0.227174
0.395737
1.324176
1.105747
0.128324
-1.633963
-1.145992
0.388923
3.397105
4.228464
2.328579
0.187215
0.000000
14.677216
14.313339
14.949697
16.114021
7.691489
7.204320
-7.768171
-8.664838
-4.524099
-2.490546
-1.755640
0.130404
0.213215
0.413591
1.165575
0.944278
-0.576138
0.000000
22.616402
21.900131
20.904432
19.266012
21.207804
21.039595
20.976053
20.321449
5.830962
1.453859
-0.163217
0.982735
1.212932
1.271508
3.153426
14.786050
-1.428977
-1.562816
-1.130793
-1.274852
-1.641044
-1.299866
-1.535100
-1.123368
-3.024733
-1.535867
-0.077734
1.753703
5.397367
6.376339
5.995383
5.178668
4.299635
4.228909
3.645934
1.156169
0.000000
19.344143
22.512819
22.907845
22.830442
19.226511
10.773599
-14.863334
-11.891474
-9.039136
-8.840042
-6.623277
-2.802088
-1.341378
-0.707410
2.217031
4.118358
5.640893
5.400886
4.067005
2.538930
1.673039
4.423951
5.317169
3.150358
0.000000
4.981019
6.087564
7.371141
16.750378
7.480354
9.612215
-3.637567
-1.595059
-1.210012
-4.741245
-3.980540
-0.571157
-1.014676
-1.104956
-0.315111
-0.429936
-0.548339
0.065708
2.035717
3.437080
4.272287
4.511758
1.880249
-0.149506
0.000000
13.716726
15.265269
16.616905
18.357399
7.748703
2.810324
-8.108184
-4.384743
-2.853666
-3.700191
-2.500789
1.385273
0.531359
0.038945
0.634810
0.714031
-0.133563
-1.140738
0.299589
1.209255
3.546675
3.971083
1.904528
-0.075381
0.000000
13.655873
14.797676
15.697974
16.985081
8.379325
1.954195
-8.410029
-5.335857
-2.921064
-2.660725
-1.840237
-0.083910
-1.237147
-0.014925
1.104187
1.086169
-0.566001
-1.638813
-0.017686
2.218031
4.385658
4.082113
2.214394
-0.040848
0.000000
13.693418
13.530313
13.838641
15.238117
7.424336
-4.953134
-10.342160
-5.466422
-2.361470
-1.343676
-1.304735
0.579949
-0.580191
0.207456
1.041786
0.234376
-1.875766
-1.594176
-0.323620
1.530941
3.831602
4.222526
2.307402
0.033212
0.000000
13.835402
14.599757
15.035801
16.305141
7.566597
-3.045210
-9.176288
-4.575490
-1.872789
-1.538939
-1.682071
0.344803
-0.503595
-0.000318
0.722403
0.134050
-1.625389
-1.510918
-0.290432
1.742486
4.146407
4.245836
2.315998
0.070844
0.000000
13.732248
14.302720
14.596605
15.848798
8.394783
-3.557575
-9.977293
-5.456931
-2.300007
-1.583334
-1.533620
0.432369
-0.545284
0.197927
0.923872
0.219943
-1.437370
-1.508913
-0.329080
1.622980
4.029751
4.173535
2.261205
-0.001347
0.000000
13.736042
14.483730
14.904131
16.134014
8.070251
-3.520344
-9.366372
-4.791183
-1.861376
-1.457247
-1.599050
0.393413
-0.385046
0.014413
0.667593
0.164637
-1.565882
-2.015164
-0.417662
1.720801
4.221419
4.357112
2.361898
0.147028
0.000000
13.753228
14.161040
14.344525
15.613657
8.777447
-4.196601
-11.254857
-6.696624
-3.138679
-1.967234
-1.503192
0.577980
-0.240367
0.305900
1.116918
0.562759
-1.680329
-1.975891
-0.334036
1.598466
4.000657
4.609108
2.527767
0.303316
0.000000
13.646695
14.099277
14.197100
15.392614
9.115849
-3.517372
-10.861760
-6.515175
-2.985530
-1.886529
-1.686129
0.519997
-0.504026
0.202399
1.061560
0.538600
-1.616439
-1.972549
0.101041
1.242084
3.744664
4.256855
2.277335
0.105303
0.000000
13.557173
14.299114
14.720829
15.910094
8.894587
-2.810585
-10.246017
-6.057836
-2.622075
-1.844755
-1.687129
0.497684
0.033823
0.195268
0.797461
0.399133
-1.640026
-2.488354
-0.053920
1.445315
4.087917
4.519999
2.440455
0.284778
0.000000
13.632197
14.055397
14.147904
15.339454
9.883876
-3.185312
-11.618741
-7.403640
-3.531044
-2.164706
-1.669869
0.474135
-0.434084
0.245054
1.090856
0.681163
-1.267045
-2.097124
-0.309016
1.330574
4.001782
4.517339
2.480897
0.249585
0.000000
13.569781
14.127686
14.391206
15.564975
9.045079
-3.481087
-12.145477
-7.727170
-3.750828
-2.437880
-1.788111
0.593624
0.293591
0.315810
0.884776
0.556282
-1.518362
-2.400998
-0.138109
1.236754
4.011967
4.785590
2.575773
0.393917
0.000000
13.514379
13.845835
13.700452
15.093540
10.810714
-2.958739
-13.014132
-8.455488
-4.316841
-2.659401
-1.720580
0.462678
-0.356873
0.282155
1.162703
0.869243
-1.120374
-2.050610
0.070635
1.105669
3.871840
4.596243
2.499974
0.259139
0.000000
13.491090
13.968205
14.124406
15.298694
9.865123
-3.596882
-13.049026
-8.288010
-4.126602
-2.716136
-1.874450
0.485573
0.082897
0.250471
0.890333
0.665423
-1.340035
-2.296357
0.056815
1.215120
4.009705
4.779397
2.550158
0.332751
0.000000
13.424829
13.808677
13.517576
15.003913
10.875571
-3.487028
-13.639698
-8.357662
-4.196799
-2.690907
-1.737257
0.477430
-0.061179
0.233604
0.957370
0.749887
-1.049383
-2.217707
-0.018754
1.137017
4.037791
4.588808
2.465310
0.224581
0.000000
13.398046
13.817978
13.920222
15.090416
10.427819
-3.887419
-13.938829
-8.383234
-4.088000
-2.691333
-1.734190
0.534589
0.244565
0.258969
0.831294
0.645666
-0.926216
-1.999424
-0.489039
0.839114
3.909221
4.667649
2.436859
0.341961
0.000000
13.385980
13.581079
12.762010
14.905834
10.778856
7.295670
-10.397400
-9.702679
-5.058761
-3.325644
-2.021791
0.427473
0.235995
0.363558
1.002830
0.817352
-0.415033
-1.657462
-0.598882
0.452887
3.546967
4.359912
2.352701
0.158132
0.000000
13.213598
13.827623
14.099748
15.197586
10.210618
7.936415
-10.215366
-9.820408
-5.052705
-3.307763
-1.913685
0.521087
0.291774
0.441945
1.083582
0.879430
-0.034801
-1.504057
-1.180329
0.473927
3.525848
4.378531
2.394051
0.186127
0.000000
13.969375
13.815410
14.179195
15.332280
10.762994
8.292468
-9.472129
-9.798252
-5.327727
-3.452221
-1.628417
0.582188
-0.515954
0.419399
1.479238
1.384918
0.716515
-0.657829
-1.175962
0.119179
3.147450
4.108944
2.247507
0.040130
0.000000
13.043663
14.048563
14.737674
15.949995
10.001127
8.065542
-7.983391
-9.565437
-5.300937
-3.430696
-1.665338
1.030534
-0.919199
0.185600
1.284848
1.352669
0.678341
-0.580091
-0.995361
0.444492
3.327301
4.290181
2.299848
0.123066
0.000000
11.672530
14.124253
14.845771
16.094997
9.373528
7.522840
-6.342323
-8.210596
-4.194834
-2.840452
-1.639148
0.381399
-0.632769
0.274310
1.190572
1.174968
0.656877
-0.359476
-0.757429
0.442166
3.245149
3.827945
1.941832
-0.133905
0.000000
15.597852
14.089887
15.060410
16.283318
7.346073
6.730665
-6.932806
-7.692341
-3.695055
-2.160548
-1.530344
0.049345
-0.461382
0.080964
0.865245
0.915910
-0.127151
-0.883534
-0.845470
1.068263
3.808141
4.489738
2.326141
0.227622
0.000000
14.151239
13.680161
13.897708
14.945363
7.945339
6.558294
-10.537982
-9.568872
-5.293303
-3.002511
-1.991016
-0.008674
-0.072756
0.296069
1.043474
1.078100
-0.770262
-1.760940
-0.728571
1.153053
3.903992
4.843575
2.578919
0.374493
0.000000
12.902234
12.701421
11.266637
14.400563
8.151604
7.250970
-11.495762
-9.480033
-5.047172
-2.737745
-1.990773
-0.122741
0.101725
0.128505
0.802539
0.939596
-1.045547
-2.036167
-0.121353
1.117452
4.016336
5.219446
2.674912
0.510822
0.000000
12.486899
12.639155
10.614334
14.527411
8.546041
7.515891
-10.934210
-9.211457
-4.971998
-2.936485
-2.146358
-0.155546
0.081238
0.070636
0.777199
1.006044
-0.873343
-1.823181
-0.012269
1.181812
4.077931
4.930202
2.541611
0.341752
0.000000
13.294804
13.285177
11.249550
14.561487
7.727825
7.364529
-11.177086
-9.666084
-4.713727
-2.842648
-2.110224
0.060559
0.640388
0.147925
0.635775
0.758354
-1.002821
-2.063793
-0.417735
1.075834
4.191794
5.041574
2.579776
0.451073
0.000000
12.907788
12.785199
10.383632
14.471503
8.473718
7.672197
-10.777349
-9.695849
-4.666519
-2.815813
-2.045924
0.022852
0.526590
0.057791
0.612714
0.775350
-0.822460
-1.939159
-0.255791
0.825213
3.880381
4.774828
2.450586
0.323324
0.000000
13.702585
13.131554
10.640931
14.327285
8.380498
8.825169
-11.927314
-9.820137
-4.288125
-2.545237
-1.899209
0.154287
0.732151
0.022092
0.436610
0.598287
-1.033134
0.000000
22.626802
21.935192
20.821749
19.045942
17.103058
12.345637
3.710329
-2.546553
-2.615374
-2.022767
1.452694
1.313202
1.178788
1.080651
1.032822
1.009818
5.358049
7.298953
1.382821
-3.295714
-7.383590
-7.951809
-6.163610
23.700001
23.307621
21.970692
20.170862
18.786341
16.985525
15.000160
13.098362
11.224538
9.418226
5.409961
3.737816
1.400970
1.261130
1.171614
1.112339
1.296335
2.034266
0.737531
0.457673
-0.177272
-1.270270
-3.025385
-2.590396
-2.107419
-1.828771
-2.218306
-2.175901
-3.566104
-0.186927
16.322956
21.992010
21.091728
19.445333
17.725803
15.882523
14.162940
12.456215
10.803350
7.456843
11.394559
8.657984
5.732015
4.361028
3.964315
3.016814
1.644841
0.759626
0.628929
0.541244
0.496789
0.240433
-0.324389
-1.875522
-4.594076
-4.484970
-4.148721
-3.052272
1.783000
2.046767
2.305958
2.530254
2.545637
2.339513
1.266615
0.337780
-0.467601
-1.253647
23.211948
22.506285
21.364372
19.900446
17.953817
20.823309
20.859852
20.029642
17.982962
5.698042
-1.904108
-3.181402
-1.509112
0.324626
0.982915
2.255043
3.187381
-2.010962
-2.207484
-0.850923
-0.051489
0.046422
-0.562586
-1.548481
-2.151010
-1.887811
-3.754727
-2.770922
-0.931338
1.011014
4.005199
6.275662
6.205909
5.001966
4.794832
4.076992
2.053508
0.502775
4.586444
0.000000
21.109861
21.641970
13.450566
7.187039
15.248472
9.476088
-6.491819
-7.632139
-8.560601
-9.314247
-5.679710
-2.054140
-1.719696
-0.861424
1.389424
3.334523
5.506750
5.326183
4.941963
2.964019
5.191956
6.494366
3.577510
0.151989
0.000000
14.383233
15.398540
16.463642
17.328325
7.573814
2.665052
-4.640491
-2.066051
-4.622885
-6.401832
-2.492167
0.162678
-0.893723
-0.440325
1.019967
0.480816
0.980444
1.401386
3.258268
3.948620
4.657825
3.239779
1.056121
-0.927851
0.000000
14.379138
15.813836
17.219501
18.113207
3.967029
-7.317927
-6.269107
-2.661345
-2.437155
-2.840921
-0.927713
0.728045
-0.875154
-0.046232
1.095025
0.035597
-0.822137
-0.142138
1.661645
3.223432
4.949742
2.698934
0.839390
-1.108116
0.000000
13.719924
14.195245
14.863680
16.012251
6.020087
-8.730166
-7.246550
-2.498948
-1.258623
-1.173169
-0.763913
0.527678
-0.972527
-0.104232
0.948316
-0.664296
-1.142323
-0.421346
1.453631
2.967326
4.512884
2.278292
0.567927
-1.055026
0.000000
14.032647
14.565310
15.164334
16.310740
4.890769
-9.900874
-7.128861
-2.409075
-0.953377
-1.107321
-0.426033
0.610987
-1.061397
-0.227870
0.501451
-0.789152
-1.525813
-0.566531
1.505252
3.255641
4.834621
2.575643
0.807687
-1.055008
0.000000
13.930971
14.428135
15.013566
16.134731
5.508089
-9.629116
-7.174585
-2.136781
-0.967555
-1.239857
-0.975897
0.778107
-0.855015
-0.154577
0.710584
-0.723241
-1.188688
-0.508204
1.144391
2.845785
4.457083
2.352361
0.743828
-1.069813
0.000000
13.869754
14.563425
15.206081
16.253527
6.216531
-8.526321
-7.345488
-2.409226
-0.958342
-1.173033
-0.534402
0.543261
-1.116859
-0.402205
0.408513
-0.597488
-1.347945
-0.816991
1.275132
3.217641
4.833542
2.681296
0.949404
-1.014805
0.000000
13.885411
14.268878
14.783140
15.915129
6.499258
-8.881491
-7.477605
-2.293948
-0.971757
-1.167792
-0.796196
0.551404
-0.932517
-0.144485
0.778486
-0.473143
-1.072860
-0.588433
0.913342
2.858199
4.427191
2.462006
0.894917
-1.050180
0.000000
13.813860
14.466779
15.036185
16.112801
6.782825
-8.210541
-7.498241
-2.447606
-0.949628
-1.164324
-0.584487
0.428429
-1.207843
-0.117790
0.759156
-0.400608
-1.333712
-0.984352
1.031796
2.924388
4.619754
2.431334
0.910459
-0.994442
0.000000
13.819702
14.431360
15.062807
16.171499
7.126736
-7.706122
-7.757113
-2.776308
-1.246631
-1.302759
-0.556684
0.324038
-1.174498
0.016204
1.105353
-0.129722
-0.986503
-0.896236
0.958106
2.797140
4.474372
2.224345
0.806127
-1.070001
0.000000
13.753906
14.420286
15.048999
16.144045
6.901867
-7.803634
-7.686648
-2.696198
-1.135151
-1.224640
-0.609500
0.313282
-1.228750
-0.035960
0.901029
-0.125324
-0.966399
-0.889984
1.040116
2.872686
4.507996
2.353629
0.881882
-1.019692
0.000000
13.810234
14.533428
15.235228
16.338570
6.700439
-7.715742
-7.529694
-2.646785
-1.265542
-1.412610
-0.657273
0.276704
-1.174800
-0.070094
0.903393
-0.055561
-1.023607
-0.931444
1.095957
2.948991
4.610232
2.458759
0.923243
-0.973134
0.000000
13.686238
14.245305
14.804195
15.911648
6.768090
-8.318847
-7.751120
-2.726073
-1.117024
-1.136836
-0.537907
0.414741
-1.181229
-0.053304
0.995970
-0.255466
-1.122317
-0.805405
1.181593
2.950602
4.512272
2.323748
0.827657
-0.907106
0.000000
13.768095
14.477976
15.143487
16.223839
6.400303
-8.278654
-7.452959
-2.496930
-1.139653
-1.371155
-0.679451
0.368198
-1.148669
-0.149167
0.811972
-0.174632
-1.218050
-0.888672
1.167926
3.016039
4.656209
2.566698
0.975518
-0.931263
0.000000
13.653841
14.127048
14.624643
15.779712
6.892704
-8.575095
-7.829949
-2.723381
-1.063057
-1.057383
-0.469227
0.519998
-1.104772
-0.031379
0.980389
-0.234473
-1.081832
-0.732675
1.094732
2.971089
4.441263
2.315345
0.812769
-0.909417
0.000000
13.764925
14.537343
15.202231
16.319870
6.337991
-7.957983
-7.285519
-2.347486
-1.131576
-1.478225
-0.804321
0.324661
-1.204366
-0.278863
0.635868
-0.061892
-1.225587
-0.916940
1.233911
3.196338
4.808734
2.803836
1.097213
-0.797813
0.000000
13.627166
13.934749
14.314642
15.499104
6.964200
-9.273053
-8.163937
-2.754991
-1.138860
-1.182847
-0.493025
0.591636
-1.011089
-0.009775
1.005435
-0.245438
-0.766673
-0.376268
0.840976
2.429856
4.113002
2.534539
1.000410
-0.789459
0.000000
13.785002
14.633246
15.312219
16.401215
6.802110
-7.083095
-7.778034
-2.930367
-1.392939
-1.676550
-0.907334
0.360907
-1.362588
-0.397813
0.584700
0.033139
-0.820704
-0.595750
0.992774
2.855679
4.604019
2.941131
1.226356
-0.724803
0.000000
13.516636
13.971115
14.450229
15.599854
7.871511
-7.656462
-8.230678
-3.006493
-1.385680
-1.391107
-0.623452
0.436274
-1.081751
