0.000000
-9.270063
-8.553888
-9.516468
-10.884647
-11.621443
-13.526825
-13.810224
-8.135952
-4.906201
-3.336440
-2.470630
-1.526823
-0.774412
-1.583412
-2.057434
2.511394
3.171402
0.905808
-0.945871
-2.582149
-2.342356
-1.507960
-0.470764
0.398273
1.323646
2.104391
1.470281
0.668463
-0.798481
-0.782465
-0.025401
-0.206062
0.120549
0.124254
0.000000
4.949758
6.374580
9.400230
12.406483
-12.047445
-11.754178
-0.695930
5.008163
2.291063
-0.856122
-3.977462
-1.497277
-0.282588
0.638430
-2.873724
-4.440719
-1.373098
-0.988551
-1.692270
-1.572553
0.229695
2.224899
0.481921
-0.146427
0.000000
-0.059020
0.337641
0.359116
0.316543
0.311520
0.367706
0.345455
5.866049
5.169323
0.000000
-9.949211
-9.145189
-8.835099
-8.263529
-7.930549
-7.544218
-7.069758
-5.244534
-2.744536
-1.173467
-1.912762
-1.562088
-1.049443
-1.132391
-1.107586
-1.011556
-0.915966
-2.277044
-1.256584
-0.771645
-0.764038
-1.108822
-1.295102
-12.415246
-10.256018
-9.495191
-9.468132
-11.304661
-13.066345
-15.903404
-16.963942
-9.109941
-1.263899
-1.214380
-1.363511
-1.482520
-1.470876
-1.347490
-0.451377
0.850398
2.763326
1.235936
0.191032
-1.027986
-0.786695
2.167665
1.017921
0.161373
0.359637
-1.089928
-0.191955
-0.259934
-0.845513
-1.515546
-0.947578
0.501673
1.038096
1.016250
0.555068
0.000000
14.854046
17.375919
17.109646
-14.083843
-14.920162
-12.036055
2.577582
1.669750
-0.296636
-1.072793
0.798833
1.057346
0.051756
-0.380933
-1.494016
0.860453
0.130043
-1.110698
-1.263408
-0.602028
-0.332148
1.149217
-1.121911
-1.703612
0.000000
4.024875
5.177011
7.183742
-6.330956
-6.484364
-5.615453
2.376135
2.023261
0.377481
1.062732
2.137981
2.306950
0.438614
-0.889471
-1.302966
-0.673322
-1.525019
-3.105304
-2.158411
-1.033210
-0.505757
0.368770
0.985032
1.436724
0.000000
11.023670
12.402657
11.901966
-4.705505
-7.548400
-4.437123
2.919623
2.353352
0.901821
0.125365
0.432072
2.705643
0.697999
0.846785
-2.227207
-0.683319
-0.835018
-1.921838
-1.262920
-1.193508
-0.667922
0.656642
0.285112
-1.473693
0.000000
4.399154
5.719883
7.712977
-6.710755
-7.249491
-6.427165
2.146755
2.122030
0.676886
1.733089
2.622139
2.510101
0.478822
-0.974668
-1.497488
-0.952375
-1.849344
-3.344383
-2.568499
-1.508391
-0.836996
0.091595
0.985766
1.642701
0.000000
12.303673
13.218589
12.987451
-4.333020
-8.329853
-4.816340
3.145050
2.334082
0.650885
-0.087037
-0.048373
2.637599
0.675619
0.890452
-2.054848
-0.476731
-0.913724
-2.021722
-1.386539
-0.948816
-0.782521
0.547308
0.182341
-1.953784
0.000000
2.340549
4.158478
6.560688
-7.523830
-8.341249
-7.036808
1.269996
1.476504
0.558517
1.694622
2.939199
2.803297
0.731426
-0.935902
-1.506464
-1.097907
-1.888524
-3.729007
-2.459702
-1.439944
-0.749637
0.100950
0.999437
1.441200
0.000000
12.336012
13.186104
13.108940
-4.647482
-8.507102
-4.730198
2.834745
2.101942
0.581056
-0.037938
-0.332182
2.543179
0.407956
0.978341
-1.997157
-0.339561
-0.375307
-0.832313
-1.024646
-1.252219
0.473695
0.506444
-0.195664
-2.005701
0.000000
1.412403
3.120610
5.607893
-5.786056
-9.748907
-9.273638
1.717452
1.723144
0.636102
2.134302
2.578316
2.538640
0.479225
-0.874814
-1.970780
-0.920163
-1.586929
-2.845528
-2.005027
-1.255874
-0.426304
0.425919
1.060507
1.403461
0.000000
13.037293
13.638354
13.208834
-7.993961
-10.168181
-5.461968
3.908010
2.618158
0.508711
-0.392300
0.954029
2.284978
0.505765
0.783311
-1.882010
-0.180524
-0.427378
-1.872717
-1.215049
-0.862831
-0.566667
0.718475
0.462084
-1.604466
0.000000
5.271057
6.970028
8.809900
-6.732435
-7.983431
-6.733435
1.720827
1.695048
0.647835
0.209886
2.846802
2.770471
0.724946
0.464514
-1.908625
-1.328656
-1.338713
-3.654727
-1.908220
-0.269631
-0.109503
0.548368
1.093316
0.913344
0.000000
11.151010
13.124410
11.937946
-7.601197
-8.836341
-5.670075
2.513422
1.946514
0.970041
0.465494
0.260351
2.083513
0.377367
0.998200
-0.855250
-2.227278
-0.214924
0.055667
-0.200808
-0.021266
0.531954
2.454913
0.584864
-0.341481
0.000000
-0.462799
-0.451340
3.192350
-8.541844
-9.963828
-9.746743
1.570551
1.544052
0.778165
1.713446
1.978283
2.433695
1.066270
0.687701
0.379412
-1.666256
-0.907242
-2.192281
-2.176561
-1.979251
-0.733086
-0.064936
0.616568
1.003552
0.000000
14.313178
15.061440
15.553354
-8.693925
-10.867620
-3.754661
3.958139
2.407838
-0.247187
-1.442943
1.000057
1.580588
0.065096
-0.236381
-1.122512
0.228071
-0.180018
-1.696152
-1.827348
-0.443253
-0.116075
0.600081
0.825392
-0.463308
0.000000
6.440152
9.002839
10.405741
-12.691630
-11.498446
-10.034723
1.298781
1.004234
0.226657
-0.175148
0.218114
2.671504
0.343612
0.851094
0.170217
-2.636646
-0.344926
0.307162
-0.070615
0.336769
1.005388
2.536642
0.715392
0.240642
0.000000
-0.035173
2.602317
5.678931
-8.924834
-10.170245
-9.274596
0.879260
1.141088
0.334477
0.421836
2.320273
2.589726
1.066635
0.756581
0.515472
-1.343160
-0.770589
-2.712455
-1.867227
-1.710416
-0.609306
-0.017574
0.692286
1.165202
0.000000
13.646463
13.242825
14.652349
-9.128401
-11.613999
-5.534586
3.993326
2.645714
0.171032
-0.964632
1.467717
1.819630
0.203100
0.475925
-1.444660
-0.099549
-0.206135
-1.706148
-1.792484
-0.369926
-0.022726
0.666276
0.803868
-0.277868
0.000000
6.806662
9.098569
10.368443
-12.026302
-10.943637
-9.029476
1.405833
1.189648
0.332396
-0.019257
0.024738
2.761304
0.335099
0.826059
0.135034
-2.478285
-0.164117
0.539200
-0.084425
0.228169
0.905284
2.096293
0.688113
0.246458
0.000000
3.107061
4.772854
7.324833
-8.088548
-10.869472
-10.100680
0.644558
0.968351
0.015655
-0.213788
2.034881
2.470929
0.887597
0.749226
-0.741767
-0.999038
-0.276767
-2.385355
-0.915639
-0.729840
-0.271816
0.353879
0.709643
0.976697
0.000000
13.000271
13.405285
12.622708
-7.586744
-6.518420
-3.763947
2.998761
2.072181
-0.052175
-0.660515
2.010056
2.130631
0.480283
0.563867
-1.348108
-0.407934
-0.440823
-2.267622
-2.280108
-0.732841
-0.228838
0.461077
0.749293
1.011138
0.000000
8.323455
9.846645
11.509280
-9.367507
-7.903634
-6.385041
3.105790
2.478727
0.822390
0.309313
1.212319
2.558518
0.723915
0.853719
-1.419978
-0.989801
0.168405
-0.720192
-0.760878
-0.945397
-0.270662
0.726995
0.435800
0.357727
0.000000
4.968779
6.378136
8.560295
-4.966097
-11.239024
-10.981912
2.445150
2.126681
0.599646
0.914678
2.338851
2.336047
0.604238
0.308319
-1.423397
-0.813878
-0.335850
-1.699707
-1.580986
-0.489155
0.083249
0.787364
0.914766
0.836704
0.000000
10.161139
11.845274
12.649578
-7.926215
-3.704891
-2.858861
1.959501
1.485792
-0.121573
-0.501818
0.741449
2.317824
0.665448
0.980646
-1.527269
-0.362478
0.816184
-0.623429
-0.723006
-0.911264
-0.554230
0.709588
0.479101
0.419462
0.000000
4.953167
6.527145
8.725245
-4.770227
-11.262229
-10.454566
2.671202
2.369876
0.833349
0.974048
2.410516
2.370624
0.604153
0.425726
-1.406293
-0.984758
-0.159482
-2.185257
-1.705287
-0.624244
-0.068100
0.620136
0.823696
0.868124
0.000000
10.681015
12.446394
12.505877
11.792051
-3.050408
-2.636157
2.010774
1.160138
-0.493884
-0.882867
1.026256
2.245521
0.694019
0.933722
-0.987051
-0.218912
0.638833
-0.966080
-1.142178
-1.171442
-0.758543
0.262551
0.333203
0.564908
0.000000
5.706515
6.150686
9.573578
9.369495
-10.620997
-8.319345
4.340767
3.608795
1.340703
1.313394
2.469975
2.405337
0.584132
0.509999
-0.905239
-1.061852
0.027061
-1.052822
-1.225223
-1.012406
-0.006534
0.864421
0.589876
0.518853
0.000000
7.494843
8.721721
9.748332
10.523141
-6.095368
-3.425545
3.074903
2.329565
0.137531
0.252388
2.003993
2.189441
0.560174
0.591636
-0.725369
-0.399527
0.322042
-1.292539
-1.536536
-1.307488
-0.375052
0.411020
0.532061
0.835948
0.000000
8.808959
8.581549
11.638993
11.888988
-9.457517
-4.768358
3.562008
2.718998
0.242622
-0.024556
1.939205
2.172984
0.465271
0.495213
-0.694488
-0.533637
0.065049
-1.471226
-1.511088
-1.140587
-0.275634
0.420597
0.493205
0.753055
0.000000
7.709975
7.631404
11.054656
11.577372
-11.839825
-6.595816
4.324873
3.316537
0.707330
-0.370503
2.034030
2.144509
0.413493
0.449507
-0.862550
-0.520561
0.283096
-1.586150
-1.301987
-0.914534
-0.201763
0.175195
0.619239
0.677349
0.000000
8.344383
9.146001
10.639175
11.112492
-7.985494
-4.541746
3.331801
2.600492
0.207756
0.211097
1.885817
3.328429
0.694272
0.491434
-0.535454
-0.686073
0.000000
-6.517724
-8.279106
-8.147385
-7.991211
-11.750288
-10.904032
-11.628393
-9.995750
-3.836264
-1.485669
-1.112687
-1.345707
-1.555706
-1.533884
-1.416130
-1.083539
-1.470280
2.514201
1.009774
-0.090121
0.007684
-0.029514
1.458780
0.348281
0.532491
0.709370
1.095499
-1.127235
-1.667247
-2.908325
-1.141369
1.470398
1.526045
1.481679
1.130021
0.000000
9.301652
9.019479
10.402164
11.013768
-11.758428
-11.094788
3.778747
3.498524
1.772747
-0.592135
-1.764826
1.884741
0.201775
0.292917
0.063644
-1.663851
0.094134
-1.309530
-2.200837
-1.471567
-0.673545
-0.071559
0.640365
-0.507132
0.000000
12.321179
11.618937
12.314910
11.557823
-9.519367
-8.820213
4.764375
3.801263
1.184547
-0.424983
0.507863
2.732226
0.411855
0.224212
-0.646445
-1.899903
-0.108140
-2.106645
-2.951296
-1.011311
-0.421691
-0.125656
0.738474
0.709486
0.000000
6.639825
7.392227
9.388375
9.163281
-8.626417
-9.506983
3.503010
3.737482
2.068123
0.778553
1.387002
3.437224
1.022046
0.495191
0.305565
-2.680205
-0.671548
-2.243183
-3.079739
-0.966598
-0.320305
-0.008093
0.589289
0.560780
0.000000
7.322591
8.201821
10.129255
9.127671
-8.509745
-8.647912
3.711771
3.775472
2.087718
0.639471
2.125901
2.964363
0.824726
0.306636
-0.285681
-2.501060
-0.555629
-2.245368
-3.051260
-1.137742
-0.377131
-0.092911
0.488924
0.698740
0.000000
8.292660
9.278865
10.880139
10.121989
-8.732822
-9.668097
3.949308
3.789761
1.931083
0.476940
1.807437
3.002402
0.811779
0.396238
-0.158459
-2.358769
-0.392914
-1.867481
-2.861304
-1.128108
-0.271091
-0.151824
0.545198
0.544556
0.000000
6.948930
8.027665
9.939809
9.326646
-9.249415
-9.881244
4.041174
4.109204
2.218226
0.695802
2.043805
2.944208
0.807769
0.345708
0.293987
-2.573030
-0.492879
-1.889291
-2.662792
-1.179450
-0.117379
0.229950
0.744779
0.648921
0.000000
7.198500
8.281280
10.166142
9.470119
-9.450331
-9.563847
4.031422
3.886223
2.022597
0.592819
1.750729
2.827951
0.774183
0.351031
0.366352
-2.421079
-0.297399
-1.588541
-2.491172
-1.192697
-0.108555
0.245107
0.737071
0.611778
0.000000
6.886905
8.011952
9.922777
9.826643
-9.802575
-10.186774
4.163360
3.992224
2.141261
0.661939
1.779015
2.770686
0.748298
0.313434
0.344024
-2.402548
-0.280085
-1.662789
-2.479630
-1.144872
-0.205070
0.128906
0.646490
0.636593
0.000000
7.553916
8.639193
10.489953
9.724050
-9.273739
-9.416929
4.002314
3.790164
1.856325
0.428549
1.706829
2.850418
0.765889
0.358322
-0.055476
-2.297891
-0.191968
-1.412496
-2.334836
-1.266202
-0.131697
0.326342
0.839440
0.617140
0.000000
6.118767
7.306186
9.414108
9.633883
-10.412930
-10.767174
4.349583
4.153299
2.325935
0.814955
1.782648
2.775635
0.778611
0.320474
0.576726
-2.442147
-0.211542
-1.493443
-2.310112
-1.049927
-0.084373
0.263465
0.688062
0.598264
0.000000
7.752565
8.814458
10.735258
9.802770
-8.364067
-8.294127
3.687333
3.508569
1.614677
0.185793
1.507462
2.802377
0.750371
0.360821
-0.244686
-2.182287
-0.013357
-1.113790
-1.840721
-1.402835
-0.223112
0.511756
1.002123
0.671412
0.000000
5.181056
6.176933
8.769938
10.245392
-11.488099
-11.914033
4.612050
4.258557
2.488642
0.979162
1.737404
2.718759
0.761686
0.315846
0.598826
-2.246044
-0.131549
-1.140420
-1.642501
-1.195730
-0.269145
0.482319
0.886871
0.577422
0.000000
7.118456
8.263762
10.355814
10.352596
-8.890215
-7.077748
3.153651
3.075419
1.298909
-0.047015
1.151763
2.640353
0.774813
0.451801
0.111830
-2.074758
0.037748
-0.962175
-1.843802
-1.414958
-0.425605
0.357489
0.917592
0.677651
0.000000
5.508878
6.510675
9.183621
10.206681
-11.748562
-11.864023
4.655257
4.067609
2.268234
0.762272
1.420493
2.794647
0.778034
0.384104
0.692050
-2.334647
-0.031963
-0.552557
-0.963536
-1.209474
-0.381508
0.499313
0.914295
0.506496
0.000000
6.708499
7.936622
10.062915
10.065343
-9.029377
-7.300870
3.229431
3.172815
1.371841
0.000053
1.124984
2.601818
0.771890
0.458057
0.096957
-2.050034
0.153109
-0.822755
-1.738767
-1.320442
-0.363171
0.436439
0.966636
0.656618
0.000000
5.328979
6.381089
9.112100
10.635609
-12.187234
-12.176712
4.591260
3.984992
2.243069
0.744015
1.392389
2.737059
0.761819
0.354224
0.687445
-2.271878
0.116955
-0.695632
-1.304622
-1.017639
-0.277524
0.391693
0.812344
0.499885
0.000000
7.280738
8.490757
10.626682
10.452263
-6.811597
-6.297007
2.662279
2.925869
1.131308
-0.188704
1.057995
2.692424
0.786984
0.445724
-0.156492
-2.024853
0.206775
-0.497283
-1.380105
-1.607067
-0.550750
0.491983
1.052682
0.706047
0.000000
4.613980
5.659307
7.903009
10.419195
-13.155576
-13.239058
5.161765
4.407267
2.633032
1.076339
1.446859
2.718735
0.741913
0.302260
0.643971
-2.140713
0.211948
-0.311036
-0.766311
-0.942749
-0.307963
0.518978
0.889848
0.546484
0.000000
8.036109
8.956571
11.088707
10.716616
-6.094759
-5.492993
2.290427
2.620301
0.849722
-0.493728
0.697329
2.581045
1.054092
0.530816
-0.069424
-1.778739
0.200683
-0.750828
-2.069685
-1.547030
-0.600551
0.287305
0.823241
0.857785
0.000000
6.177526
6.967597
8.358302
10.964831
-13.533825
-13.856493
5.242115
4.358229
2.458783
0.740396
0.841543
2.766487
1.046602
0.365078
0.648886
-2.101803
0.181791
-0.654409
-1.619997
-0.728404
-0.154716
0.284152
0.758386
0.517288
0.000000
8.639516
9.515871
11.406203
10.991383
-7.251530
-6.792015
2.548755
2.908274
1.068242
-0.408075
0.893925
2.701684
0.997906
0.381902
-0.386745
-1.743219
0.125096
-0.858504
-2.407398
-1.547169
-0.612146
0.204496
0.736758
0.876198
0.000000
6.820581
7.498195
8.594338
11.302759
-13.241689
-13.915943
5.059212
4.316882
2.323603
0.521001
0.703714
2.754387
1.040005
0.374841
0.627559
-2.088551
0.119510
-0.768835
-1.772242
-0.724491
-0.076838
0.350555
0.847855
0.545704
0.000000
8.169355
9.197738
11.214058
10.933617
-6.982245
-6.719262
2.377544
2.880211
1.049269
-0.397003
0.817841
2.714488
1.062215
0.419055
-0.164816
-1.849600
0.050431
-0.846163
-2.189786
-1.637615
-0.565288
0.364351
0.886362
0.897852
0.000000
6.051099
6.773901
8.028340
10.685740
-12.915878
-14.512663
5.238729
4.422414
2.475249
0.702826
0.702309
2.741695
1.062207
0.361152
0.636790
-2.020862
0.014560
-0.803935
-1.716559
-0.502340
-0.159696
0.169488
0.796792
0.475464
0.000000
8.462238
8.883003
10.837642
10.448050
-5.008122
-6.893378
-2.129059
2.662256
1.072481
-0.338016
1.075115
2.758294
1.073652
0.364498
-0.348805
-1.787759
0.006712
-1.205013
-2.424445
-1.398179
-0.535025
0.201873
0.777194
0.865035
0.000000
6.330856
7.098355
8.267256
10.726311
-13.698621
-13.729663
-5.245911
4.142713
2.323170
0.683505
0.721548
2.895520
1.134917
0.370732
0.659198
-2.100874
0.067395
-0.692906
-1.672825
-0.558550
-0.193210
0.132638
0.819045
0.470931
0.000000
8.465119
8.464135
10.481301
10.111004
-3.172546
-6.819843
-2.261573
2.723355
1.107157
-0.229457
1.140778
2.762973
1.079308
0.340487
-0.344622
-1.752661
-0.015638
-1.238706
-2.492709
-1.484861
-0.441690
0.354400
0.921222
0.910494
0.000000
5.445086
6.305541
7.602160
10.543496
-13.315718
-13.794729
-6.264640
4.484694
2.728260
1.077533
0.973340
2.892605
1.145735
0.323610
0.610333
-2.084810
0.031606
-0.670017
-1.621198
-0.542234
-0.219894
0.171207
0.707771
0.505718
0.000000
9.563493
9.405140
11.020925
10.486470
-3.256587
-6.587366
-1.753032
2.463391
0.954396
-0.364771
0.811118
2.762461
1.097619
0.367774
-0.370749
-1.762280
0.033267
0.000000
-6.258725
-8.918748
-8.601356
-8.234800
-7.925791
-5.212354
-1.447503
-1.103412
-0.977131
-0.959008
-0.935889
-0.814752
-0.425702
-1.593464
-1.218793
-0.987079
-1.050128
-1.083668
-1.029611
-2.346990
-5.871929
-8.427944
-7.572190
-1.747240
0.075251
0.581393
3.390101
7.694677
7.582103
1.091013
-11.280510
-10.244031
-9.609033
-8.844104
-8.376947
-7.788451
-7.371992
-7.110562
-6.432431
-5.664738
-1.735558
-2.640865
-2.008488
-1.599120
-1.663178
-1.492797
-1.226795
-1.128563
-0.873611
-0.544211
-1.022292
10.524171
2.051718
-0.917170
-9.595377
-9.553750
-9.060990
-8.292326
-7.844625
-8.146346
-8.482621
-8.963260
-12.106956
-12.562521
-11.116831
-7.723739
-3.777296
-2.549232
-2.081059
-1.933300
-1.345450
-1.863671
0.783183
8.788898
2.224207
-0.316778
-1.478223
-1.848634
-1.408252
-0.670607
-0.021857
0.525143
0.932537
1.092152
1.068813
0.854604
1.013856
6.992763
8.970943
5.913863
1.150378
-1.394410
-2.253509
-4.857704
-3.935945
1.422564
-7.825027
-20.278507
-7.257493
14.035231
0.000000
10.833260
10.241085
4.390403
1.727468
-2.819815
-3.420982
1.339690
0.059631
-1.772469
-4.432172
-4.268474
0.642353
0.018725
-0.876286
1.527860
2.000554
-0.737795
-4.749166
-1.818573
0.131952
-0.450360
-0.046898
1.856530
1.764957
1.094283
0.384821
0.406136
0.086177
2.141665
0.000000
1.934222
4.663916
3.176917
5.112020
-5.581494
-3.321876
1.133993
2.470778
2.715385
1.956660
1.527859
1.393544
0.616101
-0.393514
-0.178096
-0.604508
-0.785825
-2.857291
-1.833086
-3.756961
-3.017481
-0.998492
-7.907444
-4.918236
0.000000
11.396141
13.126414
14.112140
13.328616
-7.359734
-6.040845
4.508269
2.223852
-2.119531
-2.512794
0.482016
0.549129
0.010244
-1.323878
0.645403
1.355662
1.199068
-0.168886
-1.004301
-1.594643
-1.006808
-0.599917
0.400114
0.285962
0.000000
3.947994
4.981936
7.532930
9.940359
-13.239386
-11.677788
12.723015
7.412141
1.603123
0.075000
0.737956
1.485747
0.374414
0.882697
1.127491
-1.104979
-0.342394
-3.021796
-3.319924
-1.123082
0.855024
1.811390
2.145361
1.121885
0.000000
9.982976
9.668490
11.216340
9.723189
-9.234473
-9.444270
2.999487
2.802310
1.164435
-0.269057
0.457953
2.787773
0.672339
0.337155
-0.746658
-1.862541
0.047538
-1.800549
-2.711475
-1.023217
-0.228294
0.306874
0.883981
1.023602
0.000000
7.718650
9.107112
10.669991
10.872910
-7.497744
-5.380250
0.932766
1.590534
0.577083
0.029812
-0.737359
3.459920
1.014418
0.705571
1.030833
-4.181366
-0.364132
0.352688
-0.529690
-0.516568
0.669349
1.140334
1.348353
0.454604
0.000000
1.577662
3.357473
6.488940
9.172439
-11.657996
-11.348969
0.113854
0.955950
0.230822
-0.265213
-0.066544
3.190118
1.210884
0.768271
0.826494
-1.372444
-0.283838
-0.628308
-1.646752
-1.791830
-0.262767
0.808328
1.112805
0.973160
0.000000
8.082428
8.124548
11.709851
12.728293
-10.081370
-5.165023
2.415091
2.399899
0.776780
-0.370911
-1.200555
2.763469
0.657041
0.577981
0.052154
-2.038440
0.783831
0.717624
-0.184832
-0.738201
0.179107
0.745158
1.015143
0.308851
0.000000
4.077323
5.431997
7.925399
10.146791
-11.155032
-11.654295
1.681875
2.211270
0.947030
0.032897
0.774976
2.973157
0.912115
0.443607
-0.065318
-2.161075
0.153252
-1.250374
-1.931635
-0.656568
-0.065932
0.360709
0.819362
0.828203
0.000000
9.299580
10.488026
11.705935
11.549204
-3.635576
-4.449019
1.500011
1.947106
0.385620
-0.517068
0.359061
3.202040
0.949669
0.555779
-0.277972
-1.783024
0.230947
-0.774182
-1.476073
-1.493469
-0.404197
0.292503
0.866500
0.632492
0.000000
4.651431
5.446144
7.816800
10.439446
-13.235925
-13.528010
4.067427
3.850948
2.087106
0.583503
1.568919
2.955337
0.861148
0.336557
0.358294
-2.288259
0.274118
-0.751098
-0.875848
-0.554290
0.073710
0.545410
0.844850
0.478163
0.000000
9.725065
9.110858
11.059299
10.918610
-2.736101
-5.868720
1.926107
2.207278
0.499438
-0.626879
1.331777
2.705138
0.738897
0.358252
-0.449041
-1.706950
0.226177
-1.206680
-1.994464
-1.395357
-0.255223
0.503208
0.998014
0.924128
0.000000
5.703763
6.317386
8.094546
10.760982
-13.879041
-14.001304
4.747829
4.165488
2.244830
0.617757
1.421984
2.877371
0.761397
0.277219
0.650056
-2.206534
0.362568
-0.613328
-0.657782
-0.436111
0.178481
0.576341
0.837811
0.286012
0.000000
9.849048
8.811758
10.191472
10.680913
-2.617789
-5.730001
2.361022
2.285524
0.448600
-0.731293
1.439954
2.720646
0.641086
0.232519
-0.532145
-1.767170
0.073338
-0.964163
-1.852447
-1.802350
-0.317610
0.732894
1.153432
1.089149
0.000000
5.006013
5.529291
7.424968
10.917463
-14.715717
-14.883501
5.370459
4.738070
2.739639
0.862804
0.932492
2.856047
0.719521
0.283909
0.681751
-2.190390
0.474981
-0.245698
-0.041862
-0.367528
0.239426
0.828800
0.996461
0.545211
0.000000
8.547331
7.998659
9.045531
9.172580
-2.361729
-6.134475
2.952135
2.593566
0.678072
-0.529833
1.290944
2.495500
0.582627
0.221142
-0.460424
-1.828073
0.139049
-0.821933
-1.761273
-1.789184
-0.190969
0.905414
1.312382
1.089904
0.000000
4.801469
5.540260
7.493249
10.932178
-14.166687
-14.231512
4.148193
3.769195
2.087696
0.438275
-0.147532
2.768807
0.716055
0.295037
0.754756
-2.111325
0.810154
0.377401
0.363208
-0.178824
0.293339
0.837480
1.554503
0.574871
0.000000
8.136937
7.708785
8.206204
8.638021
-2.378182
-5.222863
2.731536
2.394608
0.549665
-0.539683
1.332050
2.573106
0.634677
0.236539
-0.459543
-1.801745
0.157019
-0.679129
-1.659840
-1.805400
-0.210840
0.946932
1.409058
1.060472
0.000000
3.936280
4.832714
6.683862
11.330442
-14.729568
-14.373201
4.108683
3.614810
2.074303
0.585338
-0.072828
2.743881
0.747216
0.303183
0.780526
-1.502747
0.616847
1.217194
0.049238
-0.404090
0.363394
1.090610
1.160870
1.275505
0.000000
7.714468
6.844184
8.853191
10.999733
-4.698859
-5.982607
2.278318
2.330707
0.695734
-0.520526
0.386554
2.325632
0.733282
0.499873
-0.104363
-1.734294
0.574913
-0.488917
-1.263336
-1.186729
-0.243040
0.714676
1.202606
0.768531
0.000000
4.507895
5.654152
8.226407
11.599531
-12.996996
-12.531999
3.747985
3.368521
1.926366
0.584918
0.803427
2.761664
0.772237
0.291966
0.699942
-1.594376
0.332998
0.733374
-0.505433
-0.984177
0.048538
0.944488
1.158393
0.452468
0.000000
6.558416
7.721649
10.008194
11.843755
-5.869819
-5.145779
1.585494
2.165228
0.630609
-0.549076
-0.174143
2.399128
0.771402
0.553619
-0.005548
-1.642111
0.720628
0.004284
-0.936292
-1.142109
-0.244368
0.666564
1.130196
0.610143
0.000000
4.442899
5.640982
8.644796
11.256649
-12.464398
-11.983907
4.049838
3.738767
2.167554
0.786975
0.828263
2.754763
1.081886
0.356282
0.623678
-1.624262
0.100436
0.250181
-1.013177
-1.470563
-0.354209
0.704738
1.114995
0.718635
0.000000
7.536775
8.605029
10.982727
12.234673
-5.843587
-3.828520
1.634682
2.143678
0.496352
-0.726502
-0.366500
2.475242
1.113934
0.629646
0.366080
-1.545387
0.398339
-0.402213
-1.456405
-1.375197
-0.537689
0.325193
0.889152
0.751677
0.000000
6.166082
7.101671
9.263275
11.348722
-13.037418
-12.087756
3.935694
3.822408
2.011216
0.372196
0.556876
2.784363
1.068571
0.386502
0.427529
-2.006996
0.213621
-0.696644
-1.317452
-0.803096
-0.082072
0.609902
1.095550
0.663389
0.000000
7.470093
8.780266
10.978846
11.753060
-4.194020
-5.014460
1.533829
2.400205
0.732727
-0.481231
0.434211
2.652202
1.101182
0.500806
-0.038305
-1.628222
0.238380
-0.611909
-1.723983
-1.632596
-0.528977
0.476558
1.052620
0.863314
0.000000
5.260836
6.107368
7.788364
11.120015
-14.126662
-13.836039
4.785746
4.173794
2.405369
0.741755
0.699862
2.757903
1.057787
0.298746
0.566766
-2.020187
0.258228
-0.472590
-0.992683
-0.627957
-0.084076
0.584168
1.006134
0.611993
0.000000
8.841587
9.801770
11.574818
11.944720
-6.245637
-5.939662
1.722028
2.420289
0.777992
-0.587080
0.411134
2.570270
0.976394
0.388259
-0.357759
-1.526194
0.403603
-0.603916
-1.953924
-1.419879
-0.579409
0.279982
0.861650
0.900834
0.000000
7.159686
7.941789
9.661044
12.390392
-12.885901
-9.734015
-3.183139
3.158794
1.553183
-0.071190
-0.584745
2.763821
1.129258
0.441558
0.528972
-1.848162
0.236746
0.000000
-6.489139
-8.728574
-8.540460
-8.229621
-7.928878
-7.619925
-7.317142
-6.863133
-6.672993
-6.328580
-2.906727
-2.773705
-2.197489
-1.339971
-0.961310
-2.026886
-2.436840
-1.783377
-0.943662
-0.795688
-1.062876
-1.597019
-1.787712
-3.078764
2.483592
3.273767
3.337333
3.786024
3.697603
4.186127
2.355953
3.609565
-10.452415
-9.770909
-9.157545
-8.458171
-7.955745
-7.479312
-4.899820
-1.042244
-0.976674
-0.754013
-1.164687
-1.014084
-1.119849
-1.181775
-1.152033
-1.042335
-1.850964
-5.331762
-5.919578
-4.582883
-1.487535
-0.395758
-0.022921
-0.126085
-10.967736
-10.380636
-9.657302
-8.902292
-8.417145
-8.475748
-9.258093
-10.137795
-11.297904
-14.121562
-15.535843
-14.085180
-7.874826
-0.271779
0.056453
-0.514747
-0.917617
-0.558753
1.115449
-0.366758
3.760246
2.185809
0.665287
-0.492450
-0.554249
-0.056259
0.397129
0.918880
0.553782
-0.065114
0.236339
-0.305059
2.018399
5.568803
3.213709
1.456418
-0.025876
-0.563440
-1.084968
0.000000
5.185099
2.141699
0.940695
3.888075
-19.715485
-18.375443
4.264679
10.967946
3.946028
-0.008350
-1.063115
0.390084
1.319094
-1.021573
-0.782625
1.542779
5.663898
-1.352681
-0.480672
2.019570
1.787585
4.453424
4.609961
4.566522
0.000000
2.776644
1.445405
1.478568
3.284940
-7.269226
-7.587217
-16.703726
1.524584
1.346270
1.561810
2.208305
3.090285
0.120171
-1.228371
1.098153
0.832670
0.351114
-0.813685
-3.377143
-2.799025
-1.354980
1.094546
2.720696
1.597397
0.989663
0.000000
18.685154
22.536015
19.787214
-13.504032
-14.596212
-13.419380
0.300882
0.467713
-0.634502
-1.056777
-0.318834
1.103264
0.180768
0.615566
0.416883
-0.497670
-0.420496
-1.103344
-2.123586
-0.465304
0.481796
2.413595
0.842388
0.425997
0.000000
1.597639
0.953478
3.967830
-2.313337
-11.564038
-10.497190
4.306017
3.494667
1.571673
1.011899
1.679679
1.906731
0.349247
0.281385
-0.608666
-1.031181
-0.220744
-2.510359
-1.537221
-0.605076
0.611482
1.675660
1.136788
0.818693
0.000000
8.742087
9.880938
11.545594
-7.145411
-9.164065
-5.784838
3.846196
2.727386
0.882838
-0.394009
0.252676
1.932675
0.334976
0.536084
-1.331624
-0.348750
0.762906
-1.341355
-0.886438
-0.800941
0.036464
1.116940
0.636528
0.459479
0.000000
6.403323
7.894453
9.814850
-2.695943
-9.498976
-7.857736
3.740367
3.127475
1.227050
0.421053
2.091149
2.199806
0.391595
0.286490
-1.289262
-0.872851
0.002009
-2.459837
-1.241404
-1.106345
-0.517736
0.513322
0.757103
0.984083
0.000000
10.851695
11.956266
11.837479
-5.717479
-4.426880
-3.952653
2.497024
1.763680
-0.159507
-0.558663
1.897606
2.415528
0.626267
0.553563
-0.768684
-0.678270
-0.307721
-2.317467
-1.682799
-1.248812
-0.626452
0.215167
0.519772
0.886683
0.000000
7.332676
7.477664
10.289536
-9.951524
-11.802032
-8.565289
4.867025
3.584434
1.136991
0.217378
2.205213
2.392984
0.526007
0.407331
-0.847662
-0.868103
-0.086900
-2.102401
-1.048265
-0.681705
-0.045411
0.902992
0.611020
0.500492
0.000000
7.903867
9.101670
10.338949
-6.034978
-8.985287
-5.904543
3.708792
2.746747
0.563136
-0.179020
1.935679
2.204208
0.379921
0.346288
-0.937126
-0.591194
0.068447
-2.233745
-1.324931
-0.992292
-0.329257
0.534388
0.703056
0.871203
0.000000
8.856245
9.740107
10.908453
-7.456606
-8.579887
-5.909782
3.712687
2.690773
0.393457
-0.375641
1.853192
2.280471
0.461169
0.402800
-0.773899
-0.565585
-0.043789
-2.157937
-1.355755
-0.904975
-0.253849
0.556144
0.639217
0.756107
0.000000
7.557159
7.673360
11.036945
-10.260539
-11.744780
-7.786312
4.520330
3.316441
0.936708
-0.109288
2.008955
2.234600
0.392135
0.335177
-0.867743
-0.696762
0.122962
-1.926635
-0.983478
-0.712751
-0.085288
0.825259
0.662845
0.602954
0.000000
8.624761
9.832037
10.711878
-4.192787
-7.126173
-5.156363
3.342539
2.445697
0.303614
-0.398425
1.617079
2.197821
0.404683
0.349410
-0.805860
-0.588582
-0.111357
-2.034274
-1.722676
-1.206372
-0.345238
0.630651
0.716177
0.830380
0.000000
6.467806
6.667665
10.169605
11.302074
-12.807296
-8.158589
4.557188
3.373106
1.015114
0.033427
2.041742
2.247049
0.385792
0.314678
-0.736458
-0.690383
0.082562
-1.869227
-1.151391
-0.863783
-0.194285
0.918121
0.656071
0.535393
0.000000
8.140151
9.385893
10.461635
11.121957
-7.164261
-4.342418
2.898499
2.085610
-0.034878
-0.624396
1.860762
2.286066
0.430637
0.339825
-0.669261
-0.528509
-0.220132
-1.897509
-1.842903
-1.357158
-0.318967
0.617685
0.764074
0.914897
0.000000
6.651891
5.817452
10.339732
11.948695
-13.981782
-9.078982
5.005632
3.642766
1.170269
-0.008993
1.858762
2.148931
0.307749
0.290430
-0.721158
-0.592131
0.242555
-1.706488
-0.991116
-0.759944
-0.049459
1.083367
0.660741
0.409401
0.000000
8.179201
9.122988
10.841897
11.266468
-7.509492
-4.543085
3.073598
2.250992
0.106806
-0.557763
1.632093
2.167858
0.339435
0.279284
-0.786135
-0.569833
-0.214096
-1.880032
-1.884941
-1.343414
-0.259327
0.717977
0.839902
0.940882
0.000000
6.548940
6.558416
10.267840
11.463483
-13.003839
-8.750351
4.825191
3.547580
1.143050
-0.017679
1.859596
2.203779
0.347765
0.332004
-0.696148
-0.582686
0.287011
-1.647677
-0.930884
-0.754613
-0.007744
1.144078
0.675235
0.369582
0.000000
7.696489
8.739606
10.528194
10.858592
-8.024111
-4.940423
3.074557
2.374329
0.265228
-0.421318
1.654781
2.175907
0.349209
0.280200
-0.819448
-0.569185
-0.115983
-1.920980
-1.766710
-1.297581
-0.253364
0.768577
0.840304
0.887763
0.000000
6.783060
6.903243
10.312747
11.379448
-12.779119
-8.206445
4.588250
3.431695
1.075138
-0.061495
1.740057
3.284223
0.597358
0.302419
-0.594279
-0.680301
-0.039392
-2.129187
-1.231616
-1.014103
-0.395797
0.152048
0.735656
0.662190
0.000000
9.119755
10.114757
10.847829
11.762544
-6.159136
-4.215226
2.918899
2.102759
-0.028615
-0.680608
1.467218
3.483303
0.591996
0.307454
-0.496889
-0.661538
-0.791696
-1.556568
-2.287479
-1.723745
-0.318542
0.270081
0.855705
1.014535
0.000000
6.220243
4.971586
9.572854
12.100661
-13.747844
-9.855466
5.515033
4.055332
1.453628
-0.016325
1.470870
3.176137
0.598773
0.347774
0.235274
-0.736669
-0.136029
-1.736573
-0.991804
-0.711153
0.088405
0.593853
0.895071
0.404038
0.000000
8.589382
9.307126
11.234347
11.345059
-8.900023
-4.753339
3.207852
2.474264
0.368638
-0.553676
1.039018
3.195419
0.461784
0.259225
-0.784111
-0.543547
-0.239844
-1.968884
-1.887072
-1.528703
-0.453493
0.173306
0.889649
0.996204
0.000000
7.646844
6.325181
10.767707
12.087936
-12.769191
-8.568877
4.824724
3.570963
1.106230
-0.110776
1.432804
3.291182
0.562167
0.310282
-0.324526
-0.814949
-0.342509
-1.822921
-1.347545
-0.931512
-0.049538
0.492775
0.963780
0.561504
0.000000
7.471775
8.685410
10.220596
10.950216
-9.031510
-5.388195
3.452936
2.714767
0.534169
-0.445482
1.143741
3.321018
0.583896
0.323448
-0.606072
-0.641201
-0.273217
-1.796849
-1.729490
-1.317633
-0.217991
0.388718
0.984073
0.814814
0.000000
6.295447
6.367638
9.847974
11.207955
-12.481494
-10.061790
4.480821
3.531718
1.283223
0.119461
1.401645
3.294220
0.589279
0.308306
-0.305825
-1.348383
0.031647
-1.718348
-0.890034
-0.856679
-0.135496
0.358091
0.803406
0.501679
0.000000
8.334916
9.223318
10.596997
10.990310
-6.872236
-5.974559
2.628192
2.345571
0.362978
-0.562931
1.203451
3.381516
0.588007
0.294663
-0.585498
-1.090156
-0.215287
-2.179598
-1.752495
-1.419754
-0.449598
0.141254
0.859982
0.881884
0.000000
6.677959
5.568097
9.972583
11.149368
-12.689091
-10.378414
4.547729
3.581492
1.304093
0.135083
1.664841
3.377787
0.624738
0.301558
-0.251897
-1.327987
-0.026233
-1.825263
-0.886832
-0.861913
-0.111583
0.425319
0.824089
0.464240
0.000000
8.664199
9.411405
10.840832
11.263364
-6.686990
-5.721918
2.626863
2.314352
0.326036
-0.663783
1.045177
3.347203
0.546957
0.266445
-0.572438
-1.007951
-0.187703
-2.086605
-1.784931
-1.437808
-0.357482
0.286324
0.957825
0.886345
0.000000
6.213502
5.169161
9.628757
11.397711
-13.133621
-10.797724
4.919057
3.871448
1.529327
0.245848
1.425996
3.325489
0.575513
0.282676
-0.277139
-1.344863
0.000000
-9.018378
-8.102575
-7.906526
-8.020605
-7.947319
-8.324109
-9.641953
-12.506166
-14.347365
-12.952756
-9.244821
-3.580500
-0.950171
-0.870058
-0.837200
-0.760073
0.196216
0.604884
0.612850
1.409989
0.840235
-0.120889
-0.759838
-0.297505
0.381689
0.500789
0.909561
0.721439
1.292021
0.508999
-0.449814
-1.587644
-1.506605
0.190362
0.752932
0.439121
-0.397857
0.000000
2.310117
3.838204
7.875458
10.159992
-9.646195
-11.827893
-8.554461
3.399309
2.175224
-0.216996
-1.422886
1.403554
0.733743
0.330875
0.614666
-1.736937
-0.566212
-1.505795
-3.273647
-1.115962
0.187880
1.095677
1.490607
0.928682
0.000000
7.688187
7.658468
9.730567
11.222708
-9.596274
-9.384800
-6.877069
2.710364
1.629526
-0.290262
-1.296268
2.121575
0.879253
0.280020
0.534322
-1.786160
-0.075708
-1.600437
-3.535812
-1.189762
0.070777
0.591782
1.301184
0.906603
0.000000
5.251766
6.615255
9.097924
10.447331
-9.050727
-7.910604
-7.471921
1.623765
1.162981
-0.129178
-0.684513
2.764781
1.682347
0.502046
0.498221
-2.237274
-0.471609
-2.050801
-3.850545
-1.101931
-0.371687
-0.037908
0.796088
0.908553
0.000000
7.715869
9.696512
11.159325
11.987709
-9.155523
-8.414082
-4.344245
3.808459
2.434726
0.479551
-0.219627
2.711742
1.614711
0.364715
0.229659
-2.201521
-0.437410
-2.003067
-3.995415
-1.289640
-0.546704
-0.146974
0.835637
0.814549
0.000000
6.333993
8.101219
9.903069
11.089378
-8.343780
-8.176026
-4.155205
3.690232
2.462850
0.597444
0.254517
2.897519
1.748114
0.434949
0.357549
-2.254237
-0.652975
-2.301354
-4.217402
-1.426323
-0.541134
-0.170804
0.756351
0.868209
0.000000
7.040130
9.062538
10.814491
11.811104
-8.291939
-8.630793
-4.039915
3.586065
2.133673
0.314319
-0.095390
2.772679
1.770517
0.476691
0.449219
-2.025606
-0.463257
-1.757578
-3.738652
-1.602985
-0.366982
0.049472
0.926345
0.791710
0.000000
5.683434
7.491192
9.482214
11.035569
-9.046399
-9.225278
-4.531418
3.894634
2.409387
0.557900
0.305537
2.735744
1.718549
0.411810
0.406290
-2.031042
-0.414147
-1.719875
-3.700238
-1.350748
-0.371263
0.079989
0.958812
0.827514
0.000000
6.222693
8.245297
10.291154
11.708222
-7.069217
-8.286444
-3.975675
3.422551
1.987372
0.240093
0.013994
2.621290
1.694763
0.441820
0.447865
-1.933270
-0.262576
-1.584149
-3.559653
-1.407543
-0.456463
0.029673
0.913801
0.794131
0.000000
5.860740
7.861190
9.339609
11.809292
-10.250911
-10.568724
-4.651539
3.876089
2.372180
0.506718
0.113558
2.657238
1.663647
0.372995
0.413954
-1.956521
-0.267311
-1.307355
-3.104557
-1.341473
-0.327141
0.327278
1.147429
0.881714
0.000000
6.079121
8.081020
10.334018
11.848195
-4.839186
-8.191240
-3.194363
3.274120
1.884392
0.218938
-0.249957
2.346211
1.636234
0.448569
0.510209
-1.877443
-0.108645
-1.440937
-3.318960
-1.355424
-0.503798
0.053938
0.912694
0.881254
0.000000
6.351057
8.523550
9.992992
12.409834
-7.270448
-9.067811
-4.097867
3.063670
1.889925
0.117083
-0.275932
2.573225
1.742008
0.475170
0.423589
-1.816871
-0.260498
-0.795439
-3.090168
-1.060600
-0.430632
0.046432
0.934920
0.770278
0.000000
6.233780
8.316808
10.486157
11.522908
-3.083050
-5.526435
-3.491949
2.794913
1.569072
-0.128628
0.621607
2.471204
1.681282
0.458428
0.388913
-1.604875
-0.263165
-1.204674
-3.467417
-1.367664
-0.639747
-0.072616
0.794794
0.829786
0.000000
6.042607
8.026503
8.717664
11.324772
-10.299273
-10.546262
-3.966157
3.082975
1.844078
-0.073169
-0.392463
2.598171
1.751051
0.449209
0.510315
-1.663067
-0.105329
-0.500093
-2.727437
-0.777193
-0.161426
0.343138
1.166025
0.795669
0.000000
6.424682
8.420239
10.790874
11.804982
-3.366338
-3.566874
-2.317805
2.624376
1.303521
-0.376521
-0.463534
2.231844
1.580712
0.422365
0.444496
-1.469794
-0.046774
-0.978660
-3.304761
-1.322735
-0.594813
0.010975
0.831733
0.906330
0.000000
6.386128
8.429794
9.002048
11.788000
-9.019642
-9.533071
-3.466090
2.993153
1.734101
-0.217727
0.163215
2.571982
1.725711
0.427922
0.466718
-1.572773
-0.120126
-0.602199
-2.931742
-0.934657
-0.293130
0.260645
1.103272
0.854952
0.000000
6.687173
8.643852
10.078444
12.440946
-3.386889
-5.101759
-2.378046
2.689148
1.318294
-0.460905
0.154926
2.321893
1.588874
0.366966
0.436375
-1.414706
0.011680
-0.734871
-3.172440
-1.230304
-0.518888
0.096285
0.828636
0.897198
0.000000
6.846307
8.824013
9.363880
12.925261
-7.707049
-8.352072
-2.533633
2.796228
1.541435
-0.423821
-0.074184
2.466456
1.647579
0.357230
0.415116
-1.429303
0.014029
-0.606343
-3.014113
-1.040542
-0.381311
0.182871
0.947203
0.895158
0.000000
7.217978
9.222937
10.389305
12.508004
-3.281188
-4.436836
-2.418372
2.920895
1.388157
-0.529541
0.105737
2.182878
1.627995
0.371038
0.437906
-1.280551
0.011937
-0.627497
-3.121876
-1.422843
-0.524015
0.196690
0.861323
0.909330
1.025009
0.000000
8.127199
8.250268
12.401937
-11.045816
-10.630022
-3.165680
3.162394
1.838773
-0.264490
-0.702805
2.254332
1.681089
0.388564
0.464108
-1.425701
0.211088
-0.313740
-2.693096
-0.606757
-0.044893
0.490509
1.272090
0.867881
0.693251
0.000000
8.444506
10.599871
11.932896
-3.442129
-3.292842
-2.194052
2.796977
1.291734
-0.499828
-0.009764
1.970044
1.527051
0.329433
0.419596
-1.328537
0.067891
-0.590645
-3.076062
-1.441915
-0.658084
0.134170
0.777850
0.920673
1.100969
0.000000
8.428145
8.391968
12.007252
-9.560035
-9.363682
-3.257100
3.122330
1.833423
-0.317853
0.117614
2.300361
1.702151
0.399032
0.461677
-1.370777
0.086123
-0.363695
-2.757958
-0.879584
-0.197667
0.454925
1.173035
0.908637
0.779219
0.000000
8.522814
9.692444
12.739515
-3.404300
-5.797402
-2.271530
2.810040
1.420332
-0.462485
0.010685
1.875211
1.523653
0.296419
0.165936
-1.331439
0.263752
-0.252990
-2.769490
-1.088405
-0.396953
0.346041
1.005754
0.923874
0.937609
0.000000
8.380359
9.340517
12.396162
-4.239551
-6.426932
-2.629654
2.867094
1.583766
-0.361297
0.008986
2.104977
1.630385
0.365408
0.436828
-1.352693
0.151272
-0.337456
-2.881457
-1.086373
-0.374815
0.338946
1.076261
0.933388
0.894916
0.000000
8.244362
9.294529
12.364981
-3.362599
-3.885483
-2.494902
2.899266
1.483086
-0.415048
0.038726
2.088181
1.621692
0.334766
0.406320
-1.295349
0.098379
-0.313125
-1.765646
-1.161559
-0.656760
0.158390
0.973058
0.913688
0.969438
0.000000
8.042835
8.192601
12.675428
-8.101808
-8.249817
-2.543203
2.765880
1.523936
-0.440440
-0.858253
2.158151
1.670891
0.337783
0.432864
-1.289827
0.253120
-0.121555
-1.456843
-0.691834
-0.388934
0.321371
1.219213
0.938432
0.816692
0.000000
8.446841
9.630681
12.723488
-3.528837
-3.417726
-2.329346
2.880409
1.353782
-0.505502
-0.193877
1.815894
1.542293
0.277546
0.395559
-1.253486
0.197091
0.099338
-1.324184
-1.202967
-0.661900
0.302123
1.099614
0.955230
0.945624
0.000000
7.550800
7.778461
12.309155
-8.083838
-9.272536
-2.346972
2.701433
1.483722
-0.409092
-0.885060
1.748671
1.613122
0.355661
0.479340
-1.333226
0.325768
0.472544
-1.014835
-0.570917
-0.312077
0.443882
1.328759
0.889479
0.690065
0.000000
7.760301
9.115183
12.420307
-3.675181
-3.779355
-2.274056
2.762436
1.362968
-0.419456
-0.699388
1.574455
1.510634
0.307176
0.442334
-1.323547
0.323729
0.541744
-1.050000
-0.989349
-0.595052
0.344943
1.182609
0.937399
0.875557
0.000000
7.444548
7.810657
12.220294
-5.164864
-7.726025
-2.587054
2.606613
1.455599
-0.339620
-0.667240
1.657904
2.374112
0.527949
0.508979
-1.369595
0.214223
0.000000
-9.049387
-8.357365
-9.647572
-10.941647
-13.162205
-14.571758
-13.573554
-6.743616
-3.747882
-2.782195
-2.704092
-1.045633
-0.924406
-0.478331
-1.992999
1.347539
3.608477
1.541844
-0.463787
-2.335024
-2.324321
-0.249869
-0.213664
0.433160
1.509686
1.708578
0.060660
-0.519879
-2.068517
-1.129066
0.555743
0.758490
1.013973
0.226790
0.000000
2.438925
5.128195
8.727274
12.423051
-11.539036
-10.668346
5.409613
3.966871
1.573063
-0.645886
-1.241470
2.089263
0.351451
0.451164
0.952886
-0.006940
-0.434039
-2.012235
-2.739344
-0.557207
1.083941
1.466444
1.388964
0.776660
0.000000
8.324872
8.902152
10.644782
10.949905
-9.899539
-8.291819
4.849036
3.585642
1.253469
-0.768694
-1.306740
2.574733
0.260047
0.347513
-0.143111
-1.084571
0.289721
-1.613252
-1.274176
-1.369245
-0.075779
0.808967
1.138165
0.812497
0.000000
7.292423
8.507551
10.536505
10.380481
-8.822349
-8.159435
3.738352
3.122948
1.218781
-0.229288
0.750770
3.039536
0.513978
0.338521
-0.545091
-1.318648
0.011187
-1.779914
-1.355786
-1.413448
-0.262755
0.527965
1.056326
0.778920
0.000000
6.289928
7.465699
9.705599
10.189559
-10.485328
-8.970296
3.707418
3.060361
1.147741
0.039184
1.407352
3.164775
0.595121
0.311770
-0.507718
-1.191893
0.261023
-1.531499
-0.997061
-1.186487
-0.190195
0.574858
1.031406
0.616523
0.000000
6.483126
7.620337
9.835132
11.054226
-10.443187
-8.066216
3.337094
2.831357
1.000504
-0.183319
1.065944
3.014884
0.462087
0.266063
-0.635367
-0.830479
0.544994
-1.416863
-0.928706
-1.081823
-0.174931
0.562133
1.030850
0.681392
0.000000
7.002132
8.093002
10.422744
11.713240
-9.976897
-6.585817
2.771945
2.524898
0.633372
-0.573217
0.796750
2.963477
0.425531
0.277605
-0.490680
-0.710906
0.415774
-1.303263
-1.127992
-1.162950
-0.136570
0.605117
1.084856
0.777612
0.000000
6.526986
6.478846
10.154592
11.674157
-12.424695
-8.475086
3.235662
2.783955
0.807169
-0.486509
0.878289
2.987315
0.427212
0.263998
-0.496854
-0.648598
0.672628
-0.991567
-0.764058
-0.802398
0.074288
0.792024
1.138465
0.583057
0.000000
6.278576
7.459010
9.919900
11.441095
-10.328212
-6.408243
2.865396
2.472865
0.615512
-0.586484
0.573620
2.822280
0.383068
0.270639
-0.491930
-0.577882
0.737532
-0.861461
-0.850813
-1.030800
-0.061826
0.719306
1.117580
0.756817
0.000000
6.764466
6.706403
10.436698
12.445630
-11.827921
-6.914660
2.829313
2.543751
0.654744
-0.605335
0.683593
2.896995
0.366786
0.254967
-0.520159
-0.529029
0.773480
-0.688411
-0.776304
-0.935418
-0.004412
0.737800
1.109757
0.710739
0.000000
7.343472
8.426345
10.813561
12.362719
-7.001232
-4.044545
2.811902
2.346445
0.308732
-0.796360
0.453451
2.778237
0.302554
0.231203
-0.345311
-0.453602
0.525492
-0.563242
-1.208327
-1.144308
0.245466
0.965542
1.231392
0.840721
0.000000
5.421875
5.428930
9.534961
12.558991
-13.608143
-8.447766
2.987619
2.527575
0.706598
-0.543127
0.657252
2.913178
0.455935
0.301579
-0.294895
-0.512426
1.005414
-0.112618
-0.352728
-0.430107
0.288088
0.970242
1.175710
0.466260
0.000000
5.605746
6.961950
9.547209
12.070465
-9.352056
-3.023559
2.519138
1.945698
0.184774
-0.694309
-0.008928
2.715441
0.447274
0.378383
-0.300964
-0.334695
1.186960
0.058285
-0.502438
-0.734284
0.128916
0.887022
1.140188
0.628431
0.000000
4.885126
5.578635
9.201334
12.376716
-12.829061
-6.285453
2.517301
2.249431
0.606840
-0.380414
0.385570
2.858007
0.487282
0.373428
-0.295037
-0.514879
1.273057
0.506346
-0.137541
-0.488570
0.157795
0.833953
1.063511
0.482707
0.000000
6.182604
7.536636
10.076082
12.363619
-5.972930
-3.216501
2.642462
1.884025
0.125879
-0.662185
0.016564
2.680315
0.433974
0.379950
-0.237411
-0.294013
1.099389
0.141155
-0.632770
-0.862162
0.100751
0.897637
1.161586
0.676114
0.000000
4.639147
5.041721
9.112988
12.724938
-13.715352
-7.534317
2.575439
2.389999
0.773127
-0.295162
0.479002
2.888778
0.463460
0.333310
-0.323488
-0.473380
1.381696
0.892769
-0.017578
-0.452627
0.200302
0.871914
1.065873
0.473518
0.000000
6.882842
8.490991
10.422590
12.066180
-3.850957
-2.553092
3.015790
1.509181
-0.269085
-1.023844
-0.310795
2.549862
0.374211
0.332923
-0.121229
-0.107553
0.997469
0.219735
-0.877913
-1.117276
0.081427
0.959850
1.163683
0.834614
0.000000
4.816931
4.958149
8.126977
12.406823
-14.639302
-9.101504
3.093006
2.628310
0.867153
-0.447193
0.681879
2.862275
0.376904
0.248189
-0.286971
-0.379355
1.373471
0.966521
0.139761
-0.185234
0.457741
1.131939
1.203613
0.429615
0.000000
6.787118
8.460090
10.622041
12.050336
-3.920131
-1.946573
3.294794
1.384423
-0.434260
-1.263922
-1.017109
2.326139
0.555749
0.351025
-0.141085
-0.097605
0.949991
-0.103888
-1.006794
-1.278470
-0.004540
0.919405
1.131244
0.988897
0.000000
6.278975
5.863276
8.855926
12.880059
-14.879336
-7.525701
3.057138
2.532698
0.594980
-0.779375
0.560400
2.850901
0.570287
0.284978
-0.223497
-0.242579
1.014168
0.001504
-0.442911
-0.502976
0.367484
1.079556
1.356456
0.731287
0.000000
7.938888
8.886142
11.610552
12.876190
-3.900383
-2.033381
3.427632
1.530772
-0.467609
-1.416758
-0.961013
2.387878
0.426064
0.184433
-0.133240
-0.027022
0.662278
-0.036956
-1.207807
-1.382896
0.155393
1.041653
1.183664
0.959599
0.000000
6.543807
5.823636
8.874455
13.138820
-15.187992
-8.211546
3.365956
2.733911
0.614755
-0.938678
0.324480
2.719184
0.487397
0.266917
-0.155943
-0.181223
0.936502
-0.077315
-0.472260
-0.507739
0.474531
1.211504
1.449105
0.738166
0.000000
7.142540
7.180459
11.273324
13.761512
-7.742416
-2.638045
3.042500
1.869140
-0.041853
-1.066638
-0.449852
2.456491
0.475669
0.226254
-0.238421
-0.165758
0.899021
-0.155025
-0.898462
-1.197269
-0.062951
0.885028
1.221878
0.973006
0.000000
6.972764
6.579230
10.672371
13.672589
-13.107605
-3.334549
2.649430
2.153757
0.207191
-0.937668
0.051916
2.856015
0.641204
0.288873
-0.156909
-0.333618
0.738196
0.071281
-0.798202
-0.862216
0.262154
1.086159
1.383699
0.830841
0.000000
6.159537
5.970028
10.279830
13.804423
-12.341515
-4.588399
2.737826
2.060719
0.262516
-0.832477
-0.480095
2.649981
0.602567
0.305254
-0.229970
-0.942964
1.130107
-0.048077
-0.255673
-0.517669
0.121331
0.946391
1.330070
0.735806
0.000000
6.177856
6.505149
10.194156
12.875168
-8.043866
-4.747331
2.693047
2.230330
0.415110
-0.569708
-0.026981
2.712276
0.632141
0.283697
-0.288832
-1.068383
0.876079
-0.224727
-0.760242
-1.011064
-0.058424
0.896737
1.318361
0.840613
0.000000
5.591691
5.792532
9.907916
13.077628
-12.181910
-5.751440
2.343492
2.179416
0.504714
-0.588657
0.090704
2.776039
0.658020
0.304363
-0.238689
-1.103164
0.965940
-0.029909
-0.352418
-0.633888
-0.010834
0.837662
1.282076
0.785194
0.000000
7.273007
7.371086
11.255836
13.347672
-3.689963
-4.563761
3.116798
2.071384
0.192939
-0.761745
-0.257662
2.624119
0.551022
0.207786
-0.240950
-0.903805
0.795315
-0.297161
-1.030731
-1.272311
-0.072741
0.987883
1.324403
0.955956
0.000000
5.683759
5.756946
9.390889
12.894097
-13.544801
-7.399800
2.534891
2.240559
0.519503
-0.710547
-0.002739
2.782470
0.633217
0.265859
-0.208861
-0.981996
1.056814
0.138839
-0.250914
-0.531615
0.263673
1.093469
1.423155
0.742441
0.000000
6.441473
6.906689
10.562334
13.197305
-4.702302
-4.307222
3.100494
2.055630
0.241335
-0.793431
-0.104788
2.321645
0.542639
0.273071
-0.109442
-0.971553
0.000000
-8.451660
-7.875740
-7.858513
-7.947865
-11.742359
-12.689430
-13.413795
-12.040687
-6.181403
-1.590881
-1.300349
-1.261719
-1.365156
-1.624057
-1.538037
-1.384341
-0.972387
3.193623
1.165948
-0.334116
-1.453872
-1.667815
-0.624351
-0.192637
1.071550
2.033651
2.571781
0.236336
-0.295153
-1.355030
-1.778134
-0.377002
0.070156
-0.100921
-0.083091
0.000000
1.036622
4.443015
8.182169
11.610540
-12.525131
-12.436948
7.553027
6.149706
3.262384
0.489566
-2.531815
1.073372
0.138297
0.337487
0.878807
1.120634
-0.892668
-2.160539
-2.640652
-1.010953
1.511295
1.618332
1.650092
-0.064889
0.000000
11.732827
12.422785
13.952294
13.674027
-11.967990
-10.439130
5.795871
4.279495
1.680644
-1.206215
-1.967898
1.569909
0.106198
0.285819
-0.511910
-1.823492
0.603621
-1.157000
-0.924462
-1.296079
-0.266367
0.951874
1.551535
1.085746
0.000000
7.191087
8.596670
10.379510
11.203566
-9.138983
-9.102994
2.567754
2.374586
0.946336
-0.290960
-1.266272
2.961528
0.762893
0.329659
0.524166
-2.145896
0.111460
-1.096884
-1.100818
-1.275891
0.134318
1.137844
1.526209
0.900772
0.000000
4.528758
5.955886
8.666491
10.894253
-11.014738
-11.726695
4.411072
3.538182
2.030251
0.755770
-0.307337
2.786366
0.710638
0.286469
0.591743
-2.318840
0.243519
-0.580334
-0.485374
-0.693543
0.465476
1.272813
1.450643
0.744469
0.000000
4.628117
6.098064
8.724325
10.665940
-9.424376
-9.316667
2.035325
2.257318
1.096135
0.052544
-0.716960
2.569793
0.663644
0.421245
0.767671
-1.911264
0.828159
0.366597
-0.198135
-0.816467
0.300269
1.143521
1.329772
0.700214
0.000000
4.432391
6.070623
8.725745
10.707329
-9.050454
-7.435932
2.010684
2.147559
0.878477
-0.165638
-0.828552
2.390099
0.626109
0.445324
0.804021
-1.758954
1.052886
1.311990
0.098275
-0.807365
0.244377
1.014691
1.226745
0.658364
0.000000
4.948178
6.455376
9.337247
11.372870
-6.615283
-5.441680
2.097677
2.258917
0.845467
-0.226256
-0.910595
2.393269
0.582768
0.426050
0.006409
-1.598857
1.311267
1.515335
0.147826
-0.831057
0.110003
0.898803
1.179415
0.665483
0.000000
5.455615
6.930284
9.863169
11.952932
-3.667180
-4.941313
2.476267
2.149096
0.605329
-0.379056
-0.773814
2.289107
0.668029
0.463987
-0.070155
-1.242695
1.201434
0.557394
-0.251102
-0.932725
-0.013834
0.886229
1.257561
0.758280
0.000000
5.046026
6.296125
9.226238
12.540282
-7.692878
-5.213028
2.048028
2.321364
0.755130
-0.329430
0.378587
2.554798
0.692282
0.348519
-0.168909
-1.142270
1.262685
0.842101
-0.046610
-0.705538
0.077074
0.882699
1.268222
0.703784
0.000000
6.452240
7.384004
10.883596
13.270584
-4.113793
-3.593003
3.489457
1.782349
-0.020446
-1.042641
-0.693115
2.193897
0.531215
0.246778
-0.186460
-0.646871
1.238954
0.509768
-0.537337
-1.033717
0.117906
1.200211
1.392317
0.914799
0.000000
5.413911
6.366443
8.532194
13.323478
-14.050645
-4.212752
2.450418
2.250214
0.479424
-0.824686
0.085975
2.484806
0.508152
0.169647
-0.223989
-0.733399
1.390561
0.605152
0.014403
-0.343347
0.460913
1.289818
1.518764
0.795030
0.000000
7.082337
8.336971
11.638657
12.533387
-4.112921
-2.401805
4.356378
1.431066
-0.656655
-1.668343
-1.821606
1.937684
0.434827
0.117377
-0.043438
-0.316401
1.150354
0.448311
-0.822555
-1.119629
0.186277
1.400015
1.450758
0.934644
0.000000
4.172227
4.363050
6.083495
12.192739
-15.471722
-8.926847
2.625950
2.501209
0.774232
-0.763023
0.430051
2.502819
0.564735
0.169883
0.163309
-0.792182
1.158724
0.855827
0.117573
-0.230161
0.805306
1.560635
1.724515
0.678185
0.000000
4.476695
6.164765
9.393879
11.696993
-4.152386
-3.135882
3.786330
1.837459
-0.002500
-1.044773
-1.561558
1.735224
0.410199
0.243729
0.072117
-0.659974
1.415894
0.535570
-0.219085
-0.560241
0.101548
1.002086
1.330203
0.820585
0.000000
4.953076
6.276369
9.203485
13.063600
-12.904843
-4.786033
2.351780
2.153638
0.522540
-0.556000
0.028283
2.507818
0.675721
0.266194
-0.071995
-1.002707
1.170079
0.844646
-0.180908
-0.633015
0.208091
1.027924
1.407704
0.714356
0.000000
4.967508
6.132093
9.363452
12.680338
-9.195945
-4.329915
2.778962
2.026818
0.390499
-0.632558
-0.474786
2.233126
0.611317
0.288857
-0.057617
-0.927107
1.353983
0.861177
-0.058686
-0.534035
0.158276
0.955634
1.343670
0.699566
0.000000
4.731308
5.973277
9.684529
12.277941
-6.749007
-4.710229
2.632574
2.033148
0.435673
-0.510533
-0.349043
2.280014
0.672230
0.329712
0.059438
-1.042883
1.263254
1.014357
-0.102600
-0.720418
0.131791
0.963973
1.339370
0.669803
0.000000
4.138661
5.425159
8.498566
11.977242
-11.574262
-4.500938
2.225750
2.152047
0.668835
-0.407567
-0.197385
2.339768
0.650120
0.293290
-0.090980
-1.118298
1.364152
0.923929
0.143060
-0.412370
-0.009058
0.791723
1.270083
0.764538
0.000000
5.924140
7.368275
10.615793
12.774995
-4.039104
-3.961381
3.234818
1.691523
0.027686
-0.876070
-1.229775
2.137075
0.887856
0.376480
0.075135
-0.880367
1.023191
0.432211
-0.694195
-1.147749
-0.206808
0.950303
1.374222
0.923369
0.000000
4.692382
5.747435
7.419946
12.554786
-14.016681
-7.276484
2.407345
2.239337
0.678337
-0.554245
0.118483
2.526831
0.899668
0.262674
0.123729
-0.997206
1.134752
0.784669
-0.120649
-0.517599
0.265549
1.117231
1.515329
0.866480
0.000000
6.409532
7.407555
11.139998
13.438224
-4.155278
-3.225479
3.756615
1.690458
-0.119667
-1.147775
-1.604619
1.840265
0.720382
0.251282
0.064816
-0.675980
1.203907
0.427358
-0.595692
-0.970520
-0.063612
1.072412
1.436014
0.969400
0.000000
5.285811
6.462773
8.499715
13.319111
-13.615467
-6.501801
2.501808
2.225168
0.629138
-0.624531
-0.403401
2.453823
0.858565
0.232827
-0.108524
-0.930229
1.154278
0.556601
-0.243257
-0.606709
0.261182
1.150958
1.565121
0.891250
0.000000
5.774529
6.961185
10.565445
13.038992
-4.028626
-4.184025
3.292469
1.955046
0.241012
-0.777575
-1.256036
2.048390
0.758024
0.259185
0.229151
-0.963429
0.995938
0.091416
-0.779729
-1.101161
-0.180074
0.961892
1.431803
1.023118
0.000000
5.925020
7.269393
9.536050
13.511019
-10.366787
-5.141242
2.691019
2.298759
0.537789
-0.644614
-0.404708
2.447800
0.887628
0.245458
-0.031904
-0.951953
0.958602
0.054518
-0.284959
-0.651900
0.134687
1.036188
1.495346
0.872128
0.000000
5.100730
6.443308
9.370884
12.829250
-7.562834
-4.039783
-1.506643
2.279061
0.617348
-0.479892
-0.487577
2.218544
0.807407
0.234725
-0.014657
-1.071936
1.045914
0.154264
-0.280035
-0.515546
0.049626
0.927706
1.441287
0.889139
0.000000
5.417074
6.883092
9.975619
13.005682
-3.936942
-4.081195
-1.380129
2.177680
0.505477
-0.511068
-0.549382
2.212065
0.824705
0.247911
0.072774
-1.034655
0.924991
0.046738
-0.464628
-0.890227
-0.081950
0.920052
1.428586
0.937637
0.000000
5.062984
6.517545
9.192534
12.811299
-7.280509
-4.004657
-1.663469
2.308724
0.705059
-0.400060
-0.437684
2.322225
0.873467
0.254119
0.128608
-1.109725
0.963257
0.118257
-0.245068
-0.680437
0.062755
0.978858
1.468139
0.889087
0.000000
5.203206
6.726424
10.230036
12.745096
-4.020411
-4.126826
-1.164424
2.065920
0.367417
-0.630183
-1.228740
2.093197
0.816882
0.243762
0.180770
-0.992605
0.931573
0.081796
-0.505180
-0.946267
-0.107228
0.964018
1.453376
0.975000
0.000000
5.168879
6.649667
8.899965
13.079599
-9.242659
-3.989007
-1.641997
2.325543
0.725552
-0.441279
-0.430072
2.356374
0.872203
0.209713
0.042720
-1.060464
1.040570
0.000000
-7.677758
-8.684306
-8.257640
-8.132529
-7.861758
-7.999993
-8.853497
-9.508714
-12.215932
-13.841763
-12.608527
-9.516816
-4.256659
-0.381222
-0.451982
-0.743280
-0.938445
-0.974906
-1.300458
-1.304487
2.284628
0.894522
0.566775
0.456610
0.270918
0.191264
0.348097
0.550663
0.648990
0.572461
0.268332
0.219497
0.238650
0.245201
-0.723196
-0.411843
0.482483
0.948230
1.385918
1.229190
1.373837
3.497819
2.276606
2.697128
1.002627
-1.842523
-2.554485
-1.134340
0.785958
4.526371
-1.161354
-0.090461
1.684019
0.454105
-1.803005
-2.035678
0.000000
5.533637
2.213382
0.080246
5.144148
-10.068035
-7.484674
5.585508
3.356177
-0.306358
0.116943
0.338340
1.489039
-0.788659
-1.137267
0.518754
0.952448
-0.662615
-2.466088
-2.920439
-0.725170
1.698517
2.742521
2.381678
0.989548
0.000000
4.974859
6.668602
9.652684
12.139875
-10.354625
-7.354019
3.743001
2.691681
0.689467
-0.961034
-1.413489
2.212110
0.221075
0.353598
0.872397
0.212372
-0.575861
-2.027654
-2.187980
-0.412904
1.172180
1.558915
1.590365
0.479580
0.000000
2.040251
3.850993
6.414918
9.239211
-10.264716
-9.067533
1.855767
2.024393
0.760860
-0.148351
0.612095
3.340270
0.841273
0.426396
0.661821
-1.012063
-0.030292
-2.236921
-1.538646
-0.576650
0.718389
1.252055
1.324044
0.663617
0.000000
4.378249
5.803397
8.554752
11.028093
-9.437396
-7.739070
2.842951
2.172723
1.016245
0.211731
-0.979473
3.119412
0.397362
0.450485
1.100448
-0.948220
0.287644
-0.834780
-0.740151
0.046432
1.240509
1.494484
1.168028
0.340392
0.000000
3.770638
5.685869
7.932686
10.006734
-9.389082
-9.012408
2.550524
2.232422
0.943572
0.078258
0.161861
3.173449
0.703382
0.470556
0.803998
-1.093430
0.187946
-1.412325
-1.337767
-0.701690
0.756430
1.283732
1.325076
0.673258
0.000000
3.701116
5.047096
8.086827
10.764847
-10.684973
-8.363684
3.183295
2.431854
1.247661
0.503446
-0.819762
3.090639
0.487937
0.472185
1.058218
-0.124939
0.365782
-0.250299
-1.244281
0.347030
1.360282
1.327868
1.120101
0.302405
0.000000
3.549591
5.418910
7.812255
10.073074
-9.225776
-7.724119
2.681739
2.308009
1.022821
0.112743
0.075752
2.930008
0.625051
0.454250
0.871320
-0.695918
0.610554
-0.902797
-0.995255
-0.606286
0.739078
1.203554
1.218341
0.590949
0.000000
3.883210
5.625962
8.172002
10.681361
-10.170369
-7.424201
2.394508
1.937634
0.769805
0.076836
-1.148371
2.968606
0.506828
0.490303
1.075518
-0.900688
0.733047
0.451120
0.006559
0.185671
1.143094
1.355366
1.068558
0.266812
0.000000
4.254619
6.211348
8.569618
10.572318
-8.717318
-6.395699
2.512346
2.112974
0.854937
0.038168
-0.292507
2.937910
0.584164
0.477499
0.887730
-0.795752
0.704872
-0.509109
-0.615569
-0.632808
0.647818
1.128479
1.198785
0.636346
0.000000
4.091747
5.620339
8.263762
10.928432
-11.106968
-7.876573
2.494714
2.072019
0.804274
0.039026
-0.372399
2.868328
0.515050
0.430047
0.465474
-0.803890
1.322713
0.710967
0.355376
-0.054650
0.777320
1.106904
1.045849
0.363354
0.000000
5.157241
6.466867
8.951201
11.044395
-8.680908
-4.291579
2.471816
1.807422
0.468204
-0.274410
-0.701191
2.649016
0.452312
0.470393
-0.294077
-0.443521
1.577485
0.345243
0.166435
-0.359742
0.602203
1.002015
1.088769
0.529591
0.000000
4.358324
6.111068
8.802304
11.249807
-10.503445
-4.482709
2.332511
1.859235
0.479490
-0.237112
-0.254473
2.824140
0.504369
0.478514
-0.228139
-0.307941
1.662571
0.939796
0.316727
-0.294363
0.569503
0.843768
1.061903
0.471551
0.000000
5.182906
7.059876
9.430314
11.724398
-3.879006
-3.170629
2.824262
1.787322
0.223058
-0.500194
-0.414494
2.546931
0.396446
0.423799
-0.211156
-0.100204
1.472697
0.781650
-0.163973
-0.551741
0.590636
1.063569
1.179889
0.668651
0.000000
4.755385
5.739112
9.546777
12.620760
-7.550458
-3.504749
2.673306
2.032866
0.343741
-0.573326
0.083714
2.646199
0.334752
0.336181
-0.268095
-0.017677
1.594553
0.948071
0.072660
-0.337629
0.601323
1.014252
1.141642
0.617806
0.000000
6.798912
8.391908
11.023189
12.812131
-4.173885
-1.398594
3.460454
1.160611
-0.595447
-1.413734
-1.013673
2.296173
0.139335
0.177975
-0.117745
0.498684
1.148085
0.592929
-0.885418
-1.089807
0.597088
1.496600
1.318035
0.895545
0.000000
6.160892
6.034753
9.135957
13.507604
-12.492085
-2.686874
3.361422
2.136119
-0.117570
-1.645004
-0.139336
2.345710
-0.069959
0.158849
-0.019721
0.520626
1.608724
1.608971
-0.114896
0.037544
1.443099
1.937537
1.640702
0.631429
0.000000
6.057353
8.230814
10.828246
12.755095
-4.305514
-0.086110
3.719177
0.851762
-0.923208
-1.773853
-2.249849
1.822956
0.014505
0.144278
0.066519
0.722698
1.591249
1.072774
-0.355948
-0.624289
0.702029
1.543374
1.404576
0.832454
0.000000
4.800397
5.237414
8.959805
13.760180
-13.424085
-3.252161
2.730320
1.914510
0.082032
-1.022164
0.192755
2.623923
0.230058
0.206703
-0.081407
0.081139
1.515378
1.647720
0.019038
-0.177961
0.938475
1.406652
1.414881
0.567759
0.000000
5.096148
6.611192
9.983828
12.637253
-4.294952
-1.565077
3.258121
1.237074
-0.421779
-1.249738
-1.268717
2.127437
0.165785
0.213395
0.010530
0.544584
1.585131
1.317525
-0.290263
-0.652796
0.497226
1.280425
1.299792
0.773233
0.000000
4.843165
5.434782
9.238504
13.586673
-12.669478
-3.087638
2.689169
1.811772
0.082247
-0.925986
0.039005
2.534094
0.246844
0.199590
-0.093316
0.234174
1.613030
1.579427
-0.029088
-0.327818
0.700211
1.241574
1.326140
0.613689
0.000000
5.598294
6.178481
10.484232
13.397079
-4.211197
-1.860689
3.226246
1.406901
-0.249447
-1.107034
-1.129161
2.191273
0.158004
0.188956
-0.013037
0.310476
1.493272
1.310513
-0.303406
-0.597797
0.591804
1.323138
1.352680
0.733619
0.000000
4.415961
5.116993
9.577638
13.276325
-11.701918
-3.287011
2.611939
1.882784
0.213462
-0.744291
-0.245697
2.517472
0.280971
0.227342
-0.113060
0.032771
1.647076
1.607287
0.130059
-0.361906
0.607968
1.135062
1.350592
0.676536
0.000000
5.636867
7.243804
10.264209
12.754571
-4.199108
-1.950603
3.121305
1.314315
-0.292142
-1.063622
-1.720933
2.182024
0.506830
0.305053
-0.079917
0.309399
1.328761
0.900933
-0.608348
-0.983728
0.191188
1.138439
1.293812
0.957999
0.000000
6.161960
6.508296
9.610643
13.700446
-12.136621
-2.921677
2.922677
1.740906
-0.071324
-1.140075
-0.034260
2.564280
0.433317
0.189146
-0.157265
0.405520
1.349285
1.144121
-0.523330
-0.713261
0.617454
1.486700
1.601686
0.925947
0.000000
6.716126
6.759229
11.603593
14.662031
-4.250572
-1.422408
3.379296
1.317620
-0.436682
-1.415852
-1.324626
2.111899
0.310287
0.134907
-0.036258
0.536033
1.420253
1.141331
-0.452790
-0.758223
0.548878
1.455498
1.529105
0.949608
0.000000
5.946289
6.214108
10.591427
14.264236
-10.032977
-2.701866
3.026526
1.680537
-0.078808
-1.095591
-0.571116
2.388549
0.446376
0.192938
-0.058100
0.155620
1.255145
0.585383
-0.452950
-0.574273
0.619967
1.398621
1.570948
0.904699
0.000000
5.440797
5.775384
10.368816
13.745473
-8.328386
-2.661299
2.923713
1.690722
0.027989
-0.925241
-0.850637
2.383626
0.473446
0.210176
-0.137521
0.124076
1.375578
0.855813
-0.353015
-0.597887
0.514820
1.215996
1.453188
0.857534
0.000000
5.614367
5.967194
10.402822
13.663654
-7.508651
-4.019273
3.436954
1.867101
0.110766
-0.817260
-0.917458
2.370018
0.485801
0.211091
-0.170066
-0.489205
1.357797
0.569630
-0.250972
-0.507847
0.528977
1.205759
1.454685
0.812230
0.000000
5.012255
6.104835
9.976999
12.968471
-5.280234
-4.261602
3.352589
1.915416
0.195408
-0.687874
-0.770895
2.380076
0.510123
0.216466
-0.124190
-0.442605
0.000000
-8.544634
-8.046491
-7.991757
-7.749209
-7.736581
-5.683273
-2.080169
-0.922800
-0.729273
-0.892404
-1.044704
-1.076187
-1.162565
-1.175959
-1.127955
-0.996286
-4.947600
-7.679132
-7.335042
-1.274156
0.066343
-0.034049
-0.347676
0.107184
0.731799
0.981263
4.999911
-11.698761
-10.235474
-10.028161
-9.262340
-8.757204
-8.870684
-8.429352
-8.657896
-8.257309
-8.414622
-8.590970
-8.629904
-7.057096
-7.491885
-6.087978
-3.931459
-1.082803
-1.299032
-1.268081
-1.030888
-0.805823
-0.599874
-0.458501
-0.426444
-0.617463
-0.748700
0.648185
2.856033
8.776483
7.171834
2.026393
-1.703138
-3.479494
-1.724790
-0.144255
-0.331238
-0.844544
-0.634494
-1.638326
-4.200293
-7.024894
-5.171196
-7.275528
-5.142899
2.095387
2.933813
3.990079
4.454566
3.160050
0.628996
-1.223835
-0.164403
-1.006585
-0.630416
-2.187928
-0.999732
2.374228
-2.428535
-5.047124
-5.021738
-4.130867
0.271570
1.218474
-9.272845
-7.112206
-6.978282
-5.361042
0.000000
11.842446
12.279732
9.309076
11.399193
-10.953034
-15.741599
5.680815
-0.322442
0.000000
-18.215687
-9.256337
-8.669063
-8.448616
-9.022455
-10.488601
-13.651129
-14.376295
-12.641734
-8.440805
-1.929017
0.347706
0.182543
0.124264
0.011204
0.137952
-0.055130
1.449017
1.639059
0.017635
0.433202
0.433096
0.140409
-0.281273
0.227037
-0.330034
0.498495
0.818697
1.709066
2.077971
1.754073
0.325093
-0.504162
-2.063347
-1.320186
-0.436796
-1.019127
-1.047917
-1.878487
0.000000
2.389040
3.812656
8.392695
13.911488
-14.813622
-12.690722
6.985219
4.987956
2.022879
-0.654518
-2.731160
0.295652
0.065072
0.011801
1.090080
0.989792
-0.766838
-1.626038
-2.794435
-1.539485
0.793203
1.552271
1.843038
1.182026
0.000000
8.392138
8.429229
9.776720
11.078848
-10.425614
-8.206773
5.699622
4.255610
1.628441
-0.877195
-1.805444
2.142535
0.441584
0.303609
0.682115
-1.208055
-0.936958
-2.195575
-2.082573
-1.349396
0.818789
1.675272
1.867155
1.085387
0.000000
6.723167
8.135697
9.998646
11.380259
-9.117352
-7.228993
4.190763
3.461733
1.788413
0.209799
-1.144797
2.461445
0.512348
0.236188
0.468707
-1.132393
-0.776121
-1.343423
-1.692945
-1.313628
0.833113
1.704590
1.872674
0.995943
0.000000
4.268247
5.925817
8.190825
10.153507
-10.391655
-9.776504
2.284746
2.210487
1.112533
0.205308
-0.766214
3.199553
0.901783
0.387900
0.678411
-0.190314
-0.740962
-0.732446
-2.250151
-0.554548
1.303648
1.518872
1.700518
0.655141
0.000000
2.601596
4.445126
7.018061
9.392479
-9.975614
-8.843909
0.801829
1.149993
0.310353
-0.322969
-1.208904
2.796465
0.813662
0.404792
0.853507
-1.329428
0.106791
-0.281413
-0.450383
-0.258290
1.139467
1.458649
1.445390
0.483939
0.000000
2.812396
4.767188
7.384748
9.616982
-9.809460
-8.841677
0.429894
1.021569
0.185916
-0.421004
-1.346016
2.637687
0.821353
0.414207
0.820785
-1.229411
-0.116074
-0.400820
-0.661566
-0.369176
1.028587
1.459617
1.509043
0.571298
0.000000
2.804106
4.904746
7.454235
9.648462
-9.804802
-8.720814
1.740123
1.756330
0.833500
0.100927
-1.169435
2.713946
0.667728
0.289028
0.817725
-1.264630
0.190712
-0.282860
-0.520504
-0.397440
1.082964
1.494325
1.522158
0.568923
0.000000
3.376420
5.276700
7.830527
9.891060
-9.776641
-8.849645
2.084501
2.131507
1.034843
0.160736
-1.201918
2.643234
0.710206
0.291866
0.756074
-1.466980
-0.038285
-0.381563
-0.572365
-0.509138
0.913651
1.447292
1.550663
0.650055
0.000000
3.596602
5.558342
8.024975
10.019965
-9.811208
-8.808194
3.213918
2.716687
1.551319
0.633223
-1.070594
2.647537
0.622675
0.214253
0.739996
-0.822449
-0.062971
-0.217597
-1.260286
-0.524272
1.066596
1.423239
1.587132
0.629267
0.000000
3.397810
5.262185
7.807364
9.869408
-9.942154
-8.995045
3.076644
2.688779
1.479040
0.499833
-1.150117
2.602450
0.618704
0.224131
0.737961
-0.714570
-0.023250
-0.092608
-1.202073
-0.430028
1.054651
1.387983
1.576544
0.605049
0.000000
2.983285
4.892335
7.502238
9.682916
-9.686493
-9.032636
1.987669
1.986685
0.934108
0.134510
-1.091484
2.569203
0.708101
0.279569
0.779533
-0.605029
-0.009605
-0.051223
-1.151434
-0.285579
1.123605
1.373082
1.541767
0.517571
0.000000
2.378192
4.338898
7.060833
9.341431
-9.778107
-8.668437
0.916850
1.298781
0.401902
-0.237504
-1.358591
2.521427
0.744691
0.335657
0.826324
-1.164485
0.184872
0.026678
-0.307795
-0.212359
1.050506
1.419271
1.471679
0.488721
0.000000
2.708049
4.780061
7.458193
9.607931
-9.672042
-8.309164
1.250208
1.501932
0.584558
-0.121382
-0.992255
2.385263
0.714214
0.291710
0.800428
-1.147573
0.169846
-0.097022
-0.344207
-0.276708
1.022001
1.413960
1.505913
0.531344
0.000000
2.572134
4.212766
7.229868
9.516635
-9.907398
-9.189318
0.347926
1.063791
0.203468
-0.443190
-1.126660
2.375158
0.754443
0.342716
0.801432
-1.139777
0.147240
-0.031927
-0.269011
-0.124324
1.090817
1.434403
1.514483
0.494611
0.000000
2.030831
3.745435
6.764893
9.174778
-9.784356
-8.967511
-0.274832
0.532356
-0.186845
-0.661714
-1.221305
2.284503
0.801375
0.403344
0.841717
-0.931589
0.155117
-0.117080
-0.363396
-0.128999
1.102528
1.421187
1.520673
0.448605
0.000000
1.367214
3.165440
6.199871
8.737241
-10.394103
-9.557203
-0.143722
0.585101
-0.146105
-0.597151
-0.656397
2.315012
0.839134
0.394389
0.803102
-0.819340
0.499131
-0.524618
-0.485084
-0.304562
0.976842
1.343680
1.538644
0.474661
0.000000
1.556117
3.587676
6.438412
8.994869
-10.586226
-9.475902
-0.225256
0.794749
0.022249
-0.626911
-0.835396
2.250718
0.753293
0.285326
0.817998
-0.902865
0.333404
-0.190655
-0.093927
0.070493
1.166020
1.413750
1.474919
0.392409
0.000000
2.159941
3.788013
6.969981
9.227988
-9.258182
-8.466473
-0.096372
0.825817
0.096842
-0.594228
-1.299573
2.265525
0.736181
0.332273
0.765590
-1.567759
0.237691
-0.912339
-0.840566
0.019574
1.414832
1.599051
1.603209
0.598878
0.000000
2.675148
4.467493
7.443398
9.498031
-9.369641
-9.014384
-0.178964
0.689588
0.040621
-0.553153
-1.158983
2.473801
0.734706
0.340401
0.770982
-1.396972
0.053659
-0.262242
-0.529573
-0.561467
0.923496
1.460224
1.639724
0.542250
0.000000
1.428206
3.335938
6.442204
8.767671
-9.878901
-9.615955
-0.037982
0.675351
0.025420
-0.405463
-1.015983
2.476975
0.874562
0.373852
0.742350
-1.274481
-0.100915
-0.449177
-0.498053
-0.678679
0.817937
1.400411
1.606898
0.525897
0.000000
1.665202
3.606408
6.651846
8.960082
-9.792301
-9.575585
-0.113359
0.768294
0.079855
-0.468770
-0.804980
2.360701
0.829288
0.321298
0.729161
-1.566697
0.152654
-0.623006
-1.345088
-0.140891
1.526266
1.586255
1.599218
0.564195
0.000000
2.234843
4.067260
7.196190
9.261807
-9.012604
-9.001392
-0.070860
0.745870
0.112424
-0.397341
-1.056021
2.469035
0.780968
0.351272
0.725261
-1.414748
-0.157103
-0.455178
-0.720697
-0.757896
0.772102
1.472637
1.715052
0.596023
0.000000
1.281312
3.457802
6.445691
8.772319
-10.101028
-10.076881
-0.039343
0.708405
0.070721
-0.402058
-1.016579
2.453771
0.880528
0.330359
0.732053
-1.334353
-0.023877
-0.416453
-0.509826
-0.598003
0.871866
1.437267
1.659509
0.508082
0.000000
1.573182
3.443308
6.528358
8.782235
-9.518093
-9.092299
0.064492
0.801434
0.172089
-0.369425
-0.636733
2.321416
0.843003
0.317574
0.683613
-1.309761
-0.077723
-0.697933
-0.893024
-0.597408
0.977408
1.477054
1.698357
0.597548
0.000000
1.861616
3.848892
6.921845
9.064206
-9.626635
-9.422084
-0.096771
0.839858
0.192117
-0.425589
-1.130639
2.433747
1.011791
0.349819
0.653965
-1.042153
-0.213308
-0.680544
-0.807076
-0.853264
0.708696
1.410067
1.739067
0.741888
0.000000
2.293356
4.465721
7.374911
9.371300
-9.755457
-8.962074
1.054476
1.666511
0.864784
-0.030497
-1.058759
2.384740
0.852637
0.226667
0.638231
-1.333293
-0.024570
-0.552790
-0.692260
-0.772403
0.844395
1.502980
1.783129
0.769749
0.000000
2.877200
4.802004
7.794839
9.633036
-9.123934
-8.801053
1.224052
1.798539
0.945859
0.023545
-1.045787
2.411749
0.888495
0.255916
0.581031
-1.331734
-0.250786
-0.647178
-0.909417
-1.017264
0.630032
1.455402
1.819129
0.851580
0.000000
2.845164
4.915334
7.896242
9.744864
-9.529046
-9.303769
1.933353
2.218678
1.254942
0.264378
-0.933354
2.381102
0.797967
0.182875
0.597601
-1.314064
0.043851
-0.305523
-1.004559
-0.869748
0.854231
1.494087
1.826741
0.797070
0.000000
2.801162
4.806895
7.728631
9.611968
-9.293461
-9.151084
2.086955
2.332859
1.326856
0.318030
-0.915471
2.274595
0.860978
0.202351
0.580051
-1.415932
0.000000
-9.302400
-8.693823
-8.285401
-8.191793
-8.069934
-8.568564
-9.847953
-12.969581
-14.275330
-12.666732
-8.589858
-2.747548
-0.458935
-0.392232
-0.534192
-0.727042
-0.365106
-0.091270
1.181938
2.318514
0.297397
-0.358504
-0.505830
-0.465075
0.467459
0.414633
0.376234
0.639506
0.596198
0.428383
0.418867
0.946497
0.570606
0.389301
-0.855437
-1.159038
0.038339
-0.406066
-0.523010
-1.315845
0.000000
2.861489
5.497398
6.892699
12.040654
-14.546485
-15.217806
-8.974581
5.301950
3.113690
-0.572376
-3.315725
-1.507514
0.104893
0.122553
1.222490
2.044116
0.244852
-1.102358
-2.500129
-2.983915
0.363989
1.366128
2.464416
1.571434
0.000000
5.476219
7.015276
9.083013
10.339407
-8.931561
-10.147503
-3.679717
4.976097
2.811873
-0.161899
-1.850400
0.331647
0.819126
-0.210913
0.428394
0.071315
-0.270235
-1.361347
-3.520377
-1.881889
0.742318
1.757508
2.492480
1.453144
0.000000
2.966393
5.128623
8.013542
9.345637
-7.788303
-9.251554
-6.664115
1.489266
1.093211
-0.172388
-0.967910
1.352412
1.446664
0.279000
0.500222
-0.061989
-0.834216
-1.015323
-2.542038
-1.885471
0.740865
1.684629
2.177434
1.096975
0.000000
-0.545034
1.312571
4.660576
7.325203
-9.109186
-10.207171
-7.852629
1.200937
0.802996
-0.158530
-0.649326
2.124288
1.491408
0.381330
0.500322
-0.166180
-0.580242
-0.795093
-2.354863
-1.022610
1.324000
1.689128
2.046941
0.813516
0.000000
1.055718
2.670761
6.150373
8.023994
-7.094405
-8.807508
-6.048389
1.053780
0.710162
-0.138512
-0.786942
1.362222
1.308227
0.397625
0.523403
-0.923409
-0.556517
-0.568995
-2.136543
-1.116116
0.860170
1.592917
2.065344
0.897995
0.216125
0.000000
1.205825
4.746665
7.220012
-8.846414
-10.080585
-8.273913
1.177646
0.834781
-0.104553
-0.680671
1.589649
1.400121
0.391303
0.521306
-0.113779
-0.444879
-0.605715
-2.015350
-1.141896
1.248093
1.691523
2.041564
0.826253
0.215922
0.000000
2.394177
5.455604
7.617959
-7.991567
-9.420916
-6.866992
1.080707
0.753450
-0.173750
-0.754499
1.377283
1.336808
0.388782
0.523268
-0.080837
-0.466561
-0.578456
-1.916905
-1.131536
1.176809
1.665824
2.045218
0.828013
0.138744
0.000000
0.757165
4.276952
6.746506
-8.666466
-10.182383
-7.769841
1.194795
0.879680
-0.090949
-0.791214
1.029347
1.442663
0.382506
0.528611
-0.066148
-0.375486
-0.548085
-2.026191
-0.981038
1.302214
1.701316
2.028280
0.794266
0.149880
0.000000
1.682326
4.806049
7.133736
-7.748961
-9.595453
-6.939823
1.150882
0.909393
-0.006988
-0.737171
1.221022
1.268508
0.335982
0.502319
-0.103085
-0.514612
-0.628150
-2.026597
-1.218657
1.183848
1.722572
2.095848
0.863408
0.186530
0.000000
1.291208
4.805048
7.117332
-8.269377
-9.804573
-7.510870
1.174295
0.910228
-0.016644
-0.739267
1.218917
1.297643
0.329957
0.503613
0.013861
-0.417868
-0.588088
-2.082896
-1.202055
1.172436
1.712408
2.073472
0.857369
0.186517
0.000000
1.446822
4.869097
7.130889
-8.014733
-9.672313
-7.534764
1.220120
0.934541
-0.017106
-0.737394
1.356910
1.317160
0.320669
0.475475
-0.104858
-0.508220
-0.590146
-2.079923
-1.138960
1.187182
1.727474
2.107920
0.868944
0.214164
0.000000
1.919307
5.054849
7.309393
-8.101289
-9.648845
-7.234034
1.151460
0.873655
-0.037497
-0.760977
1.190444
1.308546
0.339255
0.506695
-0.072569
-0.377151
-0.529795
-2.032825
-1.220895
1.124818
1.697768
2.055399
0.863146
0.172579
0.000000
0.950629
4.328505
6.753311
-8.333008
-9.978264
-7.804213
1.218741
0.963460
-0.031902
-0.782988
1.020634
1.493090
0.315783
0.494419
-0.084661
-0.376500
-0.570265
-2.072230
-1.013734
1.262973
1.724587
2.057910
0.824037
0.172720
0.000000
1.800710
4.867832
7.182488
-7.518513
-9.515816
-7.048094
1.193078
0.951326
0.013966
-0.776548
1.103547
1.273951
0.310024
0.481028
-0.069497
-0.450854
-0.549830
-1.385761
-1.801101
0.966064
1.663057
2.035274
0.835753
0.126207
0.000000
0.800181
3.859643
6.399023
-8.265431
-9.933676
-7.015131
1.054666
1.036021
0.190522
-0.545901
1.359478
1.407976
0.354867
0.490731
-0.199861
-0.508304
-0.727345
-1.528959
-1.821053
0.966572
1.654983
2.046694
0.873129
0.196485
0.000000
1.798697
4.957193
7.195518
-7.393808
-9.526140
-6.639719
1.065349
0.887881
0.033471
-0.660640
1.158505
1.442413
0.363120
0.512766
-0.120817
-0.486983
-0.657140
-1.463149
-1.989868
0.851600
1.598925
1.977995
0.862621
0.120116
0.000000
-0.010957
3.390521
6.128521
-8.186534
-10.294164
-7.178660
1.123049
1.128253
0.225677
-0.565960
1.093067
1.656490
0.138661
0.478767
-0.096952
-0.415766
-0.790476
-1.691380
-1.696165
1.042560
1.652050
2.000982
0.828153
0.250487
0.000000
1.974513
5.184000
7.411526
-6.781675
-9.003066
-6.168884
1.108671
0.968180
0.088163
-0.725558
0.964761
1.403156
0.217088
0.471796
-0.083444
-0.503879
-0.689316
-1.559501
-2.199092
0.799664
1.636596
2.015481
0.905519
0.137303
0.000000
-0.283126
3.102251
5.924055
-8.179076
-10.568063
-7.309554
1.162279
1.195667
0.273025
-0.541031
1.119698
1.673417
0.054088
0.461124
0.753986
-0.301105
-0.936772
-1.799954
-2.419784
1.086237
1.705154
1.985983
0.850140
0.257984
0.000000
1.766031
4.796256
7.077292
-6.925283
-9.494772
-6.013064
1.246145
1.118434
0.099604
-0.786562
0.772259
2.216267
0.391612
0.446549
0.197385
-0.772299
-1.090633
-1.746205
-2.253885
0.608610
1.601603
2.202189
1.124125
0.302106
0.000000
0.383757
3.573435
6.297021
-8.520805
-10.617185
-7.388921
1.234912
1.184826
0.262990
-0.582607
1.216094
2.096573
0.481536
0.430819
0.887304
-0.600244
-1.212235
-1.914222
-2.365923
0.919581
1.753271
2.188465
1.046791
0.298277
0.000000
2.642091
5.591596
7.608175
-7.008901
-9.454798
-6.275966
1.391616
1.238581
0.115959
-0.845802
0.872352
2.115355
0.224407
0.394559
-0.110439
-0.570111
-0.859587
-1.701089
-1.876918
0.663822
1.620445
2.249656
1.116632
0.290735
0.000000
0.767622
4.040819
6.522816
-7.898522
-10.176312
-6.792496
1.232951
1.187358
0.265231
-0.608457
1.094887
2.198148
0.347774
0.419594
0.927892
-0.647258
-1.217577
-1.892022
-2.266546
0.771791
1.738015
2.476393
1.055788
0.322647
0.000000
2.326017
5.451766
7.702307
-7.386604
-9.674646
-6.603776
1.338028
1.196257
0.064651
-0.820739
0.826756
2.127322
0.174141
0.389446
-0.006893
-0.395917
-0.664692
-1.646506
-1.847491
0.736995
1.631455
2.221497
1.088625
0.233090
0.000000
0.539403
3.766059
6.294093
-7.489449
-10.120881
-6.829671
1.247047
1.242802
0.272089
-0.682449
1.000973
2.227214
0.262756
0.398548
0.946614
-0.592605
-1.148926
-1.809420
-2.242611
0.835274
1.757348
2.478813
1.041173
0.305390
0.000000
2.123699
5.287945
7.412076
-7.030322
-9.628764
-6.971779
1.576978
1.396718
0.252974
-0.716690
0.776010
2.104975
0.130735
0.357333
0.123157
-0.711506
-0.396856
-2.027444
-0.946190
0.529515
1.431072
2.246546
1.063678
0.254226
0.000000
2.254811
5.225231
7.322406
-6.540309
-9.055592
-6.446414
1.409261
1.293134
0.293489
-0.559480
0.939430
2.198793
0.247495
0.407340
0.985835
-0.979122
-0.822471
-1.572501
-2.174689
0.614792
1.633436
2.232060
1.097926
0.288037
0.000000
1.093496
4.449246
6.875855
-6.991076
-9.793954
-7.057606
1.405760
1.368864
0.406727
-0.556451
0.823997
2.213735
0.209534
0.410061
0.895878
-0.851633
-0.572934
-1.561753
-1.661861
0.623998
1.651037
2.200183
1.020602
0.325983
0.000000
3.148175
6.105730
7.971843
-3.756264
-8.990080
-6.602680
1.448363
1.301491
0.281309
-0.646623
0.603919
2.145125
0.164181
0.415001
0.227231
-0.824570
0.000000
-9.209311
-8.273201
-8.292449
-9.776188
-10.019364
-13.337092
-14.237642
-12.392900
-6.098120
-2.710651
-1.033085
-0.999845
-0.815485
-0.537901
-0.265525
-0.554835
2.460279
2.155076
0.228769
-1.699934
-2.314451
-0.766647
-0.746142
0.599731
0.754063
1.131074
1.320507
1.228673
0.022897
-1.591602
-1.140051
1.443971
0.448869
-0.598494
0.175987
0.039834
0.000000
6.246781
7.409389
10.100806
11.591041
-12.086769
-7.867827
6.349515
4.813227
1.797870
-1.504133
-4.434643
-1.915084
-0.479008
0.557691
1.878420
2.409217
-0.030849
-0.659061
-2.135547
-1.767750
0.356894
1.116065
1.448391
1.098272
0.000000
3.593562
5.091729
8.477768
12.202904
-12.390437
-10.727957
5.919721
4.291732
1.807277
-0.369764
-1.959241
1.723659
0.406027
0.160659
0.606458
0.084157
-0.243618
-0.851204
-2.495365
-0.654080
1.173705
1.648174
1.840793
1.203737
0.000000
7.340230
9.109896
11.325849
12.382090
-8.479954
-6.780754
2.815570
2.589294
1.181686
-0.575338
-1.762894
1.988212
0.301922
0.145615
0.482369
-1.668878
0.081813
-0.263995
-1.331468
-1.237429
0.536177
1.559836
1.783260
1.031652
0.000000
4.122910
6.300607
9.110185
11.017218
-11.081081
-9.266252
2.789549
2.580492
1.277068
0.049866
-0.791100
2.697346
0.656231
0.250492
0.546253
-0.924906
0.275307
0.414456
-0.925257
-1.159832
0.525080
1.395871
1.691995
0.774751
0.000000
2.375906
4.435005
7.272973
9.709297
-10.676747
-9.006336
2.622768
2.393547
1.394557
0.594115
0.361862
2.442625
0.657672
0.122145
0.710739
-0.738552
0.538254
0.743072
-0.543863
-0.693578
0.704739
1.223296
1.444972
0.570098
0.000000
1.763972
3.418418
6.647468
9.227097
-8.433048
-6.359337
2.243390
2.053659
1.147900
0.221201
0.011123
2.071752
0.597399
0.118368
0.753010
-0.809847
0.322201
0.704852
-0.654159
-0.556974
0.856413
1.299118
1.453230
0.543937
0.000000
1.320869
3.022756
6.345167
8.861695
-9.012880
-7.082437
2.473673
2.421548
1.498958
0.464002
-0.062288
2.132572
0.544773
0.035081
0.739004
-0.901908
0.392584
0.308315
-1.018189
-0.160104
1.212265
1.420811
1.501067
0.617932
0.000000
2.590113
4.310043
7.389999
9.593283
-9.012609
-7.260833
2.630709
2.430468
1.456826
0.342998
-0.238738
2.057748
0.518098
0.096186
0.711341
-0.897619
0.269401
0.280266
-1.252057
-0.519262
1.025459
1.454143
1.669996
0.647745
0.000000
1.518945
3.292497
6.389547
8.898422
-9.846446
-8.559740
1.520714
1.785508
0.953418
0.103862
-0.149553
2.168218
0.663679
0.144379
0.765684
-0.678286
0.456047
-0.001231
-1.128733
-0.253101
1.083049
1.314052
1.531374
0.518926
0.000000
1.108753
2.782425
6.076489
8.697582
-9.244801
-7.685436
1.172583
1.604174
0.889932
0.056122
-0.223003
2.002056
0.682497
0.194700
0.762296
-0.923973
0.428636
-0.295791
-1.307892
-0.125516
1.268742
1.446844
1.646664
0.577480
0.000000
1.016252
2.763820
5.895118
8.508348
-9.320427
-8.504111
0.436399
1.210543
0.559782
-0.219978
-0.483019
2.049993
0.728994
0.220154
0.770274
-0.979325
0.323858
-0.471204
-1.338768
-0.077824
1.450060
1.561348
1.656149
0.559536
0.000000
1.138634
2.901668
6.186730
8.741545
-9.397925
-8.452668
0.704545
1.318101
0.660059
-0.120707
-0.407100
2.098874
0.730955
0.232125
0.768087
-0.794330
0.102996
-0.663100
-1.627900
-0.280417
1.171767
1.424919
1.703964
0.535927
0.000000
0.804737
2.619881
5.782873
8.396443
-9.905899
-8.907051
0.141579
1.042791
0.428895
-0.287939
-0.393549
2.058722
0.764589
0.216735
0.702990
-0.862910
0.294730
-0.254657
-1.706776
-0.073215
1.473908
1.608594
1.773603
0.571841
0.000000
0.701234
2.375969
5.669100
8.368131
-9.586057
-8.310708
0.187775
1.091789
0.512159
-0.303172
-0.522146
2.074368
0.783906
0.227477
0.728331
-1.174976
0.175639
-0.432913
-1.612626
-0.238387
1.483113
1.634783
1.710752
0.582303
0.000000
0.952700
2.691142
5.942301
8.423372
-9.524839
-8.371076
0.291708
1.052295
0.513534
-0.240512
-0.704676
2.222089
0.802218
0.255137
0.692707
-1.237696
-0.223436
-1.081391
-1.802972
-0.363387
1.411026
1.668405
1.826249
0.603532
0.000000
0.980513
2.943420
6.131195
8.575399
-9.704712
-8.825210
0.193832
1.171011
0.581954
-0.281768
-0.590649
2.240901
0.762814
0.166048
0.668516
-1.314080
0.125798
-1.148721
-1.722018
-0.279076
1.540581
1.726042
1.735142
0.620605
0.000000
1.476117
3.401967
6.596995
8.764066
-8.738300
-8.182744
0.316959
1.058597
0.529333
-0.189124
-0.854136
2.320473
0.822108
0.251068
0.653096
-1.339804
-0.296221
-1.075137
-1.760636
-0.610722
1.285856
1.703997
1.922044
0.788968
0.000000
1.119954
3.234447
6.339584
8.668129
-9.798491
-8.834055
0.165732
1.118244
0.542526
-0.235313
-0.668278
2.308511
0.985747
0.256573
0.639190
-1.068855
-0.262362
-0.926319
-1.856631
-0.309882
1.341297
1.660653
1.922453
0.759733
0.000000
1.536580
3.652670
6.641864
8.871985
-9.018373
-8.313783
0.491667
1.328357
0.746791
-0.136103
-0.515942
2.021220
0.860652
0.203199
0.655208
-1.019380
0.136546
-0.593979
-1.752972
-0.459018
1.334838
1.682713
1.909347
0.766154
0.000000
1.122004
3.074841
6.276859
8.614608
-9.078235
-8.268969
0.208426
1.286435
0.744948
-0.228469
-0.776086
2.111393
0.945756
0.273452
0.638443
-1.044581
-0.186286
-0.987977
-1.865021
-0.349230
1.308219
1.663444
1.937059
0.754709
0.000000
1.073966
3.271517
6.149062
8.484258
-9.532798
-8.676566
0.236012
1.093219
0.552595
-0.235012
-0.504049
1.849415
0.883812
0.251249
0.623584
-0.855094
0.270991
-0.495460
-1.790069
-0.447258
1.353294
1.676640
1.927784
0.712058
0.000000
0.342536
2.215782
5.505252
8.093844
-9.538079
-8.576246
0.378018
1.249752
0.729887
-0.181626
-0.538012
1.877923
0.946460
0.300395
0.622733
-0.769969
-0.014072
-0.638727
-1.992825
-0.409568
1.289209
1.592847
1.907282
0.700048
0.000000
0.192787
2.083552
5.045296
7.711533
-9.591330
-8.929633
-4.954667
1.270289
0.664664
-0.199939
-0.546015
1.967229
0.919290
0.199671
0.617682
-0.961992
0.155916
-0.663245
-2.036949
-0.584723
1.382609
1.694911
1.858830
0.754163
0.000000
0.851617
2.697931
5.822552
8.139236
-8.530248
-8.062462
-4.849226
1.330116
0.849817
-0.112196
-1.245676
2.223292
0.953547
0.249163
0.557193
-1.192355
-0.610962
-1.428277
-2.114797
-0.786792
1.330951
1.813857
1.930967
0.840847
0.000000
1.570556
3.865796
6.804356
8.718164
-8.825158
-8.375490
-5.343671
1.093086
0.596083
-0.158134
-1.108330
2.367901
0.944461
0.220928
0.557984
-1.211039
-0.297457
-0.800278
-2.095026
-0.978384
1.198798
1.779684
1.941254
0.856754
0.000000
1.432532
3.848182
6.974397
8.934852
-9.085255
-8.606065
-5.338399
1.297711
0.759625
-0.026671
-0.956142
2.537488
1.026584
0.236854
0.568298
-0.895381
-0.207256
-0.639072
-1.941289
-0.966659
1.134365
1.724861
1.925011
0.824433
0.000000
1.492091
3.904758
6.899062
8.891432
-8.865555
-8.322773
-5.040471
1.430983
0.843864
0.066449
-0.978572
2.262790
0.956181
0.184395
0.570605
-0.947192
-0.099492
-0.468371
-1.767516
-0.814538
1.160201
1.723256
1.902523
0.798826
0.000000
1.437000
4.036091
6.909278
8.869735
-8.591237
-8.129052
-4.180535
1.939146
1.287529
0.357630
-0.914825
2.065315
0.871194
0.151751
0.508800
-0.650536
0.172786
-0.335572
-1.745386
-0.866279
1.130055
1.679586
1.875061
0.814838
0.000000
1.476255
3.329951
6.574802
8.695583
-8.330594
-8.264105
-4.960454
1.542221
0.986984
-0.159680
-0.470384
1.570277
0.867207
0.258067
0.397257
-0.606269
0.265941
0.000000
-9.466186
-8.460809
-9.619555
-11.037511
-12.402958
-14.378630
-14.264454
-11.007630
-5.710442
-3.111376
-2.149322
-1.793169
-1.173860
-1.135424
-1.192833
1.636629
3.228913
0.863953
-1.004830
-2.272877
-1.639980
-0.572664
-0.261728
0.064438
0.234592
1.235708
1.504284
0.740160
0.649856
-0.258612
-0.352973
1.140485
0.290384
-0.219373
0.821068
0.319938
0.000000
10.950649
8.666616
1.700032
1.349393
-6.556202
-1.835084
5.970580
3.399295
0.051928
-1.423140
-1.900063
-1.253834
-0.272501
0.886803
2.110051
2.493711
1.206110
0.944554
-0.954524
-0.363232
0.367709
0.112760
-0.032408
-0.056640
0.000000
-0.928591
3.720801
7.990816
11.991601
-6.503704
-9.523154
5.774970
3.683151
1.430253
-0.582449
-2.171468
0.804282
0.508522
-0.038847
0.488807
0.718514
-0.632297
-1.153611
-2.739445
-1.226079
0.484581
1.448842
1.740191
1.362959
0.000000
8.495280
10.496982
12.630560
13.465125
-9.696391
-6.851861
3.420908
2.661691
1.196271
-0.974573
-2.160230
0.641268
-0.202165
-0.642924
0.419854
0.458518
0.724158
0.032486
-1.485944
-1.714102
0.288666
1.530915
2.006542
0.945968
0.000000
2.301897
4.518503
7.707739
9.944439
-10.969611
-10.214634
3.788548
3.096748
1.795743
0.481322
-0.298753
2.673609
0.798754
0.255799
0.470020
-0.125212
0.020690
-0.231571
-1.803587
-1.884042
0.194838
1.202679
1.739190
0.877877
0.000000
1.491616
3.577735
6.224528
8.684805
-9.366741
-8.040525
1.699520
1.850267
1.084689
0.277062
0.191645
2.220329
0.664389
0.040142
0.536986
-0.414012
0.431995
0.326399
-1.562967
-0.728559
0.822099
1.351394
1.560466
0.621448
0.000000
1.548252
3.395624
6.584753
9.082107
-8.578744
-6.944323
2.532490
2.252870
1.378765
0.396790
-0.239069
1.782614
0.472013
0.066563
0.358700
-0.356372
0.720540
0.199522
-1.223286
-1.040959
0.632565
1.379540
1.656361
0.682606
0.000000
1.071036
2.966731
6.134166
8.672296
-9.282340
-8.170821
2.308081
2.400653
1.619812
0.590486
-0.084582
2.058891
0.571480
0.037988
0.401449
-0.355373
0.452742
0.096211
-1.603532
-0.906302
0.791682
1.349603
1.594593
0.697808
0.000000
1.741549
3.595841
6.641218
8.963290
-8.377715
-7.335437
2.575992
2.394032
1.576019
0.562375
-0.151924
1.782497
0.478827
0.085704
0.420536
-0.256065
0.695525
0.402228
-1.399197
-1.102364
0.625139
1.343161
1.681118
0.698022
0.000000
0.868635
2.734743
5.810544
8.386701
-9.585023
-8.149256
1.127339
1.600532
0.949846
0.138627
-0.281036
1.953556
0.842496
0.217604
0.591292
-0.381091
0.141148
-0.015570
-1.882598
-0.733034
0.850191
1.338247
1.720367
0.727875
0.000000
0.475962
2.467976
5.451469
8.145696
-9.313645
-7.898149
1.299199
1.824479
1.039670
0.144352
-0.353042
1.909634
0.762637
0.081382
0.536565
-0.272692
0.447520
0.169261
-1.793787
-0.438830
1.080608
1.500963
1.770704
0.793073
0.000000
1.508719
3.335297
6.334467
8.727330
-8.796833
-7.432636
1.875705
2.180555
1.442956
0.407841
-0.305141
1.537947
0.656734
0.170235
0.356298
-0.141413
0.394715
0.025640
-2.079940
-0.851546
0.819437
1.401250
1.885886
0.827488
0.000000
0.670187
2.445796
5.473364
8.119828
-9.774451
-8.360612
0.906752
1.682802
0.981474
0.086436
-0.415993
1.977425
0.861578
0.157732
0.480482
-0.389365
0.396646
-0.122685
-1.747609
-0.308790
1.200253
1.544867
1.827217
0.829638
0.000000
1.275253
3.120240
6.003471
8.493363
-8.748998
-7.344738
0.620269
1.449062
0.861914
-0.070066
-0.583023
1.455029
0.725347
0.223169
0.272997
-0.219715
0.512603
-0.142811
-1.921206
-0.635774
1.074319
1.553760
1.896752
0.746859
0.000000
0.024431
1.968016
5.049780
7.789232
-9.673205
-8.592761
0.340369
1.303815
0.676729
-0.121661
-0.482386
1.958985
0.914339
0.207994
0.520965
-0.409890
0.278340
-0.400464
-1.902641
-0.341969
1.328703
1.599572
1.866821
0.759664
0.000000
0.599858
2.372188
5.448014
8.119630
-8.805316
-7.471065
0.451634
1.380536
0.790817
-0.139432
-0.604816
1.568769
0.797031
0.231010
0.277330
-0.290943
0.389083
-0.476880
-2.073580
-0.581505
1.217341
1.578450
1.914203
0.736117
0.000000
-0.050859
1.781092
4.882314
7.666946
-9.707289
-8.443660
0.635920
1.453820
0.848012
-0.044097
-0.471719
1.761042
0.884052
0.226698
0.340359
-0.391910
0.323298
-0.646175
-2.240782
-0.574973
1.351448
1.637150
1.953400
0.806886
0.000000
0.361790
2.101649
5.186401
7.821889
-9.047972
-7.677493
0.741697
1.435437
0.919705
0.002866
-0.558432
1.603682
0.872333
0.282990
0.269473
-0.286746
0.206389
-0.706546
-2.240495
-0.865682
1.195691
1.628765
1.977827
0.813018
0.000000
0.065947
1.901714
4.809259
7.501612
-8.923670
-7.973711
-4.484576
1.594579
1.090384
-0.002382
-0.581784
1.690284
0.869662
0.213968
0.164862
-0.498685
0.096793
-0.803543
-2.258955
-0.927510
1.290572
1.748898
1.982591
0.848001
0.000000
0.810027
2.715291
5.520679
7.832554
-8.752811
-8.134817
-4.245986
1.461409
1.038781
0.048531
-0.796667
1.776310
0.889300
0.220007
0.176229
-0.722943
-0.105210
-0.882147
-2.296178
-1.109450
1.137665
1.763452
2.017071
0.855190
0.000000
0.796519
3.062835
5.887149
8.060753
-8.959768
-8.497775
-4.700607
1.424868
0.929963
-0.013732
-1.089808
2.389349
0.991756
0.153664
0.508158
-1.050689
-0.402217
-1.496942
-2.304081
-1.087882
1.218076
1.824905
1.946101
0.867993
0.000000
1.507506
3.977967
6.839398
8.727577
-8.475650
-7.851363
-4.495606
1.312208
0.815000
0.021760
-1.048517
2.437596
0.941522
0.151053
0.474272
-0.871824
-0.292280
-1.233282
-2.104434
-1.303034
0.952776
1.779563
1.985438
0.877506
0.000000
1.474323
4.473424
6.994802
9.005204
-8.744552
-8.012671
-3.412604
2.283373
1.613648
0.564589
-0.820868
2.282860
0.873770
0.061560
0.270698
-0.388586
0.142560
-1.148296
-2.003172
-1.220462
1.085929
1.723515
1.862017
0.884472
0.000000
2.232160
4.141038
7.301759
9.166326
-7.749424
-7.667373
-2.761211
2.069783
1.492791
0.247072
-0.637724
1.761331
0.813146
0.171374
0.239395
-0.291212
0.307438
-0.666028
-1.672834
-1.640290
0.602359
1.563306
1.964948
0.866498
0.000000
0.304697
1.847907
5.324128
7.768082
-9.343882
-8.689520
-5.159114
1.370112
0.797858
-0.493601
-0.709178
1.660680
0.881432
0.178118
0.158441
-0.197753
0.370496
-0.017531
-1.598073
-0.854037
1.020967
1.639726
1.918119
0.774775
0.000000
-0.359694
0.928938
4.454902
7.060227
-8.518422
-8.469150
-4.524482
1.363528
0.741532
-0.333677
-0.329198
1.258365
0.764767
0.111185
0.185772
-0.069809
0.561602
-0.177357
-2.008356
-0.760234
1.259769
1.703278
1.950018
0.761666
0.000000
-0.890984
0.825812
3.982669
6.892122
-8.798672
-8.464984
-4.561527
1.699418
1.043659
-0.246362
-0.431345
1.260651
0.779762
0.084226
0.254491
-0.020989
0.638356
-0.345610
-2.118555
-0.804926
1.329291
1.691931
1.977538
0.819678
0.000000
-0.440652
0.702554
3.978598
6.999233
-8.104497
-7.812496
-3.939761
1.681261
1.238797
-0.078578
-0.530138
1.096315
0.796140
0.078518
0.319415
0.008466
0.442603
-0.549679
-2.349346
-0.961102
1.283800
1.641041
1.960297
0.826927
0.000000
-0.718107
0.406426
3.622821
6.589434
-8.392424
-7.825131
-4.056886
1.791431
1.331994
0.005590
-0.373837
1.148673
0.812797
0.003875
0.351837
-0.029590
0.448081
-0.697982
-2.444605
-1.498807
1.063973
1.538320
1.915742
0.937972
0.000000
-0.250791
0.023249
3.345776
6.307086
-7.866646
-8.193592
-3.567917
1.744274
1.455426
0.285890
-0.352750
1.131019
0.878418
0.041292
0.315825
0.232868
0.038645
0.000000
-10.234717
-8.876877
-8.530515
-8.077401
-7.583671
-5.987236
-2.014932
-0.913860
-0.677922
-1.000205
-1.034361
-1.093815
-1.169123
-1.192201
-1.123268
-0.980893
-5.147918
-7.923563
-6.284166
0.032363
0.075417
0.079051
-0.221509
-10.903055
-9.764491
-9.400716
-8.653242
-8.069980
-7.763137
-7.271415
-6.878872
-6.551859
-6.415194
-2.831423
-2.247216
-1.082796
-1.194135
-1.200871
-1.147645
-1.363307
-2.164482
-0.954122
-0.797294
-1.218939
-1.700092
-2.306782
2.595516
2.989673
3.307205
3.333446
3.570905
2.718963
0.609354
-9.174486
-9.772483
-9.124926
-8.517478
-8.056103
-7.706410
-7.468020
-7.157948
-6.913032
-3.989461
-6.503009
-5.312360
-3.834515
-3.194548
-3.211193
-2.856933
-1.855483
-1.144083
-1.372100
-1.486026
-1.511247
-1.980341
-2.490830
-3.110217
0.841936
1.200501
1.879834
3.155133
1.085748
0.674690
0.531064
0.424718
0.698580
0.890899
0.834174
0.595577
-0.055543
-1.393222
-11.205077
-8.854807
-8.225458
-8.052771
-9.811635
-11.116599
-13.932616
-13.713318
-11.267333
-5.028409
-1.757072
-0.846190
-0.842840
-0.758428
-0.603711
-0.417008
-0.274604
1.617082
0.962408
-0.688652
-1.203605
-0.784023
-0.465140
0.451195
0.008324
0.748433
1.564006
1.352738
1.314148
1.324692
-0.032552
-1.239081
-1.434720
0.918663
0.991703
-0.327756
1.618978
0.498455
-2.305726
0.000000
6.961713
4.977814
0.687157
-3.650567
-5.521377
-1.314627
3.997732
2.224263
-0.578233
-2.104187
-2.927158
-1.459628
-0.105130
0.973036
1.787138
2.055245
1.690140
0.437987
-2.273468
-1.193748
0.201515
1.229060
0.161251
-1.403086
0.000000
2.648021
6.228215
10.407026
16.701214
-12.323510
-5.107451
5.752156
3.310781
0.393727
-2.193504
-1.504197
0.611342
-0.113217
0.223799
1.157056
0.656490
-0.476474
-0.574195
-2.701478
-0.983772
1.072910
2.390722
1.454762
1.021212
0.000000
5.507918
8.088141
10.163222
12.217123
-8.972521
-2.670231
2.828308
1.903521
0.159817
-1.150289
-0.304607
1.552254
-0.182400
0.243600
0.942702
-0.162323
-0.068615
-0.316956
-2.425573
-0.742158
1.139278
2.079607
1.182469
0.378974
0.000000
1.268585
3.954396
6.730198
9.844286
-10.250749
-4.669097
2.869906
2.536531
1.109946
0.132588
0.769217
1.995186
-0.020141
-0.053124
1.103386
0.039504
-0.050245
0.227204
-2.415925
-1.047744
1.027392
2.552876
1.082300
0.603754
0.000000
3.643656
5.050986
7.483364
10.328129
-8.162090
-2.727330
2.311830
1.809273
0.603015
-0.284544
0.254360
1.770916
-0.114329
0.187993
0.166470
0.087775
0.440138
0.180726
-2.447400
-0.863454
1.080031
2.202095
1.022202
0.216831
0.000000
1.171675
3.197901
6.226253
9.287776
-9.252601
-3.676775
2.742396
2.477350
1.082679
-0.123495
0.364213
1.788190
-0.117567
-0.122180
0.761699
0.192104
0.195641
0.119634
-2.212830
-0.843800
1.176265
2.668850
1.071572
0.547565
0.000000
3.563597
5.069299
7.461936
10.090170
-8.388243
-2.998217
2.570634
2.096559
0.910681
-0.193980
0.146524
1.695872
-0.169231
0.038440
0.226383
0.177774
0.424721
-0.088377
-2.503011
-1.046846
1.059735
2.744407
1.112278
0.278866
0.000000
1.901810
3.665688
6.408651
9.507331
-9.547706
-3.897384
2.846249
2.584917
1.221235
0.009640
0.379199
1.747111
-0.128786
-0.038285
0.804918
0.281184
0.199990
-0.333936
-2.182838
-0.776243
1.153481
2.774032
1.156364
0.538731
0.000000
3.442187
4.932087
7.313502
9.943214
-8.550638
-3.190499
2.682494
2.233447
1.012512
-0.140481
0.129942
2.574018
0.304560
0.189926
0.394428
-0.228949
-0.169048
-0.392965
-2.582789
-0.933042
1.186551
1.427739
1.383813
0.532333
0.000000
2.893118
4.453409
6.936861
9.810885
-9.337369
-3.698138
2.782697
2.317494
1.054687
-0.025849
0.312084
2.638844
0.334871
0.206868
0.792468
-0.170932
-0.154999
-0.321082
-2.544815
-1.049044
1.134051
1.392280
1.401825
0.604799
0.000000
3.398797
4.814876
7.255874
10.023483
-9.202468
-3.384084
2.716447
2.241936
1.039473
-0.026222
0.257866
2.633020
0.319198
0.194875
0.397925
-0.175454
-0.146927
-0.353508
-2.556113
-0.987912
1.164299
1.426613
1.390117
0.562155
0.000000
3.131656
4.805768
7.315441
10.044850
-9.168773
-3.364966
2.750914
2.246685
1.025978
-0.118585
0.233419
2.538921
0.310888
0.212935
0.425758
-0.129288
-0.079418
-0.278028
-2.534289
-1.039065
1.120700
1.423544
1.398246
0.563673
0.000000
2.886687
4.359589
6.852465
9.800301
-9.439712
-3.746153
2.715037
2.289101
1.008934
0.048366
0.291215
2.640120
0.333003
0.205959
0.834937
0.004465
-0.100465
-0.180494
-2.634328
-1.056500
1.124723
1.369638
1.383680
0.614701
0.000000
3.313175
4.858073
7.308836
10.049460
-8.862679
-3.328446
2.713422
2.230536
1.024698
-0.152823
0.129606
2.452471
0.279022
0.196715
0.462931
-0.070474
-0.052223
-0.325763
-2.577665
-1.015094
1.134510
1.440142
1.411309
0.544145
0.000000
2.541448
4.083357
6.641483
9.646194
-9.427445
-3.814758
2.708302
2.324783
1.055743
0.103331
0.293973
2.626782
0.328107
0.189048
0.860574
0.087911
-0.036071
-0.207202
-2.610843
-1.049528
1.117977
1.356423
1.365328
0.663389
0.000000
3.508582
5.061860
7.462287
10.077003
-8.641757
-3.073212
2.761839
2.278981
1.083798
-0.215747
0.003676
2.375731
0.248735
0.178939
-0.019653
0.041319
0.126785
-0.314962
-2.554881
-1.129131
1.055097
1.428057
1.443384
0.541255
0.000000
1.664538
3.431234
6.158542
9.343403
-9.753843
-4.821934
2.658374
2.390682
1.104407
-0.049164
0.313357
2.656070
0.328629
0.127658
0.835589
-0.026152
0.225052
-0.367453
-2.013114
-0.597389
1.175229
1.371741
1.307979
0.667910
0.000000
4.121360
5.549506
7.805678
10.319716
-8.013930
-3.235703
2.783685
1.971855
0.807975
-0.390129
-0.280550
2.461784
0.261821
0.174574
-0.010152
-0.047519
0.255108
-0.403678
-2.022855
-1.132150
0.986747
1.493358
1.446377
0.511131
0.000000
1.560203
3.844372
6.524301
9.644572
-10.120225
-5.061736
2.784094
2.497456
1.203578
0.002089
0.329962
2.620342
0.300999
