-1.956605
-1.343142
-1.793668
-2.083181
-2.299118
-2.438537
-2.502100
-2.413065
-2.246351
-1.795413
-1.271772
-0.745892
-0.197185
0.341490
0.839592
2.120971
3.610260
4.499891
6.055854
7.949185
9.704811
11.402169
12.959700
14.447144
15.697656
15.438650
15.318483
-15.700155
-15.700066
-15.700025
-15.699867
-15.699853
-15.699829
-12.611787
-11.454966
-3.585736
8.845137
7.212939
3.353308
-5.844515
-4.561397
-1.739792
1.467516
4.000110
5.367107
6.168686
7.551428
0.636844
-14.319513
-15.699180
-7.237065
-4.020497
-7.098223
-7.268634
-3.608714
6.133923
15.702852
15.700132
15.700833
15.544831
15.703682
15.699705
15.699976
15.700014
15.700054
-0.000001
-0.001292
0.000652
-15.697779
-15.700096
-15.700097
-15.700081
-15.700039
-1.490131
-1.273926
2.889922
2.575427
2.116061
1.658083
1.212543
0.786182
0.378956
0.015894
-0.301521
-0.553797
-0.732337
-0.855686
-0.789109
-0.638797
-0.555460
0.107839
2.457445
3.676679
4.536024
5.520808
6.590345
7.513754
8.772770
10.593854
12.331428
11.787640
13.083101
-15.691928
-12.967209
-15.700073
-13.834920
-11.363369
-11.337735
-10.128825
-2.029420
7.070521
10.857793
15.700053
15.697801
15.681285
15.699613
15.700059
15.700776
15.700030
0.000489
-0.000018
-15.082315
-10.924940
-14.202759
-15.701335
-15.700101
-15.700042
-15.699537
-12.372087
-8.667065
-2.081694
3.563375
3.927873
0.147827
7.876544
-2.042772
-0.987204
0.322484
1.298376
1.923531
2.173316
2.763299
3.750508
6.849779
-5.277357
-11.595019
-8.197704
-4.914183
-1.994458
-0.077116
2.370141
5.558141
5.601392
5.316161
7.954443
-3.056340
-2.338417
-1.147815
-0.097222
0.286341
0.412641
1.425099
2.804298
5.090318
-8.439857
-11.428414
-7.429831
-4.298776
-2.032265
-0.415887
1.870159
4.336638
5.338195
6.613301
6.655359
-3.553368
-3.139067
-1.766605
-0.501909
-0.122359
0.094439
1.224680
2.699507
5.352439
-7.478378
-11.409943
-7.340233
-3.997969
-1.548414
0.360566
2.618022
4.917350
5.865724
7.025774
6.477983
-3.265541
-2.922051
-1.652341
-0.488712
-0.124978
0.080840
0.924709
2.417227
4.900667
-11.454575
-11.090798
-7.786190
-4.466954
-1.765118
0.328020
2.571865
4.541710
5.753802
7.780999
6.416904
-2.870477
-2.159746
-1.192502
-0.279287
0.022177
0.229983
1.294104
2.866619
5.628139
-12.323428
-10.852336
-7.330462
-4.134733
-1.802643
-0.083279
2.017750
4.346365
6.061800
7.994564
6.734001
-3.075293
-2.470950
-1.486884
-0.498401
-0.169651
0.034254
1.117661
2.679946
5.275478
-12.291632
-10.947657
-7.777941
-4.762097
-2.282185
-0.302492
1.850414
4.035807
4.925069
7.637185
6.114826
-2.828988
-2.037460
-0.957662
0.033097
0.346543
0.541815
1.531588
3.047547
5.266334
-13.110562
-10.549616
-7.097715
-4.113710
-1.928170
-0.340259
1.884804
4.099696
5.563619
6.759171
6.510064
-3.292602
-2.530841
-1.383728
-0.312376
0.074676
0.295860
1.144716
2.762571
4.022289
-12.058817
-10.845530
-7.869061
-5.120084
-2.621799
-0.593370
1.921161
4.085071
5.032075
6.656084
6.378500
-3.257892
-2.358370
-1.198360
-0.173409
0.203283
0.387571
1.196324
2.694102
5.634469
-12.641005
-10.773658
-7.381056
-4.433079
-2.128349
-0.394588
2.066358
4.332951
5.468944
6.671173
6.509552
-3.218882
-2.398704
-1.204731
-0.122840
0.297587
0.543890
1.391665
3.024847
2.386432
-11.519839
-10.306856
-7.249614
-4.661259
-2.335707
-0.443697
2.088994
4.331335
5.250691
6.741630
6.713048
-3.241746
-2.425273
-1.257295
-0.214014
0.184510
0.462001
1.429126
3.067359
2.197300
-11.482088
-10.129824
-7.113687
-4.578207
-2.270218
-0.357219
2.065450
4.269397
4.663749
6.544200
6.601307
-3.193655
-2.263065
-0.985641
0.113736
0.535951
0.782146
1.604183
3.224162
0.863321
-11.529824
-9.813031
-6.557908
-4.215938
-2.141932
-0.478445
2.076718
4.531591
5.408665
6.746469
7.124607
-3.274109
-2.507876
-1.320965
-0.245227
0.184700
0.472709
1.340514
3.026107
0.801515
-11.162531
-9.847475
-7.014630
-4.732145
-2.474941
-0.553747
2.125591
4.482283
4.884683
6.213066
7.059004
-3.275561
-2.443433
-1.225534
-0.143908
0.275164
0.515430
1.310549
2.877094
3.517297
-11.630853
-10.103778
-6.980548
-4.626401
-2.434184
-0.640553
2.061658
4.487400
5.012872
6.556972
7.135376
-3.305808
-2.473160
-1.202454
-0.076177
0.361443
0.678919
1.562833
3.270131
-0.550198
-10.622158
-9.464444
-6.551692
-4.479725
-2.323321
-0.455372
2.212624
4.643317
5.002008
6.332980
7.392717
-3.212244
-2.431776
-1.215303
-0.140515
0.309307
0.622305
1.530670
3.258438
-1.164388
-10.594272
-9.473611
-6.686722
-4.673590
-2.488053
-0.586016
2.025213
4.405732
4.365339
6.153065
7.455666
-3.213183
-2.298110
-0.953344
0.188433
0.679732
0.966302
1.803696
3.480819
-2.492776
-10.549072
-9.256196
-6.240647
-4.466504
-2.503776
-0.754976
1.965544
4.547869
5.021478
6.862617
7.726677
-3.354765
-2.551354
-1.293803
-0.189374
0.255533
0.640940
1.503338
3.273449
-1.902967
-10.589541
-9.265815
-6.460151
-4.651114
-2.595598
-0.728127
2.049629
4.597337
4.799918
6.320576
7.702870
-3.334744
-2.512673
-1.229699
-0.124014
0.348090
0.656523
1.422942
3.074373
0.402453
-11.000803
-9.576118
-6.670721
-4.824957
-2.778511
-0.978096
1.861796
4.442832
4.716351
6.716203
7.761648
-3.383793
-2.535953
-1.193927
-0.016948
0.486311
0.827559
1.737699
3.509525
-3.517974
-10.170111
-9.016193
-6.197289
-4.602106
-2.625522
-0.782180
2.001297
4.614730
4.884353
6.662085
7.951275
-3.292675
-2.463101
-1.194483
-0.074740
0.413635
0.779835
1.692010
3.463624
-4.049587
-10.334917
-9.070940
-6.356217
-4.780061
-2.780429
-0.916392
1.775182
4.260130
4.225995
6.444537
8.141109
-3.248824
-2.332591
-0.969165
0.205275
0.734907
1.078586
1.930703
3.662196
-4.634796
-10.547903
-8.921003
-5.871828
-4.588102
-2.834371
-1.149024
1.649195
4.354065
4.783576
6.883515
8.229559
-3.381471
-2.494781
-1.192048
-0.044978
0.508471
0.860491
1.752244
3.558366
-5.259687
-10.316225
-8.926375
-6.139133
-4.793395
-2.917427
-1.103224
1.738902
4.419865
4.656791
6.586673
8.315325
-3.377941
-2.497227
-1.185108
-0.031023
0.483755
0.830766
1.636759
3.344319
-2.414009
-10.966045
-9.171536
-6.135929
-4.815547
-3.023155
-1.329926
1.510573
4.070496
4.379982
6.548236
8.458401
-3.369518
-2.449187
-1.111321
0.086015
0.625666
1.047805
1.918512
3.724913
-5.765393
-10.325796
-8.733948
-5.753146
-4.664294
-2.936846
-1.230646
1.595179
4.226342
4.617056
6.707827
8.549927
-3.321956
-2.414754
-1.089481
0.053107
0.608737
1.002599
1.875191
3.732869
-6.689795
-10.448291
-8.755730
-5.834727
-4.755657
-3.010730
-1.298130
1.407779
3.855909
4.023094
6.418234
8.913157
-3.226884
-2.251064
-0.871101
0.315680
0.883848
1.287194
2.116719
3.898984
-6.943563
-10.591004
-8.721502
-5.566274
-4.779845
-3.237833
-1.628399
1.221729
3.854004
4.425633
6.832301
8.817940
-3.382341
-2.438039
-1.090999
0.083121
0.654712
1.104826
1.954935
3.830113
-7.531403
-10.386729
-8.672567
-5.674595
-4.828092
-3.170676
-1.498328
1.374357
3.960302
4.360620
6.423107
9.015339
-3.331905
-2.387198
-1.061329
0.101681
0.674094
1.062167
1.907561
3.662995
-5.196183
-10.726249
-9.034292
-5.842795
-4.989538
-3.348359
-1.705235
1.166977
3.555457
4.042664
6.406127
9.245317
-3.363025
-2.363253
-1.002138
0.197652
0.722251
1.259675
2.109458
3.996010
-8.179650
-10.329198
-8.589111
-5.541650
-4.925683
-3.356773
-1.733818
1.180243
3.711070
4.284090
6.572697
9.259682
-3.304532
-2.331710
-0.975952
0.195406
0.771379
1.215585
2.143235
4.034986
-8.888380
-10.378833
-8.577274
-5.640650
-5.013071
-3.387541
-1.735510
1.075945
3.333195
3.772788
6.316586
9.773375
-3.166792
-2.120148
-0.767484
0.454716
1.039715
1.477573
2.419888
4.190445
-8.777394
-10.499806
-8.696899
-5.315263
-4.981771
-3.552065
-2.018243
0.885179
3.309961
4.101312
6.629658
9.595791
-3.340285
-2.327538
-0.948579
0.203927
0.839949
1.187554
2.204675
4.133486
-9.255558
-10.556560
-8.541783
-5.481828
-5.063030
-3.522135
-1.941665
1.022127
3.321124
3.877159
6.120689
9.727049
-3.300443
-2.286695
-0.931736
0.220772
0.866993
1.264467
2.137084
3.925178
-7.337384
-10.814034
-8.844359
-5.609354
-5.221955
-3.766357
-2.165837
0.809653
3.123926
4.015501
6.685118
9.908509
-3.369457
-2.321241
-0.901088
0.329186
0.952944
1.416187
2.318296
4.266557
-9.462252
-10.582426
-8.301960
-5.079050
-4.942348
-3.546186
-2.062184
0.903480
3.138383
3.855595
6.067879
9.970675
-3.278507
-2.235569
-0.872745
0.294689
0.946948
1.447706
2.285306
4.258777
-10.262540
-10.826876
-8.293196
-5.020622
-4.888880
-3.517171
-2.079782
0.787692
2.652406
3.337822
5.509436
10.678886
-3.116101
-2.042476
-0.631136
0.608677
1.252228
1.723798
2.336923
4.328865
-10.054210
-11.162307
-8.455479
-4.839767
-5.066501
-4.013592
-2.574357
0.456654
2.860630
4.143772
7.394455
10.035837
-3.455076
-2.374408
-0.986423
0.253878
0.923240
1.390175
2.352805
4.211871
-10.439907
-11.013617
-8.070081
-4.811090
-4.951044
-3.736652
-2.243429
0.785646
2.958416
3.729705
5.977908
10.168893
-3.405227
-2.327730
-0.986078
0.239280
0.897855
1.275263
2.042858
3.947944
-8.906092
-10.881028
-9.117281
-5.120374
-5.221587
-4.216235
-2.819440
0.251550
2.533919
4.025712
7.259514
10.178741
-3.503129
-2.391220
-0.923130
0.341035
1.022314
1.556248
2.410687
4.385100
-10.280067
-10.883407
-7.930943
-4.499231
-4.923271
-3.934962
-2.487202
0.534456
2.780654
3.915385
6.459053
10.206480
-3.412226
-2.322942
-0.913886
0.310243
1.042545
1.561316
2.270462
4.302048
-10.717142
-11.288097
-8.186749
-4.758920
-5.127594
-4.166007
-2.680132
0.283738
2.441864
3.629679
7.230522
10.635818
-2.988619
-1.833132
-0.426451
0.742307
1.418074
1.915499
2.528481
4.548361
-11.795269
-11.701276
-8.701669
-4.259053
-4.852674
-4.244882
-3.033840
-0.155279
2.014659
3.552677
6.590339
10.074416
-3.598064
-2.460000
-0.977713
0.306753
1.022813
1.604946
2.274617
4.387017
-11.098128
-11.466434
-8.381416
-4.565073
-5.061270
-4.249063
-2.850669
0.223750
2.454736
3.723012
6.536605
10.252887
-3.605500
-2.460630
-0.990469
0.264306
1.027107
1.497083
2.163249
4.172972
-10.366315
-10.849706
-8.897535
-4.479661
-5.062229
-4.365046
-3.033699
-0.015290
2.176935
3.907988
7.475304
10.640738
-3.640738
-2.460756
-0.967652
0.365045
1.149909
1.687981
2.377326
4.474723
-10.885929
-10.663019
-8.426030
-4.275289
-5.001009
-4.330828
-3.018381
0.033726
2.293177
3.901254
6.625954
10.485580
-3.587503
-2.406538
-0.939054
0.358818
1.109053
1.705567
2.405478
4.506401
-11.300629
-10.866435
-8.563448
-4.343657
-5.014454
-4.355143
-3.075256
-0.120343
1.863322
3.486279
6.323315
11.018836
-2.502138
-2.121533
-0.192690
0.836270
1.509251
2.226354
3.219914
4.807544
6.465305
-0.019856
-9.464267
-4.100997
-4.914718
-4.585365
-3.333153
-0.597665
1.285823
3.538655
6.049423
11.477258
-2.563222
-2.178054
-0.334780
0.758814
1.533231
2.143685
3.084895
4.662096
6.492865
-0.898567
-10.013301
-5.295276
-6.038294
-5.304297
-4.019762
-1.112200
0.702137
4.391778
4.487616
12.714099
-1.980276
-1.533647
0.203072
1.094542
1.968661
2.488685
3.003575
4.541307
6.397432
-1.689574
-10.689240
-6.079883
-7.000476
-6.252485
-5.026834
-1.919552
0.022490
4.095169
4.418971
13.575021
-1.493615
-0.997777
0.596156
1.857574
2.275805
2.888558
3.414612
5.153233
7.011474
-2.004386
-10.413447
-5.736996
-6.716020
-6.014835
-4.714309
-1.660321
0.219172
4.299505
4.881171
13.258392
-1.619881
-1.226874
0.522731
1.601808
2.159643
2.733594
3.359067
4.673762
6.508461
-2.037507
-11.209431
-6.841390
-7.712511
-6.805099
-5.377011
-2.071219
-0.263464
3.938276
4.728160
14.987120
-1.325118
-0.790650
0.819232
1.988530
2.419914
3.060440
3.654088
4.990915
6.779091
-2.362111
-10.673806
-5.843390
-7.377307
-6.820543
-5.317732
-2.137175
-0.307438
4.145555
6.053925
14.199604
-1.660603
-1.322468
0.343542
1.538122
2.092745
2.817209
3.430836
4.771172
6.652568
-2.496197
-10.683043
-6.303255
-8.027881
-7.369116
-5.824785
-2.311256
-0.093403
4.625328
5.595728
13.800480
-2.073042
-1.475374
0.304819
1.289441
1.960744
2.644809
3.262787
4.504700
6.289144
-2.157118
-10.526559
-6.633734
-8.794558
-8.055585
-6.277460
-2.557846
-0.274324
4.594355
6.514371
15.449427
-1.988057
-1.715244
0.052103
1.872166
1.972244
2.617234
3.295418
5.117543
7.040004
-2.307090
-8.911912
-5.115290
-7.719475
-7.373095
-5.582380
-1.725910
0.429654
6.229841
6.998810
13.535134
14.569233
-0.579775
0.180949
1.158708
1.806580
2.732056
3.293653
3.952283
5.768882
-4.102673
-10.217007
-9.100959
-11.902091
-10.599087
-8.192530
-3.295176
-0.164971
4.312509
6.231977
15.388619
-1.753139
-1.302614
0.374443
1.532067
2.151676
2.844491
3.840074
5.838905
7.665069
-2.185976
-8.527606
-4.105600
-6.098295
-6.212826
-4.526643
-1.294521
0.055982
5.819077
8.020858
12.541459
12.369956
-1.725186
0.550698
1.282542
1.570667
2.818714
3.805662
3.549225
5.446916
-6.801059
-11.579954
-12.787955
-14.316229
-12.073416
-9.345967
-3.951467
0.460790
6.132438
5.897714
14.802732
-2.237156
-1.607642
0.297788
1.432445
2.174941
2.825801
3.461169
5.500300
7.306282
-1.807804
-8.768193
-4.515927
-7.104211
-7.280156
-5.347507
-1.577549
0.350714
5.954025
8.482243
13.955147
13.938007
-0.875053
0.081681
0.924665
1.661130
2.681827
3.487014
4.142659
6.034493
-5.167214
-9.032936
-8.452877
-12.728247
-11.683873
-9.161881
-3.845285
0.009770
5.468782
6.694105
15.497123
-2.133413
-1.588706
0.177198
1.082817
2.088328
2.856074
3.612566
5.834819
7.730987
-2.676885
-8.388168
-4.395768
-6.887199
-7.166949
-5.318476
-1.645904
0.193462
5.769840
8.431373
14.189402
14.355705
-0.444330
0.604198
2.386214
2.182733
3.009497
4.156111
3.883017
5.711356
-8.465303
-9.325583
-11.081247
-14.367406
-12.983499
-10.101786
-4.513760
-0.162716
4.985746
7.008934
15.699424
-2.046255
-1.798852
0.093580
1.067199
2.067538
2.816507
3.841296
5.882012
7.767388
-1.940231
-7.813142
-3.444489
-5.690213
-6.366726
-4.727762
-1.450672
0.590593
5.397234
9.587096
12.917480
12.244299
-1.351527
0.213239
0.848051
1.639053
2.751474
3.795103
3.620208
5.154289
-7.550062
-9.718485
-10.788292
-14.321545
-13.012072
-10.252636
-4.700683
-0.168393
4.240156
6.957173
15.645497
-2.682745
-2.258497
-0.081043
0.921495
1.961548
2.674044
4.012795
6.125962
7.886677
-1.310735
-7.412751
-2.604026
-4.780101
-5.659081
-4.244500
-1.316378
0.655913
5.102146
10.850432
13.549520
12.212773
-1.722623
-0.140510
0.655939
1.210679
2.669238
3.824661
3.651806
5.568438
-8.488842
-8.679409
-10.171346
-14.006422
-12.785468
-10.179124
-4.655898
-0.576510
6.177490
7.128272
15.379477
-2.442861
-1.762550
0.342465
1.404132
2.576592
3.260244
4.184737
6.331182
8.251793
-3.806367
-8.752668
-3.110450
-6.435895
-7.624093
-6.203874
-2.675115
-0.368651
4.990223
9.063670
12.648492
14.044243
-1.691216
0.017163
0.838986
1.863504
3.032610
4.162445
4.373317
6.376498
-8.133657
-8.426445
-7.886778
-12.828370
-12.419118
-10.057798
-4.771434
-0.494714
5.331612
7.444397
15.287391
-2.650966
-2.052889
0.056567
1.168176
2.268555
3.014029
3.833376
5.937979
7.873230
-2.783429
-8.762495
-2.582386
-6.151325
-7.505394
-6.161602
-2.768823
-0.290039
4.581888
9.656076
14.017392
14.196012
-1.668574
-0.637525
0.631950
1.588981
2.639313
3.904085
4.988248
6.930310
-6.530609
-7.463760
-4.776203
-11.252143
-11.782445
-9.767275
-4.671143
-0.705141
5.866566
8.968529
14.209414
-2.537698
-0.812835
0.832191
1.419636
2.391942
3.421183
4.316346
5.826588
8.259524
-0.251314
-8.854704
-2.199627
-8.017964
-9.097820
-7.808111
-4.421090
-1.503603
3.835267
9.356126
13.216939
14.767358
-0.862898
-0.246831
0.864761
1.530876
2.766158
4.101326
4.905352
7.303861
-0.981011
-11.203598
-5.550437
-11.285350
-11.328223
-9.526685
-5.096846
-1.378761
6.761182
8.861775
12.459722
15.700454
0.006383
0.016906
1.399988
2.084417
3.088626
4.312946
5.547251
7.828341
-1.469287
-10.423459
-4.492318
-10.529733
-11.249894
-9.587796
-5.185902
-1.189473
4.805069
7.740898
12.280680
-2.826858
-1.057038
0.586411
2.102865
2.333867
3.617316
4.525171
5.639121
7.926578
-0.502803
-11.032480
-2.571669
-8.742889
-10.131393
-8.874142
-5.490637
-1.557437
3.081887
8.502970
13.362540
-3.650074
-1.656673
0.209651
1.329752
2.014520
3.575476
4.535438
5.818515
8.217357
-1.010397
-10.138170
-2.891427
-7.686028
-8.490243
-7.554286
-4.550858
-1.902121
4.670079
9.634169
10.997598
15.700929
-0.384913
-0.707466
0.934485
1.507489
2.540945
3.984325
4.912391
7.403423
-2.354975
-10.553979
-5.279262
-10.824088
-11.267756
-9.706068
-5.532696
-2.059263
5.076312
7.274091
13.190660
-2.731607
-0.556519
1.411525
2.294489
2.895054
4.378935
5.493323
6.496261
8.749016
-0.903323
-11.462870
-3.311525
-8.833008
-10.078752
-8.958488
-5.817009
-2.165153
2.907116
7.968629
12.374534
-4.554110
-1.833299
0.202537
1.322967
1.955218
3.728694
4.823631
6.089172
8.463480
-2.631203
-10.409460
-3.232222
-8.023543
-8.942077
-7.972227
-4.868015
-1.911484
4.955770
9.038529
11.400546
15.689896
-0.501319
-0.958090
0.400349
1.542530
2.623533
3.829692
4.584059
7.029713
-2.375801
-9.600029
-4.038572
-10.492438
-11.743896
-10.096476
-5.801899
-1.675493
4.019104
7.155354
12.354471
-3.365781
-1.552885
0.323597
1.549122
2.184708
3.928549
4.803989
6.470419
8.721539
-1.211592
-9.933003
-1.447474
-6.565146
-8.068851
-6.948604
-4.268560
-1.448073
3.306339
10.015967
12.019942
13.699396
-2.275549
-0.815326
0.870848
2.017655
3.054459
4.289736
5.613442
8.009531
-3.695215
-9.403161
-3.072995
-9.880624
-10.743258
-9.354640
-5.522233
-2.306562
5.325152
8.054612
14.036834
-2.745036
-0.657355
1.381478
2.268148
3.031813
4.723045
5.845842
6.625757
8.888690
-0.895544
-12.083372
-2.718521
-9.598244
-11.000458
-9.585201
-6.227913
-2.086033
2.191424
7.852598
13.007936
-4.060095
-2.095516
-0.059565
1.306086
2.164783
3.957736
4.887771
6.719191
9.009933
-2.050309
-9.983757
-0.957881
-7.084637
-8.214807
-7.114252
-4.547413
-2.183133
4.867827
10.296261
12.649430
15.601246
-0.712505
-0.391403
0.549614
1.698928
3.218342
4.630744
5.554344
7.944016
-2.479795
-10.257732
-4.582153
-12.682020
-13.562906
-11.695499
-7.026270
-2.514783
4.794356
7.165992
13.125240
-3.287236
-1.186220
0.805791
1.971980
2.912079
4.501528
5.539995
7.235517
9.116012
-7.897077
-8.656529
-0.871325
-7.868975
-9.616109
-7.882413
-5.320212
-1.709925
3.194911
9.054094
12.040353
-4.131321
-3.245257
-0.836198
1.190267
2.350961
3.419329
4.504700
6.962815
8.991155
-6.672354
-7.490366
0.631725
-6.473103
-8.382099
-7.293916
-4.393678
-2.066532
6.065167
9.055792
15.633693
15.698403
-1.329438
-0.478776
1.625258
2.420022
3.827127
5.253921
6.886003
8.725318
-12.331476
-7.056789
-2.593891
-11.342931
-13.477628
-11.657597
-6.685983
-1.801372
3.771821
7.224338
12.230046
-3.668242
-2.746673
-0.351162
1.216085
2.837177
3.839491
5.304943
7.765360
9.609825
-6.504713
-7.971241
0.403869
-5.844607
-7.617293
-6.156324
-3.558428
-0.303714
5.571524
10.822370
12.089736
-4.146835
-3.003924
-0.693067
0.761875
2.424849
3.593612
4.891516
6.856195
8.880653
-9.394004
-7.918348
-0.502691
-8.695022
-11.310081
-9.777802
-5.777359
-1.789471
4.935099
9.244852
13.638119
-3.206560
-2.204457
0.093186
1.496175
3.283280
4.332664
5.573979
7.666084
9.718013
-8.778175
-7.439040
0.186824
-7.058989
-9.238814
-7.764235
-4.730057
-1.359005
4.737999
9.658265
12.599898
-3.568409
-2.347527
-0.097043
1.376446
3.034765
4.370503
5.455515
7.733479
9.665500
-10.159200
-8.553307
-0.344272
-8.473046
-10.336357
-8.880422
-5.615968
-2.486160
5.338909
8.989574
15.306498
-3.114107
-1.827873
0.700086
2.308056
3.723698
5.140974
6.551446
8.246830
10.112761
-12.445124
-8.053200
-1.159343
-12.258831
-11.139304
-9.085624
-5.486126
-2.576175
3.481201
9.567904
12.017362
-4.336455
-3.212681
-0.566624
0.799150
2.488849
3.762322
4.851294
7.368420
9.309111
-9.900161
-12.160865
-4.987889
-4.078213
-2.979786
-2.507044
-1.388826
0.141615
5.568158
14.113224
12.846285
13.338704
-2.512704
-0.712721
0.639066
2.458430
3.980285
5.028616
6.470867
8.462594
-14.481169
-13.546684
-5.609853
-9.189731
-8.849880
-8.085595
-5.384556
-2.063704
3.411538
11.521301
11.971979
-5.450243
-4.283061
-1.576473
0.055668
1.866751
2.792803
4.572871
7.153873
8.760829
-9.302933
-11.155169
-2.970390
-2.933724
-2.330783
-2.920439
-1.686430
0.307717
6.439065
14.696901
12.871125
13.771280
-3.408221
-1.168908
0.458396
2.103892
3.521341
4.829804
6.525979
8.627345
-13.806332
-11.924257
-3.487401
-7.530691
-7.586962
-6.651697
-4.426274
-2.206756
3.746412
10.785914
12.315578
-4.708421
-3.555201
-0.887453
0.576658
2.415889
3.651811
4.816943
7.311237
8.984520
-11.166222
-12.023497
-3.548468
-4.504116
-3.776747
-4.046138
-2.440711
-0.254200
5.844457
-1.040702
-1.684509
0.240286
0.161493
-0.060894
-0.328843
-0.575220
-0.771060
-0.836325
-0.889982
-0.858027
-0.904762
-0.426147
1.194417
3.476250
5.023385
5.360149
5.662467
5.725186
5.707758
5.779751
6.011482
6.119014
5.531950
7.107499
2.052316
-15.700072
-15.699843
-8.115590
-8.782698
-9.349276
-9.764325
-6.374990
-4.778182
-1.620088
10.381961
11.779529
-5.083685
-3.079096
-2.902802
-0.725874
1.679965
4.345443
6.338408
6.971049
7.578896
8.661344
-11.186343
-13.228802
-7.285406
-5.527619
-5.324241
-3.097668
-1.355530
2.531468
7.449562
6.688532
3.947820
-2.445822
-1.087949
1.588334
3.941782
5.669394
6.868094
7.722449
9.276550
-10.741893
-12.810997
-15.531960
-8.769667
-4.374345
-2.010779
-0.499103
1.798135
4.365145
9.051601
11.186376
7.616422
-3.807670
-1.326999
1.072265
2.913224
4.499405
5.668016
7.027789
9.433496
-15.700018
-15.345574
-13.478157
-4.541326
-2.929829
-1.155875
-1.471403
0.326631
2.428140
7.060889
11.817098
8.923120
-5.009851
-2.513314
-0.272457
1.597747
3.316395
4.615576
6.106902
9.010565
-15.700027
-15.007462
-12.913581
-4.397974
-3.918804
-2.288240
-2.684069
-0.850577
1.449598
5.505911
11.170320
9.147978
-4.904585
-2.336634
-0.076128
1.710539
3.472614
4.749365
5.967405
8.986376
-15.700042
-14.863454
-13.399639
-4.509282
-4.402755
-3.038505
-3.479189
-1.912548
0.187082
4.576530
10.468232
8.975065
-5.027727
-2.204066
0.009850
1.812313
3.699666
4.962010
6.322943
9.221095
-15.700033
-14.485530
-13.200733
-3.742457
-4.025482
-3.252689
-3.869580
-1.858660
0.260974
5.713974
10.775698
9.381752
-6.176464
-3.514175
-1.259406
0.915134
2.712080
4.040839
5.611526
8.597134
-15.700015
-12.000204
-12.580525
-3.141762
-4.560093
-3.540419
-3.834073
-0.739686
0.864945
7.872271
12.969581
12.300425
-4.125827
-3.136183
-1.286345
0.648263
2.698964
4.139574
5.225185
8.481791
-15.700023
-12.580187
-11.906616
-3.924114
-7.367285
-6.542227
-6.502765
-3.139979
-0.661206
6.719549
10.941966
11.982438
-3.975791
-3.489249
-1.296148
0.688345
2.622825
4.068005
5.320516
8.668843
-14.658170
-11.074907
-11.306686
-3.137312
-6.431678
-5.678621
-5.768094
-2.450463
0.200775
7.556367
11.933496
12.547047
-3.378997
-3.452463
-1.418225
0.257625
2.494828
3.976313
5.130939
8.470769
-15.479328
-11.406407
-11.579967
-3.455387
-7.240720
-6.920715
-6.926436
-3.530632
-0.389850
6.703932
10.911791
11.588025
-4.497479
-3.832254
-1.722083
0.358935
2.282806
3.728033
5.118953
8.439006
-13.357156
-10.321293
-11.051533
-2.352639
-5.751293
-5.275952
-5.535609
-2.156758
0.191007
8.430867
12.384909
13.401236
-2.044650
-3.227210
-1.371982
0.089261
2.500020
4.185263
5.339959
8.526448
-15.700016
-12.120488
-11.563898
-4.378437
-8.436842
-8.256932
-8.154034
-4.598233
-1.485953
5.192240
10.006043
10.770456
-6.069343
-3.059749
-0.932549
1.201245
3.127795
4.458284
6.085620
9.100239
-14.220695
-9.982051
-12.135469
-1.665780
-4.436462
-4.563451
-4.951640
-1.155197
1.217601
10.037142
15.049961
13.516908
15.699688
-2.819239
-1.023087
0.454063
2.538751
4.605577
5.830072
8.310637
-15.701094
-15.167731
-11.863718
-4.510871
-10.441878
-11.732450
-11.050304
-7.205040
-3.373473
1.932944
10.635051
9.554279
-5.922679
-4.359061
-2.005440
0.281494
2.154647
3.528121
5.742842
8.470066
-4.253228
-9.315774
-12.105718
-1.892623
-1.968240
-2.960160
-3.345034
0.147559
2.822421
12.633097
15.700024
15.700028
15.699872
15.700198
-1.212089
-0.243166
0.992529
3.082688
5.502292
7.785565
-15.700353
-15.700327
-15.237775
-10.191933
-12.959467
-13.595742
-12.178703
-8.039506
-3.288703
3.349247
8.733137
13.436396
-5.757429
-3.540875
-0.950314
1.313541
3.081072
4.493605
6.563356
9.569233
-12.443460
-11.495573
-12.181007
-1.234082
-2.684622
-3.389810
-3.979692
-0.253295
1.457759
10.194286
15.699891
15.699725
15.700290
-0.768020
-0.372102
0.876179
2.598519
4.910299
6.999651
8.592858
9.880232
-15.700047
-15.700011
-6.970067
-14.263312
-15.699655
-14.030875
-8.146771
-2.245990
3.938327
11.277349
11.873317
-5.505178
-4.280967
-1.010403
0.993870
2.800653
4.165923
6.408258
8.592823
15.700069
-11.501979
-15.699848
-6.244174
-6.451959
-6.958612
-6.413738
-0.909701
1.139577
10.818933
15.699876
15.700086
15.699839
15.700361
-2.248593
-0.536490
1.573686
3.664055
5.289189
6.865355
8.684146
-15.700109
-13.413434
-1.675007
-12.322870
-15.488928
-14.506235
-9.051165
-3.484201
4.042513
11.486656
11.805956
-5.203286
-3.784350
-0.309430
1.702170
3.775849
5.312658
7.316635
9.919124
13.721166
-15.700089
-12.839610
-2.221919
-6.060712
-6.101744
-5.974924
-1.407757
0.238019
7.167891
15.696112
15.699782
15.043440
-3.365348
0.632879
1.589708
3.514452
6.086191
8.166535
9.649960
11.463109
-15.699993
-15.699960
-8.476459
-13.393167
-14.050138
-12.803926
-8.328525
-2.917376
3.429322
9.831454
8.450863
-6.040351
-4.255958
-0.881469
1.429960
3.578038
5.006867
7.298619
9.674793
14.820918
-14.831919
-12.643286
-2.330774
-4.604983
-4.575561
-4.391147
-0.109434
1.835159
9.400989
15.699883
15.700088
15.700265
15.699208
-1.665709
0.324851
2.067308
4.775550
7.069407
8.431048
9.796437
-15.700018
-15.700015
-8.523895
-14.743653
-15.699906
-15.038380
-9.463043
-2.895464
4.079316
10.919897
11.150171
-6.005080
-4.434490
-0.883592
1.387989
3.439674
4.918137
7.497041
10.046931
13.420667
-15.362292
-12.186533
-1.877351
-5.184424
-5.090938
-5.062339
-0.941294
0.582065
8.001182
15.699711
15.699585
15.700115
-2.980007
-0.326529
1.453192
3.220935
5.737520
8.202518
9.633265
11.289246
-15.699999
-15.700018
-9.352672
-14.547484
-15.700026
-15.047562
-9.632684
-3.155039
3.783015
10.721972
9.444810
-6.802684
-5.145476
-1.893450
0.644671
2.782957
4.368065
6.962811
9.511784
12.768982
-13.597854
-11.633406
-2.331242
-4.928799
-4.967648
-4.998827
-0.677520
1.982616
9.831380
15.699588
15.168667
15.700510
-2.810366
-0.933508
0.991421
3.124507
5.401109
7.415387
9.546109
11.379858
-15.700098
-15.547324
-4.380396
-11.578379
-13.210803
-12.012504
-7.051992
-2.131988
4.663738
10.674148
9.820093
-6.801282
-4.705547
-1.035180
1.320881
3.497851
4.985505
7.351534
10.080643
11.772392
-15.338547
-13.749227
-3.464532
-6.367404
-6.194618
-6.089766
-1.730954
1.123409
7.927561
14.012451
11.687178
15.699998
-2.988119
-0.956759
0.949283
3.133079
5.378866
7.341203
10.087807
11.945124
-15.700175
-14.099457
-3.104867
-10.300006
-11.774491
-10.910699
-6.153059
-2.688358
4.018024
11.338233
9.274941
-7.534594
-5.413358
-1.600940
1.000047
3.165822
4.949231
7.237673
9.979515
11.643692
-12.940163
-14.014913
-3.216777
-7.151267
-6.913400
-6.309271
-1.398160
1.532512
9.543696
15.456889
11.605441
15.698788
-0.576376
-1.469833
0.466273
2.487701
5.122470
7.399537
9.504184
11.350659
-15.700184
-13.977110
-5.107435
-12.067025
-14.870279
-13.755580
-8.532632
-3.582382
2.979026
10.097453
8.238014
-7.053133
-4.968837
-1.174175
1.303521
3.566061
5.304880
7.544637
10.000636
14.232865
-13.799281
-11.307939
-2.652593
-6.483725
-6.244926
-5.153477
-0.388771
2.185307
11.569191
15.700500
15.700059
15.700670
15.698792
-2.765490
-0.284674
1.325822
4.323821
7.004295
9.516622
10.546742
-15.700026
-15.700015
-7.115091
-15.700042
-15.700132
-15.699481
-11.468092
-3.776350
4.342885
10.518922
10.662769
-6.437922
-4.990736
-1.729568
0.783104
3.040153
4.634791
7.358674
10.135300
11.815685
-14.549150
-11.734703
-3.359659
-7.116574
-6.653994
-5.934483
-1.181889
1.462144
10.264212
15.694274
13.779036
15.700109
-3.652636
-1.338463
0.801883
3.044841
5.516278
7.522883
10.293751
12.110457
-15.700258
-14.320031
-3.590284
-11.852568
-13.620330
-12.365134
-6.627972
-2.416267
4.738753
11.080020
8.484874
-6.552583
-4.929390
-1.933942
0.790201
2.999384
4.956172
7.357885
10.219415
11.797894
-12.733195
-14.343303
-3.839037
-8.074735
-7.641527
-6.705787
-1.817844
1.605680
9.321559
14.858263
9.744994
15.700410
-3.379153
-1.575926
0.765359
3.343403
5.284713
7.486987
10.376781
12.203023
-15.700092
-13.889034
-2.934990
-10.033948
-10.953295
-10.103153
-5.194803
-1.879030
4.853136
13.336866
8.445726
-6.210727
-5.002425
-2.476506
0.286460
2.701733
4.696786
7.103493
9.957890
11.572750
-12.485099
-13.766927
-4.142861
-8.350864
-7.988485
-7.084615
-2.370735
0.721185
8.546613
15.426349
9.851394
15.699857
-3.271383
-2.256945
0.164441
2.831622
4.761896
6.982513
9.955164
11.839381
-14.840048
-13.092891
-2.550941
-9.826338
-11.078461
-10.217630
-5.240495
-2.271809
5.033045
14.428484
8.827844
10.482038
-4.409991
-1.801332
1.022399
3.429793
5.446457
7.607238
10.342569
12.037036
-13.547055
-14.229560
-5.353671
-9.193562
-9.160648
-8.210981
-3.369612
-0.178222
7.343960
15.480256
9.975801
15.698610
-3.057847
-1.793830
0.337714
2.751626
5.409562
7.542146
10.295118
12.170291
-15.196937
-13.347282
-3.776960
-10.161681
-11.412187
-10.486690
-5.197793
-1.448906
5.609004
14.218143
9.067670
15.700107
-4.583472
-1.285267
1.360288
3.799118
5.624671
7.921659
10.673979
12.372030
-14.109792
-14.012458
-4.539956
-9.793647
-9.616147
-8.300970
-3.245711
0.160720
8.019722
15.694559
10.891605
15.700493
-1.337483
-2.307934
0.046808
2.354639
5.134393
7.749331
10.298536
12.170287
-15.699881
-13.728987
-4.866065
-11.647852
-14.213512
-13.119233
-7.316838
-2.768199
4.284389
12.794358
7.344407
-7.129604
-5.840561
-2.679870
0.213546
2.549104
4.625277
7.142875
9.917171
11.489833
-11.465771
-12.321458
-4.549910
-9.259167
-8.519845
-6.617511
-1.544176
1.893580
10.910973
15.700005
13.517077
15.699218
-3.632451
-2.406376
0.060516
2.684450
5.051518
7.392351
10.331001
12.166328
-15.699657
-13.636134
-4.066637
-11.312035
-13.158042
-11.788982
-6.179207
-2.001943
5.026494
13.572831
7.569269
-6.194806
-5.242695
-2.932526
0.012970
2.649774
4.798091
7.340154
10.170280
11.712775
-11.606560
-13.280985
-5.926586
-9.726820
-8.953029
-7.136468
-2.205738
1.390198
9.374938
15.692895
9.685227
15.699303
-3.705483
-2.865320
0.186729
2.830693
5.011519
7.291044
10.196048
11.969738
-14.322165
-13.870676
-5.338346
-11.036466
-11.383636
-9.803768
-4.495687
-1.108764
5.921732
15.236547
8.255657
15.699122
-4.705470
-3.469065
-0.262968
2.479771
4.649965
7.038777
9.914864
11.507870
-11.968181
-13.769036
-8.513503
-10.187290
-9.504699
-7.857084
-2.962934
0.266655
7.619312
15.335567
8.502587
15.699856
-4.817143
-3.732521
-0.672200
2.040815
4.387993
6.771045
9.681102
11.281054
-12.541905
-13.979465
-6.912064
-9.902847
-9.498707
-7.912167
-3.159619
-0.183803
7.136718
15.424156
9.156382
9.368236
-5.097810
-3.790082
-0.472750
2.388923
4.880865
7.063519
9.663939
11.203636
-12.381424
-15.539197
-9.381982
-10.089622
-9.326097
-7.469709
-2.188727
1.208584
7.910724
15.615541
8.884723
15.698764
-4.091762
-3.730139
-0.727398
2.020566
4.421725
6.880903
9.775817
11.414645
-12.797405
-13.803183
-7.659716
-9.506312
-8.938017
-7.435677
-2.772876
0.439302
7.183892
15.628893
8.193534
15.699895
-5.105582
-3.973563
-0.596685
2.599341
5.094315
7.314350
9.910448
11.385854
-12.803442
-15.700040
-11.045464
-11.016146
-9.836864
-7.415872
-2.402178
1.302225
7.733456
15.150342
8.288198
15.697056
-3.270966
-3.512040
-0.567209
2.320358
4.661168
7.151818
10.012585
12.144772
-10.698978
-15.698582
-7.127745
-10.500844
-10.021160
-7.764535
-3.151653
0.260858
5.239550
15.674932
10.845972
15.700640
-2.603505
-3.951425
-0.499702
2.432746
4.789762
7.547348
10.362752
12.337207
-9.476340
-15.698964
-11.060846
-13.566667
-13.261847
-9.987681
-4.620384
-0.614890
5.093121
14.560238
7.499506
15.696983
-1.234841
-3.928171
-0.625873
2.364467
4.763291
7.293767
10.129167
12.375608
-9.008043
-15.699746
-10.097962
-11.087002
-10.825873
-8.515800
-3.665422
-0.506366
5.419858
15.095920
8.993852
-6.197247
-4.522585
-1.872685
1.488400
4.508963
6.995904
9.178735
11.448696
13.155868
-13.558317
-15.699759
-13.840209
-13.422832
-12.595260
-9.915061
-4.780346
-1.344554
4.000696
15.641161
8.973929
12.644450
-3.539728
-3.679025
-0.354238
2.645205
5.235709
7.362448
9.881411
11.703617
-6.093358
-15.698423
-11.236027
-11.398655
-10.824748
-8.474741
-3.414220
0.018380
7.396408
15.694847
11.922357
15.694166
-2.297754
-4.310373
-0.968431
2.062847
4.617904
7.111654
10.031725
12.253467
-5.829479
-15.699509
-9.732607
-11.808131
-12.596422
-10.400840
-5.338184
-1.360831
6.165861
15.546751
10.124405
15.698083
-1.716074
-4.609833
-1.075620
1.930666
4.597770
7.206433
10.115297
12.469772
-3.368693
-15.355378
-11.375737
-12.454761
-13.350793
-10.852453
-5.807708
-1.731294
6.089903
14.187184
10.494373
13.042139
-0.884626
-4.939690
-1.394955
1.533564
4.204519
6.751018
9.494663
11.854142
-3.224504
-14.932807
-10.559981
-11.103192
-11.862705
-9.825779
-4.885006
-1.006041
6.697578
15.445262
11.342363
14.586301
-1.370020
-4.814479
-1.291135
1.778142
4.431138
7.016182
9.825271
12.117921
-3.242506
-15.698662
-11.304181
-11.474085
-12.405639
-10.402066
-5.380750
-1.158124
6.093832
15.393023
10.642459
13.891136
-1.154748
-4.846250
-1.436156
1.703354
4.375964
6.803414
9.756650
12.551156
-2.799222
-14.843257
-11.082784
-11.843957
-12.864583
-10.502244
-5.548535
-1.151666
6.702763
15.201305
11.130681
13.560331
-1.227195
-4.352854
-0.814714
2.254076
4.942903
7.825690
10.615849
13.273553
-4.761667
-15.056787
-11.690746
-13.223348
-14.795538
-12.105289
-6.886528
-1.765016
6.031440
13.920500
9.963686
13.882067
-0.817100
-5.120216
-1.599239
1.507797
4.265289
6.929894
9.782671
12.223774
-3.097624
-13.001437
-11.371615
-11.541080
-12.512684
-10.119073
-5.367283
-0.960047
7.049466
15.492846
11.819293
12.979565
-1.369568
-4.118198
-0.480666
2.574641
5.400836
8.032832
10.897979
13.520836
-6.031690
-15.698870
-12.363999
-13.576952
-15.608803
-12.621907
-7.583447
-2.072803
5.763852
13.926117
10.314350
14.019560
-0.504707
-5.673340
-2.120424
1.010622
3.745375
6.436356
9.497010
12.020350
-3.048475
-12.087681
-11.073053
-11.088255
-12.058022
-9.728259
-4.943160
-0.257559
7.697276
15.697519
12.422184
13.878175
-1.437650
-4.152326
-0.349217
2.600338
5.576158
8.409450
11.097492
13.987519
-5.995655
-15.342921
-13.161234
-15.697510
-15.700152
-13.397203
-9.449553
-3.441193
5.289318
13.022080
10.029759
14.572378
-0.183713
-6.326402
-2.675356
0.411367
3.224479
5.995809
8.860621
11.323421
-3.053406
-10.856767
-11.260825
-10.747412
-11.429054
-9.145637
-4.439236
0.111993
8.093575
15.693294
14.036583
14.805679
-1.070833
-5.120569
-1.437071
1.855042
4.546547
7.296435
10.334720
12.585129
-4.660336
-15.699163
-12.204765
-12.883833
-14.635488
-11.113362
-7.460788
-2.258072
4.748845
14.093423
10.544460
14.223509
-1.661348
-6.708918
-2.870846
1.087496
3.903260
6.443735
9.033423
11.006798
-3.939138
-14.573042
-12.119681
-9.873548
-10.221473
-7.632832
-4.420329
0.759488
6.311086
15.699833
14.725020
15.694711
0.835658
-6.054260
-2.424002
0.848154
3.545648
6.338583
9.368337
11.987493
-5.687258
-15.699591
-11.005973
-10.931080
-12.355981
-10.094101
-5.449003
-0.869541
4.544061
15.640266
11.836895
12.750114
-3.652727
-6.413319
-2.291443
1.758192
4.863805
7.399735
10.027331
11.810112
-4.623414
-15.700088
-15.699618
-11.837712
-10.920385
-7.931920
-5.567632
-0.705477
4.542562
14.293246
11.975487
14.418701
0.938676
-5.588097
-1.999038
1.329332
4.134253
6.952260
9.947543
12.850237
-7.521054
-15.699337
-11.711269
-10.627465
-11.556762
-9.144813
-4.502464
-0.441589
5.550656
15.274343
12.551462
12.850934
-4.742198
-6.033117
-1.504006
2.606443
5.516260
8.235776
10.473181
12.093915
-5.388218
-15.699392
-15.699897
-13.027542
-11.485943
-8.100986
-5.823788
-1.810826
3.806503
13.692468
12.126767
14.470265
1.427763
-5.614333
-1.920068
1.367120
4.305425
7.090330
9.950189
12.675199
-5.793489
-14.215133
-12.891030
-10.964463
-11.859195
-9.165656
-4.623889
-0.278746
6.296070
14.647038
12.175751
12.580159
-4.539318
-6.196125
-1.772095
2.469405
5.657813
8.404206
10.663369
12.222124
-5.981063
-15.700167
-15.699657
-13.107727
-11.203888
-7.921116
-5.695907
-0.263882
4.292566
13.728958
12.029532
12.957443
2.776845
-7.416819
-3.945359
-0.349572
2.840750
5.722492
8.913242
12.256444
-14.530797
-11.886557
-15.698261
-12.548868
-12.520592
-9.313251
-5.915050
-0.205553
5.914380
14.069709
11.773279
10.434569
-4.376635
-6.450601
-2.000008
2.398930
5.674225
8.426074
10.704488
12.343003
-15.580726
-15.699818
-15.700032
-14.728503
-11.361325
-7.936366
-5.870972
-0.456147
4.139558
13.202646
13.236062
12.698207
2.076453
-6.966737
-3.275986
0.146278
3.393429
6.367922
9.548514
12.878347
-15.700032
-11.900524
-15.698421
-12.982663
-12.743145
-9.412391
-6.185639
-0.106587
5.748324
14.467172
11.928072
11.445707
-3.198845
-6.310109
-1.914541
2.287365
5.444882
8.312016
10.636561
12.423975
-15.681519
-15.699259
-15.698925
-13.818930
-12.196986
-8.674282
-6.337092
-1.678657
4.130845
13.890244
12.061913
14.957363
1.622098
-5.382311
-1.645495
1.779485
4.695129
7.738939
10.734868
13.571168
-7.964005
-14.925669
-14.044189
-11.924845
-12.735142
-9.554720
-5.201706
-0.618121
6.277083
14.922807
11.675972
12.051946
-4.635315
-6.779808
-1.934855
2.720300
6.003953
8.874557
11.088373
12.472650
-7.553412
-15.700075
-15.699960
-14.608997
-11.375035
-7.951139
-5.802626
-1.773744
4.229135
12.856107
12.143996
14.500462
2.073885
-7.281167
-3.302881
0.298045
3.564182
6.683541
9.794798
12.634057
-5.266490
-12.340857
-14.464622
-12.010550
-10.664078
-7.644695
-4.207947
0.274130
8.088958
15.623661
12.983978
11.115318
-4.665721
-7.357725
-1.980911
2.582213
5.935546
8.822563
11.027965
12.051055
-9.434412
-15.699032
-15.700305
-15.150268
-10.264135
-6.968593
-5.213671
-3.175225
3.369356
12.932094
12.436164
12.924323
0.980936
-7.840122
-3.576208
0.267076
3.718809
7.008893
10.031395
12.464180
-5.388642
-11.004415
-14.704276
-12.831210
-9.397520
-6.412617
-2.900746
2.365824
7.267751
13.977711
10.956873
11.223159
-2.680324
-6.271876
-1.599309
2.409364
5.983943
9.137897
11.613549
13.370551
-11.774826
-15.700064
-15.699186
-15.622461
-11.994975
-8.265139
-6.148369
-2.183755
4.484693
12.570574
10.417970
8.629733
-3.164150
-5.514163
-0.717835
3.104880
6.633230
9.948931
12.339653
13.837199
-8.321038
-14.821773
-15.697896
-15.699521
-11.232508
-7.509193
-5.520905
-0.370144
5.798916
11.442611
10.292125
11.347810
-1.988704
-6.459017
-1.731850
2.193502
5.758979
9.224581
12.120527
13.923792
-11.958306
-15.700130
-15.698556
-14.324775
-9.996330
-6.619637
-4.506658
0.955339
6.256182
13.076832
10.552275
10.206764
-3.295074
-6.206265
-1.433792
2.538359
6.219944
9.528737
12.231434
13.722334
-10.525632
-15.582250
-15.699218
-15.440208
-10.649292
-7.011189
-5.038777
0.055293
5.839794
11.883229
10.808455
10.728315
-3.091822
-7.586190
-2.579358
2.101556
5.642797
9.091394
12.161945
14.175196
-9.110309
-15.699632
-15.698545
-14.275006
-9.087937
-5.962649
-4.155519
0.946726
6.370267
12.917043
11.196757
10.988085
-2.434251
-6.178329
-1.251623
2.731115
6.318947
9.989023
12.751184
14.399514
-12.613927
-15.700274
-15.698267
-15.699746
-11.163950
-7.552906
-5.375107
-0.520645
5.804476
12.547386
9.889428
9.661370
-3.611407
-6.367882
-1.181110
2.895314
6.647492
10.236954
12.931030
14.566464
-11.428435
-15.699994
-15.698254
-15.699645
-10.730085
-6.971187
-5.123238
-2.690247
4.412674
13.596107
12.525196
11.425280
-0.007643
-6.597297
-2.339248
1.446296
5.004597
8.261598
11.702573
14.038411
-15.055162
-15.699421
-15.699121
-14.306753
-9.688777
-6.437164
-2.217991
3.147574
6.399997
13.962275
12.413490
12.403179
-0.799347
-6.182730
-2.010267
1.584517
5.048250
8.135376
11.292186
13.499336
-15.700078
-15.700153
-15.700497
-15.700099
-11.789736
-8.140465
-4.829039
0.616756
5.265139
14.267644
12.391042
11.814223
-1.167159
-6.030076
-1.549640
2.229118
5.966560
8.967103
11.921847
14.527151
-15.700096
-15.699677
-15.699567
-15.700034
-12.731093
-8.868924
-5.946539
0.577893
5.858419
13.714556
12.162540
12.450525
-1.074933
-6.476654
-2.227367
1.783327
5.281983
8.592667
11.928020
14.651036
-15.699489
-15.698838
-15.700399
-15.699555
-11.759175
-8.084816
-4.785529
0.905640
5.676130
14.342363
11.881760
11.489655
-1.609605
-6.325238
-1.561774
2.286596
6.169567
9.436329
12.437723
15.699991
-15.700800
-15.698498
-15.699624
-15.700209
-12.924372
-9.039187
-6.503804
-0.832469
5.602826
13.782377
12.410235
11.283155
-1.587904
-1.613335
-0.519995
0.708856
0.251199
-0.116749
-0.461732
-0.762361
-1.002405
-1.158181
-1.215272
-1.148499
-0.971485
-0.540641
0.065027
0.748592
1.354733
2.533248
4.309872
5.338329
6.578002
8.249956
10.165718
12.033504
13.929418
15.821591
15.624149
15.102169
0.276787
-15.654834
-15.492483
-11.123574
-7.034046
-5.112534
-3.638613
-2.333952
-0.965496
0.618467
2.015703
3.527904
5.009198
5.293235
3.005275
2.168186
1.110612
1.572029
3.460584
6.942586
12.703091
15.699804
0.000145
0.772227
-0.137908
0.542250
0.110072
-0.332981
-0.759417
-1.190769
-1.622596
-2.017270
-2.360441
-2.633214
-2.808099
-2.871073
-2.759845
-2.477847
-1.475077
-0.387299
0.720981
1.781888
2.845674
3.942364
5.058331
6.190387
7.315579
8.437548
9.571127
10.717150
11.950369
13.245447
15.025126
15.633547
15.607859
0.434055
0.401656
0.304929
0.250799
0.231551
0.219958
0.140811
0.055815
-0.001092
0.002788
0.003794
0.003876
-0.000732
0.002993
0.305138
-0.656589
5.535378
5.499960
4.808956
4.505525
4.261034
3.886498
3.502098
3.139808
2.715384
2.250144
1.765570
1.280607
0.818281
0.394617
0.026998
-0.259321
-0.433657
-0.607280
-0.665122
-0.458381
-0.257366
0.137383
-0.026754
-0.136219
2.673658
4.400319
5.431763
6.122604
6.870751
6.785178
6.428322
9.829181
11.831934
0.270981
0.251093
0.272197
0.264114
0.280223
0.326025
0.410545
0.213464
0.645006
0.779264
0.702857
0.276869
0.319792
0.115373
-0.230899
3.067258
3.691621
2.820157
2.211633
1.671329
1.208897
0.736584
0.250266
-1.789500
-2.118374
-2.304914
-2.360051
-2.312238
-2.344733
-2.556056
-2.868145
-3.002850
-1.961410
1.076945
1.972600
3.566234
5.238335
5.345964
5.645419
6.095629
6.746774
7.198249
7.509890
7.241401
7.733698
-2.482127
-15.699861
-8.607906
-5.096457
-5.336468
-4.324951
-3.709675
-4.657505
-5.282610
-4.889394
-5.248107
-5.360764
-5.498088
-7.622045
-6.748251
-5.021925
-3.288229
-2.189352
-1.303339
-0.658508
-0.253413
0.071616
0.334296
0.563068
0.749912
0.880423
0.963297
1.024651
1.074090
1.176414
1.336670
2.835776
6.895359
7.026876
-3.157354
-1.653019
-0.300675
-1.048135
-0.400717
-0.806815
-1.469391
-1.939489
-2.358176
-2.708173
-2.966807
-3.096504
-3.029775
-2.791604
-2.370750
-1.779488
-1.116307
-0.397457
0.347438
1.727413
3.024461
4.069654
5.029627
5.980297
6.919944
7.831380
8.758566
9.695774
10.729378
11.846157
13.253674
15.109682
15.646047
15.596396
0.052251
0.021239
0.023095
0.005867
0.000034
0.003021
0.000989
-0.910385
1.258938
0.063912
0.068310
0.100324
0.046055
-0.092156
-0.289476
-0.511880
-0.726455
-0.889512
-0.958749
-0.904342
-0.676923
-0.261330
0.239871
1.013348
1.848786
2.791326
3.810993
4.904650
6.085023
7.336695
8.670364
10.061756
11.596935
13.315059
15.622127
15.687503
15.676663
0.014288
0.014583
0.008860
0.006519
0.003440
0.001517
0.003677
0.001157
-0.000024
-0.000018
-0.000281
-0.000233
0.000635
0.000085
0.000033
-0.644736
0.552979
0.915357
0.329699
-0.167579
-0.603365
-0.989301
-1.327930
-1.615394
-1.860330
-2.016318
-2.110817
-2.084644
-1.965783
-1.704671
-1.275727
-0.687564
0.020401
0.759117
1.198897
2.625494
3.962667
5.191868
7.605844
10.114936
12.164857
14.354488
15.710895
15.602216
15.518152
15.282168
0.270337
-11.541073
-13.883434
-10.576765
-8.552756
-8.038245
-6.593795
-10.656322
-15.703063
-15.697873
-13.401715
-8.931071
-6.757149
-5.258764
-4.101258
-3.948754
-3.030598
-1.594635
-0.333333
2.713948
5.302803
6.762957
7.876243
9.145297
10.818711
12.529584
14.118896
15.700104
15.699280
15.685808
15.700227
15.700058
1.567956
-0.250488
1.001632
0.866426
0.826817
0.704917
0.557963
0.388937
0.227527
0.081757
-0.032110
-0.095065
-0.085627
-0.089849
0.027222
0.193254
0.357948
1.960060
3.563773
5.277714
6.536768
7.789478
9.008655
10.009574
10.939392
12.064522
13.898916
15.699345
0.000010
-0.000000
-3.232934
2.654327
0.431301
0.262304
0.018617
0.017189
0.038681
0.293097
0.276515
0.016833
-11.857489
-7.456289
-4.734342
-3.928730
-2.163135
-1.620988
-1.544064
-3.970228
-0.591923
-3.555093
1.016340
-2.511499
1.932960
-2.164721
2.109072
-2.223890
1.509087
-1.622480
-3.423524
-3.102258
-4.313310
-4.020546
-1.967969
-0.274373
0.598491
1.213723
-4.745721
-1.094433
0.383375
-1.876342
-1.096817
-1.763520
-1.025205
-1.418637
-1.755202
-2.025075
-2.223252
-2.334459
-2.356836
-2.257597
-1.844503
-1.356696
-0.716770
-0.270220
0.296945
0.806416
2.185556
3.349697
4.325889
5.747581
7.510827
9.287050
10.954557
12.565845
14.117314
15.382933
15.511811
15.227887
-15.700079
-15.699628
-15.700065
-15.699890
-15.700005
-15.699951
-12.079534
-11.476199
-0.231689
9.446876
5.411378
3.351346
-5.705004
-3.671896
-0.718648
2.387212
4.096020
5.356771
6.002259
7.258998
8.444931
4.347037
-2.353621
4.028028
-13.063511
-13.993689
-11.100139
-8.253713
-5.612458
-3.764151
-1.908164
0.524059
1.671970
1.757380
1.636105
1.630393
1.630890
1.298941
1.163799
0.999951
0.909905
2.599931
2.320902
-1.876017
-1.999503
-0.274764
0.522939
2.011495
3.909263
5.245761
-7.202360
7.466611
1.729025
5.536448
7.938903
9.871963
10.828494
-0.844354
-1.409991
-0.667290
-1.141551
-1.580742
-1.983418
-2.345664
-2.644402
-2.865006
-2.912829
-2.689915
-2.177966
-1.367573
-0.430791
0.506519
1.886260
3.231083
4.414258
5.480042
6.472423
7.442646
8.418450
9.468163
10.615911
11.937098
13.516854
15.269232
15.659135
15.612098
0.057446
0.142709
0.006717
0.017667
0.005975
0.019292
0.014188
0.005109
0.000382
0.004795
0.125066
0.087461
0.002885
0.007380
0.153299
-0.283092
1.149232
1.597466
1.020708
0.528840
0.088974
-0.245863
-0.544710
-0.787457
-0.957229
-1.018435
-0.983723
-0.830406
-0.702320
-0.529698
-0.341413
-0.239918
0.775526
2.849158
4.192426
5.581107
7.596324
9.587877
11.298874
12.899591
14.403764
15.699856
15.622781
15.472297
0.303207
0.309516
0.340372
-0.016151
0.329551
-15.700014
-4.910138
-6.238432
-2.207091
-0.275432
1.350482
0.287822
0.204731
0.841837
2.263349
4.559474
8.284313
15.153049
-0.000092
0.004438
0.002499
-0.002160
1.229791
4.805117
6.540943
5.606077
4.336974
3.009256
1.806473
0.654614
-0.385602
-1.239978
-1.939963
-2.486980
-3.028340
-3.423387
-3.723430
-3.903808
-4.012915
-4.009655
-3.737597
-3.067452
-1.480363
-0.147390
0.743865
1.517282
2.332485
3.154146
3.980225
4.854573
5.957594
6.976438
8.009350
9.171735
10.547387
12.260313
14.591898
15.666819
14.296584
0.229630
0.319027
-0.720473
-0.917786
-0.366813
-0.720305
-0.951558
-1.138781
-1.290393
-1.395854
-1.377492
-1.245581
-0.930195
-0.633016
-0.413287
-0.089769
0.395584
1.298638
3.016332
4.255468
5.426713
6.432389
7.756999
9.072428
10.485883
11.989022
12.940742
13.111984
13.946710
11.085630
-15.699599
-15.699646
-7.971749
-6.717184
-5.023787
-1.546824
-2.242977
-2.140566
-5.219164
-6.427711
-6.880232
-6.710645
-6.260952
-5.685755
-4.906783
-4.651606
-3.682737
-3.009453
-2.121937
-0.906934
0.773902
2.454160
4.573134
7.217014
-4.790767
-2.585688
0.330157
2.627440
4.843237
6.591543
7.953952
-4.705101
-3.406718
-0.441293
-0.829493
-1.114367
-1.392367
-1.640559
-1.844748
-1.991040
-2.058203
-2.041594
-1.811302
-1.528396
-1.268168
-0.963847
-0.537900
0.045789
0.811434
1.404490
2.697079
4.218911
5.023238
7.311914
9.582082
11.560298
13.332651
14.953748
15.684886
15.619297
15.585519
15.103470
0.270573
0.297610
0.271002
0.298035
0.167747
0.141470
0.390696
0.260904
0.017165
-0.008729
0.045460
-0.503387
0.261701
0.011597
-15.700109
0.736053
-1.803828
-2.262263
1.158243
0.811650
0.423735
0.051305
-0.328188
-0.689181
-0.991902
-1.228488
-1.370884
-1.406431
-1.428789
-1.091710
-0.646667
0.377821
1.794166
3.388767
4.905265
6.294575
7.564216
8.766840
9.918375
11.130920
12.497502
14.318653
15.661065
15.597377
0.423119
0.349526
0.198239
0.013588
0.024212
0.001855
0.000022
0.000024
0.000028
0.000096
0.000002
0.000003
-13.150748
-8.394195
-1.723964
-0.945817
-1.094553
-0.528674
-1.006792
-1.304983
-1.530776
-1.692321
-1.736027
-1.622596
-1.362753
-0.874481
-0.485836
-0.215604
0.124455
0.552696
1.903226
3.734265
4.778735
5.715426
6.732276
8.010193
9.348832
10.842513
12.375484
13.325984
13.067387
14.182522
2.876057
-15.700135
-15.700134
-15.700104
-7.701574
-11.012630
-11.581791
-10.877965
-9.630998
-8.356373
-6.751752
-4.853440
-2.764118
-1.644829
-1.238085
-0.510626
1.346130
4.957742
10.882983
7.910859
-5.510347
-4.880829
-2.626429
-0.449545
1.346993
3.179061
5.006361
7.014203
8.283607
-0.477804
-1.257938
-0.511654
-1.060837
-1.602548
-1.997288
-2.336526
-2.585553
-2.718557
-2.726834
-2.587915
-2.316181
-1.672781
-1.045982
-0.457074
0.240187
1.000097
2.186656
3.642496
4.435244
6.369683
8.468710
10.362448
12.199509
13.779929
15.736895
15.544901
15.405425
14.637801
0.014022
0.321509
0.225537
0.288914
0.116885
0.228149
0.017779
-12.168722
-8.006040
-5.548911
-2.397661
0.044194
2.094552
4.186866
6.348445
9.085957
-0.000083
0.000611
-0.000197
0.192886
-0.798603
-0.259792
-0.861909
-1.392612
-1.881901
-2.272179
-2.581624
-2.800385
-2.927105
-2.965100
-2.762392
-2.239302
-1.530155
-0.713168
0.083473
0.805143
1.841872
3.325837
4.331329
5.865921
7.887288
9.691497
11.453173
13.118012
14.730216
15.711267
15.463698
15.498746
12.878226
-15.700273
-12.870345
-9.947030
-15.699867
-15.699725
-15.623981
-11.813941
-8.016342
-8.853827
-8.927603
15.205192
11.778809
9.680200
-5.204671
-2.754981
0.252004
3.738672
6.548407
7.797274
8.919499
