-1.953644
-1.367928
-1.800578
-2.086969
-2.302007
-2.436968
-2.499195
-2.407600
-2.242513
-1.800698
-1.274823
-0.749798
-0.219469
0.356607
1.098725
2.501871
3.194438
4.301290
6.089129
8.116560
9.925538
11.688766
13.439449
14.959511
15.700110
-15.700032
-15.697035
-11.975935
-5.149860
-14.459581
-10.599613
-7.747543
-3.220921
1.967396
8.342382
9.621785
6.076903
-7.587119
-5.660708
-2.726093
0.020059
3.985256
6.754238
8.303167
9.754059
-15.700285
-12.848756
-10.143086
-9.785791
-8.142689
-0.245001
13.003212
8.557513
14.738280
15.700067
15.700033
15.702779
15.699312
15.700209
3.961793
0.164566
-6.596852
-2.735308
0.561852
2.822021
3.831012
-15.699511
-15.700069
-6.797149
-12.441768
-5.376573
-7.012498
1.312589
1.350932
-0.664455
2.939172
2.547682
2.093524
1.664501
1.262377
0.883299
0.535908
0.223459
-0.043510
-0.253721
-0.383509
-0.421769
-0.370615
-0.237330
0.313091
2.104849
2.055427
3.016242
4.790012
5.853032
6.812887
7.945137
9.425285
11.264643
13.205082
-15.700553
-13.649486
-15.699911
-15.700023
-4.752897
-1.738954
-1.538821
6.295956
15.700051
15.700018
15.700040
15.700103
15.700012
-13.027343
-7.640490
-8.105432
-8.138809
-8.355168
-7.956275
-7.244791
-6.234898
-15.700120
-15.699652
-11.475122
-11.345741
-0.859346
0.681488
-2.765244
-0.104622
3.822690
9.177769
6.924811
3.878783
-3.105851
-2.470367
-0.499777
0.532869
2.469715
3.697347
4.046841
4.359447
-15.148252
-13.231055
-5.354127
-2.772794
2.312744
6.143883
3.334602
4.334115
6.581830
8.407841
9.144399
6.273777
-3.378865
-3.095098
-1.977823
-1.200037
0.140087
1.066061
1.620117
2.160551
-14.670079
-13.430918
-7.572286
-3.898606
0.397790
5.114995
2.092798
2.584088
4.354946
6.138053
7.633482
6.899308
-5.088266
-4.651750
-3.329994
-2.340399
-0.691190
0.723060
1.294830
1.913657
-14.010383
-12.691320
-6.773727
-3.957990
1.191276
5.584005
2.746510
3.204709
5.150572
6.667310
7.886301
7.029158
-5.221828
-4.351358
-3.028406
-2.110646
-0.563859
0.780061
1.355194
1.941426
-15.700651
-13.484549
-8.327459
-4.369297
0.952163
5.979865
2.903971
3.309995
5.771317
7.507229
8.521055
7.182291
-3.958677
-3.961650
-2.478792
-1.524582
-0.320603
0.722387
1.352316
2.006037
-15.700429
-13.542950
-8.544708
-4.870577
0.329062
6.212235
3.465520
3.760973
5.875643
7.151155
8.101068
7.457952
-4.059330
-4.052214
-2.728739
-2.059504
-0.817556
0.368048
0.989040
1.632281
-15.700443
-13.849222
-8.650676
-4.729778
0.346724
6.036198
2.997994
3.204098
5.455303
5.961028
7.518587
6.806238
-4.381162
-4.324110
-2.626861
-1.592897
-0.220785
0.951173
1.576801
2.196203
-15.700457
-13.937515
-8.574405
-4.369652
0.007806
6.275198
3.394143
3.592958
5.368677
6.525167
7.573573
7.051263
-5.102174
-4.694350
-3.213333
-2.399453
-0.827092
0.566158
1.178327
1.778216
-15.699761
-14.104001
-8.269713
-4.245872
0.631814
6.293422
3.011967
3.122958
5.190499
6.486062
7.616372
6.603733
-4.995642
-4.816613
-3.170181
-2.098543
-0.523205
0.810475
1.445764
2.048243
-15.700649
-14.120753
-8.421085
-3.940917
0.357975
6.527296
3.407544
3.371449
4.841426
6.011849
7.377367
6.507278
-5.326345
-4.675238
-3.086039
-2.156937
-0.489170
0.929662
1.554052
2.167773
-15.700731
-14.238428
-8.213616
-3.874041
0.909215
6.675986
3.484857
3.454860
5.158135
6.305404
7.449635
6.462309
-4.930419
-4.717824
-3.074780
-2.185976
-0.555761
0.837517
1.487078
2.102236
-15.700496
-14.226049
-8.290024
-3.859215
0.818953
6.659214
3.468125
3.355959
4.983327
5.180514
7.034840
6.101040
-4.985055
-4.703584
-2.981663
-1.936745
-0.161500
1.293565
1.939495
2.545250
-15.700733
-14.513377
-8.511520
-3.652469
0.751534
6.848926
3.760881
3.466458
4.746687
5.806696
7.157978
6.375607
-4.814939
-4.730820
-3.114663
-2.335263
-0.618601
0.872227
1.516170
2.122895
-15.700779
-14.750767
-8.478325
-3.538366
0.876949
6.783379
3.456542
3.154257
4.574702
5.765875
7.057224
6.143688
-4.898034
-4.784002
-3.103325
-2.221255
-0.463954
1.023893
1.664104
2.251907
-15.700697
-14.878974
-8.533833
-3.229884
0.932003
7.018063
3.683110
3.189930
4.255621
5.403481
6.925345
6.047672
-4.991028
-4.810245
-3.120414
-2.223817
-0.373569
1.190279
1.853737
2.470038
-15.699749
-14.826208
-8.544826
-3.368057
1.207688
7.127950
3.837944
3.344112
4.623490
5.799757
7.001525
6.132180
-4.778361
-4.734554
-3.073171
-2.270465
-0.479267
1.055532
1.713856
2.329684
-15.699752
-15.043298
-8.579002
-3.314482
1.189625
7.135538
3.732049
3.174194
4.430170
4.668270
6.658050
5.812517
-4.883429
-4.742567
-2.961937
-1.979404
-0.049742
1.539710
2.231168
2.814607
-15.699753
-15.224060
-8.800246
-3.261805
1.318287
7.338034
4.014616
3.338404
4.426928
5.512938
6.871895
6.155546
-4.947183
-4.855361
-3.135157
-2.335329
-0.492325
1.125560
1.811865
2.458458
-15.699762
-15.379785
-8.859163
-3.351546
1.137199
7.234960
3.819499
3.089230
4.158516
5.403999
6.767067
6.071049
-4.986146
-4.884036
-3.156038
-2.341365
-0.427839
1.208845
1.911424
2.515398
-15.699704
-15.689617
-8.915842
-3.103263
1.213692
7.384520
3.824257
2.979668
3.841012
5.186687
6.717669
5.936412
-5.139522
-4.948667
-3.140726
-2.263406
-0.262451
1.440939
2.148863
2.797350
-15.699794
-15.477874
-8.870545
-3.247767
1.470008
7.535010
4.091980
3.254504
4.305522
5.565887
6.852855
6.100284
-4.892296
-4.882379
-3.145960
-2.310897
-0.409562
1.280428
1.976307
2.625897
-15.699747
-15.696938
-8.914377
-3.232351
1.357718
7.483448
3.912671
3.060583
4.115738
4.478202
6.549419
5.836779
-5.055270
-4.881155
-3.007501
-2.058414
-0.034496
1.706423
2.424655
3.054731
-15.699833
-15.697911
-9.262191
-3.277579
1.219836
7.581713
4.057508
3.069916
3.971454
5.479425
6.839302
6.107567
-5.025921
-4.983666
-3.185979
-2.336170
-0.374645
1.377457
2.112317
2.775641
-15.699752
-15.698616
-9.164658
-3.277409
1.306384
7.556083
3.911316
2.951545
3.928029
5.416590
6.754910
6.080123
-5.048506
-5.012085
-3.201207
-2.349472
-0.363776
1.402244
2.129570
2.772602
-15.699736
-15.699657
-9.406086
-3.151783
1.099219
7.503424
3.725929
2.680778
3.523046
5.373021
6.725165
5.925762
-5.197677
-5.060591
-3.193393
-2.261036
-0.202310
1.610340
2.361945
3.021562
-15.699959
-15.698714
-9.285127
-3.246404
1.332241
7.770952
4.061277
2.967321
3.929391
5.704550
6.889801
6.101139
-5.319169
-4.974039
-3.162407
-2.304656
-0.299546
1.488352
2.241029
2.911912
-15.699709
-15.698819
-9.340738
-3.214681
1.196035
7.642035
3.860081
2.782343
3.772796
4.627304
6.637174
5.891505
-5.674069
-4.926315
-2.995744
-2.010469
0.115407
1.941308
2.702166
3.360298
-15.699871
-15.699458
-9.783354
-3.491342
1.094802
7.670815
3.800041
2.747460
3.688241
5.700521
6.898880
6.104625
-5.483043
-5.136428
-3.234851
-2.360167
-0.274381
1.586902
2.363297
3.067072
-15.699693
-15.699336
-9.557019
-3.324640
1.154814
7.684356
3.728295
2.639046
3.661134
5.720667
6.854850
6.086263
-5.386758
-5.110860
-3.228415
-2.354029
-0.273856
1.600002
2.340230
3.016733
-15.699745
-15.699839
-9.720967
-3.249636
1.214502
7.574398
3.360723
2.424703
3.409510
5.656908
6.812056
5.955542
-5.606392
-5.186481
-3.233071
-2.292216
-0.137971
1.800585
2.617737
3.279678
-15.699655
-15.699689
-9.694819
-3.456255
1.281682
7.827988
3.709884
2.656951
3.728509
5.951620
6.979763
6.092310
-5.286371
-5.151766
-3.226148
-2.327795
-0.235941
1.674816
2.458921
3.171199
-15.699787
-15.699995
-9.652680
-3.348559
1.275758
7.741715
3.525308
2.517198
3.656973
4.890303
6.821433
5.938549
-5.653275
-5.031461
-3.029501
-1.996629
0.217009
2.152722
2.946888
3.663414
-15.699989
-15.699073
-10.029191
-3.665989
1.094530
7.597984
3.416672
2.493999
3.591815
6.016568
7.045986
6.173316
-5.315026
-5.257907
-3.310692
-2.396121
-0.251324
1.757190
2.536574
3.231902
-15.699684
-15.698216
-9.849289
-3.456859
1.172378
7.594408
3.241660
2.347786
3.582277
6.030862
7.082188
6.171443
-4.962722
-5.195662
-3.250199
-2.375531
-0.226374
1.741003
2.532328
3.264327
-15.699956
-15.699297
-9.904738
-3.491285
1.180780
7.503301
3.186084
2.280490
3.293966
5.825230
6.967109
6.044045
-5.359691
-5.364289
-3.347761
-2.335373
-0.084870
1.996548
2.790842
3.559602
-15.699332
-15.698642
-9.912027
-3.620017
1.218089
7.602856
3.257681
2.383615
3.666826
6.291894
7.280258
6.273705
-5.025239
-5.182334
-3.240116
-2.349962
-0.166784
1.876490
2.673582
3.433100
-15.699672
-15.699172
-9.970699
-3.521717
1.150419
7.454594
3.054494
2.232548
3.607551
5.341163
7.308650
6.217567
-5.266004
-5.033493
-3.009549
-2.010099
0.224496
2.236259
3.071983
3.804523
-15.699771
-15.699806
-10.243106
-3.930320
0.862063
7.405145
3.401432
2.419789
3.475893
6.230705
7.245996
6.407476
-5.201910
-5.456524
-3.410256
-2.481628
-0.255288
1.846980
2.704922
3.509594
-15.699975
-15.699385
-9.979318
-3.670625
1.063661
7.277360
3.030899
2.178509
3.474480
6.236056
7.337125
6.460358
-5.155491
-5.276707
-3.284381
-2.392488
-0.175319
1.896162
2.765050
3.532881
-15.700940
-15.700338
-10.109004
-3.923147
0.724284
7.106004
3.183439
2.123561
3.083108
6.028579
7.170478
6.178287
-5.573157
-5.593165
-3.506682
-2.465467
-0.171979
2.034709
2.938863
3.761416
-15.699890
-15.698984
-9.853075
-3.831403
1.135793
7.481060
3.370114
2.379338
3.631196
6.501710
7.444626
6.478327
-5.045862
-5.335462
-3.312188
-2.428146
-0.226704
1.922994
2.817260
3.657318
-15.699956
-15.698851
-9.933117
-3.945205
0.898176
7.427732
3.370663
2.317696
3.519172
5.455080
7.363413
6.396220
-4.977661
-5.319594
-2.925028
-1.902504
0.338405
2.375208
3.293620
4.103198
-15.699898
-15.699428
-10.079941
-4.095844
0.293064
7.117646
3.373103
2.282232
3.503110
6.478037
7.457308
6.741053
-5.604881
-5.492325
-3.508190
-2.667268
-0.495414
1.761622
2.615640
3.573528
-15.699806
-15.699484
-10.012454
-4.153440
0.548183
7.070912
3.134216
2.046468
3.315595
6.396582
7.426743
6.655439
-5.178015
-5.492938
-3.445851
-2.549999
-0.325408
1.907905
2.852513
3.743952
-15.699939
-15.699873
-9.894537
-4.266488
0.406418
6.701995
3.072254
1.937955
3.018426
6.244944
7.272621
6.414583
-5.085538
-5.752475
-3.600496
-2.559401
-0.232299
2.122864
3.078984
3.951185
-15.699901
-15.699636
-9.623345
-4.185075
0.579531
7.126361
3.344054
2.133606
3.444070
6.659946
7.562732
6.634609
-4.984285
-5.517939
-3.444670
-2.528372
-0.258620
2.041286
2.963187
3.887054
-15.699788
-15.698644
-9.726509
-4.259855
0.454536
7.094600
3.247355
1.999023
3.384262
5.726508
7.642060
6.554820
-5.544855
-4.930824
-2.757814
-1.708758
0.513382
2.514339
3.462971
4.378922
5.247174
-15.699692
-11.614334
-4.613439
-0.576173
6.423378
2.941916
2.023440
3.812189
6.922949
7.892117
7.032225
-4.902123
-5.334405
-3.709267
-2.877789
-0.525585
1.899532
2.876631
3.652816
4.453609
-15.699437
-11.822678
-4.984289
-0.237072
5.678637
1.676863
0.899517
3.449543
7.395499
8.256924
6.660125
-5.681539
-5.225642
-3.753094
-2.718797
-0.247555
2.253768
3.084678
3.824530
4.635875
-15.699498
-11.278631
-5.068469
0.066187
5.326511
1.490034
0.797494
3.487083
7.707610
8.379889
6.412735
-5.243767
-5.586276
-3.311804
-2.119026
0.202768
2.457853
3.288380
4.156918
5.021620
-15.699974
-11.028977
-4.977017
-0.221003
5.804959
1.834069
1.039603
3.959496
8.145518
8.519841
6.898476
-5.216348
-5.293448
-3.926105
-2.914144
-0.510493
2.052346
2.902960
3.711793
4.620202
-15.699698
-10.751442
-4.837861
0.326341
5.227664
1.523048
0.977336
3.987113
7.579618
8.587374
6.944966
-4.943614
-5.420343
-3.231281
-2.078739
0.143157
2.603364
3.416886
4.348994
5.285344
-15.699456
-10.658160
-4.970984
-0.107643
4.901052
1.478432
0.958914
3.950566
8.117043
8.345494
7.467844
-5.289417
-5.762033
-3.756548
-2.865994
-0.415675
2.436327
3.288934
4.211629
5.186746
-15.698753
-10.717355
-5.197282
0.599856
4.163823
0.885986
0.539907
3.811032
8.803318
8.724566
7.647144
-4.706151
-5.299879
-4.361894
-3.429920
-0.998297
1.949468
2.835180
3.730644
4.659933
-15.698552
-10.085814
-4.533075
1.230607
3.693659
0.859996
0.578140
3.647717
8.573990
8.567355
7.539030
-5.252989
-5.793552
-3.741766
-2.698586
-0.187815
2.758075
3.687273
4.663493
5.746832
-15.698761
-10.208540
-5.393072
1.144212
3.929418
0.457753
-0.181137
3.099774
8.770644
9.219509
7.621692
-5.309048
-5.787454
-4.651285
-3.505631
-0.653555
2.404848
3.523583
4.287642
5.270503
-15.700769
-10.059948
-4.422607
3.096571
2.003195
-0.118302
0.152316
3.999364
9.710708
9.319637
8.195522
-4.864787
-5.348439
-2.354702
-1.288137
0.761447
3.143760
4.166153
5.373090
6.484206
-15.699189
-10.272513
-5.103451
-0.372319
4.288248
1.168687
0.049115
2.951078
7.547549
8.927581
8.010119
-4.882506
-5.490589
-4.607460
-3.676143
-1.217254
1.809241
2.889631
3.567829
4.689018
-15.697373
-10.009337
-4.785669
2.821974
-0.133515
-1.950272
-1.433575
2.810525
10.967187
9.513678
7.591179
-5.185856
-5.951781
-3.406232
-2.056442
0.357391
3.077304
4.144781
5.303569
6.381291
-15.699147
-9.097516
-4.731508
0.765913
4.288885
1.240289
0.230690
3.241005
8.051083
9.016357
7.678172
-5.110532
-5.619601
-4.614629
-3.489555
-0.700325
2.394447
3.538813
4.371420
5.434796
-15.698872
-9.945415
-5.006465
2.999517
1.251023
-0.990663
-0.660794
3.275951
10.602365
9.727567
8.004611
-4.933091
-5.582905
-3.162070
-1.967017
0.350055
3.007515
4.143981
5.277008
6.459588
-15.700186
-9.510049
-5.167449
0.720501
4.369503
1.362705
0.239081
3.265885
7.439984
9.518662
7.824908
-5.142610
-5.782031
-4.584910
-3.429354
-0.689722
2.451437
3.505936
4.311780
5.448081
-15.694883
-9.868235
-5.021305
2.908630
-0.312943
-1.408075
-0.770889
3.236447
10.596490
9.388837
8.389723
-4.749652
-5.645829
-2.762591
-1.523152
0.766759
3.310016
4.455375
5.866123
7.084196
-15.697617
-9.201839
-5.020980
0.112062
4.526221
2.105086
0.662572
3.313388
7.300876
9.365223
8.402765
-5.221950
-5.970045
-4.870319
-3.905632
-1.262062
1.849910
3.099754
3.912617
5.057150
-15.700200
-10.093056
-5.020281
2.931714
-0.777684
-1.398829
-0.469591
3.392212
10.781905
9.435853
8.889963
-5.061800
-5.734274
-2.619964
-1.368822
0.852447
3.339663
4.648847
5.978747
7.242054
-15.699185
-8.611138
-5.236602
0.040995
4.237738
2.571314
0.872162
3.035970
6.568114
9.430152
8.587264
-5.395176
-6.099750
-5.024900
-4.114099
-1.454371
1.730571
2.927818
3.823551
5.023307
-15.699976
-10.549730
-5.150105
3.230819
-0.631161
-2.163656
-1.427965
2.507570
10.127180
10.540539
7.680888
-5.499758
-6.145649
-3.172095
-1.783076
0.711894
3.626245
5.008947
6.216984
7.480620
-15.699470
-9.188033
-5.564893
0.218039
3.709570
1.750487
0.330830
2.924828
7.823509
10.130987
8.110726
-5.708915
-6.193135
-4.944331
-3.794852
-1.070503
2.166318
3.346813
4.372581
5.558079
-15.700174
-10.422901
-5.753545
2.365933
0.595280
-1.112524
-0.772733
2.639496
10.151554
10.160254
8.083684
-4.955482
-5.802980
-3.420313
-2.162533
0.314209
3.109373
4.456337
5.649279
7.068973
-15.700080
-8.938387
-5.732879
-0.129024
3.620330
2.189739
0.596086
2.745231
7.272787
9.916332
7.865783
-5.536355
-6.348582
-5.025917
-3.845878
-1.021133
2.327456
3.604354
4.709382
5.908294
-15.699839
-10.282417
-6.255100
1.874584
1.498198
-0.644411
-0.870716
2.046704
9.446160
11.098913
7.660864
-4.823419
-5.680279
-3.809711
-1.677451
0.812628
3.664691
4.966363
6.137355
7.327324
-15.699274
-13.079713
-5.764973
1.163699
2.714275
1.607849
0.632523
2.537112
7.071663
11.292796
8.507479
-4.428411
-6.003924
-4.909729
-3.630746
-0.793261
2.355726
3.626543
4.562632
5.823125
-15.700770
-13.919184
-6.468699
1.571797
0.091080
-1.464440
-1.377322
1.193327
8.801323
12.335513
5.788892
-4.946773
-6.392190
-5.215001
-3.208441
-0.112862
3.077406
4.473728
5.433317
6.529524
-15.700161
-13.110892
-5.923821
1.518845
1.650135
0.261964
-0.049769
2.228280
8.858205
11.985641
7.338442
-2.938775
-6.034150
-4.920417
-2.579147
0.129539
3.156063
4.284584
5.451693
6.869728
-15.699757
-14.045804
-6.088974
0.007711
1.685855
1.661008
0.677839
2.210508
7.444929
11.134546
8.299188
4.665622
-6.020946
-5.300162
-3.295044
-0.675572
2.448493
3.673178
4.877594
6.273166
-15.699352
-13.667817
-5.986339
0.286571
1.772137
0.992048
-0.015373
1.660064
7.269649
11.850071
7.899265
-5.170610
-6.488151
-5.266449
-3.928973
-1.025699
2.437843
3.765740
4.704040
6.044499
-15.700830
-13.723298
-6.580203
0.878108
1.051339
-0.596675
-0.714971
1.665670
7.841619
12.953844
5.407816
5.204085
-6.106803
-4.830162
-2.447864
0.077071
3.194718
4.440645
5.624668
6.841552
-15.700836
-13.441230
-5.619297
0.111711
2.145262
1.685701
0.751763
2.415375
7.647839
11.700467
7.999732
5.303715
-5.770404
-6.038662
-3.799189
-1.062891
2.204921
3.485073
4.646831
6.105303
-15.698971
-13.268630
-6.203950
0.399324
1.997005
0.738801
-0.077916
1.607626
7.435028
12.584980
6.790762
5.219751
-5.980644
-6.201215
-4.561848
-1.542328
2.013303
3.519825
4.543677
5.807085
-15.700788
-12.725134
-5.821689
1.302037
1.166443
0.348602
0.135123
2.000180
8.284730
12.496259
6.509549
5.265685
-5.885875
-4.659542
-2.458116
0.166791
3.021749
4.337222
5.557291
7.142983
-15.699129
-12.235600
-6.063663
-0.656717
2.567334
2.585560
0.905131
2.241798
6.769390
11.858452
8.053654
5.135485
-5.985180
-6.342676
-4.745463
-1.827784
1.740145
3.248636
4.356437
5.769621
-15.700743
-13.100267
-6.457670
1.124920
1.556802
-0.001285
-0.340355
1.705407
7.373938
13.530863
5.259225
5.016580
-6.267342
-5.089728
-2.606880
0.141892
3.402108
4.731231
5.903546
7.304462
-15.700917
-13.455339
-5.652593
-0.058712
1.612564
1.906063
1.130424
2.873448
7.912450
11.739684
7.997305
5.351586
-5.879870
-5.522743
-3.539040
-0.870329
2.315855
3.734078
5.050419
6.666441
-15.699609
-12.807111
-6.385496
-0.184614
1.778161
1.593507
0.281342
1.730805
6.715003
13.112994
7.202641
-5.732946
-6.707813
-5.558341
-4.072594
-0.999039
2.475078
4.021453
5.050099
6.414119
-15.700738
-13.639268
-6.495421
0.572387
-0.675908
-0.631658
-0.317020
2.029560
8.626658
13.269472
5.363135
4.813190
-6.474915
-4.976058
-2.529376
0.264931
3.409772
4.717779
6.029381
7.651438
-15.699622
-9.439145
-5.628790
-0.369185
2.679223
3.581760
1.582851
2.730169
7.283599
11.079463
7.931875
5.579745
-6.189507
-5.152497
-3.879617
-1.246393
2.039765
3.586227
5.074303
6.816052
-15.699043
-9.895696
-7.269114
-0.801888
2.123920
1.799793
0.006008
1.502702
5.858217
12.820605
5.809125
-6.188091
-6.918662
-6.117289
-4.232024
-0.772979
3.035347
4.585422
5.810565
7.159274
-15.700777
-9.893975
-6.644784
0.510488
0.978288
0.936583
0.414407
2.581433
8.765929
12.550040
6.695401
5.011073
-6.152323
-4.385981
-2.596210
0.288722
3.129003
4.730853
6.285178
7.858568
-15.699944
-8.667604
-6.643850
-1.195112
3.481757
3.782000
1.104432
2.519896
6.727894
11.985549
7.086729
-5.885617
-6.240620
-5.519711
-4.006150
-1.202362
2.329313
3.915527
5.321516
6.849919
-15.698549
-9.924561
-7.826798
-0.610899
1.392073
1.593252
0.228731
1.692275
7.536805
12.126446
6.104311
-5.603346
-6.862599
-4.607039
-2.604814
0.476170
3.654407
5.147014
6.707327
8.184402
-15.696660
-9.249062
-6.907820
-0.489203
2.922606
2.965299
0.998169
2.641355
7.533966
12.520235
6.924327
4.779133
-6.315627
-5.117985
-3.584903
-0.655805
2.719612
4.321546
5.752986
7.348241
-15.698403
-10.293151
-7.394189
-0.923032
1.904461
1.819319
0.479734
2.059925
6.678767
12.436668
5.917157
-6.543896
-7.082090
-5.198263
-3.301557
-0.069166
3.750900
5.335676
6.654016
8.200456
-15.700435
-10.111666
-6.800678
-0.061794
1.545067
-0.862593
1.057835
3.759480
8.896670
12.154838
7.847642
5.901898
-5.797063
-4.099659
-2.167377
0.979397
4.192965
5.630296
7.379915
9.316988
-15.695009
-8.725438
-7.418404
-5.422577
-0.476281
2.262146
1.859825
3.681792
6.250290
12.047022
7.488067
-6.100069
-6.566645
-5.128659
-3.335742
0.167074
4.199946
5.843486
7.214095
8.700545
-15.700300
-11.299234
-7.017658
-4.853527
-2.871480
0.163922
1.611748
4.078575
8.181257
10.744816
8.262927
-5.610523
-6.080416
-2.626699
-0.808230
2.430275
5.399288
7.092758
8.748058
10.519170
-15.158079
-9.443494
-9.788099
-6.344428
-0.055769
2.928967
1.587892
3.036675
5.575029
11.722671
7.629410
-5.543322
-6.211902
-5.552045
-3.633766
-0.076905
3.799302
5.475942
6.858296
8.581246
-15.699224
-10.968542
-7.321849
-4.713111
-1.443551
0.439579
1.223150
3.805303
7.172154
11.251886
7.368020
-5.455835
-6.177624
-3.530366
-1.474194
2.064644
5.200837
6.758697
8.443220
10.358380
-15.698626
-9.525907
-8.870915
-6.220522
-0.274699
2.662685
2.116671
3.512063
6.182958
11.225569
7.373390
-1.198138
-1.780626
0.085180
0.119412
-0.062560
-0.284641
-0.498784
-0.665536
-0.716061
-0.731778
-0.721055
-0.804842
0.330717
2.408194
2.972441
4.441316
5.618753
5.863566
5.987814
6.233514
6.398217
6.530224
6.601110
-15.700109
-13.672861
-11.992491
-8.282490
-1.845948
-1.800071
-4.000076
-7.631724
-0.429020
-4.706600
5.070481
11.500318
-5.658055
-4.716988
-3.855762
-1.899634
0.524575
2.188416
5.314957
7.423291
9.003013
-11.629947
-11.945603
-7.442451
-8.491350
-5.246362
-1.733623
1.324520
3.565597
6.892370
8.498723
12.205544
4.220731
-6.509229
-7.495643
-3.578482
-0.580281
3.240076
5.614646
7.021622
8.388342
-15.700245
-10.240282
-6.211969
-6.554645
-4.351099
3.427818
4.522397
3.677136
3.086057
6.179009
9.360923
4.686763
3.909332
-7.075695
-3.111675
-0.495802
2.987351
5.354819
6.985587
8.681965
-15.700714
-11.826455
-9.244039
-7.305638
-6.171669
2.452273
5.276801
4.172246
3.906857
7.074399
10.076145
6.107017
4.623972
-7.543719
-4.620454
-2.329489
1.432140
4.309248
6.021009
7.785516
-15.700875
-13.971303
-10.342823
-7.702214
-5.843009
1.482626
3.903060
3.511386
4.201142
7.393560
10.472676
6.112930
4.485796
-7.963519
-4.942651
-2.606661
1.235896
4.225516
5.948658
7.672582
-15.699615
-14.216530
-10.015644
-7.526601
-5.808863
0.730739
3.496440
3.013710
3.674944
7.195273
11.059476
5.816594
4.293448
-8.091139
-4.898929
-2.215398
1.589089
4.658134
6.378533
8.198708
-15.700602
-13.582255
-9.820065
-8.201235
-5.833783
0.876832
3.993678
2.862076
3.629637
7.437043
11.040527
6.702145
5.066664
-7.939682
-5.686051
-3.287164
0.566399
4.113236
5.894700
7.765010
-15.701051
-12.393742
-9.827802
-9.178558
-5.302463
0.706818
2.652952
1.535809
2.863489
7.894409
11.713648
5.578558
-6.880534
-8.060205
-5.747489
-3.321816
0.635396
4.535276
6.181391
7.792915
-15.695945
-14.490270
-9.068605
-7.680516
-3.922706
-0.314965
1.046661
0.875213
3.369473
8.680470
11.771036
4.828671
-6.979462
-8.036689
-5.292419
-2.501521
1.715140
5.325506
7.019386
8.694887
-15.700818
-13.770879
-8.873496
-8.110744
-3.410016
0.871607
2.028242
1.313618
3.378782
8.675116
12.058339
5.176353
-6.935961
-7.721268
-5.306302
-2.817787
1.203531
4.937500
6.600534
8.248112
-15.701026
-13.898485
-8.940969
-7.959105
-3.746723
0.141305
1.411951
1.100954
3.224419
8.614435
12.176088
4.885540
-6.969598
-7.752086
-4.828072
-2.203107
1.972427
5.652654
7.380436
9.149801
-15.700710
-13.217962
-8.633123
-8.787897
-3.948383
0.589029
1.679542
0.981708
3.071773
8.983682
12.790462
4.935499
-6.716992
-7.564310
-5.481801
-2.991722
0.909840
5.001279
6.723398
8.327732
-15.700282
-13.858022
-8.725969
-7.444965
-3.800838
-0.248330
1.108717
1.482622
4.089818
9.167366
11.472057
5.484936
-6.456116
-7.806950
-4.460363
-1.854239
1.986634
5.596894
7.432219
9.355826
-15.700629
-10.607601
-7.555918
-9.710532
-5.144861
0.478830
2.027258
1.101508
2.171446
8.827672
13.813337
5.517175
-6.792792
-6.898331
-5.782398
-3.199766
0.290347
4.773018
6.562866
8.179523
-15.700328
-14.150858
-8.747111
-6.938727
-4.306799
-2.491922
0.245626
2.260758
5.561180
9.860239
11.299706
8.331100
-5.194221
-7.601541
-4.015285
-1.362409
2.522415
5.893397
8.081545
10.229161
-15.700043
-5.076877
-6.914059
-11.385449
-6.888160
-0.814426
0.542035
0.867084
1.397896
7.969619
14.015858
6.602637
-6.843197
-6.687589
-5.681571
-3.516294
-0.242494
4.188804
6.173656
7.812871
-15.700825
-14.921611
-8.562591
-6.606139
-4.216782
-8.730729
-2.894198
1.661200
8.062016
10.696490
10.638362
6.936069
-6.579171
-7.594288
-3.270053
-1.011582
2.827959
6.798960
9.101540
11.257777
-15.699505
-8.451190
-6.916179
-10.630325
-6.175115
-0.002444
2.471916
1.751950
2.343928
8.287378
13.083870
7.845139
-5.453460
-6.086453
-5.870743
-3.578776
-0.059262
4.552803
6.556051
8.395573
10.520489
-15.700246
-10.442309
-6.768411
-4.927540
-6.414866
-0.849687
1.971281
4.648442
8.936125
12.713442
9.591332
-5.538858
-5.479526
-1.446876
0.326964
4.089828
7.913780
10.172450
12.164574
13.906425
-9.747396
-9.937769
-12.913505
-8.865999
-4.048396
0.675179
1.151340
0.647902
5.671840
11.881473
7.148807
-7.623177
-6.981897
-4.983991
-2.710333
1.484431
5.973783
7.907109
9.769484
11.950681
-15.696978
-13.664214
-8.186033
-6.470469
-6.541532
-2.249115
1.389045
4.010057
8.043370
12.672673
7.100631
-7.123658
-7.126479
-2.683596
-0.267914
3.595568
7.454605
9.638201
11.887464
13.760212
-14.163250
-8.716455
-11.097379
-8.966417
-2.798098
0.850687
0.963766
1.866343
7.978778
13.597923
6.373745
-7.852814
-7.572571
-5.493611
-2.780386
1.081568
5.884004
7.816456
9.546260
11.496445
-15.695108
-13.270121
-8.251667
-7.301865
-6.720489
-0.985758
1.516493
4.247663
8.584904
12.660876
6.281439
-6.751300
-6.998698
-3.676970
-1.078454
2.796877
6.584538
8.753988
11.043752
12.967216
-9.715546
-6.871701
-11.153772
-8.647079
-1.941442
1.791268
1.519703
1.528459
7.626276
14.351812
6.478636
-7.548656
-7.118915
-5.059707
-2.780677
1.119123
5.815462
7.830193
9.632160
11.476125
-15.700164
-12.763367
-9.360629
-7.535950
-7.895003
-1.451752
1.734036
4.933666
8.471941
11.885764
6.273233
-7.143378
-7.354399
-2.985487
-0.547506
3.415951
7.201602
9.589337
11.814869
13.512726
-12.043704
-7.593862
-10.965989
-8.326105
-2.470321
1.108680
1.173911
1.584521
7.543057
15.526607
6.041049
-7.710046
-7.510304
-5.712715
-2.900281
1.014947
5.857967
7.891659
9.735245
11.544576
-15.695196
-12.432236
-8.530663
-6.865722
-7.705665
-1.666515
1.643719
4.453317
8.368865
13.545600
5.698758
-7.476151
-7.402152
-3.503951
-0.722187
3.374501
7.229981
9.528172
11.798039
13.442487
-10.445980
-7.700703
-12.641845
-9.196752
-2.119216
1.986572
1.440552
0.867429
6.612236
14.660071
6.100516
-7.680459
-7.257193
-5.908082
-2.927864
1.239076
5.944202
8.037152
9.980416
11.970530
-15.697113
-11.502709
-8.478943
-6.887501
-5.722086
-0.818348
1.505812
3.615115
8.034854
13.941723
5.586809
-6.808821
-7.336227
-4.234553
-1.405864
2.726244
6.647314
8.949287
11.197031
13.063813
-12.660293
-7.413426
-11.022307
-8.871740
-2.337749
1.566688
1.377372
1.339514
7.217454
14.921607
5.501560
-7.396834
-7.662794
-6.045383
-3.009786
1.359815
5.860181
7.988183
10.008142
12.040582
-15.694600
-10.491190
-9.429092
-6.882080
-4.844891
-1.374531
1.048730
2.721637
7.924769
15.694866
5.116507
3.853992
-8.042731
-5.035102
-1.959990
2.275746
6.462429
8.689897
10.920016
12.669312
-11.655078
-7.534873
-11.670308
-9.368438
-3.026326
0.682530
0.491346
0.842338
7.705797
15.683730
5.107868
-8.892237
-8.362257
-6.446742
-3.283043
0.961422
5.792827
7.932049
9.872400
11.582708
-15.698240
-10.495182
-7.964912
-5.807606
-5.572821
-1.412698
1.899783
4.352390
8.522268
15.357144
5.622290
-6.239351
-6.877569
-3.651395
-0.904227
3.172271
7.246948
9.589828
11.984363
13.645595
-7.681316
-6.295649
-12.214317
-9.612298
-4.043589
0.979833
0.859009
0.501182
7.019310
15.697480
6.019768
-7.450046
-7.554959
-5.795707
-3.061545
0.879246
5.711008
8.013180
9.956011
11.726438
-15.700625
-11.421453
-9.574393
-6.443008
-8.705743
-2.057544
1.861916
5.177970
8.416877
13.663997
5.531915
-7.396247
-7.345331
-3.187360
-0.401690
3.821695
7.917356
10.435589
12.722984
14.193306
-10.534822
-7.222160
-12.174435
-9.309070
-4.569698
1.285576
1.221497
0.461335
6.390283
15.692770
5.927729
3.424042
-8.031050
-5.850083
-2.540261
1.814735
6.470668
8.700366
10.748638
12.624967
-15.696349
-10.884523
-9.938157
-7.050776
-6.388959
-2.004695
0.947761
3.008222
8.133774
15.593646
3.850704
3.968898
-8.082290
-5.334522
-2.008126
2.448740
6.525936
8.963683
11.221525
12.913700
-11.161698
-7.268698
-11.854627
-9.756089
-3.334031
1.291575
0.884389
0.379995
6.669046
14.717576
5.186923
3.581771
-8.492779
-6.057057
-2.339319
2.023856
6.388814
8.768491
10.944338
12.742490
-15.692105
-7.731588
-11.135149
-8.206841
-4.835053
-0.763235
0.723331
1.825583
7.365427
15.309894
5.811130
3.295202
-8.354997
-5.324957
-1.977657
2.329243
6.626148
8.920057
11.173968
12.828568
-11.903470
-7.230644
-11.814681
-9.405350
-3.642115
0.990625
0.780350
0.457324
6.729850
14.199729
6.146220
2.990407
-8.624768
-6.155606
-2.390616
1.954309
6.374697
8.543771
10.798136
12.542585
-15.696120
-7.541700
-11.069714
-7.240960
-4.934935
-1.044284
0.778344
1.916630
7.635614
14.958760
6.557362
2.554883
-8.766171
-5.637264
-2.123467
2.307166
6.645721
9.062411
11.273786
13.017846
-13.232879
-6.020947
-11.617373
-9.147291
-4.153520
0.558167
0.845478
0.871278
6.904566
14.793140
6.293056
2.696998
-8.568904
-6.030508
-2.363928
2.030132
6.414865
8.835662
11.040710
12.733070
-15.130683
-6.666131
-10.661030
-7.130187
-4.584969
-0.670760
0.835719
1.865663
7.683039
15.634748
6.282104
3.191231
-8.290312
-5.640834
-2.061136
2.253290
6.578392
9.150374
11.430813
13.248887
-12.206273
-5.600557
-11.180907
-9.493559
-5.384129
-0.152066
0.241756
0.738832
7.008065
14.656015
6.350013
2.747849
-8.833125
-6.398983
-2.739379
1.762432
6.518755
8.842194
10.951098
12.530994
-14.954218
-8.041666
-9.889978
-6.113043
-6.093606
-1.994942
1.053401
2.800854
7.876130
14.489414
6.767000
3.498961
-7.967289
-4.890763
-1.443368
2.658788
6.858266
9.317417
11.787971
13.443022
-8.652099
-5.877248
-11.962619
-9.876895
-6.152691
0.628718
0.575742
-0.525463
5.676994
13.061582
8.311491
3.200907
-8.692230
-6.151783
-2.374563
1.936937
6.537588
9.011539
11.163445
12.796798
-14.984960
-7.559983
-11.148419
-7.360609
-6.587590
-2.129043
0.474231
2.239837
7.285688
12.957323
6.299337
3.184493
-8.662856
-5.504066
-1.862346
2.495981
6.919946
9.382658
11.690988
13.251655
-10.486059
-6.228177
-11.806336
-9.513977
-5.201794
0.715429
0.481628
-0.263074
5.723091
11.650500
8.119851
3.050975
-9.036301
-6.311334
-2.284527
2.067775
6.622373
9.281568
11.489858
13.154350
-14.440644
-5.948405
-11.852056
-8.455990
-5.978215
-0.432443
0.629508
1.160987
5.984060
11.375995
8.058867
2.607039
-9.308007
-6.346671
-2.327551
2.107194
6.648490
9.251289
11.544527
13.194777
-12.062222
-5.871924
-12.302463
-8.659142
-4.896874
0.640146
0.630665
-0.255427
5.259396
10.900144
9.375064
2.386062
-9.270488
-6.259387
-2.191490
1.947259
6.595919
9.268605
11.452737
13.095617
-12.917930
-6.177344
-12.170636
-7.510586
-5.461495
0.183548
0.668069
0.170179
5.204620
10.263849
10.714491
2.188931
-9.449514
-6.270354
-2.232169
2.087131
6.643082
9.275326
11.580791
13.265350
-11.761146
-5.869039
-12.854175
-8.589215
-4.877701
1.071988
0.933842
-0.499284
4.261855
10.016574
9.850928
2.368268
-9.372845
-6.246005
-2.022326
2.290247
6.783691
9.445520
11.800838
13.391955
-12.765310
-5.750973
-11.863759
-7.593626
-4.818190
0.461673
0.538210
0.084591
4.936021
10.194742
9.645128
2.576797
-9.428246
-6.987592
-2.682260
1.611791
6.500517
9.156006
11.492519
13.201912
-11.662672
-5.693570
-12.904453
-8.496889
-5.287536
0.530587
0.874521
-0.210984
4.277834
9.216430
9.641807
2.051491
-9.907765
-6.344505
-2.205338
2.472801
7.038342
9.830709
12.223166
13.731331
-15.098497
-7.906126
-11.363087
-7.626436
-5.509870
0.008237
1.143856
1.952686
5.973451
10.138362
6.854432
3.171807
-9.329591
-7.725213
-3.529065
1.695685
6.290370
9.026994
11.333734
12.838663
-14.573068
-8.608897
-12.991304
-8.366202
-6.951100
-1.230131
1.503098
2.701221
5.862071
9.061494
7.881948
1.802325
-10.451413
-7.223196
-2.554241
2.441579
7.482903
10.239355
12.478396
13.724917
-14.929671
-7.661677
-11.081397
-7.439259
-5.654672
-0.551287
1.242171
2.184779
6.393853
9.811754
8.511715
2.314596
-9.931880
-7.880388
-2.685981
1.837767
6.697659
9.376982
11.623094
13.204517
-13.851419
-8.628875
-12.028931
-7.668419
-6.812824
-0.523955
1.974732
2.064754
5.570755
10.690194
9.951293
2.304972
-10.040800
-7.261598
-2.465946
1.807604
6.911955
9.588401
11.792764
13.340335
-10.886039
-7.258828
-12.471135
-9.425645
-8.047735
-0.911501
0.821485
0.326705
5.483799
10.534321
10.756104
2.071874
-9.968468
-7.180000
-2.758759
1.985073
6.940211
9.713860
11.832652
13.068698
-13.031724
-8.091755
-12.809642
-8.835035
-7.891964
-2.324796
0.487651
1.659789
6.522745
10.994559
9.622723
1.414663
-10.070512
-7.299181
-3.028801
2.056099
7.260576
10.071303
12.154882
13.122212
-13.366138
-7.562470
-12.900591
-8.523562
-7.725870
-2.741806
0.767733
2.016867
6.315037
10.537401
9.420182
1.048530
-9.595302
-6.628051
-2.340277
2.559209
7.646185
10.549801
12.722165
13.727610
-12.592324
-7.114452
-12.173760
-8.736034
-6.641512
-1.393847
0.997737
1.325775
6.304414
10.811746
10.569268
1.814350
-9.440190
-6.639318
-2.290009
2.690293
7.849003
10.583156
12.638990
13.610415
-13.021905
-8.007698
-13.415977
-9.377424
-7.533933
-2.010777
0.768208
1.307114
6.138256
11.108589
10.493234
1.587108
-9.817502
-6.763666
-2.365832
2.593790
7.841526
10.622725
12.740774
13.724347
-12.234442
-7.474568
-12.597796
-9.019287
-8.373039
-2.961231
0.407608
1.786598
6.691829
10.925696
9.546947
1.188415
-9.648006
-7.460708
-3.069656
2.067781
7.299770
10.323447
12.559390
13.552153
-13.433165
-7.222985
-11.870131
-8.370251
-8.156139
-3.524927
0.619170
2.639301
6.685226
11.074507
9.176912
0.875784
-9.499166
-7.011890
-2.473850
2.378424
7.523829
10.582603
12.954782
14.136758
-12.309354
-6.108224
-11.760919
-7.635755
-8.295140
-3.010553
0.566564
2.014379
6.761074
10.729343
9.525052
1.713531
-9.070880
-7.465773
-2.872718
1.928268
7.137496
10.197473
12.466030
13.523944
-12.779571
-7.649753
-11.605539
-8.674556
-9.288942
-3.815997
0.739314
2.684992
6.281011
11.182714
8.966266
1.294757
-9.191024
-7.218073
-2.560062
2.164572
7.369305
10.498031
13.044607
14.397039
-11.047077
-5.431476
-11.400574
-8.268928
-7.957951
-2.481736
0.389644
1.483250
6.614916
10.699526
9.967057
2.068831
-9.367838
-7.461137
-3.099124
1.878108
7.094267
10.138611
12.316312
13.284841
-12.787852
-7.991769
-12.067636
-9.393092
-10.425524
-4.582741
0.558292
3.412801
5.908904
10.559625
7.609900
1.966892
-8.736062
-7.794586
-3.066932
1.488021
6.689482
10.090861
12.969294
14.598584
-9.287313
-4.320790
-10.724547
-8.310123
-7.603519
-1.612305
0.966872
0.877390
5.432155
9.982090
10.314162
3.309390
-8.436311
-7.231558
-2.691423
2.228427
7.436751
10.458641
12.775080
13.944807
-12.109817
-8.334631
-13.736832
-9.383011
-10.987387
-4.328438
0.978398
2.543417
4.557022
9.420410
8.161341
3.590744
-8.670167
-7.887809
-2.955637
1.570178
6.816482
10.017031
12.731265
14.259359
-7.327209
-6.844714
-13.094238
-10.362705
-8.327233
-1.346276
1.681004
0.530955
3.023250
8.635609
10.561448
3.609235
-8.567080
-7.804514
-2.755356
2.198375
7.501147
10.845856
13.524550
14.985407
-12.359276
-7.794502
-12.573503
-8.109385
-9.332978
-2.634005
1.244145
2.384235
4.082580
8.556963
8.377177
4.059542
3.366884
-8.187139
-3.469381
1.356738
6.744826
10.150038
12.753030
14.232226
-9.447054
-8.634776
-14.473944
-10.587681
-10.097127
-2.970055
1.667272
1.920321
3.667373
8.670855
9.891120
2.398890
-9.716002
-7.344107
-2.274812
2.795719
8.301017
11.778070
14.291936
15.636806
-13.836514
-7.448104
-11.139753
-7.398550
-8.989407
-3.023994
1.161040
2.428754
4.828330
9.163778
7.741488
4.245641
2.901644
-8.767427
-4.260785
0.606526
6.192975
9.519602
12.249810
13.847560
-9.335971
-7.997241
-15.557464
-10.925206
-11.008858
-4.210670
1.373892
2.601049
3.375236
8.371284
8.872431
2.750614
-9.283656
-7.990489
-2.876893
2.265298
7.546320
11.126520
13.896835
15.442114
-11.980973
-6.044153
-9.662994
-7.182043
-9.037575
-3.377881
1.004954
2.075341
4.743866
8.824183
7.726027
4.379153
2.470902
-8.765726
-4.021008
0.929131
6.501559
9.918521
12.708050
14.282914
-9.205966
-7.772191
-15.699026
-11.687139
-10.857404
-3.650358
1.263564
1.988001
3.119115
8.743165
9.726363
3.315481
-10.474835
-9.033890
-3.692059
1.842187
7.331118
10.940544
13.547688
14.900030
-12.121575
-7.500154
-12.288161
-8.968114
-9.264668
-4.381261
1.132519
2.801808
4.491311
8.907278
8.069388
4.908144
1.822937
-9.066319
-4.085299
0.950068
6.913994
10.004814
12.779205
14.297615
-9.094971
-8.944972
-15.699389
-12.723315
-11.687660
-3.739245
0.974069
3.246294
3.837244
8.484142
9.692589
3.901982
-9.268173
-8.879096
-3.522291
1.826004
7.451254
11.360946
14.190091
15.700173
-12.495176
-7.003287
-12.501316
-8.714966
-10.395409
-5.124329
1.146668
3.226387
3.912816
8.592613
7.822716
5.610958
1.776488
-9.125807
-3.808957
1.349911
7.504093
10.233069
12.983000
14.546070
-9.300019
-9.531301
-14.950469
-12.643101
-11.555046
-4.209969
1.472546
3.988696
3.864502
8.055513
8.655032
3.988502
-8.219991
-8.384942
-2.996160
2.440889
7.809397
11.443447
14.301245
15.700209
-11.857349
-6.319101
-9.665495
-7.347481
-10.254289
-4.432246
1.007881
2.583048
4.456888
8.494927
7.219673
5.017401
2.143206
-9.116137
-4.314669
0.811504
6.401075
10.093804
12.965159
14.572412
-7.622331
-8.416580
-15.491815
-12.422675
-11.846361
-4.447628
0.151235
1.893807
2.881375
8.246107
9.156357
3.433594
-8.229129
-9.200337
-3.670727
1.627284
7.196345
11.317940
14.500269
15.700079
-10.520011
-4.517567
-9.002515
-7.009498
-8.341446
-3.522046
0.348840
1.328369
3.712767
8.053430
7.449915
5.856843
2.566468
-9.257833
-4.730311
0.586939
6.051630
10.225375
13.089798
14.666589
-7.759870
-9.908103
-15.695291
-12.843378
-11.365114
-4.682683
-0.468439
2.702596
2.046878
8.036850
8.672496
3.938555
-3.234608
-10.012849
-4.257266
0.916609
6.728485
10.991632
14.418957
15.699947
-9.506483
-3.617668
-7.298453
-6.522665
-7.912848
-3.732106
0.688931
1.495307
2.137434
6.710804
8.608305
4.682416
2.577875
-8.866372
-3.316209
2.218674
7.770520
11.659543
14.396008
15.700129
-14.651641
-10.100508
-13.816985
-9.546578
-10.505442
-4.423377
2.035046
4.122702
3.858780
7.349687
7.149281
3.903894
-0.022562
-9.527685
-3.608172
1.612371
7.232398
11.372506
14.424706
15.700037
-11.362573
-6.435645
-10.320457
-8.672128
-10.508608
-4.040688
0.215343
1.799519
3.425868
6.760389
8.252758
3.574271
0.430676
-9.954928
-3.759219
1.508233
7.123489
11.434948
14.681810
15.700094
-12.531114
-6.519609
-11.824328
-7.642473
-9.089220
-3.767247
0.992127
1.970223
3.557273
7.940389
8.837708
3.362694
1.538020
-8.646164
-3.214860
2.323996
7.795709
11.852943
14.715479
15.700147
-11.532111
-7.151947
-13.016443
-9.112005
-10.179757
-5.369226
-0.297881
1.369048
2.592146
7.763298
8.266505
3.819382
-0.271058
-9.354616
-3.471061
1.934040
7.721959
11.747590
14.853465
15.700030
-10.630283
-7.726861
-12.168940
-8.756922
-8.863136
-3.498926
0.307285
1.082983
3.428301
7.774524
9.479996
3.231378
1.603623
-8.819966
-3.056779
2.488292
7.922191
12.029693
14.860752
15.700029
-13.177269
-8.187534
-12.091176
-8.020680
-9.763647
-4.211882
0.943667
2.376794
3.826151
7.419056
8.536828
3.234547
1.473092
-8.944310
-3.160645
2.390809
8.096923
12.334209
15.260660
15.700011
-11.383540
-8.911108
-13.044453
-8.980256
-9.602273
-4.363647
0.154388
0.604056
4.743938
10.282616
7.900459
2.663642
0.626364
-7.983753
-2.159274
3.255096
8.651590
12.622518
15.679616
15.700002
-7.250219
-7.465196
-11.203116
-9.689785
-9.790776
-3.572997
-0.239539
-0.251115
3.305815
9.035414
9.459300
3.391679
-8.934786
-7.509782
-1.833211
3.881911
9.246415
12.488462
15.201431
15.700255
-7.583221
-10.471792
-13.544977
-10.886871
-12.380652
-6.211360
0.174937
1.537018
3.616183
8.179867
7.614115
3.756455
1.167928
-8.316200
-1.989353
3.006360
8.319505
12.278484
15.206172
15.699805
-7.128198
-9.356484
-11.432365
-10.566749
-11.471101
-5.022719
-0.245398
0.449497
3.294993
8.025120
8.390156
3.395871
-9.136890
-7.928473
-1.915224
3.581145
8.755683
12.648938
15.514937
15.698344
-8.783233
-9.834163
-12.519694
-10.464225
-11.114227
-4.793224
0.205016
0.753749
3.568033
8.478878
8.482967
3.268253
-8.865520
-7.760167
-1.838863
3.731055
9.099781
12.928725
15.586033
15.698517
-7.659182
-10.818840
-12.656709
-11.037307
-11.419233
-5.467242
-0.438430
0.680503
3.628251
8.229328
8.037273
3.399693
2.239963
-8.187422
-1.966161
-0.269651
0.479815
2.080474
1.051063
0.471751
-0.016230
-0.461440
-0.820512
-1.085517
-1.241520
-1.271555
-1.152266
-0.837036
-0.398404
0.162493
1.149335
2.753294
3.439778
4.593560
6.138651
8.019396
9.988290
11.939950
13.858147
15.823743
15.700032
-15.698893
-15.693499
-7.536755
-7.219469
-5.554698
-7.288946
-15.700326
-15.699846
-11.566792
0.508573
8.552286
5.345294
0.366422
0.003418
0.405914
1.797528
1.188686
4.495670
5.141964
12.591047
15.702072
15.700151
15.700400
15.700509
0.604903
0.789549
1.176581
0.531804
-0.036847
-0.613549
-1.137886
-1.621992
-2.050962
-2.411973
-2.692791
-2.877385
-2.947742
-2.818928
-2.356131
-1.521841
-0.362413
0.757029
1.818848
2.873232
3.964896
5.084062
6.217410
7.342982
8.477100
9.631268
10.811144
12.084898
13.591223
15.527704
15.671886
15.622320
0.011677
0.014522
0.006298
0.005618
-0.000002
-0.000002
0.003984
0.000345
-0.000042
-0.000178
-0.000186
-0.000156
-0.025763
0.046052
0.007413
-0.538428
4.952459
5.563919
5.183956
4.860829
4.588868
4.232358
3.857594
3.516782
3.042902
2.547810
2.066574
1.567446
1.105017
0.663900
0.295494
-0.017023
-0.230242
-0.350979
-0.375978
-0.252717
0.009020
0.392693
1.145472
3.390355
2.797762
3.305132
5.019744
4.959704
5.500981
6.455062
9.620313
10.475441
7.353937
-15.697443
-15.693684
-15.691446
-6.044764
-3.213093
-3.662515
5.532472
-2.409901
0.820847
-1.487742
-2.369204
-4.521388
-6.695308
-1.152662
-0.482727
-1.408046
-0.111904
-0.267930
-0.382310
-0.506478
-0.718093
-0.938557
-1.093788
-0.307297
-0.456554
-0.675471
-0.769457
-0.555904
-0.179056
0.353047
0.896701
1.261109
1.498113
1.443782
3.004471
4.568477
6.990945
7.930834
8.203406
8.663805
9.569695
10.437332
10.920689
-15.700068
-15.700112
-15.699523
-15.700075
2.289731
-4.147851
-4.029131
1.564391
5.261287
3.504918
1.415911
-0.520069
-2.198437
-3.291806
-5.188364
-7.539099
-7.673410
-5.078682
-2.347691
-1.273915
-0.998743
-0.870067
-1.419591
-2.577252
-3.308651
-3.642054
-3.170276
-2.841784
-2.705377
-2.641585
-2.619515
-2.635211
-2.735037
-2.967742
-4.310614
1.194157
-3.085885
5.517907
-0.710413
-1.366998
-0.366406
-0.844872
-1.460770
-1.924857
-2.329481
-2.681003
-2.942282
-3.068509
-3.042818
-2.766298
-2.353161
-1.819498
-1.163178
-0.453989
0.363728
1.726819
3.018781
4.071639
5.023344
5.973477
6.914758
7.835480
8.759307
9.701901
10.734890
11.804489
13.236867
15.331001
15.565214
9.996412
2.052547
1.479765
1.003687
0.259971
0.012656
0.017565
0.001120
-1.053904
1.811716
2.390024
1.482201
0.722343
0.048701
-0.516772
-0.989340
-1.394296
-1.707549
-1.958027
-2.075774
-2.044423
-1.794194
-1.369793
-0.678330
0.202853
1.222700
2.320154
3.492684
4.686957
5.921296
7.183672
8.479584
9.809870
11.210022
12.682665
14.434448
15.669725
15.579638
0.602208
0.647593
0.477967
0.321263
0.141894
0.043261
0.068338
0.000023
0.000015
-0.000141
0.001518
0.004342
0.071545
0.002034
0.001376
-0.314340
1.249428
1.061615
0.672521
0.304496
-0.043596
-0.403128
-0.734563
-1.045715
-1.322418
-1.553000
-1.724048
-1.804669
-1.811467
-1.682945
-1.413733
-0.998303
-0.452006
0.118961
1.258253
2.251614
3.139686
4.373390
7.151103
9.777862
12.218023
14.640564
15.725696
15.162486
15.508036
-12.547366
-15.691547
-6.449620
-5.541011
-4.195276
-7.975910
-10.304405
-5.787544
0.301129
1.791288
0.756954
-3.733166
-4.741411
-3.233418
-1.598451
-0.850884
-1.385844
-2.502900
-1.585193
0.776011
4.798784
7.770464
6.592892
6.107359
8.236487
10.063043
10.274585
5.653037
10.042799
13.511142
15.706911
15.700598
0.004278
1.795507
2.492357
2.927284
2.251919
1.683450
1.181432
0.763037
0.383594
0.048460
-0.233386
-0.462733
-0.626358
-0.801800
-0.770959
-0.792480
-0.724333
0.508244
1.746894
1.796746
4.556180
6.231524
7.584998
8.628121
9.438578
10.281334
11.326811
13.010989
15.702862
-0.000640
-0.704013
1.607557
0.253292
-14.871586
-15.693773
-2.765432
-12.931973
-15.550499
-13.032274
-9.771850
-1.599952
1.590608
8.492057
-3.313292
-11.932923
-2.252123
-8.525751
2.509563
4.106909
-2.051059
-1.832871
-1.188784
-0.159774
1.854214
1.894627
3.173500
3.307315
2.326876
4.421904
4.019203
4.381932
4.316868
5.438124
5.981288
6.567904
7.543300
7.728319
1.392073
3.098505
4.939639
2.395691
-0.900099
-1.245399
-0.641104
-1.167720
-1.605630
-1.960857
-2.220379
-2.384084
-2.442244
-2.321338
-1.963308
-1.421705
-0.887181
-0.386227
0.134757
0.908644
2.440131
3.206130
4.317033
5.920309
7.625336
9.480085
11.257113
12.963917
14.456710
15.723212
-15.700068
-15.694214
-14.726051
-3.685928
-12.142355
-7.959643
-8.194957
-3.653950
3.034902
8.989948
9.321294
5.967394
-6.579570
-4.649366
-1.060141
1.565357
5.077758
6.961127
8.081413
9.399161
-13.677731
-13.596836
-9.632825
4.113486
4.525465
-0.561154
5.363959
5.970892
-2.486493
-8.135576
-7.596156
-4.239864
-1.181504
1.033444
3.103298
4.952343
4.275408
3.910107
3.301049
3.273844
2.552488
0.805755
-1.296483
-4.568847
-8.216736
-5.998169
-3.124679
-3.389510
-1.954911
-0.182805
1.302184
2.327065
3.939640
2.287105
1.509665
3.887249
5.596022
7.007764
8.276916
-0.316027
-1.126482
-0.482416
-0.947128
-1.481005
-1.891432
-2.258293
-2.553642
-2.756850
-2.847066
-2.569243
-2.067722
-1.258540
-0.336323
0.593726
1.963197
3.300326
4.488853
5.560473
6.564198
7.560656
8.566992
9.650105
10.858501
12.271108
13.972028
15.754421
15.633224
15.602336
0.015118
0.004757
0.018864
0.004628
-0.000004
-0.000005
-0.000064
-0.000124
-0.000047
-0.000057
-0.000578
-0.000157
-0.000227
-0.000106
-0.000204
-0.760889
-0.020667
0.785998
0.099595
-0.225097
-0.504524
-0.731280
-0.923132
-1.079668
-1.166134
-1.147218
-0.954793
-0.703264
-0.445183
-0.164955
0.195593
0.864618
2.534799
2.841954
3.882391
5.795630
8.082477
9.989161
11.697865
13.292518
14.812824
15.701648
15.700120
15.583394
0.213194
0.371996
0.241494
-15.700348
-15.695018
-10.840207
-15.661385
-15.700083
-9.396786
-0.620878
0.746476
-0.001093
1.526547
4.031522
5.488271
5.249148
5.687370
6.566327
5.302720
6.357113
6.295537
11.498269
1.001793
-0.645885
2.622552
3.546278
3.852344
3.917899
3.720576
3.412802
3.073938
2.625895
2.103679
1.557238
0.955023
0.349802
-0.238698
-0.802756
-1.247717
-1.583764
-1.675286
-1.407197
-0.600744
0.125405
0.796164
1.248406
1.771515
2.220549
2.660235
3.202081
3.710562
4.564852
5.563745
6.615624
7.688809
8.995914
11.017885
13.948778
15.702563
0.006654
0.002450
-0.694455
-0.517059
-0.014491
-0.532772
-0.869746
-1.146300
-1.363886
-1.510552
-1.537635
-1.425914
-1.089202
-0.757212
-0.527762
-0.252212
0.198545
1.765989
3.028872
3.960381
5.504215
6.669795
7.883944
9.334488
10.872855
12.282125
13.180914
-15.700051
-15.681918
-15.700016
-13.023310
-9.750652
5.440262
4.880125
-0.653065
-1.852269
-1.738048
-0.969166
0.037437
-0.941015
-2.947644
-4.012807
-4.803051
-5.280732
-3.893095
-3.375268
-2.945367
-2.611422
-2.388474
-1.865929
-0.285381
1.663127
3.564925
4.378594
6.543132
7.544731
11.132944
13.026832
15.699553
15.699268
15.700245
-0.916394
0.179058
1.321878
0.528337
-0.147346
-0.734577
-1.223938
-1.600562
-1.877234
-2.063626
-2.124816
-2.060625
-1.959208
-1.841571
-1.731615
-1.454218
-1.018699
-0.347575
0.918986
2.253957
3.039421
4.040243
6.642317
9.137210
11.188005
12.945068
14.557066
15.712857
15.689882
15.607529
15.252975
0.276271
0.336468
-15.695494
-15.671999
-3.179353
-9.346758
5.195104
-0.193890
0.014000
2.826213
0.677432
-5.688231
1.461967
8.806643
-3.404078
-10.218142
-0.666369
-1.732774
1.324556
0.929372
0.497658
0.065781
-0.325036
-0.662564
-0.956947
-1.176353
-1.305583
-1.323338
-1.238474
-0.982781
-0.506634
0.509896
1.908337
3.493342
5.024097
6.406580
7.699109
8.938294
10.112018
11.412342
12.900632
14.859621
15.638656
15.587829
0.295012
0.193302
0.076355
0.026350
0.020692
0.009395
0.000001
0.000001
-0.000000
0.000000
-0.000000
-0.000000
-12.651312
-7.648121
-3.709696
-1.055141
-1.297551
-0.548994
-1.078353
-1.341305
-1.543148
-1.683302
-1.703979
-1.575228
-1.299790
-0.815206
-0.414569
-0.144963
0.199840
1.047353
2.785191
3.389442
4.534274
6.036242
7.040870
8.257780
9.753564
11.363348
12.836849
13.827927
-15.700044
-15.699767
-15.697363
-12.166039
-7.270678
-2.038905
8.199037
1.560784
-2.634643
-4.990603
-5.635581
-5.525702
-5.391755
-5.258868
-5.305431
-5.444069
-5.389122
-2.524095
3.559236
12.196295
15.687090
3.668739
9.372353
5.743695
1.649253
5.585173
7.755635
5.392728
0.965025
-2.918710
4.916111
-3.082564
-3.268107
-0.845699
-1.284031
-1.770378
-2.134729
-2.446716
-2.683392
-2.799877
-2.793934
-2.613311
-2.237100
-1.661767
-0.999105
-0.325298
0.316287
1.350471
2.659817
3.312915
4.363495
6.477877
8.699051
10.612782
12.548695
14.494931
15.585574
15.046246
-6.000719
-6.073500
-0.604267
-1.209359
2.291234
-4.827145
-5.093495
3.975837
15.606277
15.700210
2.797090
-2.781035
-2.390827
-1.648400
-1.731393
-0.990372
0.254698
1.843954
3.475334
4.453004
-1.640884
-0.525725
-1.419843
-0.776215
-1.170156
-1.739434
-2.114482
-2.435034
-2.685370
-2.848438
-2.978617
-2.865827
-2.664523
-2.040737
-1.271464
-0.378291
0.491169
1.245667
2.431107
3.502964
4.423120
6.181474
8.316712
10.155620
11.905270
13.747181
15.420893
15.674314
-13.574451
-15.699671
-7.123367
-5.474901
-10.378683
-15.699877
-11.683826
-8.319098
-2.381809
15.700032
15.700097
-10.837300
7.600192
5.816895
-9.557592
-8.333072
-3.978753
-0.647380
3.377075
6.674937
8.752066
10.591001
-7.932515
