0.000000
0.000000
10.732340
10.652704
10.669495
10.561862
10.511158
10.484164
10.475777
10.475382
10.375294
10.423882
0.000000
0.000000
10.782081
10.581108
10.620444
10.705120
10.612686
10.652621
10.613110
10.403187
10.517113
10.186591
10.022950
4.881950
0.000000
0.000000
0.000000
0.000000
0.000000
0.000000
0.000000
0.000000
0.000000
0.000000
0.000000
0.000000
0.000000
0.000000
0.000000
0.000000
0.000000
0.000000
0.000000
0.000000
0.000000
0.000000
38.147327
13.401937
9.008416
11.194988
5.961614
8.817691
4.948603
2.322063
0.000000
0.000000
0.000000
289.230896
10.619349
10.344049
10.345295
10.424873
10.411700
10.439196
10.250010
10.280519
10.373863
10.109561
10.372952
10.025670
9.983644
9.895826
10.052439
10.024221
0.000000
0.000000
10.851261
10.647492
10.561240
10.777863
10.636429
10.492489
10.564528
10.415677
10.333196
10.165912
10.058792
0.000000
0.000000
0.000000
0.000000
0.000000
0.000000
0.000000
0.000000
0.000000
0.000000
0.000000
0.000000
0.000000
0.000000
0.000000
0.000000
0.000000
0.000000
0.000000
0.000000
0.000000
0.000000
0.000000
0.000000
26.688749
15.614918
0.000000
0.000000
10.851321
10.638005
10.701052
10.792125
10.901091
10.703959
10.810256
10.888144
10.761957
10.553461
10.563955
10.421341
0.000000
0.000000
0.000000
0.000000
0.000000
0.000000
0.000000
0.000000
0.000000
0.000000
0.000000
0.000000
0.000000
0.000000
0.000000
0.000000
0.000000
0.000000
0.000000
0.000000
0.000000
41.901749
17.164581
7.888593
15.913321
0.000000
0.000000
9.635595
9.722578
9.789341
10.034841
10.825731
11.111185
11.123678
5.351293
10.722367
10.462260
10.545100
10.392142
10.300961
0.000000
0.000000
10.845312
10.647860
10.587074
10.544457
10.470483
10.469021
10.805267
11.299229
11.600241
11.560907
11.438094
11.142603
10.663045
0.000000
0.000000
10.799397
10.507572
10.569522
10.612113
10.520564
10.698168
10.454949
10.560896
10.425148
10.199906
0.000000
0.000000
0.000000
0.000000
0.000000
0.000000
0.000000
0.000000
0.000000
0.000000
0.000000
0.000000
0.000000
0.000000
0.000000
0.000000
0.000000
0.000000
0.000000
0.000000
0.000000
0.000000
0.000000
71.239204
28.274029
13.102858
15.141430
10.211021
34.357849
13.599751
10.795235
11.457591
10.533026
10.498139
10.626200
10.407499
10.723763
10.613126
10.849092
10.452142
10.682594
11.076199
11.086598
11.715763
10.339333
11.720188
15.183334
11.601776
11.061380
0.000000
0.000000
0.000000
10.585533
10.554306
10.544825
10.654182
10.509902
10.430974
10.391647
0.000000
0.000000
0.000000
0.000000
0.000000
0.000000
0.000000
0.000000
0.000000
0.000000
0.000000
0.000000
0.000000
0.000000
0.000000
0.000000
0.000000
320.999054
6.055391
0.000000
7.842625
18.474430
10.528136
10.478780
10.549109
10.671543
10.620198
10.666615
10.744106
10.599484
10.485169
10.009158
11.258254
0.000000
0.000000
10.586171
9.589711
9.635521
9.803379
8.643142
10.783497
10.605056
10.549310
10.492677
10.549832
10.349040
9.550239
10.130335
10.216070
10.290127
0.000000
0.000000
10.829487
10.672489
10.562970
10.644918
10.588448
10.625968
10.455573
10.270435
10.327538
0.000000
0.000000
0.000000
0.000000
0.000000
0.000000
0.000000
0.000000
0.000000
0.000000
0.000000
0.000000
0.000000
0.000000
0.000000
0.000000
0.000000
0.000000
0.000000
0.000000
0.000000
0.000000
30.963177
14.944855
8.344696
17.635996
29.424963
19.431225
23.867439
18.118769
10.215620
10.457423
9.452644
10.735808
10.660315
9.913144
10.077840
9.417500
0.000000
0.000000
18.831800
10.649062
10.728441
10.601516
10.483698
10.350126
10.403905
10.232907
9.999905
9.482677
0.000000
0.000000
0.000000
0.000000
0.000000
0.000000
0.000000
0.000000
0.000000
0.000000
0.000000
0.000000
0.000000
0.000000
0.000000
0.000000
0.000000
0.000000
0.000000
0.000000
0.000000
0.000000
0.000000
0.000000
0.000000
0.000000
0.000000
0.000000
0.000000
0.000000
0.000000
10.722434
10.609225
10.594801
10.473535
10.438804
10.517643
10.322946
0.000000
0.000000
0.000000
0.000000
0.000000
0.000000
0.000000
0.000000
0.000000
0.000000
0.000000
0.000000
0.000000
0.000000
0.000000
0.000000
0.000000
0.000000
0.000000
0.000000
0.000000
0.000000
197.739380
11.580903
9.703349
10.048233
10.102889
4.767351
9.593530
9.761898
5.011181
0.000000
0.000000
31.446198
10.770932
10.638850
10.671740
10.546153
10.664534
10.412149
10.306220
10.177546
9.974267
9.349033
0.000000
0.000000
0.000000
11.369876
9.406861
9.602863
9.746346
10.522696
10.602236
10.436017
10.449734
10.331105
10.399359
0.000000
0.000000
0.000000
0.000000
0.000000
0.000000
0.000000
0.000000
0.000000
0.000000
0.000000
0.000000
0.000000
0.000000
0.000000
0.000000
0.000000
0.000000
0.000000
0.000000
34.755531
10.794524
10.914490
11.369651
13.075130
13.145429
11.455332
5.292913
15.450072
0.000000
170.355347
35.675789
10.545485
10.583947
10.595954
10.642571
10.683809
10.629807
10.718402
10.632249
10.417789
10.482055
0.000000
0.000000
0.000000
0.000000
0.000000
0.000000
0.000000
0.000000
0.000000
0.000000
0.000000
0.000000
0.000000
0.000000
0.000000
0.000000
0.000000
0.000000
0.000000
0.000000
0.000000
0.000000
0.000000
12.593804
8.044535
12.249596
14.223663
15.217384
10.349216
10.103030
11.308703
9.991788
0.000000
0.000000
10.717295
10.624260
10.553332
10.654350
10.795473
10.776667
10.703827
10.741782
5.084984
10.343828
10.272640
0.000000
0.000000
10.720811
10.588513
10.673151
10.676305
10.569274
10.525397
10.642648
10.484352
0.000000
0.000000
0.000000
0.000000
0.000000
0.000000
0.000000
0.000000
0.000000
0.000000
0.000000
0.000000
0.000000
0.000000
0.000000
0.000000
0.000000
0.000000
0.000000
0.000000
0.000000
0.000000
0.000000
46.983833
79.288513
0.000000
10.706641
21.725527
24.816065
22.017324
0.000000
0.000000
9.394300
9.240184
9.208995
9.163352
8.679667
5.538600
0.000000
0.000000
0.000000
0.000000
0.000000
0.000000
0.000000
0.000000
0.000000
0.000000
0.000000
0.000000
0.000000
0.000000
0.000000
0.000000
0.000000
0.000000
0.000000
0.000000
0.000000
0.000000
0.000000
0.000000
0.000000
0.000000
0.000000
0.000000
0.000000
0.000000
0.000000
0.000000
12.316644
11.308905
0.000000
0.000000
0.000000
0.000000
0.000000
0.000000
0.000000
0.000000
0.000000
0.000000
0.000000
0.000000
0.000000
0.000000
0.000000
0.000000
0.000000
0.000000
19.022802
12.818261
14.108307
0.000000
0.000000
0.000000
0.000000
11.033522
10.512233
10.331877
10.381825
10.267829
9.986518
9.969236
9.927064
9.772262
9.402435
8.908735
0.000000
22.406301
0.000000
0.000000
0.000000
0.000000
0.000000
0.000000
0.000000
0.000000
0.000000
0.000000
0.000000
0.000000
0.000000
0.000000
0.000000
0.000000
0.000000
0.000000
0.000000
0.000000
0.000000
0.000000
0.000000
0.000000
0.000000
116.271774
9.870317
9.842676
9.965615
10.510925
10.731813
10.560571
10.353538
10.035410
0.000000
0.000000
0.000000
0.000000
0.000000
0.000000
0.000000
0.000000
0.000000
0.000000
0.000000
0.000000
0.000000
0.000000
0.000000
0.000000
0.000000
0.000000
0.000000
0.000000
0.000000
0.000000
373.310791
13.879771
10.570296
9.726678
9.757184
9.376052
5.035202
9.235905
0.000000
0.000000
23.068142
10.696885
10.568908
10.780362
10.831757
10.530993
10.948220
10.939487
10.871917
10.882277
10.652721
10.513315
0.000000
0.000000
9.958817
9.369998
10.794164
10.636898
10.505270
10.607469
10.420399
0.000000
0.000000
0.000000
0.000000
0.000000
0.000000
0.000000
0.000000
0.000000
0.000000
0.000000
0.000000
0.000000
0.000000
0.000000
0.000000
0.000000
0.000000
0.000000
0.000000
0.000000
0.000000
0.000000
12.945037
11.884713
12.060071
10.942358
11.570506
7.008245
9.555390
0.000000
0.000000
0.000000
30.064215
10.380579
10.478599
10.458388
10.502050
10.625001
10.472762
10.493656
10.299681
10.361531
10.131346
9.974751
0.000000
0.000000
0.000000
0.000000
0.000000
0.000000
0.000000
0.000000
0.000000
0.000000
0.000000
0.000000
0.000000
0.000000
0.000000
0.000000
0.000000
0.000000
0.000000
0.000000
0.000000
0.000000
0.000000
57.450748
9.106622
10.298426
8.901461
10.607605
11.051744
10.341319
4.676031
0.000000
5.026354
0.000000
0.000000
100.513824
10.649522
10.558047
10.477144
10.566421
9.564870
10.321955
10.250709
10.124863
10.299593
10.053398
10.221105
10.151004
8.467226
15.095335
25.951460
12.041162
10.715314
0.000000
0.000000
10.740982
10.553649
10.625010
10.713965
10.517388
10.616966
10.668760
10.478092
10.321624
10.426018
5.020827
0.000000
0.000000
0.000000
0.000000
0.000000
0.000000
0.000000
0.000000
0.000000
0.000000
0.000000
0.000000
0.000000
0.000000
0.000000
0.000000
0.000000
0.000000
0.000000
0.000000
57.472000
15.098654
18.497938
73.856789
19.720831
24.026691
22.209194
13.197686
11.396384
13.675601
24.847040
36.242626
32.476185
22.915319
0.000000
171.465958
10.632888
10.511003
10.623640
10.678463
10.706330
10.502761
10.356175
10.477160
10.338448
10.135404
9.996604
0.000000
0.000000
0.000000
0.000000
0.000000
0.000000
0.000000
0.000000
0.000000
0.000000
0.000000
0.000000
0.000000
0.000000
0.000000
0.000000
0.000000
0.000000
0.000000
0.000000
0.000000
0.000000
98.535469
85.523926
46.775837
9.904354
9.748455
8.884226
0.000000
0.000000
21.673454
10.487923
9.145307
10.332840
10.255796
10.251081
10.258780
11.119716
11.624750
10.470087
10.564770
10.431835
10.363770
10.365427
10.366920
10.312372
10.334652
10.529409
0.000000
0.000000
10.968717
10.573491
10.629991
10.477437
10.610291
10.482614
10.464239
10.439667
10.754989
11.350806
11.491962
11.335799
10.753742
10.031197
10.442760
10.275296
10.294458
10.435477
10.422818
0.000000
0.000000
0.000000
0.000000
0.000000
0.000000
0.000000
0.000000
0.000000
10.734300
10.488443
10.552082
10.432583
10.528910
10.589285
10.558113
10.230088
10.239467
10.196938
0.000000
0.000000
0.000000
0.000000
0.000000
0.000000
0.000000
0.000000
0.000000
0.000000
0.000000
0.000000
0.000000
0.000000
0.000000
0.000000
0.000000
0.000000
0.000000
0.000000
0.000000
0.000000
0.000000
15.269204
14.392001
14.062070
16.780083
20.217184
10.022837
11.725302
10.343604
10.251469
9.513718
10.192295
10.189773
10.283435
10.256086
10.317536
10.256569
10.363856
10.290690
10.287217
10.329202
10.228422
10.250967
10.141801
10.214472
0.000000
0.000000
0.000000
0.000000
0.000000
0.000000
0.000000
0.000000
0.000000
0.000000
0.000000
0.000000
0.000000
0.000000
0.000000
0.000000
0.000000
0.000000
0.000000
0.000000
0.000000
0.000000
0.000000
0.000000
0.000000
0.000000
0.000000
0.000000
0.000000
0.000000
0.000000
0.000000
0.000000
0.000000
0.000000
0.000000
0.000000
0.000000
0.000000
0.000000
99.914185
10.736269
10.599937
5.297676
10.694900
10.586771
10.478839
10.822540
10.734975
10.648079
10.484109
10.648264
10.537366
0.000000
0.000000
10.791913
10.600837
10.652631
10.677299
10.745043
10.722290
10.496509
10.377566
10.400316
0.000000
0.000000
0.000000
0.000000
0.000000
0.000000
0.000000
0.000000
0.000000
0.000000
0.000000
0.000000
0.000000
0.000000
0.000000
0.000000
0.000000
0.000000
0.000000
0.000000
0.000000
0.000000
0.000000
25.871334
16.150015
19.468592
19.787146
22.093576
122.426437
22.808699
16.342886
17.296881
24.449726
14.380829
0.000000
0.000000
26.656055
10.519148
10.563060
10.543796
10.598483
10.565357
10.539548
10.352921
10.395867
0.000000
0.000000
0.000000
0.000000
0.000000
0.000000
0.000000
0.000000
0.000000
0.000000
0.000000
0.000000
0.000000
0.000000
0.000000
0.000000
0.000000
0.000000
0.000000
0.000000
0.000000
0.000000
0.000000
23.081881
13.776590
13.856354
40.449860
56.298954
21.062008
16.542219
10.146312
0.000000
0.000000
10.680676
10.405860
10.790078
10.688088
10.997229
10.724954
10.757569
10.860533
10.730202
0.000000
0.000000
10.722190
10.474822
10.651522
10.709853
10.604650
10.662595
10.556169
10.715031
10.529763
10.346652
0.000000
0.000000
0.000000
0.000000
0.000000
0.000000
0.000000
0.000000
0.000000
0.000000
0.000000
0.000000
0.000000
0.000000
0.000000
0.000000
0.000000
0.000000
0.000000
0.000000
0.000000
0.000000
63.461674
14.834500
8.359355
15.067101
0.000000
0.000000
11.942001
9.556066
9.688282
9.821828
9.925384
10.043880
10.166290
10.614905
10.890171
10.907727
10.813437
10.759903
10.693494
0.000000
0.000000
0.000000
0.000000
0.000000
0.000000
0.000000
0.000000
0.000000
0.000000
0.000000
0.000000
0.000000
0.000000
0.000000
0.000000
4.855839
10.722941
10.524879
10.591841
10.758763
10.673099
10.742784
10.611934
10.410706
10.096169
9.717487
9.972722
0.000000
0.000000
9.969847
9.638917
9.796389
10.631676
10.720967
10.678534
10.513152
10.520254
10.359620
10.337080
13.931676
10.169089
10.105437
10.235235
10.293429
0.000000
0.000000
10.827811
10.726560
10.520981
10.592838
10.660889
10.500258
10.340961
10.400424
0.000000
0.000000
0.000000
0.000000
0.000000
0.000000
0.000000
0.000000
0.000000
0.000000
0.000000
0.000000
0.000000
0.000000
0.000000
0.000000
0.000000
0.000000
0.000000
0.000000
0.000000
111.253983
13.459669
12.486403
12.792717
12.454379
14.210431
16.386374
10.467324
176.420700
11.726125
0.000000
0.000000
14.181493
10.675852
10.556939
10.778797
10.689675
10.679065
10.407872
10.678246
11.334682
0.000000
0.000000
0.000000
10.913768
9.643140
9.795341
9.054091
10.629406
10.573028
10.547186
11.627890
11.446673
11.426178
11.255570
11.508597
11.167884
0.000000
0.000000
294.924683
9.573486
9.464432
9.617910
9.606562
9.681856
9.809308
9.679165
11.392879
11.499249
11.520604
11.177978
11.134432
11.474828
11.521038
0.000000
0.000000
89.266060
10.426137
10.347692
10.408615
10.141054
10.308033
10.263191
10.307623
10.785747
11.700519
11.440186
12.106972
0.000000
0.000000
11.213744
5.240949
10.467931
10.484258
10.393973
10.358657
10.456206
10.289406
10.183079
10.254200
0.000000
0.000000
0.000000
0.000000
0.000000
0.000000
0.000000
0.000000
0.000000
0.000000
0.000000
0.000000
0.000000
0.000000
0.000000
0.000000
0.000000
0.000000
0.000000
0.000000
0.000000
0.000000
0.000000
0.000000
9.059175
8.757227
7.906704
0.000000
35.662720
0.000000
0.000000
0.000000
0.000000
0.000000
0.000000
0.000000
0.000000
0.000000
0.000000
0.000000
0.000000
0.000000
0.000000
4.349123
0.000000
0.000000
10.851200
10.511539
11.332858
10.772224
10.723301
10.661583
10.950361
10.714382
10.823948
11.069503
11.201838
0.000000
0.000000
9.878842
9.779843
10.857034
10.678758
10.671574
10.585225
10.836323
10.685569
10.730414
10.601978
10.572990
10.471254
10.476651
5.193139
10.273809
10.150692
10.300764
10.340361
0.000000
0.000000
10.915442
10.607404
10.514885
10.646327
10.690255
10.653022
10.472942
10.259718
10.346427
10.173518
9.955917
9.631713
0.000000
0.000000
0.000000
0.000000
0.000000
0.000000
0.000000
0.000000
0.000000
0.000000
0.000000
0.000000
0.000000
0.000000
0.000000
0.000000
0.000000
0.000000
0.000000
0.000000
0.000000
0.000000
128.203506
25.977581
15.939501
3.750213
10.391335
0.000000
12.284509
0.000000
0.000000
9.636237
4.832445
10.575508
5.301560
10.598052
10.491241
10.527810
10.327685
10.294133
10.211106
10.280537
10.493138
10.351009
15.995242
0.000000
0.000000
10.721457
10.572921
10.626268
10.561408
10.636569
10.617010
10.558373
10.384993
10.442221
0.000000
0.000000
0.000000
0.000000
0.000000
0.000000
0.000000
0.000000
0.000000
0.000000
0.000000
0.000000
0.000000
0.000000
0.000000
0.000000
0.000000
0.000000
0.000000
0.000000
0.000000
0.000000
28.920366
8.066638
17.993063
18.238480
19.982168
19.436508
19.606089
0.000000
0.000000
22.551197
10.582886
10.568296
10.583196
10.589480
10.662639
10.705830
10.748619
10.899663
10.658155
10.422964
0.000000
0.000000
0.000000
0.000000
0.000000
0.000000
0.000000
0.000000
0.000000
0.000000
0.000000
0.000000
0.000000
0.000000
0.000000
0.000000
0.000000
0.000000
0.000000
0.000000
63.236710
22.548956
7.827827
15.561121
6.993240
6.392198
16.747847
20.967739
26.727007
28.874973
16.062122
26.170479
34.265663
34.800133
32.493858
33.650928
31.731342
0.000000
0.000000
24.753933
10.557024
10.569391
10.659494
10.532744
10.459452
10.253608
10.408751
10.239453
10.030977
9.790554
9.105986
0.000000
0.000000
0.000000
0.000000
0.000000
0.000000
0.000000
0.000000
0.000000
0.000000
0.000000
0.000000
0.000000
0.000000
0.000000
0.000000
0.000000
0.000000
0.000000
0.000000
0.000000
0.000000
0.000000
74.024704
25.631701
43.089279
11.346420
10.652366
5.759931
11.263043
0.000000
0.000000
9.630640
10.044105
10.460389
10.761611
5.360650
11.073610
10.937825
11.074121
10.890482
11.825555
10.186215
0.000000
0.000000
10.656393
9.633342
9.682274
9.835611
10.466004
10.693927
10.533009
10.411650
10.442713
10.283096
0.000000
0.000000
0.000000
0.000000
0.000000
0.000000
0.000000
0.000000
0.000000
0.000000
0.000000
0.000000
0.000000
0.000000
0.000000
0.000000
0.000000
0.000000
0.000000
0.000000
0.000000
0.000000
0.000000
0.000000
0.000000
0.000000
0.000000
0.000000
0.000000
0.000000
0.000000
0.000000
205.096405
12.221285
0.000000
0.000000
0.000000
0.000000
7.271832
9.764733
9.822340
10.630634
10.646224
10.663092
28.027113
10.757147
10.731686
10.874868
10.806093
0.000000
0.000000
0.000000
0.000000
0.000000
0.000000
0.000000
0.000000
0.000000
0.000000
6.459503
10.602697
10.608099
10.550075
10.496691
10.536874
10.557362
10.592978
10.639328
10.506557
30.940498
0.000000
0.000000
0.000000
0.000000
0.000000
0.000000
0.000000
126.472198
10.829403
10.518140
10.543638
10.469197
10.482855
10.602836
10.433813
10.399077
10.389654
10.304415
0.000000
0.000000
0.000000
0.000000
0.000000
0.000000
0.000000
0.000000
0.000000
0.000000
0.000000
0.000000
0.000000
0.000000
0.000000
0.000000
0.000000
0.000000
0.000000
0.000000
0.000000
0.000000
41.931137
27.672338
17.878063
10.867723
10.165769
18.110905
0.000000
0.000000
11.022960
9.737470
9.909813
11.753528
10.759049
10.792660
10.650878
10.611248
10.751766
10.573915
10.473009
10.562519
10.471112
10.425919
10.425815
10.352254
0.000000
0.000000
0.000000
0.000000
0.000000
0.000000
0.000000
0.000000
0.000000
0.000000
0.000000
0.000000
0.000000
0.000000
0.000000
0.000000
0.000000
0.000000
0.000000
0.000000
0.000000
0.000000
0.000000
0.000000
0.000000
0.000000
0.000000
0.000000
465.610413
11.342998
11.335238
0.000000
10.613950
141.849564
0.000000
0.282475
10.529805
10.510156
10.561188
10.547379
10.538019
10.579188
10.600232
10.413823
10.262721
10.259201
10.209516
5.085217
0.000000
0.000000
0.000000
0.000000
0.000000
0.000000
0.000000
0.000000
0.000000
0.000000
0.000000
0.000000
0.000000
0.000000
0.000000
0.000000
0.000000
0.000000
0.000000
0.000000
0.000000
12.373771
18.785568
9.167598
370.658356
0.000000
21.580845
10.370804
9.735561
8.935725
11.364977
10.529922
9.485395
11.100395
30.144711
10.406765
10.139677
33.849209
10.302629
10.597924
15.138612
15.926651
27.329817
46.873257
69.513329
85.347969
0.000000
0.000000
0.000000
0.000000
0.000000
0.000000
0.000000
0.000000
0.000000
0.000000
0.000000
0.000000
0.000000
0.000000
0.000000
0.000000
0.000000
0.000000
0.000000
0.000000
0.000000
0.000000
0.000000
0.000000
4.820279
10.674742
10.695673
10.465141
10.589120
10.311941
10.310777
10.288928
9.876884
9.763212
9.113527
31.677107
0.000000
0.000000
0.000000
0.000000
0.000000
0.000000
0.000000
0.000000
0.000000
0.000000
0.000000
0.000000
0.000000
0.000000
0.000000
0.000000
0.000000
0.000000
0.000000
0.000000
0.000000
0.000000
0.000000
0.000000
0.000000
0.000000
0.000000
0.000000
5.456534
10.512800
10.706765
10.605697
10.550828
10.646813
10.607879
10.563958
10.671860
10.460462
37.084934
0.000000
0.000000
0.000000
0.000000
0.000000
0.000000
0.000000
0.000000
0.000000
0.000000
0.000000
0.000000
0.000000
0.000000
0.000000
0.000000
0.000000
0.000000
0.000000
0.000000
0.000000
0.000000
30.275862
19.540701
11.824875
18.061687
18.408154
0.000000
0.000000
9.431534
9.452878
9.506747
9.651258
9.791193
9.946256
10.117799
10.306702
10.727755
0.000000
0.000000
0.000000
0.000000
0.000000
0.000000
0.000000
0.000000
0.000000
0.000000
0.000000
0.000000
0.000000
0.000000
0.000000
0.000000
0.000000
0.000000
0.000000
0.000000
0.000000
108.424423
10.730170
10.510984
10.761075
10.934122
10.680661
10.783988
10.797593
10.146500
12.192410
0.000000
0.000000
0.000000
5.380689
9.634933
10.125399
10.842602
10.376938
10.426522
10.504118
10.737513
11.043897
11.096255
10.800995
10.626123
10.342881
10.230307
10.308196
10.394011
10.447577
0.000000
0.000000
10.793201
10.589353
10.680537
10.678475
10.501591
10.322513
10.452652
10.096026
0.000000
0.000000
0.000000
0.000000
0.000000
0.000000
0.000000
0.000000
0.000000
0.000000
0.000000
0.000000
0.000000
0.000000
0.000000
0.000000
0.000000
0.000000
0.000000
0.000000
0.000000
0.000000
12.411666
11.435723
11.758872
10.225548
9.493498
9.074662
10.285923
17.813774
9.850410
0.000000
0.000000
11.107793
10.798997
10.637321
10.468052
10.688367
10.664681
10.655112
10.790772
10.880997
10.742716
9.839606
10.510545
10.762904
10.667422
0.000000
0.000000
0.000000
0.000000
0.000000
12.927504
9.589738
9.556698
9.592801
9.650077
9.718721
9.779392
9.750797
0.000000
0.000000
0.000000
0.000000
0.000000
0.000000
0.000000
0.000000
0.000000
0.000000
0.000000
0.000000
0.000000
0.000000
0.000000
0.000000
0.000000
0.000000
0.000000
0.000000
0.000000
0.000000
54.438236
34.191093
29.535858
20.878498
27.861156
10.867797
0.000000
0.712179
70.479828
10.744704
10.791847
10.517121
10.553627
10.319601
9.964751
9.846001
0.000000
0.000000
0.000000
0.000000
0.000000
0.000000
0.000000
0.000000
0.000000
0.000000
0.000000
0.000000
0.000000
0.000000
0.000000
0.000000
0.000000
0.000000
0.000000
0.000000
0.000000
0.000000
0.000000
0.000000
0.000000
0.000000
0.000000
0.000000
0.000000
0.000000
0.000000
0.000000
0.000000
0.000000
2.081208
0.000000
0.000000
0.000000
10.781560
10.874941
10.361067
10.459416
10.649101
10.633868
10.367476
10.200843
10.368111
10.278283
10.378313
10.222974
10.094839
10.074059
10.172143
10.157251
10.027138
10.181065
0.000000
0.000000
0.000000
0.000000
5.191515
9.765214
9.299013
10.567567
10.573141
10.619087
10.743338
10.631563
10.431980
10.553906
10.278697
0.000000
0.000000
0.000000
0.000000
0.000000
0.000000
0.000000
0.000000
0.000000
0.000000
0.000000
0.000000
0.000000
0.000000
0.000000
0.000000
0.000000
0.000000
0.000000
0.000000
0.000000
0.000000
0.000000
0.000000
15.602738
16.428652
16.697725
18.601656
18.216871
8.144055
0.000000
0.000000
20.346939
10.579817
10.619475
10.715462
10.593420
10.520342
30.980915
10.511318
10.430084
10.455472
0.000000
0.000000
0.000000
0.000000
0.000000
0.000000
0.000000
0.000000
0.000000
0.000000
0.000000
0.000000
0.000000
0.000000
0.000000
0.000000
10.555837
9.669361
9.853298
10.724310
10.528795
10.713902
10.533527
10.694340
10.492691
10.328931
10.296164
30.086695
0.000000
0.000000
0.000000
0.000000
0.000000
0.000000
0.000000
0.000000
0.000000
0.000000
0.000000
0.000000
0.000000
0.000000
0.000000
0.000000
0.000000
0.000000
0.000000
0.000000
0.000000
72.643196
19.074560
11.379988
10.392067
9.946819
0.000000
0.000000
9.530779
9.638794
9.720724
9.852110
9.986968
10.435592
10.586449
11.268769
11.137560
10.885451
10.647540
10.677288
10.597027
10.614943
10.540924
10.512668
0.000000
0.000000
10.999259
10.517178
10.558334
10.587281
10.471964
10.362258
10.447771
10.204885
10.087254
9.870498
9.576222
9.290026
0.000000
0.000000
0.000000
0.000000
0.000000
0.000000
0.000000
0.000000
0.000000
0.000000
0.000000
0.000000
0.000000
0.000000
0.000000
0.000000
0.000000
0.000000
0.000000
0.000000
73.685089
49.339699
0.000000
0.000000
9.798673
10.753000
5.351692
10.666323
10.617856
10.607443
10.984261
11.217954
11.131669
11.037025
10.904379
0.000000
0.000000
6.560458
9.480027
10.353120
10.459413
10.482766
10.537660
10.543640
10.460243
10.333225
10.376327
10.223708
10.198463
9.889595
26.144657
0.000000
0.000000
0.000000
0.000000
0.000000
0.000000
0.000000
0.000000
0.000000
0.000000
0.000000
0.000000
0.000000
0.000000
0.000000
0.000000
0.000000
0.000000
101.320244
70.642113
0.000000
0.000000
4.837747
9.761516
9.017367
10.831100
10.627127
10.732176
10.815994
10.625095
10.552585
10.713087
10.598209
10.323932
10.381771
10.360144
10.296212
0.000000
0.000000
0.000000
0.000000
0.000000
10.031203
9.475703
9.458834
9.516316
9.614508
9.698333
9.771697
9.793679
0.000000
0.000000
0.000000
0.000000
0.000000
0.000000
0.000000
0.000000
0.000000
0.000000
0.000000
0.000000
0.000000
0.000000
0.000000
0.000000
0.000000
0.000000
0.000000
0.000000
0.000000
0.000000
0.000000
0.000000
0.000000
0.000000
0.000000
0.000000
0.000000
11.128939
10.766445
0.000000
0.000000
0.000000
0.000000
1.031722
14.597063
10.352505
10.431944
10.396482
10.381776
10.458956
10.499532
5.282835
10.459647
10.389396
10.454769
10.319034
10.139030
33.812584
0.000000
0.000000
0.000000
0.000000
0.000000
0.000000
0.000000
0.000000
0.000000
0.000000
0.000000
0.000000
0.000000
0.000000
0.000000
0.000000
0.000000
0.000000
0.000000
0.000000
0.000000
39.171982
14.605558
7.024246
14.251411
9.636490
9.544104
9.606312
0.000000
0.000000
10.671159
10.544841
10.592763
10.910101
10.898296
10.790330
10.751135
10.371166
10.960428
0.000000
0.000000
9.815849
9.797981
10.659275
10.504689
10.605573
10.485518
10.432772
10.602000
10.474603
5.210672
10.455482
10.308908
10.114873
0.000000
0.000000
10.777813
10.609196
10.598747
10.723905
10.575748
10.637442
10.456582
10.283401
10.331265
0.000000
0.000000
0.000000
0.000000
0.000000
0.000000
0.000000
0.000000
0.000000
0.000000
0.000000
0.000000
0.000000
0.000000
0.000000
0.000000
0.000000
0.000000
0.000000
0.000000
0.000000
0.000000
40.595661
16.339746
18.851429
9.728881
20.289131
26.459545
23.775770
19.586252
15.466862
10.654444
12.094375
8.479067
5.082927
0.000000
0.000000
42.495235
10.484602
10.577857
10.450150
10.504159
10.454725
10.498917
10.742381
11.550562
11.562748
5.815320
10.913755
11.097431
10.724358
0.000000
0.000000
18.638977
10.417415
5.160208
10.521760
10.396523
10.505835
10.529784
10.520884
10.510077
10.314862
10.360667
43.877922
0.000000
0.000000
0.000000
0.000000
0.000000
0.000000
0.000000
0.000000
0.000000
0.000000
0.000000
0.000000
0.000000
0.000000
0.000000
0.000000
0.000000
0.000000
0.000000
0.000000
0.000000
0.000000
0.000000
0.000000
0.000000
0.000000
0.000000
0.000000
0.000000
0.000000
0.000000
0.000000
0.000000
10.112179
8.352128
13.550637
30.775028
18.773119
0.000000
0.000000
0.000000
10.602281
9.738506
10.269343
10.322683
10.311044
10.477125
11.407337
11.458923
11.199461
11.165874
10.786644
11.213159
10.808441
10.880099
10.972078
10.445720
10.789184
0.000000
0.000000
33.320885
10.445889
5.193755
10.439240
10.539976
10.604750
10.684499
10.579782
10.598096
10.436953
10.228181
0.000000
0.000000
0.000000
0.000000
0.000000
0.000000
0.000000
0.000000
0.000000
0.000000
0.000000
0.000000
0.000000
0.000000
0.000000
0.000000
0.000000
0.000000
0.000000
0.000000
0.000000
0.000000
16.702459
11.695671
13.512428
11.545388
9.291111
8.750440
9.074885
3.923523
8.916113
2.997385
0.000000
0.000000
5.437809
10.141335
10.662031
10.639989
10.594471
10.669467
10.478613
10.294748
10.602958
0.000000
0.000000
0.000000
9.806074
4.637639
10.636599
10.617578
10.599318
10.431013
10.415611
10.504634
10.378594
10.336145
10.267279
10.767206
10.133647
9.989576
10.035351
9.434653
10.638491
10.789997
10.866753
0.000000
0.000000
0.000000
60.851952
0.000000
0.000000
10.922671
10.575856
10.400558
10.568271
10.614114
10.667545
10.741678
10.532066
10.328081
10.349938
0.000000
0.000000
0.000000
0.000000
0.000000
0.000000
0.000000
0.000000
0.000000
0.000000
0.000000
0.000000
0.000000
0.000000
0.000000
0.000000
0.000000
0.000000
0.000000
0.000000
0.000000
0.000000
0.000000
0.000000
0.000000
0.000000
0.000000
9.758484
9.006097
8.653393
8.614964
8.011661
7.443426
13.120774
12.043769
11.940342
11.724172
11.954487
0.000000
0.000000
0.000000
193.455475
10.257357
10.122749
9.983684
10.000558
9.963356
9.891334
9.919166
9.928450
9.670430
9.788323
0.000000
0.000000
0.000000
0.000000
0.000000
0.000000
0.000000
0.000000
0.000000
0.000000
0.000000
0.000000
0.000000
0.000000
0.000000
0.000000
0.000000
0.000000
0.000000
0.000000
0.000000
0.000000
17.643160
18.121634
17.938154
8.977655
17.480860
9.777717
246.726501
8.879846
9.908717
9.813143
9.702487
9.456511
9.457379
9.514690
9.519493
9.531441
10.039313
10.194071
10.040071
11.463103
11.461607
11.613297
11.497379
11.456203
0.000000
0.000000
0.000000
0.000000
0.000000
0.000000
0.000000
0.000000
0.000000
0.000000
0.000000
0.000000
0.000000
0.000000
0.000000
0.000000
0.000000
0.000000
0.000000
0.000000
0.000000
0.000000
0.000000
0.000000
0.000000
0.000000
0.000000
10.595282
10.512546
10.547223
10.546326
10.466440
10.518445
10.356095
0.000000
0.000000
0.000000
0.000000
0.000000
0.000000
0.000000
0.000000
0.000000
0.000000
0.000000
0.000000
0.000000
0.000000
0.000000
0.000000
0.000000
0.000000
0.000000
0.000000
0.000000
0.000000
6.980974
15.684119
16.467031
15.513288
14.794558
14.871799
0.000000
0.000000
16.989452
10.831092
10.874722
10.920959
10.952656
10.918330
11.048865
10.908039
9.236509
10.441916
10.355031
10.469238
10.481511
10.456343
10.545227
10.487476
10.476700
0.000000
0.000000
10.904313
10.701251
10.541965
10.468830
10.605414
10.410356
10.435321
10.279592
10.193192
9.596337
0.000000
0.000000
0.000000
0.000000
0.000000
0.000000
0.000000
0.000000
0.000000
0.000000
0.000000
0.000000
0.000000
0.000000
0.000000
0.000000
0.000000
0.000000
0.000000
0.000000
0.000000
0.000000
0.000000
0.000000
0.000000
0.000000
0.477629
10.618523
10.642895
10.624058
10.673249
10.697773
10.664804
10.442138
10.570588
10.106597
9.755913
9.577474
8.828784
40.927624
0.000000
0.000000
0.000000
0.000000
0.000000
0.000000
0.000000
0.000000
0.000000
0.000000
0.000000
0.000000
0.000000
0.000000
0.000000
0.000000
0.000000
0.000000
0.000000
0.000000
0.000000
0.000000
0.000000
0.000000
0.000000
0.000000
0.000000
0.000000
10.563485
10.482995
10.559865
10.667672
10.496470
10.384647
10.363660
10.316032
10.384467
10.316055
0.000000
0.000000
0.000000
0.000000
0.000000
0.000000
0.000000
0.000000
0.000000
0.000000
0.000000
0.000000
0.000000
0.000000
0.000000
0.000000
24.006514
134.456421
0.000000
0.000000
0.000000
12.949718
10.585709
9.704645
9.786158
10.391859
10.292960
10.406431
11.452551
11.547156
11.775317
11.822022
0.000000
0.000000
0.000000
9.747506
9.670156
9.459255
10.357765
10.438594
10.482351
10.494387
10.359069
10.331259
10.426036
10.249641
10.048455
0.000000
0.000000
0.000000
0.000000
0.000000
0.000000
0.000000
0.000000
0.000000
0.000000
0.000000
0.000000
0.000000
0.000000
0.000000
0.000000
0.000000
0.000000
0.000000
0.000000
0.000000
0.000000
0.000000
10.976662
4.294704
0.000000
0.000000
0.000000
0.000000
0.000000
0.000000
0.227248
10.055389
0.000000
0.000000
0.000000
0.000000
9.857348
9.429762
10.047227
10.171422
10.118650
10.054453
10.009663
9.932076
10.085035
9.613094
10.262353
9.804930
9.497213
0.000000
0.000000
0.000000
0.000000
0.000000
0.000000
0.000000
0.000000
0.000000
0.000000
0.000000
0.000000
0.000000
0.000000
0.000000
0.000000
0.000000
0.000000
0.000000
0.000000
0.000000
0.000000
0.000000
0.000000
0.000000
0.000000
0.544488
21.891922
10.401032
10.531903
10.488951
10.576077
10.632871
10.751438
10.660738
10.536460
10.392653
10.484485
10.294258
0.000000
0.000000
0.000000
0.000000
0.000000
0.000000
0.000000
0.000000
0.000000
0.000000
0.000000
0.000000
0.000000
0.000000
0.000000
0.000000
0.000000
0.000000
0.000000
0.000000
0.000000
0.000000
0.000000
12.768137
10.607268
9.237602
5.649351
0.000000
0.000000
0.000000
0.000000
0.000000
0.000000
0.000000
0.000000
18.342855
9.998713
9.977604
9.862167
9.768455
9.387484
9.335102
9.994152
9.012632
0.000000
0.000000
0.000000
0.000000
0.000000
0.000000
0.000000
0.000000
0.000000
0.000000
0.000000
0.000000
0.000000
0.000000
0.000000
0.000000
0.000000
0.000000
0.000000
0.000000
0.000000
0.000000
57.215099
9.618447
23.834284
13.278123
21.155247
17.754934
0.000000
0.000000
11.210586
10.592812
10.467181
10.585529
10.665213
10.637490
10.477596
10.343599
10.485386
10.167748
10.032388
9.853236
9.502800
0.000000
0.000000
16.513380
0.000000
0.000000
0.000000
0.000000
0.000000
0.000000
0.000000
0.000000
0.000000
0.000000
0.000000
0.000000
0.000000
0.000000
0.000000
0.000000
0.000000
0.000000
0.000000
0.000000
0.000000
10.361791
10.597224
10.528049
10.541449
10.666102
10.650652
10.829306
10.628175
10.467361
10.307920
0.000000
0.000000
0.000000
0.000000
0.000000
0.000000
0.000000
0.000000
0.000000
0.000000
0.000000
0.000000
0.000000
0.000000
0.000000
0.000000
0.000000
0.000000
0.000000
0.000000
0.000000
0.000000
0.000000
0.000000
0.000000
0.000000
0.000000
0.000000
0.000000
0.000000
0.000000
0.000000
0.000000
0.000000
0.000000
15.782778
13.427341
9.870627
9.969247
9.842795
10.537329
9.942285
9.843719
9.892134
10.037617
0.000000
0.000000
9.775858
9.601807
9.667832
9.793728
9.905126
9.420069
10.811803
10.646338
10.680470
0.000000
0.000000
0.000000
0.000000
0.000000
0.000000
0.000000
0.000000
0.000000
0.000000
0.000000
0.000000
0.000000
0.000000
0.000000
0.000000
0.000000
0.000000
0.000000
0.000000
0.000000
0.000000
8.951137
11.146832
23.520741
11.364753
21.605045
19.157585
0.000000
0.000000
11.114276
10.557836
10.611329
10.555942
10.505156
10.500439
10.492613
10.417681
10.497381
10.428615
10.473891
10.377525
10.319863
10.268233
10.329481
10.304042
10.339661
0.000000
0.000000
0.000000
10.875380
10.598054
10.533992
10.462476
10.462556
10.333424
10.398169
10.311872
10.204791
9.995915
9.506762
0.000000
0.000000
23.366325
0.000000
0.000000
0.000000
0.000000
0.000000
0.000000
0.000000
0.000000
0.000000
0.000000
0.000000
0.000000
0.000000
0.000000
0.000000
0.000000
0.000000
0.000000
0.000000
0.000000
0.000000
0.000000
125.074409
10.560740
10.348970
10.475465
10.436659
10.480946
10.512851
10.543191
10.475259
10.433940
10.515394
10.534361
0.000000
0.000000
0.000000
0.000000
0.000000
0.000000
0.000000
0.000000
0.000000
0.000000
0.000000
0.000000
0.000000
0.000000
0.000000
6.432040
93.495552
23.420362
90.831680
0.000000
0.568070
17.850464
0.000000
0.000000
26.807064
10.602756
10.578329
10.555568
10.622674
10.566204
10.681012
10.596465
10.633835
10.462657
10.348657
10.462132
0.000000
0.000000
0.000000
0.000000
0.000000
0.000000
0.000000
0.000000
0.000000
0.000000
0.000000
0.000000
0.000000
0.000000
0.000000
0.000000
3.136341
10.583962
10.598518
10.503106
10.646225
10.580324
10.523531
10.352769
0.000000
0.000000
0.000000
0.000000
0.000000
0.000000
0.000000
0.000000
0.000000
0.000000
0.000000
0.000000
0.000000
0.000000
0.000000
0.000000
0.000000
0.000000
0.000000
0.000000
0.000000
0.000000
15.949153
15.058232
16.910248
16.791782
19.691746
22.177418
24.304806
25.513542
10.758566
10.586291
10.718533
10.329358
10.493969
10.719043
10.835610
5.528559
11.039379
11.169036
11.160047
5.574987
11.293152
11.711298
11.388559
20.707222
11.007611
10.725761
46.167007
36.401470
5.817387
0.000000
0.000000
0.000000
0.000000
0.000000
0.000000
0.000000
0.000000
0.000000
0.000000
0.000000
0.000000
0.000000
0.000000
0.000000
0.000000
0.000000
0.000000
0.000000
0.000000
0.000000
0.000000
0.000000
0.000000
0.000000
0.000000
0.000000
0.000000
0.000000
0.000000
0.000000
0.000000
0.000000
193.423401
10.631987
10.262779
10.290417
10.097402
10.280668
10.240360
10.274002
10.259591
10.683105
10.804651
10.392104
9.768820
10.064140
10.205024
10.398380
0.000000
0.000000
10.792619
10.546505
10.625489
10.528311
10.457624
10.583200
10.372591
10.397658
10.286788
10.198506
9.911166
9.347027
0.000000
0.000000
0.000000
0.000000
0.000000
0.000000
0.000000
0.000000
0.000000
0.000000
0.000000
0.000000
0.000000
0.000000
0.000000
0.000000
0.000000
0.000000
0.000000
0.000000
0.000000
0.000000
0.000000
0.000000
0.000000
0.000000
0.000000
0.000000
0.000000
0.000000
0.000000
0.000000
0.000000
0.000000
0.000000
0.000000
0.000000
0.000000
0.000000
0.000000
0.000000
20.675892
0.000000
0.000000
0.000000
0.000000
10.444940
9.672757
9.751129
9.297965
10.695185
10.787276
10.589532
10.711737
10.626943
10.392927
0.000000
0.000000
0.000000
0.000000
0.000000
0.000000
0.000000
0.000000
0.000000
0.000000
0.000000
0.000000
0.000000
0.000000
0.000000
0.000000
0.000000
0.000000
0.000000
0.000000
0.000000
0.000000
0.000000
0.000000
0.000000
0.000000
0.000000
0.000000
0.000000
0.000000
0.000000
0.000000
0.000000
0.000000
10.460880
10.157216
10.221786
10.206041
10.203087
10.137351
10.114836
10.025256
10.014651
9.937737
0.000000
0.000000
0.000000
0.000000
0.000000
0.000000
0.000000
0.000000
0.000000
0.000000
0.000000
0.000000
0.000000
0.000000
0.000000
0.000000
0.000000
0.000000
0.000000
0.000000
0.000000
0.760354
66.388374
14.375274
24.139656
23.176582
25.032671
26.714258
31.165281
39.086018
42.441525
0.000000
205.816910
32.769329
10.649143
10.483357
10.390656
10.440684
10.414572
10.291709
10.318345
10.498405
10.514795
10.448116
10.596678
10.830371
11.347482
0.000000
0.000000
14.552731
10.472132
10.382303
10.443712
10.485483
10.607452
10.349265
10.412813
10.243361
10.271814
9.994306
9.742722
9.450484
0.000000
0.000000
0.000000
0.000000
0.000000
0.000000
0.000000
0.000000
0.000000
0.000000
0.000000
0.000000
0.000000
0.000000
0.000000
0.000000
0.000000
0.000000
0.000000
0.000000
0.000000
0.000000
0.000000
70.205956
7.844375
7.563792
7.373148
1.011647
0.000000
0.000000
0.000000
0.000000
0.000000
9.255039
98.502396
22.351576
26.714846
0.000000
0.000000
0.000000
0.000000
0.000000
10.116133
9.497812
9.232874
8.867693
7.786900
0.000000
0.000000
0.000000
0.000000
0.000000
0.000000
0.000000
0.000000
0.000000
0.000000
0.000000
0.000000
0.000000
0.000000
0.000000
0.000000
0.000000
4.757148
10.689842
10.561391
10.536234
10.656612
10.585821
10.629638
10.474558
10.294051
0.000000
0.000000
0.000000
0.000000
0.000000
0.000000
0.000000
0.000000
0.000000
0.000000
0.000000
0.000000
0.000000
0.000000
0.000000
0.000000
0.000000
0.000000
0.000000
0.000000
0.000000
0.000000
0.000000
72.377708
17.099916
18.292595
17.245924
19.211359
21.954027
13.784571
0.000000
20.634466
26.488962
10.560903
10.630335
10.738746
10.574322
10.640800
10.585666
10.379397
10.502764
10.366345
10.105310
9.980798
4.649293
0.000000
0.000000
0.000000
0.000000
0.000000
0.000000
0.000000
0.000000
0.000000
0.000000
0.000000
0.000000
0.000000
0.000000
0.000000
0.000000
0.000000
0.000000
0.000000
0.000000
0.000000
0.000000
0.000000
0.000000
157.705765
2.448208
3.374192
3.878765
5.359838
0.000000
0.000000
300.710419
9.550611
9.620176
9.552231
9.844359
9.805875
10.251350
10.498319
10.527776
10.524799
10.500334
10.433615
10.479460
10.400050
0.000000
0.000000
10.674092
10.654521
10.610343
10.688655
10.587017
10.418368
10.588296
10.432418
10.332947
10.429637
0.000000
0.000000
0.000000
0.000000
0.000000
0.000000
0.000000
0.000000
0.000000
0.000000
0.000000
0.000000
0.000000
0.000000
0.000000
0.000000
0.000000
0.000000
110.603256
0.680590
71.602364
66.967613
0.000000
103.349258
33.374882
10.724616
10.698784
10.928981
10.657722
10.567012
10.861646
10.687613
10.791942
10.413151
10.189625
10.301721
10.327826
10.288648
10.267946
0.000000
0.000000
10.829134
10.618822
10.656767
10.569480
10.400546
10.514402
10.380947
10.180008
10.041391
9.327535
0.000000
0.000000
0.000000
0.000000
0.000000
0.000000
0.000000
0.000000
0.000000
0.000000
0.000000
0.000000
0.000000
0.000000
0.000000
0.000000
0.000000
0.000000
0.000000
0.000000
0.000000
0.000000
0.000000
0.000000
0.000000
0.000000
0.000000
0.000000
0.000000
0.000000
0.000000
0.000000
0.000000
0.000000
0.000000
0.000000
0.000000
0.000000
0.000000
0.000000
0.000000
0.000000
0.000000
59.259140
10.632651
10.646636
10.486332
10.638945
10.551609
10.486515
10.363733
10.482700
10.131719
10.072729
9.974807
9.695532
0.000000
0.000000
0.000000
0.000000
0.000000
0.000000
0.000000
0.000000
0.000000
0.000000
0.000000
0.000000
0.000000
0.000000
0.000000
0.000000
0.000000
0.000000
0.000000
0.000000
0.000000
0.000000
49.851860
19.076233
9.600468
18.394274
0.000000
52.476864
9.686100
9.687440
9.745534
9.844235
9.263509
10.535563
10.566291
10.374554
9.967304
9.211534
33.536526
0.000000
0.000000
0.000000
0.000000
0.000000
0.000000
0.000000
0.000000
0.000000
0.000000
0.000000
0.000000
0.000000
0.000000
0.000000
0.000000
0.000000
0.000000
0.000000
0.000000
0.000000
0.000000
0.000000
0.000000
0.000000
0.000000
0.000000
0.000000
0.000000
0.000000
0.000000
0.000000
0.000000
0.000000
0.000000
0.000000
0.000000
0.000000
0.000000
0.000000
5.392663
11.494520
10.375665
5.744463
12.049566
13.424229
15.463847
0.000000
0.518471
10.660164
10.588194
10.588982
10.615720
10.187077
10.534691
10.486373
10.583141
10.526717
10.918998
11.070798
10.631890
10.186367
10.246534
10.353399
10.486142
10.536539
10.623322
10.727035
0.000000
0.000000
0.000000
0.000000
10.654843
10.628844
10.608225
10.650082
10.557337
10.660625
10.492194
10.545927
10.352970
0.000000
0.000000
0.000000
0.000000
0.000000
0.000000
0.000000
0.000000
0.000000
0.000000
0.000000
0.000000
0.000000
0.000000
0.000000
0.000000
0.000000
0.000000
0.000000
0.000000
0.000000
0.000000
22.050716
14.657317
14.971603
14.856949
8.655629
9.390884
10.282117
10.072598
10.230797
10.208864
9.944779
9.984679
9.990379
10.247498
10.391236
10.575789
10.966594
12.489446
13.244088
0.000000
0.000000
24.802555
10.659867
10.627776
10.532681
10.411761
10.493815
10.253816
10.052311
9.978395
0.000000
0.000000
0.000000
0.000000
0.000000
0.000000
0.000000
0.000000
0.000000
0.000000
0.000000
0.000000
0.000000
0.000000
0.000000
0.000000
0.000000
0.000000
0.000000
0.000000
0.000000
0.000000
12.137879
8.039170
11.873393
9.115145
11.570173
9.060758
12.027049
9.411007
109.074608
91.804512
89.757874
11.568535
8.788548
8.031930
7.970097
7.983970
0.000000
0.000000
49.936863
5.188491
10.411950
10.412699
10.439774
10.470814
10.344304
10.385238
10.243714
10.305843
10.125984
0.000000
0.000000
0.000000
0.000000
0.000000
0.000000
0.000000
0.000000
0.000000
0.000000
0.000000
0.000000
0.000000
0.000000
0.000000
0.000000
0.000000
0.000000
0.000000
0.000000
0.000000
0.000000
25.294901
16.053070
14.978328
18.229349
17.293711
19.282829
10.260887
8.133956
0.000000
0.000000
21.611006
10.598134
10.574439
10.598413
10.560038
10.695621
10.640072
10.458750
10.307124
10.345226
10.238608
0.000000
0.000000
0.000000
0.000000
0.000000
0.000000
0.000000
0.000000
0.000000
0.000000
0.000000
0.000000
0.000000
0.000000
0.000000
0.000000
0.000000
0.000000
0.000000
0.000000
319.286072
16.227839
11.821571
8.500017
8.957882
10.885168
0.000000
0.000000
11.644740
10.652182
9.366378
10.513460
10.759791
10.580087
11.254272
11.602122
10.963106
10.929536
10.947356
10.761412
0.000000
0.000000
32.773533
10.565801
10.506921
10.521329
10.416877
10.497684
10.486444
10.449574
11.210713
10.968942
10.880717
10.907927
10.655923
10.966039
0.000000
0.000000
33.324780
10.635382
10.528071
10.547252
10.393053
10.523312
10.649179
10.508541
10.522527
11.901699
11.870289
11.790771
11.216503
0.000000
0.000000
11.070001
9.615121
4.673438
10.423114
10.448950
10.432156
10.459757
10.405053
10.354036
10.457719
10.258810
10.124921
10.105345
0.000000
0.000000
0.000000
0.000000
0.000000
0.000000
0.000000
0.000000
0.000000
0.000000
0.000000
0.000000
0.000000
0.000000
0.000000
0.000000
0.000000
0.000000
0.000000
0.000000
0.000000
106.445198
83.615471
59.194939
31.599087
13.996970
0.000000
91.642754
20.560308
10.599869
10.627193
10.385699
10.460701
10.383072
10.458858
10.596815
10.900608
11.275891
11.123886
10.642967
10.875362
11.065612
11.150511
11.101723
11.291058
0.000000
0.000000
6.723333
9.517554
9.598574
9.617179
9.689673
10.583874
10.605960
10.666351
10.534430
10.474875
10.612761
10.355826
10.219186
0.000000
0.000000
0.000000
0.000000
0.000000
0.000000
0.000000
0.000000
0.000000
0.000000
0.000000
0.000000
0.000000
0.000000
0.000000
0.000000
0.000000
0.000000
0.000000
0.000000
0.000000
0.000000
27.063244
17.445631
14.838250
23.071850
0.000000
0.000000
9.320669
9.399765
9.817348
9.415173
9.465408
9.734755
9.424737
0.000000
5.197743
0.000000
0.000000
0.000000
0.000000
0.000000
0.000000
0.000000
0.000000
11.096401
10.559345
10.591911
10.541791
10.383842
10.394229
10.308740
10.255704
0.000000
0.000000
0.000000
0.000000
0.000000
0.000000
0.000000
0.000000
0.000000
0.000000
0.000000
0.000000
0.000000
0.000000
0.000000
0.000000
0.000000
0.000000
0.000000
0.000000
0.000000
0.000000
42.115807
17.433495
0.000000
194.603653
31.460787
10.483948
10.535502
10.545693
10.507749
10.677667
10.479447
10.573373
10.400755
10.197828
10.044683
9.858940
9.319502
8.868827
0.000000
0.000000
0.000000
0.000000
0.000000
0.000000
0.000000
0.000000
0.000000
0.000000
0.000000
0.000000
0.000000
0.000000
0.000000
0.000000
0.000000
0.000000
0.000000
0.000000
0.000000
0.000000
32.152668
11.717061
10.229420
10.690720
12.536922
8.115091
12.432009
7.424510
12.260626
0.000000
0.000000
30.434933
10.763412
10.732053
10.691422
10.518925
10.277758
10.253903
9.952177
9.479443
0.000000
0.000000
0.000000
0.000000
0.000000
0.000000
0.000000
0.000000
0.000000
0.000000
0.000000
0.000000
0.000000
0.000000
0.000000
0.000000
0.000000
0.000000
0.000000
0.000000
0.000000
0.000000
0.000000
0.000000
0.000000
0.000000
0.000000
0.000000
0.000000
0.000000
0.000000
0.000000
0.000000
0.000000
0.000000
0.000000
0.000000
0.000000
0.000000
0.000000
0.000000
0.000000
0.000000
0.000000
0.000000
0.000000
0.000000
0.000000
0.000000
0.000000
0.000000
0.000000
0.000000
10.856606
10.459677
10.424649
10.363626
10.150970
10.087982
10.375694
10.488664
10.423941
10.184439
10.485372
10.914138
10.415390
10.197536
9.919526
10.292821
10.451486
10.453975
0.000000
0.000000
0.000000
0.000000
0.000000
0.000000
0.000000
0.000000
0.000000
0.000000
0.000000
0.000000
10.265340
10.533876
10.359889
10.440974
10.450886
10.511240
10.628071
10.569795
10.729977
10.781866
10.701459
10.579073
10.814261
10.695484
0.000000
0.000000
0.000000
30.413572
9.680499
11.654186
10.522957
10.538840
10.411356
10.373903
10.501428
10.357500
10.198782
0.000000
0.000000
0.000000
0.000000
0.000000
0.000000
0.000000
0.000000
0.000000
0.000000
0.000000
0.000000
0.000000
0.000000
0.000000
0.000000
0.000000
0.000000
0.000000
0.000000
0.000000
70.208382
50.546783
19.562624
22.530464
28.150295
23.468920
21.682945
0.000000
24.008562
12.395556
10.522849
10.552813
10.574135
10.596161
10.669214
10.590057
10.408805
10.522878
10.287916
10.304565
10.340936
0.000000
0.000000
0.000000
0.000000
0.000000
0.000000
0.000000
0.000000
0.000000
0.000000
0.000000
0.000000
0.000000
0.000000
0.000000
0.000000
0.000000
0.000000
0.000000
0.000000
0.000000
29.655067
12.842904
9.926198
13.448596
11.861886
14.303988
4.880286
7.172926
8.237046
8.446659
7.793810
7.280345
0.000000
0.000000
21.003256
10.513227
10.549955
10.490458
10.541752
10.428151
10.496834
10.305175
10.189218
10.239388
10.039643
9.686137
0.000000
0.000000
0.000000
0.000000
0.000000
0.000000
0.000000
0.000000
0.000000
0.000000
0.000000
0.000000
0.000000
0.000000
0.000000
0.000000
0.000000
0.000000
0.000000
0.000000
0.000000
0.000000
0.000000
9.335637
11.405945
6.593208
12.021289
6.511997
4.280510
20.813683
3.664327
0.000000
0.000000
0.000000
10.845216
10.369835
10.251850
10.424170
10.364667
10.343184
10.393567
10.240325
10.154155
0.000000
0.000000
0.000000
0.000000
0.000000
0.000000
0.000000
0.000000
0.000000
0.000000
0.000000
0.000000
0.000000
0.000000
0.000000
0.000000
0.000000
0.000000
0.000000
0.000000
0.000000
0.000000
0.000000
35.771610
53.404453
22.077906
22.009550
21.976011
16.107044
0.000000
0.000000
17.855333
9.681895
9.791150
4.992173
10.084255
10.190584
11.106736
11.071998
11.061208
10.942541
10.857733
10.580498
0.000000
0.000000
0.000000
0.000000
0.000000
0.000000
0.000000
0.000000
0.000000
0.000000
0.000000
0.000000
0.000000
0.000000
0.000000
0.000000
0.000000
0.000000
0.000000
0.000000
0.000000
0.000000
28.423126
6.834357
22.471704
13.156164
23.871538
0.000000
190.253128
5.848499
10.505789
10.499230
10.512468
10.523160
10.562765
10.499663
10.442039
10.294476
10.279593
10.132008
0.000000
0.000000
0.000000
0.000000
0.000000
0.000000
0.000000
0.000000
0.000000
0.000000
0.000000
0.000000
0.000000
0.000000
0.000000
0.000000
0.000000
0.000000
0.000000
0.000000
0.000000
37.824364
14.175537
15.355055
15.871704
17.912268
61.111290
20.828545
8.921078
9.557433
9.598621
9.955186
0.000000
0.000000
18.789560
10.523076
10.540520
10.536887
10.647399
10.544866
10.603320
10.377806
10.306871
10.328435
10.024739
9.848510
32.278404
0.000000
0.000000
0.000000
0.000000
0.000000
0.000000
0.000000
0.000000
0.000000
0.000000
0.000000
0.000000
0.000000
0.000000
0.000000
0.000000
0.000000
0.000000
0.000000
0.000000
25.499559
15.376430
12.872836
16.404150
10.627896
11.567327
8.171885
9.946757
10.076949
9.763661
0.000000
0.000000
15.921938
10.587853
10.709536
10.494040
10.530362
10.368754
10.490732
10.258424
10.095297
9.979795
9.892220
9.614442
9.246545
0.000000
0.000000
0.000000
0.000000
0.000000
0.000000
0.000000
0.000000
0.000000
0.000000
0.000000
0.000000
0.000000
0.000000
0.000000
0.000000
0.000000
0.000000
0.000000
0.000000
0.000000
0.000000
2.496778
52.990406
35.988716
0.000000
0.000000
29.352945
10.638186
10.487854
10.320370
10.392307
10.408315
10.361193
10.560853
11.225453
11.511906
11.432722
11.107981
11.294238
11.377820
11.587192
11.103899
11.718599
11.140703
12.055174
59.748535
0.000000
98.321449
50.106205
10.492991
10.566410
10.504682
10.553800
10.627787
10.640780
10.622099
10.567533
10.381351
10.404597
10.162718
0.000000
0.000000
0.000000
0.000000
0.000000
0.000000
0.000000
0.000000
0.000000
0.000000
0.000000
0.000000
0.000000
0.000000
0.000000
0.000000
0.000000
0.000000
0.000000
0.000000
0.000000
0.000000
0.000000
7.135839
8.326439
8.569462
8.680011
8.137580
7.306459
7.276862
6.675931
12.857286
12.389250
8.216436
8.210224
0.000000
0.000000
0.000000
0.000000
20.233025
9.717581
9.984510
9.861622
9.779687
9.624763
9.447163
9.275700
0.000000
0.000000
0.000000
0.000000
0.000000
0.000000
0.000000
0.000000
0.000000
0.000000
0.000000
0.000000
0.000000
0.000000
0.000000
0.000000
0.000000
0.000000
0.000000
0.000000
0.000000
0.000000
21.640514
14.475561
12.486394
13.528362
5.707272
0.000000
32.965031
43.433582
10.781257
10.455218
10.798384
11.310705
10.815764
10.798901
10.785618
10.551151
10.507957
10.524930
10.638884
0.000000
0.000000
9.980214
9.664014
9.713290
9.857985
9.583965
10.551859
10.631778
10.481104
10.444032
0.000000
0.000000
0.000000
0.000000
0.000000
0.000000
0.000000
0.000000
0.000000
0.000000
0.000000
0.000000
0.000000
0.000000
0.000000
0.000000
0.000000
0.000000
0.000000
0.000000
0.000000
0.000000
151.302750
41.402054
24.335772
25.642420
25.266706
23.089945
0.000000
81.372810
7.556599
10.536245
10.508096
10.580974
10.501311
10.587697
10.691925
10.620332
10.428483
10.232327
10.303657
0.000000
0.000000
0.000000
0.000000
0.000000
0.000000
0.000000
0.000000
0.000000
0.000000
0.000000
0.000000
0.000000
0.000000
0.000000
0.000000
0.000000
0.000000
0.000000
0.000000
0.000000
0.000000
36.231308
14.680790
18.241905
14.063110
17.789551
4.976188
9.777703
10.429309
10.227892
0.000000
0.000000
22.582369
10.595255
10.627325
10.551250
10.411119
10.492427
10.348551
10.085268
9.979155
9.747925
9.338802
30.893644
0.000000
0.000000
0.000000
0.000000
0.000000
0.000000
0.000000
0.000000
0.000000
0.000000
0.000000
0.000000
0.000000
0.000000
0.000000
0.000000
0.000000
0.000000
0.000000
0.000000
0.000000
0.000000
0.000000
0.000000
0.000000
0.000000
0.000000
0.000000
0.000000
11.653260
10.508891
10.431201
10.568051
10.515881
10.332660
10.518252
10.349447
10.210976
10.184006
10.182011
0.000000
0.000000
0.000000
0.000000
0.000000
0.000000
0.000000
0.000000
0.000000
0.000000
0.000000
0.000000
0.000000
0.000000
0.000000
0.000000
0.000000
0.000000
0.000000
3.185684
149.059708
131.743256
0.000000
24.326593
20.317171
10.595685
10.711295
10.781368
10.650145
11.077793
10.833822
10.490667
9.471323
0.000000
0.000000
5.349384
9.500093
9.582572
9.668258
9.293585
10.449087
10.550884
10.862200
11.304573
11.057309
10.819007
10.630006
10.626249
10.883979
11.141310
11.753514
12.039989
12.519894
12.479590
0.000000
0.000000
0.000000
10.720306
10.492800
10.485555
10.530998
10.692703
10.524766
10.571522
10.562055
10.383710
10.473289
0.000000
0.000000
0.000000
0.000000
0.000000
0.000000
0.000000
0.000000
0.000000
0.000000
0.000000
0.000000
0.000000
0.000000
0.000000
0.000000
0.000000
0.000000
0.000000
0.000000
0.000000
0.000000
73.861420
62.307537
45.356556
26.873617
28.627731
30.775482
31.943214
34.475170
0.000000
0.000000
26.804852
10.583905
10.637751
10.628630
10.448633
10.495322
10.292619
10.336896
10.127852
9.882429
9.474058
0.000000
0.000000
0.000000
0.000000
0.000000
0.000000
0.000000
0.000000
0.000000
0.000000
0.000000
0.000000
0.000000
0.000000
0.000000
0.000000
0.000000
0.000000
0.000000
0.000000
0.000000
0.000000
0.000000
0.000000
0.000000
0.000000
0.000000
0.000000
0.000000
0.000000
0.000000
0.000000
0.000000
0.000000
0.000000
0.000000
0.000000
0.000000
0.000000
0.000000
0.000000
0.000000
0.000000
0.000000
0.000000
0.000000
14.211631
10.036897
0.000000
0.000000
12.271389
10.559592
10.573813
10.579211
10.632224
10.403924
10.260951
10.138966
10.074513
9.909739
0.000000
0.000000
0.000000
0.000000
0.000000
0.000000
0.000000
0.000000
0.000000
0.000000
0.000000
0.000000
0.000000
0.000000
0.000000
0.000000
0.000000
0.000000
0.000000
0.000000
0.000000
0.000000
0.000000
16.641384
13.418078
13.188298
11.083345
9.619552
11.415133
9.184442
4.904851
0.000000
0.000000
20.415268
5.321988
10.584436
10.624282
10.601419
10.396547
10.506063
10.253530
10.238702
9.920068
9.406921
9.405521
30.230030
25.257599
0.000000
0.000000
0.000000
0.000000
0.000000
0.000000
0.000000
0.000000
0.000000
0.000000
0.000000
0.000000
0.000000
0.000000
0.000000
0.000000
0.000000
0.000000
0.000000
0.000000
0.000000
0.000000
54.834618
15.742355
17.498020
14.417994
14.671456
11.427472
12.938658
0.000000
141.841721
71.441216
10.705297
10.652731
10.651556
10.653875
10.631029
10.658567
10.451283
10.303392
0.000000
0.000000
0.000000
0.000000
0.000000
0.000000
0.000000
0.000000
0.000000
0.000000
0.000000
0.000000
0.000000
0.000000
0.000000
0.000000
0.000000
0.000000
0.000000
0.000000
0.000000
0.000000
0.000000
0.000000
0.000000
0.000000
0.000000
0.000000
0.000000
0.000000
0.000000
0.000000
0.000000
12.502983
10.639138
10.643488
10.616218
10.499059
10.475948
10.507811
10.404782
10.171566
9.918134
9.668024
9.290425
0.000000
0.000000
0.000000
0.000000
0.000000
0.000000
0.000000
0.000000
0.000000
0.000000
0.000000
0.000000
0.000000
0.000000
0.000000
0.000000
0.000000
0.000000
0.000000
0.000000
0.000000
0.000000
0.000000
0.000000
0.000000
0.000000
0.000000
0.000000
0.000000
0.000000
0.000000
0.000000
0.000000
0.000000
0.000000
0.000000
0.000000
0.000000
0.000000
0.000000
0.000000
0.000000
0.000000
10.366634
11.006429
0.000000
0.000000
0.000000
0.000000
0.000000
0.000000
0.000000
0.000000
0.000000
0.000000
0.000000
0.000000
0.000000
0.000000
0.000000
0.000000
0.000000
0.000000
0.000000
0.000000
0.000000
0.000000
0.000000
0.000000
0.000000
10.458498
10.842753
10.616502
10.578656
10.573520
10.377307
10.232124
9.981399
9.981916
9.711568
9.298247
0.000000
0.000000
0.000000
0.000000
0.000000
0.000000
0.000000
0.000000
0.000000
0.000000
0.000000
0.000000
0.000000
0.000000
0.000000
0.000000
0.000000
0.000000
0.000000
0.000000
0.000000
0.000000
0.000000
0.000000
0.000000
0.000000
10.633695
10.543995
10.612823
10.633103
10.718376
10.632326
10.699856
10.524216
10.396184
10.457680
0.000000
0.000000
0.000000
0.000000
0.000000
0.000000
0.000000
0.000000
0.000000
0.000000
0.000000
0.000000
0.000000
0.000000
0.000000
0.000000
0.000000
0.000000
0.000000
0.000000
0.000000
354.997955
109.915955
100.082901
66.137169
0.000000
89.163376
14.270469
10.687643
10.524272
10.549391
10.936198
10.589220
10.586744
11.506887
11.213940
11.135238
10.937564
10.800294
0.000000
0.000000
34.134102
10.460132
10.473325
10.381194
10.470870
10.495562
10.499426
10.455931
10.354001
10.411374
10.216783
10.077754
9.937883
0.000000
0.000000
0.000000
0.000000
0.000000
0.000000
0.000000
0.000000
0.000000
0.000000
0.000000
0.000000
0.000000
0.000000
0.000000
0.000000
0.000000
0.000000
0.000000
0.000000
0.000000
0.000000
13.910657
11.582343
13.732225
12.524525
14.914566
6.991069
8.240299
3.240416
6.063055
4.662799
4.024699
1.837193
0.000000
0.000000
0.000000
10.042056
10.242843
10.392662
10.225718
10.204835
10.147415
10.056398
10.071337
9.904386
9.914273
29.505659
0.000000
0.000000
0.000000
0.000000
0.000000
0.000000
0.000000
0.000000
0.000000
0.000000
0.000000
0.000000
0.000000
0.000000
0.000000
0.000000
0.000000
0.000000
0.000000
0.000000
0.000000
0.000000
21.413055
15.507205
17.627794
16.986633
10.156727
9.706362
10.688043
0.000000
0.000000
17.046133
10.630191
10.719069
10.534291
10.555913
10.436683
10.501140
10.257196
10.109681
9.929707
9.691178
9.241096
0.000000
0.000000
0.000000
0.000000
0.000000
0.000000
0.000000
0.000000
0.000000
0.000000
0.000000
0.000000
0.000000
0.000000
0.000000
0.000000
0.000000
0.000000
0.000000
0.000000
0.000000
0.000000
0.000000
34.872898
10.879734
8.444177
10.944647
8.727959
0.000000
0.000000
11.462531
10.457790
9.617723
10.443888
10.380815
10.346503
10.397772
11.477098
11.682143
11.490102
11.315862
11.220970
11.430908
11.423221
11.481480
11.469326
13.663409
16.702541
17.010504
0.000000
0.000000
49.199657
10.511523
10.976988
10.732074
10.497203
10.416553
10.472479
10.258534
10.350585
10.200667
10.167551
10.141918
10.200570
14.242306
0.000000
0.000000
0.000000
0.000000
0.000000
0.000000
0.000000
0.000000
0.000000
0.000000
0.000000
0.000000
0.000000
0.000000
0.000000
0.000000
0.000000
0.000000
0.000000
0.000000
4.374872
0.000000
0.000000
0.000000
0.000000
0.000000
0.000000
0.000000
0.000000
0.000000
0.000000
0.000000
0.000000
0.000000
0.000000
0.000000
10.759614
10.619633
10.637770
10.618705
10.682728
10.512318
10.372245
10.540451
10.145926
0.000000
0.000000
0.000000
0.000000
0.000000
0.000000
0.000000
0.000000
0.000000
0.000000
0.000000
0.000000
0.000000
0.000000
0.000000
0.000000
0.000000
0.000000
0.000000
0.000000
0.000000
0.000000
33.752232
14.284348
13.265751
14.484862
5.215858
12.425812
5.579721
0.000000
0.000000
72.480911
10.625593
10.593424
10.505040
10.390612
10.547301
10.668746
10.813354
10.919414
10.616269
11.699851
11.725655
16.264301
11.044624
9.627923
9.431963
0.000000
0.000000
0.000000
0.000000
0.000000
0.000000
3.034395
10.601775
10.729054
10.486032
10.592848
10.356512
10.340658
10.084400
9.971611
9.818678
8.845506
32.198532
30.166311
0.000000
0.000000
0.000000
0.000000
0.000000
0.000000
0.000000
0.000000
0.000000
0.000000
0.000000
0.000000
0.000000
0.000000
0.000000
0.000000
0.000000
0.000000
0.000000
0.000000
0.000000
0.000000
0.000000
0.000000
0.000000
0.000000
0.000000
0.000000
3.878258
5.328475
10.572083
10.535977
10.608665
10.500575
10.627119
10.473818
10.360095
0.000000
0.000000
0.000000
0.000000
0.000000
0.000000
0.000000
0.000000
0.000000
0.000000
0.000000
0.000000
0.000000
0.000000
0.000000
0.000000
0.000000
0.000000
0.000000
0.000000
0.000000
36.069523
27.829329
25.012016
13.854595
29.376928
23.790287
25.869663
13.588087
29.042513
29.771790
30.531116
29.062441
26.410223
22.937952
8.258677
12.638128
16.255053
17.126261
0.000000
98.297081
43.229523
10.630795
10.632219
10.658605
10.722403
10.615850
10.669000
10.418883
10.259625
10.140897
0.000000
0.000000
0.000000
0.000000
0.000000
0.000000
0.000000
0.000000
0.000000
0.000000
0.000000
0.000000
0.000000
0.000000
0.000000
0.000000
0.000000
0.000000
0.000000
0.000000
0.000000
0.000000
0.000000
0.000000
0.000000
0.000000
0.000000
0.000000
0.000000
0.000000
0.000000
0.000000
0.000000
0.000000
0.000000
10.498680
9.464172
9.970562
9.736246
10.277232
10.262781
10.066174
10.302024
10.252835
0.000000
0.000000
9.789305
9.721882
9.905413
10.707967
10.692117
10.593038
10.539246
10.666950
30.964998
0.000000
0.000000
0.000000
0.000000
0.000000
0.000000
0.000000
0.000000
0.000000
0.000000
0.000000
0.000000
0.000000
0.000000
0.000000
0.000000
0.000000
0.000000
0.000000
0.000000
0.000000
0.000000
33.434940
0.000000
11.087530
26.484745
24.847408
23.653009
24.595209
21.749321
20.770597
11.408953
0.000000
122.339317
18.774343
10.646867
10.468944
10.545218
10.618587
10.409305
10.300017
10.325895
10.302276
10.149051
10.145936
0.000000
0.000000
0.000000
0.000000
0.000000
0.000000
0.000000
0.000000
0.000000
0.000000
0.000000
0.000000
0.000000
0.000000
0.000000
0.000000
0.000000
0.000000
0.000000
0.000000
0.000000
52.784275
21.495943
10.421101
10.607545
10.813621
9.834712
10.461505
10.212917
10.386197
10.356381
10.554644
11.023864
10.837848
0.000000
0.000000
10.794548
10.601380
10.685925
10.707033
10.689928
10.532640
10.626181
10.384583
10.058827
9.844109
0.000000
0.000000
0.000000
0.000000
0.000000
0.000000
0.000000
0.000000
0.000000
0.000000
0.000000
0.000000
0.000000
0.000000
0.000000
0.000000
0.000000
0.000000
0.000000
0.000000
0.000000
0.000000
0.000000
0.000000
0.000000
0.000000
0.000000
0.000000
0.000000
0.000000
0.000000
0.000000
0.000000
0.000000
20.599495
9.979752
9.785423
9.448129
9.691486
10.631367
11.090415
11.018039
10.966094
10.785356
10.708010
10.107201
10.438251
10.546819
10.777857
11.600777
11.515699
0.000000
0.000000
10.883121
10.439802
10.431409
10.524659
10.582122
10.590720
10.594796
10.547132
10.395785
10.470621
10.354914
0.000000
0.000000
0.000000
0.000000
0.000000
0.000000
0.000000
0.000000
0.000000
0.000000
0.000000
0.000000
0.000000
0.000000
0.000000
0.000000
0.000000
0.000000
0.000000
0.000000
0.000000
0.000000
0.000000
35.754494
57.700764
37.623505
28.882847
29.362669
28.699467
32.938881
26.183914
23.240585
0.000000
215.907715
48.014416
10.631220
10.746101
10.590774
10.434012
10.488700
10.237160
9.993690
9.693338
9.185791
0.000000
0.000000
0.000000
0.000000
0.000000
0.000000
0.000000
0.000000
0.000000
0.000000
0.000000
0.000000
0.000000
0.000000
0.000000
0.000000
0.000000
0.000000
0.000000
0.000000
0.000000
0.000000
0.000000
0.000000
0.000000
0.000000
0.000000
0.000000
0.000000
0.000000
0.000000
0.000000
0.000000
0.000000
0.000000
0.000000
0.000000
0.000000
0.000000
0.000000
0.000000
0.000000
0.000000
0.000000
0.000000
0.000000
163.063171
11.517974
13.523825
0.000000
0.000000
15.455447
10.621714
10.658751
10.681115
10.581577
10.646699
10.482037
10.608479
10.400781
10.369674
10.243581
9.972425
9.476999
0.000000
0.000000
0.000000
0.000000
0.000000
0.000000
0.000000
0.000000
0.000000
0.000000
0.000000
0.000000
0.000000
0.000000
0.000000
0.000000
0.000000
0.000000
0.000000
0.000000
0.000000
0.000000
5.874497
3.940778
4.337732
0.000000
0.000000
227.755219
10.860996
10.674243
10.710917
10.684648
10.817393
10.631588
10.466089
8.863068
0.000000
0.000000
4.961520
9.562240
9.700357
10.478481
10.490878
10.526807
10.976787
11.524523
11.481936
11.307890
11.179090
10.618498
10.583386
10.751228
10.905412
11.079398
11.279062
11.366554
11.780891
0.000000
0.000000
0.000000
39.793667
10.480025
10.482191
10.484250
10.612637
10.725399
10.519372
10.542464
10.422927
10.527328
10.389088
9.937574
10.005727
0.000000
0.000000
0.000000
0.000000
0.000000
0.000000
0.000000
0.000000
0.000000
0.000000
0.000000
0.000000
0.000000
0.000000
0.000000
0.000000
0.000000
0.000000
0.000000
0.000000
0.000000
0.000000
0.000000
202.278961
9.856353
8.582777
9.387485
4.099976
4.924108
9.347358
9.786223
9.760378
9.799543
9.809540
9.849908
40.910580
0.000000
0.000000
0.000000
165.586349
10.265894
10.046803
9.920174
9.790957
9.652669
9.435372
9.129038
9.236724
9.171257
8.609146
0.000000
0.000000
0.000000
0.000000
0.000000
0.000000
0.000000
0.000000
0.000000
0.000000
0.000000
0.000000
0.000000
0.000000
0.000000
0.000000
0.000000
0.000000
0.000000
0.000000
0.000000
63.077423
8.723648
11.018122
8.900521
10.458798
8.521732
10.129271
9.300902
10.130434
0.000000
0.000000
15.897834
9.818108
10.516718
10.487540
10.364782
10.248529
10.324597
10.220205
10.046527
9.874208
9.226793
0.000000
0.000000
0.000000
0.000000
0.000000
0.000000
0.000000
0.000000
0.000000
0.000000
0.000000
0.000000
0.000000
0.000000
0.000000
0.000000
0.000000
0.000000
0.000000
0.000000
0.000000
0.000000
0.000000
0.000000
0.000000
0.000000
0.000000
0.000000
0.000000
0.000000
28.706308
9.751143
9.022864
10.684896
10.782222
10.783581
10.672304
10.578319
10.686265
10.555583
10.311118
10.435849
10.214157
0.000000
0.000000
0.000000
0.000000
0.000000
0.000000
0.000000
0.000000
0.000000
0.000000
0.000000
0.000000
0.000000
0.000000
0.000000
0.000000
0.000000
0.000000
0.000000
0.000000
117.935593
117.986473
87.042099
62.883358
12.394139
0.000000
0.000000
53.491375
10.547868
10.550450
10.479905
10.534162
10.443039
10.410717
10.399244
10.283647
10.294252
10.352753
10.391741
10.420746
10.392499
10.418606
10.538678
10.694671
11.113793
0.000000
0.000000
10.025030
10.639821
10.535976
10.610569
10.446477
10.353826
10.308946
10.428861
10.477009
10.355710
10.508378
10.557748
10.451669
10.064301
10.216874
10.244040
10.267792
10.218757
0.000000
0.000000
0.000000
0.000000
0.000000
0.000000
0.000000
0.000000
0.000000
0.000000
0.000000
0.000000
0.000000
0.000000
0.000000
0.000000
0.000000
0.000000
0.000000
0.000000
7.045058
4.697454
3.666382
4.136825
109.288269
0.000000
0.000000
0.000000
11.041374
10.158945
9.528339
9.280755
9.199480
9.042540
8.508924
0.000000
0.000000
0.000000
0.000000
0.000000
0.000000
0.000000
0.000000
0.000000
0.000000
0.000000
10.620805
10.349286
10.468678
10.552393
10.499760
10.410354
10.449391
10.355970
10.464889
10.255010
10.280570
0.000000
0.000000
0.000000
0.000000
0.000000
0.000000
0.000000
0.000000
0.000000
0.000000
0.000000
0.000000
0.000000
0.000000
0.000000
0.000000
0.000000
0.000000
0.000000
0.000000
0.000000
0.000000
0.000000
44.189842
25.243013
21.206417
20.315151
13.826221
0.000000
64.858292
24.411467
10.559498
10.630920
10.640574
10.478902
10.432344
10.499534
10.289021
10.147638
10.112557
9.705527
9.009967
29.093668
0.000000
0.000000
0.000000
0.000000
0.000000
0.000000
0.000000
0.000000
0.000000
0.000000
0.000000
0.000000
0.000000
0.000000
0.000000
0.000000
0.000000
0.000000
0.000000
0.000000
0.000000
0.000000
0.000000
0.000000
0.000000
0.000000
0.000000
0.000000
0.000000
0.000000
0.000000
0.000000
11.422459
9.948651
9.920573
10.018218
9.953380
10.859320
11.054433
10.997648
10.972101
10.887922
6.592298
10.652072
10.578397
10.735699
11.093222
0.000000
0.000000
0.000000
45.317188
10.523766
10.383021
10.600917
10.719733
10.637449
10.643264
10.447475
10.284785
10.130893
9.843024
9.714358
9.482276
0.000000
0.000000
0.000000
0.000000
0.000000
0.000000
0.000000
0.000000
0.000000
0.000000
0.000000
0.000000
0.000000
0.000000
0.000000
0.000000
0.000000
0.000000
0.000000
0.000000
0.000000
0.000000
0.000000
0.000000
0.000000
0.000000
0.000000
0.000000
0.000000
0.000000
0.000000
16.071232
10.557653
10.406464
10.542874
10.666361
10.552780
10.461388
10.533034
10.339981
10.232512
10.362624
10.253060
10.127346
0.000000
0.000000
10.743149
10.688009
10.663138
10.627883
10.421306
10.565744
10.266160
10.070573
9.682646
9.494292
0.000000
0.000000
0.000000
0.000000
0.000000
0.000000
0.000000
0.000000
0.000000
0.000000
0.000000
0.000000
0.000000
0.000000
0.000000
0.000000
0.000000
0.000000
0.000000
0.000000
0.000000
0.000000
0.000000
0.000000
93.237160
10.678872
10.612037
10.729176
10.270344
10.378520
10.467932
10.043088
10.559988
10.619730
10.659802
0.000000
0.000000
10.698019
10.540312
10.627899
10.682249
10.479537
10.300947
10.410290
9.983206
9.779678
9.510513
4.701439
0.000000
0.000000
0.000000
0.000000
0.000000
0.000000
0.000000
0.000000
0.000000
0.000000
0.000000
0.000000
0.000000
0.000000
0.000000
0.000000
0.000000
0.000000
0.000000
0.000000
0.000000
0.000000
0.000000
0.000000
10.832097
10.595134
10.513269
10.428169
10.452394
10.426100
10.347953
10.395670
10.246697
0.000000
0.000000
0.000000
0.000000
0.000000
0.000000
0.000000
0.000000
0.000000
0.000000
0.000000
0.000000
0.000000
0.000000
0.000000
0.000000
0.000000
0.000000
0.000000
0.000000
1.533453
99.290115
13.589063
0.000000
0.000000
75.930916
10.490664
10.484281
10.446905
10.525028
10.539510
10.502038
10.383111
10.308981
10.343123
10.164185
0.000000
0.000000
0.000000
0.000000
0.000000
0.000000
0.000000
0.000000
0.000000
0.000000
0.000000
0.000000
0.000000
0.000000
0.000000
0.000000
0.000000
0.000000
0.000000
0.000000
0.000000
0.000000
0.000000
0.000000
9.529058
9.808423
6.362966
10.359687
8.555211
3.407622
0.000000
0.000000
0.000000
9.746229
9.673446
24.356541
10.345631
10.348197
10.313284
10.450897
10.371560
10.388437
10.498322
10.235142
0.000000
0.000000
9.844221
9.815003
10.693030
10.593449
10.694010
10.664130
10.492258
10.621772
0.000000
0.000000
0.000000
0.000000
0.000000
0.000000
0.000000
0.000000
0.000000
0.000000
0.000000
0.000000
0.000000
0.000000
0.000000
0.000000
0.000000
0.000000
0.000000
0.000000
0.000000
0.000000
0.000000
10.709525
8.835915
7.709293
6.744682
0.000000
0.000000
23.335426
10.638146
10.558062
10.580492
10.624993
10.457859
10.923892
10.596950
10.414666
10.427538
10.367743
10.191733
10.259784
10.138844
10.221663
0.000000
0.000000
10.790964
10.702925
10.691950
10.743843
10.551453
10.361548
10.483127
10.151340
9.909741
9.624909
9.169684
0.000000
0.000000
0.000000
0.000000
0.000000
0.000000
0.000000
0.000000
0.000000
0.000000
0.000000
0.000000
0.000000
0.000000
0.000000
0.000000
0.000000
0.000000
0.000000
0.000000
0.000000
0.000000
0.000000
0.000000
0.000000
0.000000
0.000000
0.000000
0.000000
0.000000
0.000000
0.000000
20.508862
15.786187
9.884430
10.030087
9.885904
9.805347
9.843221
10.016291
10.346298
10.479943
10.152653
10.111493
10.588915
10.996124
11.033346
11.040417
11.023598
0.000000
0.000000
10.920957
10.437699
10.367463
10.534267
10.580237
10.588289
10.532413
10.502280
10.337879
10.431260
10.243887
10.274613
0.000000
0.000000
0.000000
0.000000
0.000000
0.000000
0.000000
0.000000
0.000000
0.000000
0.000000
0.000000
0.000000
0.000000
0.000000
0.000000
0.000000
0.000000
0.000000
0.000000
0.000000
0.000000
0.000000
14.043378
13.502645
12.074635
11.920706
10.237272
6.970186
4.570751
0.000000
0.000000
16.030540
5.267360
10.356462
10.328320
10.418182
10.373050
10.068285
9.972812
9.944004
9.424090
0.000000
0.000000
0.000000
0.000000
0.000000
0.000000
0.000000
0.000000
0.000000
0.000000
0.000000
0.000000
0.000000
0.000000
0.000000
0.000000
0.000000
0.000000
0.000000
0.000000
0.000000
0.000000
0.000000
0.000000
0.000000
0.000000
0.000000
0.000000
0.000000
0.000000
0.000000
0.000000
203.189102
4.669240
0.000000
0.000000
0.000000
11.446984
10.195339
10.270682
10.235039
10.232271
10.210401
10.181960
10.108654
10.050461
10.009152
10.014833
9.766237
0.000000
0.000000
0.000000
0.000000
0.000000
0.000000
0.000000
0.000000
0.000000
0.000000
0.000000
0.000000
0.000000
0.000000
0.000000
0.000000
0.000000
0.000000
0.000000
0.000000
0.000000
0.000000
0.000000
9.698182
5.731281
4.974625
0.000000
0.000000
0.000000
0.000000
26.465565
10.442021
10.427238
10.613917
10.405452
10.430257
10.269309
10.336246
10.068266
10.103483
9.580764
9.528578
33.919464
0.000000
0.000000
0.000000
0.000000
0.000000
0.000000
0.000000
0.000000
0.000000
0.000000
0.000000
0.000000
0.000000
0.000000
0.000000
0.000000
0.000000
0.000000
0.000000
0.000000
0.000000
0.000000
0.000000
0.000000
6.361349
0.000000
0.000000
0.000000
12.287213
10.433787
9.075776
10.314975
10.240156
10.267687
10.198749
11.036968
11.389564
11.282550
11.187836
11.132980
10.734550
10.861660
10.630774
10.642495
10.715226
11.241558
10.585362
0.000000
7.276564
38.686546
10.594442
5.249240
10.591952
10.568914
10.650982
10.619824
10.546410
10.639083
10.427436
10.220147
10.208055
0.000000
0.000000
0.000000
0.000000
0.000000
0.000000
0.000000
0.000000
0.000000
0.000000
0.000000
0.000000
0.000000
0.000000
0.000000
0.000000
0.000000
0.000000
0.000000
0.000000
0.000000
0.000000
0.000000
0.000000
0.000000
0.000000
0.000000
0.000000
0.000000
0.000000
0.000000
0.000000
0.000000
0.000000
0.000000
10.742555
10.030231
10.015448
9.927115
9.858952
9.682518
9.568666
9.481388
9.434304
9.381183
9.331131
0.000000
0.000000
0.000000
0.000000
0.000000
0.000000
0.000000
0.000000
0.000000
0.000000
0.000000
0.000000
0.000000
0.000000
0.000000
0.000000
0.000000
0.000000
0.000000
0.000000
0.000000
0.000000
0.000000
8.287851
10.885741
6.970249
8.808301
9.761133
0.000000
0.000000
14.685573
10.476388
10.318711
10.401973
10.442143
10.358505
10.400863
10.459739
10.421628
10.194934
10.143541
0.000000
0.000000
0.000000
0.000000
0.000000
0.000000
0.000000
0.000000
0.000000
0.000000
0.000000
0.000000
0.000000
0.000000
0.000000
0.000000
0.000000
0.000000
0.000000
0.000000
0.000000
0.000000
36.123180
9.133651
5.770167
8.811987
9.385813
9.661727
9.849487
10.131957
10.406339
0.000000
0.000000
47.064182
10.445905
10.464365
10.535512
10.475426
10.515063
10.483744
10.382160
10.452084
10.222600
0.000000
0.000000
0.000000
0.000000
0.000000
0.000000
0.000000
0.000000
0.000000
0.000000
0.000000
0.000000
0.000000
0.000000
0.000000
0.000000
0.000000
0.000000
0.000000
0.000000
0.000000
0.000000
0.000000
0.000000
0.000000
0.000000
0.000000
8.934057
4.343329
0.000000
0.000000
49.886532
10.416718
10.340174
10.396302
10.413812
10.362514
10.222010
10.216337
10.174282
10.173105
10.157387
10.127590
10.055861
0.000000
0.000000
11.566728
10.617181
10.636313
10.639107
10.485729
10.560043
10.405271
10.508111
10.332134
10.324702
0.000000
0.000000
0.000000
0.000000
0.000000
0.000000
0.000000
0.000000
0.000000
0.000000
0.000000
0.000000
0.000000
0.000000
0.000000
0.000000
0.000000
0.000000
0.000000
0.000000
0.000000
0.000000
0.000000
6.981832
3.309006
0.000000
3.491467
0.000000
0.000000
0.000000
0.000000
0.000000
20.181622
11.265821
10.289756
10.110492
9.920439
10.046930
10.226459
10.101361
9.803462
9.381426
9.357870
9.389243
9.371728
9.398791
9.370430
9.332088
9.353481
9.357684
0.000000
0.000000
0.000000
0.000000
0.000000
9.709014
9.767793
10.697214
10.744049
10.757500
10.720245
10.565443
10.673352
10.489194
10.451395
0.000000
0.000000
0.000000
0.000000
0.000000
0.000000
0.000000
0.000000
0.000000
0.000000
0.000000
0.000000
0.000000
0.000000
0.000000
0.000000
0.000000
0.000000
0.000000
0.000000
0.000000
5.323505
33.196644
8.961544
9.481832
5.519713
0.000000
0.000000
5.997009
26.989670
0.000000
0.000000
0.000000
20.241289
15.949943
9.943581
9.994904
9.874699
9.664828
9.266855
9.107385
9.238851
9.114106
9.093790
0.000000
0.000000
0.000000
0.000000
0.000000
0.000000
0.000000
0.000000
0.000000
0.000000
0.000000
0.000000
0.000000
0.000000
0.000000
0.000000
0.000000
0.000000
0.000000
0.000000
0.000000
0.000000
0.000000
0.000000
8.147655
2.783761
3.210183
2.664093
4.793671
3.658339
8.039001
0.000000
0.000000
0.000000
21.219986
10.174307
9.724388
9.356030
9.881181
10.079479
10.253144
4.843918
9.556387
9.430588
9.405493
9.391187
9.398752
9.408545
9.979495
0.000000
0.000000
9.849487
9.921644
10.273125
10.626317
10.728280
10.548692
10.349613
10.161770
9.901349
9.341461
4.726149
0.000000
0.000000
0.000000
0.000000
0.000000
0.000000
0.000000
0.000000
0.000000
0.000000
0.000000
0.000000
0.000000
0.000000
0.000000
0.000000
0.000000
0.000000
0.000000
0.000000
0.000000
0.000000
0.000000
0.000000
0.000000
0.000000
0.000000
0.000000
9.643853
9.098638
8.762867
7.917193
0.000000
0.000000
0.000000
0.000000
0.000000
0.000000
0.000000
0.000000
0.000000
0.000000
0.000000
0.000000
0.000000
0.000000
0.000000
0.000000
0.000000
5.879300
10.643338
10.535369
10.560770
10.673537
10.599941
10.478219
10.341436
10.324343
10.031568
9.917286
9.460391
8.682240
0.000000
0.000000
0.000000
0.000000
0.000000
0.000000
0.000000
0.000000
0.000000
0.000000
0.000000
0.000000
0.000000
0.000000
0.000000
0.000000
0.000000
0.000000
0.000000
0.000000
0.000000
0.000000
0.000000
0.000000
0.000000
0.000000
0.000000
0.000000
0.000000
0.000000
0.000000
0.000000
0.000000
0.000000
0.000000
0.000000
0.000000
0.000000
0.000000
5.085668
9.571564
9.643154
10.335093
10.425601
10.285748
10.286459
10.348547
10.257145
10.077992
0.000000
0.000000
0.000000
0.000000
0.000000
0.000000
0.000000
0.000000
0.000000
0.000000
0.000000
0.000000
0.000000
0.000000
0.000000
0.000000
0.000000
0.000000
0.000000
0.000000
0.000000
105.384918
91.590858
80.086212
60.597744
24.016382
37.835762
40.002541
40.208565
37.468502
33.570759
30.561031
27.513233
0.000000
79.127899
38.989849
10.596336
10.634347
10.598185
10.695221
10.549611
10.464676
10.581268
10.325974
10.079065
10.116138
9.460797
0.000000
0.000000
0.000000
0.000000
0.000000
0.000000
0.000000
0.000000
0.000000
0.000000
0.000000
0.000000
0.000000
0.000000
0.000000
0.000000
0.000000
0.000000
0.000000
0.000000
0.000000
0.000000
0.000000
0.000000
0.000000
0.000000
17.632114
2.621185
3.510268
3.153830
5.622096
0.000000
0.000000
0.000000
10.930149
10.352554
10.510808
10.473495
10.304789
10.504412
10.246900
10.347960
10.116898
10.120522
10.226997
10.270863
10.071781
10.141508
9.965903
0.000000
0.000000
10.885028
10.770849
10.716596
10.646297
10.426006
10.590453
10.351375
10.189404
10.233517
10.083378
9.795001
0.000000
0.000000
0.000000
0.000000
0.000000
0.000000
0.000000
0.000000
0.000000
0.000000
0.000000
0.000000
0.000000
0.000000
0.000000
0.000000
0.000000
0.000000
0.000000
0.000000
0.000000
0.000000
0.000000
4.301653
0.000000
0.000000
11.510308
10.424896
10.276117
10.348539
10.380520
10.247345
10.235734
10.651206
11.303220
11.276469
11.156151
10.840509
10.487707
10.775475
10.908435
11.092633
11.167871
10.888194
0.000000
167.230270
31.373148
10.680970
10.651931
10.575706
10.684608
24.858162
10.365670
10.554856
10.467016
10.475491
10.716785
10.737305
10.461979
10.223924
10.288172
10.104053
10.285808
10.296679
10.396606
0.000000
0.000000
0.000000
0.000000
0.000000
0.000000
0.000000
0.000000
6.231128
10.452525
10.736299
10.568689
10.471194
10.440499
10.276528
10.217328
9.943844
9.665900
9.289454
0.000000
0.000000
0.000000
0.000000
0.000000
0.000000
0.000000
0.000000
0.000000
0.000000
0.000000
0.000000
0.000000
0.000000
0.000000
0.000000
0.000000
0.000000
0.000000
0.000000
0.000000
0.000000
0.000000
0.000000
0.000000
0.000000
0.000000
0.000000
0.000000
0.000000
0.000000
0.000000
0.000000
10.811210
10.486429
10.487736
10.504340
10.534361
10.548528
10.508594
10.522634
10.386054
10.475236
10.315347
0.000000
0.000000
0.000000
0.000000
0.000000
0.000000
0.000000
0.000000
0.000000
0.000000
0.000000
0.000000
0.000000
0.000000
0.000000
0.000000
0.000000
0.000000
0.000000
0.000000
0.000000
0.000000
20.048952
16.337854
19.183285
17.580009
19.598625
20.232225
9.932291
0.000000
0.000000
10.703024
10.656222
10.649443
10.513503
10.692000
10.670823
10.650659
10.946156
10.417606
10.660136
10.594110
10.588447
10.466055
0.000000
0.000000
10.788326
10.635496
10.558047
10.572614
10.635525
10.545366
10.400415
10.503083
10.329059
0.000000
0.000000
0.000000
0.000000
0.000000
0.000000
0.000000
0.000000
0.000000
0.000000
0.000000
0.000000
0.000000
0.000000
0.000000
0.000000
0.000000
0.000000
0.000000
0.000000
0.000000
0.000000
67.643463
15.809615
20.562843
25.315517
22.088446
19.208273
0.000000
0.000000
30.026842
10.465247
10.486931
10.546072
10.577783
10.552560
10.616096
10.559745
10.393800
10.176803
10.042159
9.905005
0.000000
0.000000
0.000000
0.000000
0.000000
0.000000
0.000000
0.000000
0.000000
0.000000
0.000000
0.000000
0.000000
0.000000
0.000000
0.000000
0.000000
0.000000
0.000000
0.000000
0.000000
0.000000
0.000000
0.000000
0.000000
0.000000
0.000000
0.000000
2.492214
6.117137
0.446206
0.000000
0.000000
0.000000
10.096782
10.296388
10.213897
10.278026
10.175179
10.213932
10.046666
10.121500
10.066409
9.725310
9.652996
9.860528
10.126199
10.228627
9.486234
0.000000
0.000000
9.909212
9.553776
10.607793
10.789374
10.539974
10.330875
10.577507
10.234330
9.958116
9.180310
0.000000
0.000000
0.000000
0.000000
0.000000
0.000000
0.000000
0.000000
0.000000
0.000000
0.000000
0.000000
10.184350
10.489330
10.421535
10.209594
10.237917
10.394361
10.582629
10.594049
10.559599
10.975866
10.959177
11.149946
0.000000
0.000000
10.843378
10.496127
10.532351
10.540951
10.497431
10.528854
10.616106
10.449078
10.307968
10.375030
10.190257
10.202062
0.000000
0.000000
0.000000
0.000000
0.000000
0.000000
0.000000
0.000000
0.000000
0.000000
0.000000
0.000000
0.000000
0.000000
0.000000
0.000000
0.000000
0.000000
0.000000
0.000000
0.000000
0.000000
13.619445
9.247501
5.095143
5.888471
3.351737
0.000000
0.000000
110.259216
10.586281
10.438063
10.329405
10.350099
10.218753
9.888071
9.846607
9.908565
9.520718
11.531115
0.000000
0.000000
0.000000
0.000000
0.000000
0.000000
0.000000
0.000000
0.000000
0.000000
0.000000
0.000000
0.000000
0.000000
0.000000
0.000000
0.000000
0.000000
0.000000
0.000000
0.000000
0.000000
0.000000
0.000000
0.000000
0.000000
0.000000
0.000000
0.000000
0.000000
4.821393
5.400126
4.341273
1.671228
0.000000
0.000000
39.139507
10.435262
10.327001
10.260823
16.012354
10.206266
10.291667
10.161414
10.131123
10.360888
10.247541
10.291286
10.357182
10.379648
10.392889
10.465290
0.000000
0.000000
24.451130
10.511803
10.476063
10.588662
10.519218
10.587136
10.403261
10.223381
10.333587
10.087343
9.958298
9.760537
9.392808
9.219220
20.463812
0.000000
0.000000
0.000000
0.000000
0.000000
0.000000
0.000000
0.000000
0.000000
0.000000
0.000000
0.000000
0.000000
0.000000
0.000000
0.000000
0.000000
0.000000
0.000000
0.000000
0.000000
0.000000
10.651414
10.436011
10.593541
10.477241
10.551111
10.564082
10.601140
10.701962
10.817986
10.866630
10.656303
10.498949
10.681313
10.506232
0.000000
23.086586
0.000000
0.000000
0.000000
0.000000
0.000000
0.000000
0.000000
0.000000
0.000000
0.000000
0.000000
0.000000
0.000000
0.000000
0.000000
0.000000
0.000000
0.000000
0.000000
0.000000
0.000000
0.000000
9.540231
11.045501
10.164515
10.197586
10.230413
10.220431
10.134068
10.164241
10.050982
9.923641
0.000000
0.000000
0.000000
0.000000
0.000000
0.000000
0.000000
0.000000
0.000000
0.000000
0.000000
0.000000
0.000000
0.000000
0.000000
0.000000
0.000000
0.000000
0.000000
0.000000
0.000000
152.908127
137.113098
94.870934
6.698820
6.401721
0.000000
0.000000
53.234688
10.579527
10.499184
10.435474
10.483996
10.534831
10.558450
11.104582
11.697019
11.752818
11.418155
11.314441
11.224811
0.000000
0.000000
32.307350
10.304807
5.243003
10.427082
10.393660
10.502592
10.496406
10.585924
10.518332
10.357589
10.202000
10.059283
9.945118
0.000000
0.000000
0.000000
0.000000
0.000000
0.000000
0.000000
0.000000
0.000000
0.000000
0.000000
0.000000
0.000000
0.000000
0.000000
0.000000
0.000000
0.000000
0.000000
0.000000
0.000000
0.000000
0.000000
0.000000
108.814674
1.510287
1.798015
3.024861
2.860221
4.848458
5.339658
0.000000
0.000000
290.436462
10.615204
10.475058
10.435804
10.334705
10.251513
10.057535
10.056054
10.080960
10.019467
9.407988
9.803357
9.316840
9.173841
0.000000
0.000000
0.000000
0.000000
0.000000
0.000000
0.000000
0.000000
0.000000
0.000000
0.000000
0.000000
0.000000
0.000000
0.000000
0.000000
0.000000
0.000000
0.000000
0.000000
0.000000
0.000000
0.000000
0.000000
0.000000
10.727454
10.584561
10.508961
10.552891
10.467148
10.457592
10.663107
23.608042
10.369985
10.443298
10.719939
5.452662
10.445567
10.698450
11.295533
11.900533
11.863672
0.000000
0.000000
0.000000
10.765852
10.360826
10.466332
10.553026
10.389265
10.407962
10.403049
10.260520
10.237775
0.000000
0.000000
0.000000
0.000000
0.000000
0.000000
0.000000
0.000000
0.000000
0.000000
0.000000
0.000000
0.000000
0.000000
0.000000
0.000000
0.000000
0.000000
0.000000
0.000000
0.000000
0.000000
0.000000
10.412550
8.404252
5.425341
11.302382
9.064866
9.034202
10.390821
0.000000
0.000000
22.946173
11.258985
10.245300
10.241446
10.217447
10.144979
10.024868
10.049771
10.017291
9.922466
9.879091
10.070304
0.000000
0.000000
0.000000
0.000000
0.000000
0.000000
0.000000
0.000000
0.000000
0.000000
0.000000
0.000000
0.000000
0.000000
0.000000
0.000000
0.000000
0.000000
0.000000
0.000000
0.000000
0.000000
0.000000
0.000000
0.000000
0.000000
1600.544434
0.000000
0.000000
33.178486
10.567842
10.481445
10.399161
10.984518
10.420603
10.287074
10.394990
10.819310
11.357444
11.074594
11.151693
10.792848
10.347059
0.000000
0.000000
10.906943
10.466541
10.530207
10.588728
10.614548
10.421062
10.472367
10.351048
10.131989
9.962049
9.719708
9.341802
9.157065
0.000000
0.000000
0.000000
0.000000
0.000000
0.000000
0.000000
0.000000
0.000000
0.000000
0.000000
0.000000
0.000000
0.000000
0.000000
0.000000
0.000000
0.000000
0.000000
0.000000
0.000000
0.000000
0.000000
0.000000
10.714947
10.294831
8.446327
10.093025
4.564195
0.000000
0.000000
12.163689
10.415660
10.377023
10.286126
10.163280
10.272657
10.051783
10.852394
11.519507
11.229901
11.197524
10.946070
10.617173
10.585793
10.286640
10.485539
10.734828
0.000000
0.000000
31.229956
10.431066
10.390265
10.511266
10.533072
10.607148
10.594427
10.458686
10.608767
10.369197
10.219374
10.102439
9.916083
0.000000
0.000000
0.000000
0.000000
0.000000
0.000000
0.000000
0.000000
0.000000
0.000000
0.000000
0.000000
0.000000
0.000000
0.000000
0.000000
0.000000
0.000000
0.000000
0.000000
0.000000
0.000000
0.000000
0.000000
0.000000
0.000000
0.000000
0.000000
0.000000
0.000000
0.000000
54.583817
10.678451
10.575150
10.609180
10.530525
10.499229
10.569698
10.638089
10.425571
10.382540
10.472589
10.348340
10.281030
10.365101
0.000000
0.000000
0.000000
0.000000
0.000000
0.000000
0.000000
0.000000
0.000000
0.000000
0.000000
0.000000
0.000000
0.000000
0.000000
0.000000
0.000000
0.000000
0.000000
0.000000
0.000000
0.000000
0.000000
0.000000
0.000000
0.000000
0.000000
0.000000
0.000000
0.000000
0.000000
0.000000
0.000000
0.000000
0.000000
0.000000
0.000000
0.000000
0.000000
0.000000
0.000000
0.000000
0.000000
0.000000
0.000000
0.000000
0.000000
0.000000
0.000000
0.000000
0.000000
0.000000
0.000000
0.000000
0.000000
0.000000
10.826789
10.408514
10.393116
10.460748
10.397469
10.557570
10.497456
10.369334
10.171280
10.231167
9.975291
10.040414
0.000000
0.000000
0.000000
0.000000
0.000000
0.000000
0.000000
0.000000
0.000000
0.000000
0.000000
0.000000
0.000000
0.000000
0.000000
0.000000
0.000000
0.000000
0.000000
0.000000
0.000000
0.000000
0.000000
8.411529
4.390181
4.533466
6.327858
0.000000
0.000000
0.000000
10.649675
5.222163
10.432238
10.289196
10.367925
10.433168
10.440571
10.450104
10.397451
10.488679
10.318709
10.165300
0.000000
0.000000
0.000000
0.000000
0.000000
0.000000
0.000000
0.000000
0.000000
0.000000
0.000000
0.000000
0.000000
0.000000
0.000000
0.000000
0.000000
0.000000
0.000000
0.000000
0.000000
0.000000
0.000000
0.000000
0.000000
0.000000
0.000000
6.287757
11.475141
10.628807
10.616771
10.482222
10.542439
10.431777
10.279245
10.145317
9.958359
9.407620
0.000000
0.000000
0.000000
0.000000
0.000000
0.000000
0.000000
0.000000
0.000000
0.000000
0.000000
0.000000
0.000000
0.000000
0.000000
0.000000
0.000000
0.000000
0.000000
0.000000
0.000000
0.000000
0.000000
0.000000
0.000000
12.145633
3.439809
4.253433
4.950629
0.000000
0.000000
0.000000
11.023070
10.189118
10.170487
10.279697
10.112969
10.121026
9.915224
10.053497
10.154337
10.302754
10.318141
10.213347
10.429310
10.157722
10.406370
8.967937
10.636153
11.282345
0.000000
0.000000
0.000000
10.734452
9.803131
10.682723
10.591993
10.662307
10.529873
10.636826
10.505828
10.461055
10.296633
10.223977
9.874597
9.542824
0.000000
0.000000
0.000000
0.000000
0.000000
0.000000
0.000000
0.000000
0.000000
0.000000
0.000000
0.000000
0.000000
0.000000
0.000000
0.000000
0.000000
0.000000
0.000000
0.000000
0.000000
17.351042
0.000000
38.647709
0.000000
0.000000
0.000000
9.827538
10.452921
10.400368
10.733664
10.314161
10.411684
10.671597
11.144443
11.465434
10.801808
0.000000
0.000000
13.344563
10.595182
10.450628
10.626137
10.419141
10.467876
10.230272
10.159271
10.208461
10.046607
10.037434
9.944747
9.835407
9.712502
9.232005
13.419304
0.000000
0.000000
0.000000
0.000000
0.000000
0.000000
0.000000
0.000000
0.000000
0.000000
0.000000
0.000000
0.000000
0.000000
0.000000
0.000000
0.000000
0.000000
0.000000
0.000000
146.784927
10.688768
10.551185
10.481455
10.644538
10.599041
10.608508
10.650982
10.640520
10.685410
10.457934
10.518062
10.222936
5.142342
0.000000
0.000000
0.000000
0.000000
0.000000
0.000000
0.000000
0.000000
0.000000
0.000000
0.000000
0.000000
0.000000
0.000000
0.000000
0.000000
0.000000
0.000000
0.000000
0.000000
0.000000
0.000000
0.000000
0.000000
0.000000
7.331642
20.216215
0.000000
0.000000
256.427704
10.608420
10.464366
10.511732
10.515338
10.475259
10.513762
10.563196
10.550797
10.527265
10.358198
10.464852
0.000000
0.000000
0.000000
0.000000
0.000000
0.000000
0.000000
0.000000
0.000000
0.000000
0.000000
0.000000
0.000000
0.000000
0.000000
0.000000
0.000000
0.000000
0.000000
0.000000
0.000000
0.000000
0.000000
0.000000
0.000000
0.000000
0.000000
9.602810
10.228984
10.252903
10.219869
10.235712
10.225320
10.177114
9.978801
9.959995
9.915245
9.930586
0.000000
0.000000
0.000000
0.000000
0.000000
0.000000
0.000000
0.000000
0.000000
0.000000
0.000000
0.000000
0.000000
0.000000
0.000000
0.000000
0.000000
0.000000
0.000000
0.000000
0.000000
0.000000
1.340704
7.779048
6.875214
7.737641
0.000000
0.000000
1.615453
10.559234
10.199576
10.217152
10.200391
10.239469
10.271854
10.228570
10.201744
10.179705
10.093487
9.993348
10.030556
0.000000
0.000000
0.000000
0.000000
0.000000
0.000000
0.000000
0.000000
0.000000
0.000000
0.000000
0.000000
0.000000
0.000000
0.000000
0.000000
0.000000
0.000000
0.000000
0.000000
0.000000
0.207726
36.528584
23.519848
22.905136
17.725401
11.957911
24.308170
23.813797
24.512383
23.520426
23.399162
21.895678
1074.624512
0.000000
28.512453
37.824955
10.743552
10.797035
10.590982
10.764595
10.610843
11.256970
10.888313
10.831704
11.369378
10.771910
10.768257
10.978850
12.035843
11.856568
0.000000
0.000000
0.000000
9.773438
9.638434
9.716980
10.272993
10.138534
10.213806
5.168906
10.577018
10.463498
10.484918
11.609716
11.937448
11.833781
12.003059
0.000000
0.000000
0.000000
5.331245
10.384811
10.562174
10.437263
10.965147
10.110879
10.503345
10.879045
11.517046
11.486425
11.194420
11.384478
11.473412
0.000000
0.000000
14.916935
9.582088
9.683757
10.460057
10.502137
10.538480
10.544048
10.553072
10.425154
10.406670
10.493126
10.355144
0.000000
0.000000
0.000000
0.000000
0.000000
0.000000
0.000000
0.000000
0.000000
0.000000
0.000000
0.000000
0.000000
0.000000
0.000000
0.000000
0.000000
0.000000
0.000000
0.000000
0.000000
0.000000
21.377518
21.473263
20.468607
22.005081
21.271938
22.254496
21.122932
10.771581
8.977299
6.316147
19.589441
0.000000
221.615585
18.116484
10.522120
5.268158
10.535409
10.599199
10.501063
10.563296
10.477595
10.268376
10.367243
9.974648
0.000000
0.000000
0.000000
0.000000
0.000000
0.000000
0.000000
0.000000
0.000000
0.000000
0.000000
0.000000
0.000000
0.000000
0.000000
0.000000
0.000000
0.000000
0.000000
0.000000
0.000000
0.000000
0.000000
10.050764
8.953666
8.826513
9.224614
8.112081
10.206329
8.142593
9.226687
8.122192
9.558838
8.923310
0.000000
0.000000
0.000000
0.000000
16.923553
9.971466
9.818692
9.962229
10.306406
9.892879
9.957616
10.656520
9.915158
10.228385
10.240036
10.135334
10.192330
10.121937
0.000000
0.000000
9.830472
9.810807
9.916222
10.305465
10.846346
10.725772
10.930114
11.010864
11.140167
11.049793
0.000000
5.190391
0.000000
0.000000
0.000000
0.000000
0.000000
0.000000
0.000000
18.889872
10.569637
10.667938
10.605286
10.438016
10.247760
10.228539
10.491758
10.853292
10.876017
10.559755
0.000000
0.000000
0.000000
0.000000
0.000000
0.000000
0.000000
0.000000
0.000000
0.000000
0.000000
6.437652
10.685963
10.536082
10.479185
10.616482
10.563071
10.378949
10.360024
10.412934
10.255842
10.179843
10.318466
0.000000
0.000000
0.000000
0.000000
0.000000
0.000000
0.000000
0.000000
0.000000
0.000000
0.000000
0.000000
0.000000
0.000000
0.000000
0.000000
0.000000
0.000000
0.000000
0.000000
0.000000
0.000000
0.000000
168.143753
20.254328
10.517044
5.226926
10.529303
10.531323
10.538843
10.574564
10.445668
10.358270
10.220284
10.312727
10.209448
0.000000
0.000000
0.000000
0.000000
0.000000
0.000000
0.000000
0.000000
0.000000
0.000000
0.000000
0.000000
0.000000
0.000000
0.000000
0.000000
0.000000
87.079353
0.000000
0.734845
11.708019
10.606398
10.669224
10.623586
10.506021
10.400632
10.463567
10.321723
10.148444
9.854751
9.052384
0.000000
0.000000
0.000000
0.000000
0.000000
0.000000
0.000000
0.000000
0.000000
0.000000
0.000000
0.000000
0.000000
0.000000
0.000000
0.000000
0.000000
0.000000
0.000000
0.000000
0.000000
0.000000
0.000000
0.000000
0.000000
0.000000
0.000000
0.000000
0.000000
0.000000
0.000000
0.000000
0.000000
107.382996
10.544728
10.482812
10.391652
10.459167
10.078588
10.381502
10.275919
10.355478
10.339538
10.340621
10.374599
10.432446
0.000000
0.000000
11.364687
9.648602
9.502675
10.594597
5.325903
10.617557
10.631600
10.678621
10.530027
10.451417
10.400711
10.421944
10.406859
10.418259
0.000000
0.000000
10.831236
10.743058
10.572616
10.512439
10.649911
10.372233
10.387256
10.276932
10.049335
9.648746
0.000000
22.358959
0.000000
0.000000
0.000000
0.000000
0.000000
0.000000
0.000000
0.000000
0.000000
0.000000
0.000000
0.000000
0.000000
0.000000
0.000000
0.000000
0.000000
0.000000
0.000000
0.000000
0.000000
0.000000
10.933912
10.538486
10.671846
10.648245
10.564976
10.517328
10.516570
10.280963
10.250840
10.117723
10.082596
9.669623
20.626387
0.000000
0.000000
0.000000
0.000000
0.000000
0.000000
0.000000
0.000000
0.000000
0.000000
0.000000
0.000000
0.000000
0.000000
0.000000
0.000000
0.000000
0.000000
0.000000
0.000000
0.000000
0.952077
7.526170
8.413659
0.000000
0.000000
40.217880
10.944759
10.468546
10.352464
10.562105
10.349460
10.472119
10.463311
10.297613
10.245257
10.327790
10.206917
10.415841
10.260683
0.000000
0.000000
9.823230
9.794086
10.626940
10.509881
10.462281
10.569147
10.414235
10.241074
10.195658
9.971077
9.928564
9.706969
0.000000
0.000000
0.000000
0.000000
0.000000
0.000000
0.000000
0.000000
0.000000
0.000000
0.000000
0.000000
0.000000
0.000000
0.000000
0.000000
0.000000
0.000000
0.000000
0.000000
0.000000
0.000000
1.345985
6.331338
10.584387
10.492371
10.498630
10.439546
10.228412
10.290997
9.975907
9.935242
9.556334
9.744261
30.828867
0.000000
0.000000
0.000000
0.000000
0.000000
0.000000
0.000000
0.000000
0.000000
0.000000
0.000000
0.000000
0.000000
0.000000
0.000000
0.000000
0.000000
0.000000
0.000000
0.000000
0.000000
0.000000
0.000000
0.000000
0.000000
0.000000
0.000000
0.000000
0.000000
0.000000
5.198148
10.389461
10.525791
10.554761
10.585146
10.545439
10.648391
10.596850
10.480870
10.321322
10.438571
10.198383
0.000000
0.000000
0.000000
0.000000
0.000000
0.000000
0.000000
0.000000
0.000000
0.000000
0.000000
0.000000
0.000000
0.000000
0.000000
0.000000
0.000000
0.000000
0.000000
0.000000
0.000000
103.393303
42.487282
7.663102
6.951364
4.198559
0.000000
0.000000
28.858074
10.596455
10.541576
10.549100
10.684454
10.514751
10.343674
11.005399
9.409288
0.000000
0.000000
10.693159
9.529856
9.660700
10.550103
10.501466
10.435829
10.508627
10.869516
10.935650
11.010744
10.743896
10.719217
10.866594
11.031017
11.224736
11.496640
11.641389
11.857520
12.105845
4.312487
0.000000
0.000000
0.000000
