0.000000
1.787414
1.792099
1.780939
1.775128
1.774904
1.769463
1.751193
1.730125
1.704177
1.672129
1.561563
1.364931
1.534637
1.798679
1.789214
1.779840
1.769461
1.759078
1.749674
1.741983
1.736080
1.730903
1.724218
1.713130
0.212629
-1.587134
-2.095605
5.248468
-6.911153
8.173469
-8.712424
8.191177
-8.730338
8.515409
-8.083456
9.036296
-7.957786
9.094949
-8.636376
9.414973
-9.792523
10.720337
-12.362971
0.000000
-9.885963
-4.115716
4.019434
3.452869
2.180713
1.045759
1.230461
0.748022
0.663509
0.435503
0.096794
-0.435220
-1.243329
-2.302015
-5.334147
2.110099
2.159543
2.148957
2.137307
2.128769
2.126372
2.133718
2.153514
2.176146
2.178403
2.158625
2.080341
1.962272
1.870737
1.781647
1.689866
1.591336
1.471372
1.800022
1.789882
1.784911
1.781049
1.777104
1.773110
1.768822
1.763049
1.755358
1.743398
1.725785
17.237637
-3.914693
-1.076792
-2.304925
5.389558
-6.638132
7.564810
-8.575918
8.241192
-8.474391
8.892550
-10.011604
6.096787
-10.612142
5.030890
-4.856711
1.128662
3.762739
-8.626567
0.000000
2.550976
3.372286
4.459431
3.935392
4.764660
5.517338
1.958871
1.494725
1.710846
1.679246
1.646686
1.640069
1.647339
1.664336
1.672159
1.673716
1.676958
1.678224
1.679932
1.675637
-0.302256
-3.098063
4.463577
-7.388445
8.480932
-8.893536
8.904323
-9.337536
9.044656
-8.952177
8.879774
-9.169544
7.945741
-7.935691
6.244034
-6.965622
6.034895
-1.808491
-3.602020
0.000000
-1.264798
4.508919
4.299224
3.565054
2.193827
1.325545
3.666509
1.768690
1.654162
1.561424
1.487108
1.435118
1.436044
1.476841
1.471781
1.508823
1.465198
1.389976
1.324118
1.303647
1.298729
1.261220
1.796250
1.788813
1.783071
1.774272
1.752942
1.743471
0.650842
-1.041547
-2.006263
-2.042659
-1.913056
-1.315327
0.555016
0.728880
0.460834
1.822558
1.857979
1.847880
1.836960
1.825698
1.814739
1.804578
1.795520
1.786806
1.776353
1.859210
-3.601294
0.691283
-5.485954
7.577469
-8.289088
8.377728
-9.021250
8.502268
-8.562834
7.942982
-10.131026
6.720273
-8.829826
5.148449
-6.040566
4.045643
-7.551027
8.608446
0.000000
4.035686
3.440850
4.206210
6.809800
5.056978
4.075033
4.563931
2.177241
3.862065
3.156242
1.418326
-0.365569
1.171824
1.234854
1.219252
1.171205
1.099438
0.999494
0.855701
0.646369
0.237084
-0.312793
0.021313
0.307050
0.639260
0.588325
1.314416
0.427495
0.312961
0.815407
-5.371881
0.000000
1.954956
1.951237
1.951539
1.945093
1.936210
1.929886
1.924300
4.387428
-4.129915
-1.020327
-2.950629
5.155258
-8.715878
8.958433
-9.988658
9.995418
-10.124770
9.987560
-11.514477
10.684795
-14.864589
16.995056
-16.837183
20.567659
-23.700001
2.939334
-12.285967
0.000000
0.665672
1.966028
1.911507
1.855732
1.803400
1.828888
1.878558
1.930702
1.947439
1.937267
1.929744
1.940799
1.975509
1.848014
1.753876
1.663981
1.589740
1.526577
1.479179
1.448223
1.425740
1.394958
1.350636
1.292632
1.229029
1.148288
1.051902
0.911245
0.753913
0.592405
0.405197
1.826300
1.856217
1.850603
1.842911
1.835507
1.828429
1.821828
1.815475
1.807515
0.508744
-3.330775
-0.962112
0.599899
-2.857393
8.848843
-8.771357
8.288383
-8.558337
8.500967
-8.492331
8.089253
-8.872205
8.067630
-9.105022
8.559710
-9.204954
8.856218
-9.572997
0.000000
-4.166830
0.420693
5.830363
3.910301
3.628066
3.691356
2.913744
2.203582
2.916725
1.633524
0.729911
0.552631
0.385688
0.217768
0.049682
-0.116892
-0.263992
-0.430204
-0.596544
-0.788077
-3.177648
1.933327
1.928349
1.925616
1.926520
1.931683
1.942817
1.956262
1.972119
1.987330
2.001032
2.009672
1.946303
1.752750
1.418230
0.954872
0.386659
-0.212899
-0.657575
-3.935297
-0.912809
-1.713932
-0.190500
-0.907559
1.407180
-1.459708
0.592743
-1.167494
-0.384268
-0.514000
0.701495
0.060130
0.203836
0.344278
0.904960
0.210727
0.009714
0.131240
0.135933
-1.630368
0.000000
1.901724
1.919326
1.907691
1.899566
1.893395
1.888445
1.885389
2.527235
-4.087955
-0.642179
-1.026434
2.010068
-5.030035
8.339227
-8.677820
8.356708
-8.355642
7.591959
-9.786898
6.590953
-8.134734
4.282927
-4.355255
3.202337
-3.763657
4.581835
0.000000
4.121413
6.886717
5.364693
4.557566
3.492386
3.305481
3.074275
2.672075
2.055165
1.576661
1.086216
0.439006
-0.204102
-2.798238
1.883111
1.876460
1.879382
1.881897
1.891909
1.908038
1.931300
1.966347
2.005800
2.051533
2.046392
1.615049
0.956800
1.765154
1.612078
1.556266
1.530972
1.541689
1.560302
1.562946
1.552169
1.522179
1.484459
6.602331
-4.266586
-0.529304
-5.047368
7.597599
-8.606606
8.988237
-9.597115
9.575492
-9.174849
8.068875
-10.501907
6.834214
-9.008178
5.521860
-4.633168
3.649693
-2.176694
3.368832
0.000000
0.843011
0.370631
0.637643
0.770284
1.312086
0.391639
-0.151067
-0.553572
0.546957
3.626665
-0.896986
-4.846435
1.819243
1.822785
1.814819
1.809062
1.800900
1.792003
1.783043
1.780354
1.782425
1.783994
0.990903
-3.903802
-0.160407
-4.901834
9.092272
-9.315048
9.208792
-9.431377
9.180386
-9.156182
8.287436
-10.435202
7.431990
-9.686947
6.711454
-7.546774
8.021367
-10.674244
13.025578
0.000000
4.580759
4.916416
6.122575
5.104423
4.348406
4.000556
4.361584
4.135524
2.056587
1.657180
1.186182
1.091674
1.930851
1.061209
1.795734
1.796014
1.789807
1.784828
1.782407
1.777092
1.779558
1.794842
1.799235
1.787643
1.748283
1.552675
1.818631
1.800365
1.787992
1.774805
1.767180
1.760282
1.753542
1.746063
1.740983
3.185626
-4.113615
-2.275704
4.222358
-8.110665
8.898325
-9.112175
8.705985
-8.900257
8.850634
-9.476911
7.265838
-10.236563
6.614665
-7.931324
5.832296
-6.351804
8.951406
-10.559399
0.000000
1.535696
2.355588
3.046124
5.138481
6.591842
4.370445
2.086200
1.687434
3.537170
4.010355
3.743168
3.450378
1.732792
1.557002
1.363224
1.162177
0.958108
0.750848
0.518847
0.218698
-0.106473
-0.421225
-0.713017
-0.866248
-0.815624
-0.450601
-0.302425
-0.301426
-0.361958
23.700001
1.939528
5.256497
-6.821095
5.005799
0.000000
1.584603
1.381162
1.228877
1.030781
0.700894
0.272321
-0.198451
-0.567201
-0.846216
-1.137380
-1.482323
-2.033542
-3.079414
-3.704694
-3.358215
-3.440109
-2.570213
9.450048
-2.747913
7.581583
0.000000
0.577248
1.337587
1.193071
1.046079
0.779292
0.422065
0.000504
-0.379243
-0.642614
-1.028108
-1.666969
-2.865419
-3.060858
-2.826100
-3.003993
-3.400166
-3.051152
-2.649371
-1.733845
-2.802211
1.842224
1.984411
2.106944
2.096454
2.087839
2.081371
2.076422
2.072822
2.070272
2.067715
2.062516
2.053217
2.036310
1.965522
1.763372
1.429510
0.971921
0.427569
-0.116897
1.078162
-3.981320
-1.123225
-1.261184
0.426842
-0.392501
0.324191
-0.248710
0.007806
-0.222138
-0.750900
-1.178883
-0.704459
-0.291160
0.179700
0.211759
0.214016
1.548461
0.000000
1.735597
1.677617
1.601097
1.505598
1.436959
1.388711
1.358768
1.339773
1.313993
1.287790
3.042161
-4.207334
0.046305
-4.658043
6.742574
-7.828835
8.435190
-9.042603
8.667322
-8.237345
7.624647
-9.969148
6.322536
-8.583358
4.543131
-4.862160
3.301498
-3.694961
5.108164
0.000000
4.599076
5.132183
6.583578
5.451270
3.742606
3.209670
2.875492
2.090427
1.745412
1.426793
0.913708
0.474518
-1.736519
1.820556
1.825006
1.850037
1.878979
1.908854
1.917992
1.895816
1.894357
1.929603
2.005761
2.010962
1.987783
1.939489
1.777138
1.730343
1.712251
1.710693
1.709887
1.709383
1.707938
0.621614
-3.750847
-1.336778
1.305943
-5.750169
8.887299
-8.974386
8.456666
-8.610163
8.612120
-9.242652
6.959718
-9.679773
5.884759
-6.639876
4.220745
-3.811433
4.601000
-5.307534
0.000000
5.108283
3.627340
5.032270
4.772427
3.645934
3.401962
2.591118
2.714961
2.581039
-0.223059
-1.118202
-0.951196
-0.916262
-2.540895
1.939595
1.901752
1.921330
1.942406
1.947249
1.949937
1.947218
1.944359
1.947844
1.954851
1.960437
-0.634298
-1.757575
-3.564911
5.226396
-7.201380
8.388201
-9.061496
8.401808
-8.888081
8.570348
-9.623542
6.610580
-10.196252
5.183619
-5.713994
3.563190
-3.580652
6.431689
-9.497927
0.000000
5.566663
5.141653
5.928331
5.050862
3.248707
2.946172
2.674395
2.360089
2.586205
0.835490
-0.900571
-0.434674
-0.472063
-1.162908
-0.978936
1.835365
1.960339
1.964999
1.949073
1.934622
1.915765
1.867775
1.853495
1.826754
1.704443
1.655480
1.605336
1.525199
1.448612
-0.476932
-1.998107
-1.772974
0.949050
0.817253
0.667060
1.826294
1.840714
1.829335
1.816680
1.803364
1.789944
1.776744
1.764021
1.751113
1.736179
-1.028481
-2.756138
3.882673
-7.115935
8.389352
-8.693238
8.510362
-8.816594
8.628006
-8.552933
8.187071
-9.193183
7.606516
-9.312611
8.266919
-9.366531
9.460052
-10.889715
0.000000
-2.987237
-2.898264
2.742198
4.753541
4.807088
4.374896
3.677110
4.433028
3.566296
1.699591
1.257077
1.286720
2.090301
2.290452
1.373842
0.623648
0.281542
-0.017859
1.875274
1.884832
1.878993
1.872286
1.864661
1.856695
1.847989
1.837813
1.825239
1.808764
1.787078
14.719191
-4.305707
0.274252
-4.211430
6.384706
-7.409739
8.035514
-8.671300
8.299555
-8.536728
8.525443
-7.268771
8.480742
-7.813245
9.607688
-9.802006
11.448526
-13.455084
15.616993
-18.776941
0.000000
-3.943946
-8.327787
-8.721558
-4.275246
-0.311773
-0.509814
-0.722541
-0.882517
-0.165026
-2.682155
1.951780
1.936644
1.915824
1.904427
1.899146
1.732686
-1.389852
-1.802882
0.964293
0.754523
0.988281
1.319482
1.320014
1.309061
1.257035
1.208038
0.564149
-0.189196
-1.280464
1.843359
1.933364
1.923241
1.912536
1.902121
1.893299
1.886730
1.873506
0.853820
-0.824115
-1.395334
-1.192834
-0.011171
1.419152
0.840499
0.937808
0.909028
0.917727
0.971478
-2.505422
1.466788
-6.192755
5.816834
-6.316787
3.385428
-2.205185
-17.501419
0.000000
2.070254
2.121567
2.118508
2.111985
2.105574
2.099941
2.094333
2.090579
2.088742
2.086349
-0.352281
-3.076501
1.093200
-6.047628
8.056704
-8.210423
8.375785
-8.733940
8.531583
-8.595842
7.761051
-9.940886
6.966382
-9.188875
6.619802
-7.423393
7.723302
-10.812559
13.443167
0.000000
2.533451
2.860026
5.750947
4.697938
4.468677
3.402612
3.978673
4.218518
0.917692
1.316068
0.915308
0.917988
0.910622
0.931602
0.958032
0.997164
1.033398
1.078258
1.128632
1.185406
1.242616
1.295780
1.345320
1.389557
1.431126
1.461940
1.483750
23.489965
-7.987934
7.710659
-14.678286
17.467335
-18.233999
17.610603
-17.746178
16.797808
-16.181183
15.245386
-14.944808
14.414412
-14.218369
13.979563
-13.763233
13.455606
-12.849757
11.745572
-10.385673
9.001353
-7.321645
6.078102
-4.538969
3.601901
-2.400946
1.814210
-1.029721
0.785229
-0.307232
0.276226
0.087699
0.074083
0.142904
0.085098
0.063903
0.057016
0.065696
-1.765114
0.000000
1.823986
1.867841
1.866460
1.858622
1.853606
1.849887
1.853563
1.852369
1.826407
1.797370
1.779067
1.705689
1.627360
1.498930
1.376990
1.795342
1.785562
1.779010
1.771296
1.762850
1.754143
1.745858
1.737446
1.727822
-0.503505
-2.962374
-2.293111
6.130109
-7.619148
8.473621
-8.802012
8.357723
-8.536135
8.593087
-8.492688
8.268961
-8.551046
7.859866
-7.978509
7.193303
-6.103205
5.280431
-3.761716
0.000000
-4.286236
-3.116859
4.923760
4.971210
3.561085
3.400965
3.204599
2.272419
2.426335
1.527798
0.542221
0.304340
0.103370
-0.190947
-0.467962
-0.740726
-1.897098
1.917861
1.913646
1.909424
1.904890
1.901390
1.899338
1.899064
1.900034
2.918681
-4.026708
-2.928428
5.863983
-8.132936
8.976017
-8.964821
8.613402
-8.833170
8.755403
-9.284452
7.504725
-10.103195
7.045800
-8.678167
6.425172
-7.709747
9.262331
-11.502773
0.000000
0.945385
3.973253
6.589684
5.495923
4.794080
4.494165
4.413891
4.934654
5.082356
4.334983
1.530082
1.099308
0.627263
1.792056
1.813671
1.815447
1.812297
1.839629
1.843356
1.726075
1.657816
1.646795
1.661860
1.682884
1.785371
1.711362
1.713766
1.696612
1.688217
1.681120
1.670003
1.658514
1.642796
1.625921
-0.829530
-3.590451
4.634706
-7.352685
8.305312
-8.744288
8.958787
-9.204176
8.999918
-9.073219
7.801467
-10.182632
7.337649
-10.347195
7.400608
-8.198940
8.863323
-10.161512
12.995496
0.000000
2.513485
3.615285
3.136087
2.990103
2.352624
3.462028
2.857068
3.284422
1.443465
1.625487
1.479559
1.348047
1.237138
1.140690
1.058365
0.993997
0.952284
0.922395
0.885098
0.840093
0.786767
1.785064
-3.909725
2.501580
-6.919567
6.344759
-7.220820
6.787861
-7.212117
7.511891
-7.009703
7.159334
-9.169135
6.922581
-9.512367
7.326834
-5.399858
0.000000
1.936132
1.941805
1.899823
1.834061
1.735761
1.628746
1.659543
1.821005
1.938936
1.946511
1.852241
1.902349
1.850405
1.776788
1.694733
1.648736
1.625802
1.626558
1.621854
1.604219
1.574497
1.531966
1.473944
1.914308
1.299927
1.179314
1.041641
0.895364
0.742329
0.509160
1.822958
1.846224
1.840331
1.834616
1.830003
1.826120
1.822717
1.819117
-1.314652
-2.685639
1.360545
-6.399601
8.218787
-8.612698
8.460396
-8.737102
8.646955
-8.678601
7.659088
-9.710756
6.702808
-8.557320
5.610812
-5.687581
4.767882
-4.249002
0.000000
1.966518
3.408375
6.243153
4.976259
4.435820
3.796165
3.726540
3.278637
3.815423
0.986897
0.575045
0.456556
0.270291
-0.039335
-2.368862
1.870524
1.869034
1.870874
1.876274
1.909823
1.933390
1.904196
1.815582
1.808766
1.894163
1.849708
1.772385
1.691917
1.640332
1.610798
1.592160
1.587702
1.568294
-2.129536
-2.446080
-2.460103
-2.449535
-2.425251
-2.389844
-2.353143
-2.683318
0.063138
2.081804
2.042959
1.944537
1.856302
1.787875
1.737571
1.643510
-0.866761
-2.393378
-2.464018
-2.468405
-2.444713
-2.411183
-2.358652
-2.284069
-2.192414
-5.921130
2.194162
2.196751
2.192248
2.189755
2.187327
2.185785
2.183118
0.599590
-1.746717
-1.769240
-1.864453
-1.817561
-1.663720
1.379676
2.010456
2.000944
1.992923
1.985397
1.977159
1.968714
1.959045
1.944828
1.924529
-1.889271
-1.665522
-1.849640
4.137527
-8.185422
8.779024
-9.011883
8.625086
-8.804884
8.429815
-9.616385
7.003071
-10.306002
7.150221
-8.528986
6.880195
-8.734888
10.483909
0.000000
1.289394
2.944551
3.798048
3.533591
4.298531
1.749864
1.545414
1.313272
1.055179
0.750420
0.337784
-0.152943
-0.598493
-1.030777
-1.372307
-1.525171
-1.657552
-1.780133
-1.950547
-2.047970
-2.014522
-1.858378
-2.034710
23.185604
1.673748
-3.671679
0.000000
1.856328
1.765479
1.766326
1.838767
1.844016
1.852667
1.852384
1.862183
1.876971
1.891575
1.925832
1.937972
1.975403
1.762324
1.593099
1.505407
1.414398
1.493995
1.419427
1.251361
1.132156
0.967922
0.844950
0.802678
0.844781
0.983460
1.085320
1.089201
1.004078
0.897319
0.739884
0.595620
0.434146
1.821265
1.847283
1.842214
1.836628
1.831160
1.826023
1.821819
1.817157
1.811029
1.801744
1.786940
1.765411
-1.795071
-1.219347
0.320666
-4.751390
7.103044
-8.059916
8.273022
-9.047822
8.430708
-8.435888
7.532075
-10.215550
6.516540
-10.379063
7.326448
-8.026038
7.632967
-9.823963
12.175588
0.000000
2.256699
3.417149
2.850187
3.685327
5.417279
1.124071
1.692430
2.076976
3.668416
1.905091
1.536864
1.742025
1.691262
1.639093
1.615350
1.586964
1.515373
1.509958
1.448543
1.424073
1.375882
1.306639
1.256497
1.179195
1.572092
1.233211
0.750254
1.830810
1.837044
1.830276
1.821609
1.810961
1.799965
1.788633
1.778586
1.767480
-0.272705
-3.062620
1.110983
-6.329650
8.532995
-8.774839
8.751217
-9.033410
8.884494
-8.817330
8.107285
-9.900985
7.816817
-9.242039
5.865875
-5.362724
3.491790
-1.142438
-3.295283
0.000000
0.540290
3.228806
5.496507
5.467727
5.056451
4.750417
4.431702
3.901293
3.502928
3.392133
-0.222579
-2.124728
1.683532
1.671353
1.681364
1.685820
1.688758
1.678012
1.661301
1.642852
1.625255
1.607758
22.324097
-3.010457
-3.924348
4.540036
-8.342190
9.063139
-9.606381
9.563532
-9.793488
9.796191
-9.707468
8.073361
-10.528841
7.454578
-8.851509
5.257456
-2.944456
-0.085062
5.325514
0.000000
0.948999
3.067550
2.606148
2.439273
1.948855
-0.560510
-0.924860
-1.036730
2.853359
3.284710
2.520118
1.819957
1.508840
1.120789
0.537926
0.038814
-0.422012
-0.604749
-0.667592
-1.396575
1.939453
1.934455
1.931591
1.929419
1.928901
1.931144
1.935310
1.939980
1.943220
1.942489
1.935439
1.918888
1.882380
-2.101317
-1.242983
-2.594676
3.512817
-5.787613
7.601306
-9.375131
8.500679
-8.839248
8.872188
-9.183155
7.004025
-10.463506
6.475975
-9.217844
6.759891
-6.424616
6.162724
-6.044766
0.000000
-0.011115
0.972703
1.786535
3.159928
0.707012
0.508849
0.379007
0.261181
0.186651
3.590390
1.727117
1.736922
1.645624
1.570068
1.488648
1.438507
1.414012
1.517493
1.655292
1.680311
1.661452
1.668844
1.509236
1.751461
1.676998
1.604274
1.544762
1.500990
1.473090
1.447786
1.417110
1.379943
1.335053
-0.654592
-4.033873
0.353681
-5.577174
7.047069
-7.952052
8.117373
-8.523741
8.352541
-8.011354
6.811075
-8.535149
6.030711
-7.725952
5.520028
-4.504666
2.374814
23.700001
0.000000
0.197340
1.109883
0.782118
0.283910
-0.379354
-0.856490
-1.096934
-1.353498
-1.368502
-1.411990
-1.416561
-1.456999
-1.536893
-1.511940
-1.203826
-0.258203
-2.393299
3.264898
-6.934795
0.000000
1.980064
1.947508
1.917217
1.911620
1.914372
1.916931
1.919412
1.927536
1.935454
1.939270
23.231312
-3.629023
-1.038526
-5.242660
5.708653
-7.818731
7.898013
-8.450403
8.181742
-8.465578
0.000000
1.993659
1.981328
1.960164
1.923445
1.876667
1.814880
1.765912
1.791625
1.871378
5.085655
-4.581898
-0.561154
-5.823638
6.067318
-9.152941
10.176226
-10.042566
0.000000
2.030041
2.082897
2.076586
2.068476
2.058149
2.046600
2.034492
2.022727
2.011748
2.001711
2.621203
-3.701162
1.210773
-4.643206
6.337626
-7.108844
7.755451
-8.267236
8.243752
-8.363742
7.929639
-9.443848
7.051032
-9.702489
7.362085
-8.500045
7.798943
-9.363171
11.812458
0.000000
0.094305
1.822876
3.390974
5.422794
5.799864
0.643659
0.718235
3.806996
3.350568
2.892601
1.244995
1.661319
1.592721
1.543558
1.527398
1.525623
1.520108
1.509744
1.490387
1.460809
1.420168
1.368895
1.307126
1.236200
1.154848
1.064608
19.041706
-2.519659
-1.171544
-2.454974
3.870069
-6.620446
7.259717
-8.744671
9.070522
-9.727228
9.768254
-10.037045
9.531572
0.000000
1.541094
1.294721
1.101200
0.839804
0.489683
0.102533
-0.227924
-0.649527
-1.108241
-1.436493
-1.754500
-2.108289
-2.785567
-3.624369
-3.773668
-3.078794
-2.106987
-7.378119
2.613823
-3.366633
-2.911388
0.000000
1.920259
1.914581
1.909157
1.902548
1.894498
1.885269
1.877200
1.869602
1.862333
1.853463
1.839321
-1.083063
-2.454663
3.761610
-6.933713
8.488535
-8.613216
8.273852
-8.691666
8.400955
-8.432741
8.433004
-8.762721
8.949303
-8.667014
7.856888
-8.117916
-6.130159
6.882936
0.000000
1.733294
1.652409
1.924986
4.933466
5.665271
5.176936
4.750025
4.430799
4.172693
1.461778
0.591611
-0.597686
-0.259703
-0.576539
-0.716401
-0.220783
-0.017394
-0.152858
-0.113804
0.314120
0.945167
0.964272
1.935271
1.903800
4.031842
7.064175
10.653495
17.465141
15.851466
-6.465158
-1.990535
-3.943596
6.396531
-8.223860
9.895956
-10.698444
10.405144
-10.464848
9.357570
-10.016857
10.877682
-10.589120
10.100659
-10.098963
10.609652
-10.668895
10.877685
-10.673674
10.696640
-10.862496
10.704050
-10.839626
0.000000
2.031848
2.056475
2.051091
2.048115
2.047170
2.047645
2.049209
2.052636
2.054790
2.056459
2.051535
2.026286
1.880176
1.595264
1.181301
9.226466
-1.545881
-1.254189
-3.079636
-1.186207
-0.732214
-0.357988
-0.198645
-0.137758
-0.125113
-0.117232
-0.655564
-0.465083
-0.031175
0.096954
0.101972
0.180895
0.139332
0.039381
0.049309
0.037617
0.023166
-2.618439
0.000000
1.915064
1.881008
1.907847
1.891973
1.887419
1.881998
1.875299
1.868528
1.861551
1.853266
5.845753
-3.881485
-1.923581
2.382772
-7.700186
8.659243
-8.783819
8.662519
-9.024079
8.876402
-9.271740
7.903201
-10.311942
8.068929
-10.414418
8.160141
-9.055634
11.533757
-13.428062
0.000000
0.589239
1.568587
2.509872
2.104032
4.619493
3.447241
3.845742
3.417747
3.003111
4.691931
1.728217
1.585842
1.442182
1.315339
1.188865
1.071177
0.965796
0.875053
0.806534
9.300856
-3.232689
1.107993
-5.368841
6.560929
-7.967281
8.151340
-8.980072
9.042505
-8.355699
8.414680
-8.856113
7.056305
-8.734520
7.150086
-8.028311
7.072488
-7.678096
10.671968
0.000000
-0.131388
1.166905
1.228702
1.891036
1.893346
1.878473
1.851156
1.886215
1.951066
1.974091
1.987140
1.874976
1.808949
1.424944
1.764972
1.698544
1.644650
1.603234
1.579989
1.564444
1.534140
0.637155
-0.202040
-0.424919
0.329335
1.084742
1.201891
1.097436
0.730712
0.589238
0.400083
0.226015
0.341840
1.832043
1.866807
1.855981
1.845074
1.836412
1.831917
1.829754
1.828028
-0.439241
-2.940521
-1.023078
2.057541
-6.580358
8.412410
-8.742388
8.261145
-8.308817
8.283924
-8.890425
7.338295
-9.222074
7.219717
-8.776417
7.653174
-7.692990
9.887232
-10.201074
0.000000
2.329194
6.935271
5.103242
4.193890
3.552120
3.254871
2.360445
1.831067
1.321840
0.773901
0.508424
1.249241
0.442823
0.190687
1.856194
1.852523
1.856620
1.859712
1.863198
1.872208
1.881009
1.871463
1.865325
1.881470
1.875150
1.758714
1.675380
10.103704
-2.034796
0.000000
1.727324
1.672347
1.643337
1.520452
1.384734
1.256193
1.135517
1.023052
0.915975
0.817589
-0.333016
-3.633874
1.814818
-5.599803
7.144033
-8.318269
8.687220
-9.200108
9.430965
-8.260489
8.550014
-7.761700
8.085987
-7.787861
7.802333
-8.287888
8.734261
-8.443696
7.948027
0.000000
-6.497117
-1.320049
4.036781
4.563480
4.558254
1.723447
1.243987
0.706077
0.499389
-0.069184
-10.509389
1.901458
1.921796
1.946831
1.973986
2.001988
2.035534
2.074306
0.821285
-3.792023
1.494930
-4.907287
7.281038
-7.870697
7.964909
-8.521217
8.155798
-8.134824
7.877342
-8.866101
7.408859
-9.468358
7.537869
-7.789121
7.327139
-7.778613
8.228533
0.000000
2.961620
4.243291
4.250210
3.451661
2.804929
2.239239
0.226443
-0.894027
-3.879129
-3.856802
-3.751904
-3.782266
-3.654664
-3.337546
-3.058529
-2.448530
-2.443746
-0.409540
2.082599
2.158840
2.144000
2.166081
2.215513
2.224012
2.211414
2.202529
2.232347
2.215684
2.180535
2.236964
2.186065
2.090440
1.991792
1.927110
1.864764
1.786505
1.611699
-4.049221
3.285780
-8.538640
0.000000
1.989901
1.961382
1.932727
1.919278
1.912000
1.905272
1.899368
1.897986
1.897514
1.901412
21.551207
-4.254204
1.086204
-5.377122
7.200395
-8.139297
8.577298
-8.876404
8.461135
-8.616569
8.486130
-8.992912
8.132339
-9.913767
8.411154
-10.004589
9.318269
-10.772039
12.207430
0.000000
-3.663243
-2.220088
1.006232
5.697850
4.156691
4.140312
3.595398
3.277427
2.649027
0.085895
-0.152786
-0.334967
-0.158782
1.879003
1.849193
1.837152
1.837048
1.839871
1.844998
1.850660
1.855593
1.861695
1.207867
-2.362418
-2.378804
1.331100
-6.141872
7.075924
-8.349745
8.413078
-9.029538
8.762741
-8.992468
8.486723
-4.434263
0.215338
0.000000
1.747649
1.710627
1.662341
1.610024
1.575003
1.551714
1.528687
1.506103
1.483560
1.459395
1.431629
1.400356
16.227024
-3.862299
1.772433
-5.487972
7.523774
-8.570791
8.993783
-9.392422
8.796359
-8.971329
8.620634
-9.903961
7.254723
-10.088518
6.411272
-6.722346
4.149639
-3.115923
0.901079
0.000000
1.256571
2.163635
3.345905
4.600791
0.264761
1.007171
2.014583
3.663060
2.936688
1.732553
1.577850
1.425508
1.285722
1.175971
1.109477
1.073836
1.037118
1.022326
0.998271
0.934134
0.866995
0.793238
0.720136
0.634339
0.548112
0.452837
0.328540
1.816982
1.850952
1.849632
1.848684
1.847127
1.844279
1.838075
1.826028
1.805942
1.776956
1.738940
1.692131
-0.559321
-3.529559
0.326949
-4.142983
6.156948
-6.943598
7.457183
-8.022734
7.959804
-7.717626
6.636497
-8.597031
6.090565
-8.218962
6.308567
-6.835036
4.505980
-3.864842
0.000000
-1.224807
0.617651
0.839592
0.640812
3.422152
1.820769
1.807011
1.795993
1.796381
1.797237
1.791373
-0.067478
-2.239313
-2.218561
-2.183536
-2.137042
-2.085082
-2.017599
1.613776
2.034420
2.022582
2.007882
1.994910
1.980991
1.966397
1.951087
1.934623
1.916320
1.894737
1.868351
1.834888
-1.276306
-4.245400
6.055871
-8.042856
8.938787
-9.017523
8.686593
-9.109862
8.678406
-8.783840
7.394246
-9.292795
6.743517
-8.562357
6.663176
-6.629479
4.402567
-2.143938
0.000000
-0.965491
0.339318
1.925695
2.399540
1.787982
1.743297
1.693229
1.654788
1.632883
1.611493
1.589341
1.561388
1.535753
1.512016
1.485183
1.433616
1.357133
1.236909
1.134691
1.156311
1.014684
5.688796
0.000000
1.709837
1.621967
1.479726
1.345364
1.229859
1.130616
1.048447
0.967020
0.874239
5.084827
-4.639841
-0.993237
-3.520654
4.871978
-7.354884
7.100187
-8.757467
9.379824
-8.341708
8.571516
-8.266703
7.490366
-8.025959
7.919962
0.000000
1.550100
1.311511
1.096692
0.803175
0.330219
-0.247860
-0.591448
-1.069228
-1.655887
-1.997471
-2.240374
-2.384167
-2.404973
-1.968860
-1.247709
13.308362
-6.358741
7.814448
-7.870243
0.000000
-0.975378
2.022130
2.014213
2.000592
1.984720
1.965252
1.943538
1.921426
1.900670
1.882202
1.864028
1.841940
1.815808
-1.268615
-4.073056
6.906743
-8.098774
8.938954
-8.905482
8.723225
-8.757738
8.657466
-8.736554
7.805347
-9.903305
7.370331
-9.066791
6.717573
-7.885000
8.127266
-10.335634
0.000000
1.994717
4.126276
7.174871
6.196168
5.456669
4.826768
4.342392
2.625874
2.072865
1.469257
0.982353
0.650690
1.813232
1.823985
1.776968
1.620207
1.681322
1.844292
1.878056
1.842625
1.897848
1.962361
1.851763
1.773138
1.719581
1.690719
1.675387
1.661496
1.644858
1.599036
1.317577
1.492930
1.442180
1.392493
1.349990
1.234195
1.045062
0.900039
1.810820
1.822540
1.817311
1.809835
1.801799
1.793108
1.783555
1.773280
1.760230
0.458049
-3.315087
-0.984500
0.950723
-3.804776
8.681503
-8.805317
8.322079
-8.571413
8.529694
-8.487115
8.106475
-8.864038
8.109453
-9.054657
8.706776
-9.256414
8.839328
-9.517035
0.000000
-4.663051
-0.477533
3.573421
4.004229
3.565163
3.725239
2.823956
3.501773
2.553730
1.560376
0.825649
0.490319
0.323100
0.158921
0.002403
-0.161501
-0.334140
-4.803857
1.910663
1.914389
1.920392
1.922231
1.922889
1.868954
0.990993
-1.684622
-2.009043
-2.043094
-2.009701
-1.846293
-1.916764
-1.862634
-1.800125
-2.928408
2.056298
2.040011
2.026435
2.012551
1.997882
1.984737
1.976431
1.975176
1.981992
1.994217
9.595776
-4.226393
-4.008004
7.299975
-8.543888
9.024561
-8.735134
8.314240
-7.867954
7.676488
-8.425476
6.927057
-9.140388
5.951702
-6.701928
4.597345
-6.543252
5.717915
-2.777619
0.000000
2.991761
3.396844
4.104519
4.275946
3.137203
0.824140
0.366813
-2.850129
-3.529103
-3.638088
-3.696293
-3.684766
-3.449265
-3.302329
-1.933660
-1.072710
-1.380577
-2.018243
-2.205996
-2.677048
-2.407315
1.843845
2.015057
2.105601
2.080647
2.066120
2.013517
1.357324
-1.273679
-1.652602
-1.666798
-1.632198
-1.575035
-1.348848
-0.577137
-0.904200
-1.046486
-1.072656
-1.055940
-1.018350
-0.995442
-2.388563
1.967840
1.953867
1.943466
1.930088
1.916688
1.904175
1.893393
1.885121
1.879955
1.873517
4.176954
-3.840297
-1.650055
1.773391
-5.308519
8.926128
-8.676773
8.442691
-8.677518
8.487158
-8.892262
7.709826
-9.717763
7.319712
-9.105130
6.981057
-8.072958
9.269799
-10.337461
0.000000
3.338639
6.631039
5.488755
4.181333
4.378010
3.493463
2.275800
1.622270
1.070913
0.251623
-0.528537
-0.798142
-0.883972
-1.129265
1.842875
1.896922
1.769372
1.744859
1.858732
1.934031
1.911478
1.836531
1.757761
1.730965
1.853879
1.761995
1.780056
1.727994
1.714827
1.709612
1.703441
1.688909
1.659490
1.613083
1.558203
1.507805
1.444922
1.349239
1.244633
1.144452
1.011286
0.877899
0.736896
0.597027
0.458150
-1.872861
0.516933
-2.296222
-5.060664
-7.853519
0.000000
1.929437
2.017660
2.017271
2.007010
1.998458
1.995446
1.997426
2.008859
2.029059
2.051949
23.700001
-3.468170
-3.098632
-0.176372
-2.940703
9.009995
-8.623345
8.236876
-8.681058
8.387659
-8.442167
7.798143
-9.161755
7.689129
-9.496802
7.092178
-8.485989
9.354004
-10.919380
12.338227
0.000000
3.117020
3.366357
3.516629
3.591797
3.479016
3.343060
1.721716
1.541915
1.330072
1.108263
0.862839
0.144352
-3.041574
-3.707397
-3.703654
-3.676695
-3.637272
-3.584070
-3.549177
-1.576707
2.071220
2.461073
2.514941
2.495625
2.476780
2.458594
2.442997
2.432163
2.426065
2.423783
2.422540
5.631609
-3.966822
-2.419528
3.203060
-7.386721
8.549635
-8.441099
8.298265
-8.894060
8.527393
-9.742489
7.581800
-10.942617
7.857393
-10.036015
8.007938
-8.823615
10.070328
-11.235593
0.000000
1.076352
4.172609
6.099870
5.591289
4.882886
4.246531
3.703573
1.387520
0.762327
-0.646527
0.396741
0.477787
0.354348
0.226300
0.133284
0.014858
-0.155863
-0.366984
-0.596289
-0.843661
-1.050462
-1.142174
-1.030987
-0.752841
-0.355785
0.128924
-4.404711
5.269290
-5.149585
0.206235
-0.616467
-0.670002
0.384821
-1.412699
1.156847
-1.289768
1.182054
-1.153326
1.123512
-1.009784
0.268618
-0.211604
0.035824
0.043980
0.394815
0.360928
0.340101
0.282502
0.342201
0.216375
0.246480
0.000000
1.762346
1.736738
1.714946
1.706064
1.694242
1.677047
1.660034
1.639953
21.526049
-3.055553
-4.446438
5.628501
-8.385392
9.554104
-9.714642
9.645855
-9.932198
9.834509
-10.094915
8.336352
-11.306855
6.762247
-7.920476
3.149158
-1.245564
-3.757065
10.842673
0.000000
2.442547
4.101103
1.051116
3.703929
4.034649
3.564720
3.157051
2.788467
5.266035
2.194399
0.207022
1.624269
1.598057
1.577545
1.574054
1.590847
1.674629
1.711400
1.727959
1.729458
1.715756
1.523267
1.449772
1.405268
1.364148
1.317868
1.287334
1.233000
1.162979
1.801578
1.802940
1.800936
1.800498
1.800605
1.800585
1.801413
1.800169
1.797831
1.794367
1.784758
1.758411
1.635126
1.391827
1.045228
0.608923
0.106917
-0.413950
-0.840604
-5.079652
-0.967468
-1.395430
-0.157294
-0.730959
1.769128
-1.493260
0.959136
-0.676935
-0.116923
-1.146875
-0.984277
-0.958358
-0.009049
0.231345
0.480191
0.589270
0.000000
1.895023
1.879673
1.863155
1.846537
1.832536
1.818326
1.807669
1.802921
1.805412
1.812418
1.822530
1.826971
1.825046
1.798408
1.645377
1.068104
-0.453397
-0.821755
-1.504381
2.024281
-1.402658
-1.473299
-1.904966
2.388317
-3.246644
2.462156
-1.441605
0.604860
-0.280707
0.045305
0.048010
0.028983
0.172453
-0.205447
-0.258697
-0.074832
-0.117864
-0.171352
-0.245986
0.000000
1.769827
1.754127
1.739426
1.724952
1.712091
1.697477
1.676750
1.646781
1.605540
1.554824
1.494897
-0.625161
-4.163412
3.299470
-7.458278
8.540733
-9.166553
9.404459
-9.730328
9.886366
-9.527203
9.891915
-11.032653
11.467493
-15.574339
14.873110
-14.452946
2.073623
-12.070385
12.888429
0.000000
-2.523764
1.510047
1.534027
1.485257
1.436162
1.395606
1.307423
0.750381
-1.319781
-2.209597
-2.291452
-2.264821
-1.612671
-2.039621
-3.237798
2.096892
2.153751
2.111424
2.081151
2.059570
2.038900
2.019723
2.003303
1.990576
1.980322
1.968464
1.955697
0.846120
-3.817991
0.858080
-3.892025
8.659065
-8.391232
8.296040
-8.633617
8.107823
-8.439614
7.843458
-9.457518
7.016683
-8.951189
6.474774
-7.438425
6.469176
-8.676760
11.103418
0.000000
5.503573
5.314732
5.330463
4.119528
2.276969
1.898263
-1.734152
-2.353276
-3.209531
-3.111853
-3.285438
-3.264735
-3.288830
-2.629372
-2.717363
-0.263244
1.923210
2.098086
2.303694
2.288788
2.265242
2.234156
2.194710
2.149247
2.094326
2.034377
1.965255
1.887032
1.797053
1.692808
11.478798
-5.093288
4.456075
0.000000
1.602130
1.408756
1.251169
1.036203
0.662741
0.175727
-0.333356
-0.730098
-0.907992
-1.137201
-1.293958
-1.411343
-1.498398
-8.941866
15.551874
-9.286451
13.127998
-11.883295
11.794161
-11.504066
11.349574
-5.697969
0.000000
-1.537487
1.950590
1.939070
1.927608
1.913948
1.899938
1.887239
1.877622
1.872612
1.872529
1.875648
1.877914
-0.687253
-3.059076
-2.247164
6.696464
-7.578976
8.400857
-8.633068
8.063372
-8.488745
8.330791
-8.825773
7.532130
-9.624081
7.824739
-9.710753
8.602380
-9.697975
11.202437
-11.249864
0.000000
2.171659
2.086588
5.433309
3.436818
3.007157
1.709117
2.024591
0.563579
-2.754307
-2.591619
-2.259973
-2.904910
-3.391671
-1.385397
2.097534
2.577821
2.913753
2.954830
2.945686
2.934200
2.922903
2.914664
2.908591
2.908262
2.050915
-3.394351
-0.090206
-1.072062
1.809653
-1.681496
3.165348
-5.164219
8.170484
-9.124271
7.681724
-10.937579
6.722194
-7.901720
2.871025
-2.042667
3.154139
-2.569531
0.466516
0.000000
-1.078333
-0.772296
1.500935
4.528558
4.713998
1.603148
3.560937
2.647023
2.196715
1.939716
-0.025869
1.773790
1.764711
1.749526
1.729370
1.706455
1.682560
1.657136
1.630305
1.600291
1.566964
1.527953
1.482704
1.428402
1.365525
1.240564
1.000689
0.658873
0.225718
1.900399
-2.997278
-0.923402
-2.078900
0.794689
-1.926884
1.060139
-0.735954
0.068958
-0.179226
-0.092978
-0.114544
-0.170574
-0.241394
-0.198376
-0.114032
-5.575936
0.000000
1.980971
1.990184
2.012654
2.015257
2.012182
2.010669
2.011118
2.015990
2.027943
2.043555
-1.350362
-0.637249
-4.662917
6.746317
-7.698021
8.389798
-8.572832
8.161996
-8.494688
8.366841
-8.901692
7.766582
-8.451980
7.090890
-8.597211
6.765307
-6.371044
5.799170
0.000000
1.817646
3.135823
2.655789
2.849936
3.314553
1.353569
1.423859
0.002552
-1.045436
-2.371875
-3.498942
-3.714498
-2.679769
-3.304160
-1.062994
2.151607
2.610842
2.878734
2.930593
2.898834
2.857328
3.049181
2.833126
2.848063
2.791211
2.717488
2.656892
2.558940
1.747555
1.628689
1.525111
1.434191
1.358608
1.300976
1.263687
1.241105
1.215165
2.588900
-3.875690
-1.533950
1.456677
-6.734611
8.987402
-9.361081
9.154879
-9.085546
9.255345
-9.100039
7.981689
-9.687857
7.877403
-9.498839
8.570621
-8.881981
11.508369
-12.894724
0.000000
-0.093385
-0.554699
1.465828
5.645832
4.624926
4.724501
4.095745
3.169073
2.778125
2.442302
0.349425
1.713355
1.705837
1.688914
1.665913
1.634299
1.596531
1.551264
1.508078
1.443377
1.362987
1.273432
1.174407
1.051487
0.867675
0.568372
0.339027
6.260098
-4.881214
0.000000
1.908020
1.962355
1.947630
1.935475
1.927186
1.919796
1.913936
1.909605
1.905336
1.900360
1.892390
1.879489
1.857784
1.753471
1.521453
1.161784
0.697672
0.180883
-0.276735
-1.256938
-2.586228
-0.993023
-1.284435
0.252486
-0.521559
0.232412
-0.368133
-0.193028
-0.385529
-0.224379
-0.666034
0.354339
-0.386156
0.036605
-1.596531
-0.637186
0.000000
1.864261
1.854002
1.847019
1.832487
1.809769
1.787672
1.762938
1.727361
1.686335
1.635778
1.578386
1.384876
-4.387157
2.748350
-8.005261
10.449091
-10.008568
9.764409
-10.234829
9.971338
-10.055951
9.061182
-12.706204
8.997183
-11.185026
4.315271
-2.467575
-22.665808
-16.868176
-12.859638
19.448803
0.000000
2.524160
1.495527
3.546320
-3.369736
1.733654
1.712752
1.717086
1.724963
1.721217
1.702744
1.680061
1.653009
1.621026
1.584095
1.539789
-2.230520
-3.108486
5.291836
-7.134526
8.329587
-8.902636
8.975050
-9.286884
9.054512
-8.466178
7.712894
-8.587020
6.839211
-8.296963
6.051420
-3.500556
0.000000
1.946969
1.950264
1.945346
1.939580
1.933244
1.927612
1.922887
0.336484
-3.307316
-1.906816
2.619308
-7.169331
8.870420
-8.886626
8.605169
-8.759525
8.751925
-9.044861
7.980432
-9.489170
7.891452
-9.535399
8.514186
-9.280131
11.295753
-11.899504
0.000000
-1.255868
3.534728
5.171402
4.767776
4.732619
4.457242
3.981701
3.903505
3.473022
2.699982
-0.315955
0.359728
0.336468
0.305355
0.324555
0.377411
0.394087
0.414083
0.438871
0.462166
0.477338
0.457325
0.396159
0.248482
-0.111021
-0.903058
-0.782239
0.269422
2.941280
2.036426
6.863008
-1.926901
-5.832367
5.496193
-9.197283
9.396986
-10.787251
10.720831
-11.037350
10.264298
-10.426263
8.714267
-7.956993
7.735485
-7.318356
7.351156
-4.240524
6.373358
-7.245502
8.644938
0.000000
1.545559
1.324542
1.128133
0.875221
0.542658
0.207446
-0.030439
-2.059059
-3.501456
-3.421086
-3.028081
-2.926975
1.638651
1.986494
2.164872
2.167334
2.148673
2.129725
2.111135
2.090578
2.063684
1.843983
0.723465
0.486728
1.025101
1.622321
1.073718
0.859962
0.599577
0.430415
0.512195
1.820072
1.851844
1.840119
1.826366
1.813507
1.801848
1.791332
1.783109
1.775207
1.762693
1.744957
1.718284
1.683271
1.609473
1.418115
1.103382
0.678064
0.164113
-0.313607
-1.236757
-1.361483
-2.177297
-0.742709
-0.318266
-3.736930
3.719110
-4.390651
3.786544
-6.075626
6.357290
-5.801636
9.592489
-8.986719
11.705906
0.000000
1.514470
1.276034
1.023229
0.651956
0.088031
-0.606639
-1.333952
-2.011581
-2.789959
-3.427545
-2.428069
-1.608880
-1.439828
-1.588227
0.074672
0.079249
0.079051
0.352191
0.893336
1.727300
0.000000
0.121757
1.603425
1.591960
1.519356
1.438016
1.373866
1.327905
1.295766
1.261921
1.227261
1.189406
1.147285
2.630913
-3.415049
-0.814005
-0.843686
1.134722
-3.689667
9.681553
-10.427978
9.918915
-9.661125
9.281134
-9.673174
8.069176
-9.107112
6.819621
-6.784382
5.005449
-1.663436
2.751715
0.000000
1.703575
1.424175
1.354719
1.281415
1.194192
1.089605
0.822665
-1.824647
-3.237704
-3.488128
-3.364904
-3.413109
1.839371
1.946555
2.116621
2.226153
2.200552
2.175339
2.151491
2.129274
2.109006
2.090203
2.070616
2.046697
-2.336421
-3.396574
4.250760
-7.049345
8.574323
-8.498277
8.422348
-8.900156
8.637621
-9.037165
8.424302
-9.897725
8.925983
-10.227175
8.637537
-10.046491
11.837265
-14.205257
16.435837
0.000000
-2.808693
-1.749174
-0.422278
5.865232
4.444169
3.977747
3.749055
3.796033
3.925165
2.922571
1.343726
-1.218021
-1.520804
-2.881705
1.948728
1.949375
1.948246
1.941421
1.933381
1.889213
1.655605
1.265584
1.353153
1.438897
0.611158
-1.493228
-1.975624
-1.997548
-1.898660
-2.106506
2.081652
2.069733
2.054505
2.037287
2.022435
2.011585
2.006855
2.007074
2.013403
2.022065
2.028145
2.029824
16.946243
-4.371538
-0.063642
-4.254649
7.400927
-7.784698
8.243921
-9.016780
8.250102
-8.468855
8.285846
-9.034004
7.607354
-9.478176
7.451305
-9.149285
8.036070
-8.718578
8.279689
0.000000
4.324575
6.030248
4.913073
4.126534
2.732250
2.190686
1.754308
1.006533
0.702615
3.283791
-3.489233
2.777093
-10.072233
8.471911
-12.470531
-2.300844
-14.415012
8.121698
0.000000
-1.395178
1.404747
1.414347
1.367785
1.202296
1.031045
0.852836
0.664091
0.446233
0.173101
-0.181173
-0.536694
-0.882428
-1.174634
-1.307748
0.666574
-4.751763
8.427450
-10.618216
9.256374
-10.191139
8.911563
-9.482086
8.374743
-8.728914
0.000000
1.998886
1.975287
1.970789
1.964161
1.958934
1.957104
1.954974
1.953955
22.429329
-4.226883
0.913889
-5.153151
6.825580
-7.810184
8.600898
-8.744312
8.500109
-8.489069
8.414932
-9.093859
7.830521
-9.879626
8.007071
-9.726789
9.048118
-10.465398
12.167354
0.000000
-2.853495
-0.614236
1.074050
4.238626
4.601081
3.863316
4.048057
3.091970
2.666121
0.614572
4.221219
0.668994
-2.764619
1.794751
1.789431
1.784480
1.778703
1.773665
1.770219
1.768496
1.767669
1.766382
1.762923
1.755488
0.601146
-3.437201
-0.839971
-2.859681
5.815138
-6.858021
7.894954
-8.799993
8.209462
-8.231752
8.898243
-7.279761
9.309693
-8.402271
9.062539
-8.188076
7.050013
-3.808674
2.521780
-3.119045
0.000000
-3.076280
-1.369291
-0.810335
-0.966343
-1.012394
-1.123646
-1.186023
-1.683785
-1.652074
-2.290147
-2.019766
-1.124322
2.008168
1.888062
1.782494
1.760495
1.688344
1.675972
1.692215
1.713211
1.717853
1.700877
1.673269
1.630040
1.561086
1.482633
1.382085
1.792532
1.782496
1.771424
1.757962
1.742939
1.725069
1.703232
1.676028
1.641863
1.599996
-0.423098
-3.501369
0.995416
-6.377742
7.765856
-8.247992
8.400482
-8.651628
8.422330
-8.097451
7.255194
-8.589067
6.587301
-7.889657
6.335062
-3.596810
-3.110287
1.221667
-21.255384
0.000000
-0.445265
-0.005910
0.866469
0.295975
-2.246367
1.880497
1.874246
1.882754
1.889377
1.906045
1.950702
1.981694
2.001405
2.001631
1.996777
1.836736
1.696555
1.646706
1.587515
1.519296
1.434108
1.798665
1.790919
1.786788
1.784635
1.783450
1.782826
1.782686
1.781407
1.777216
1.768148
1.752514
1.710302
1.559242
1.290275
0.916220
0.464933
-0.004236
-0.418224
-0.689251
-2.833652
-0.955839
-1.903258
1.428810
-4.132204
5.392854
-7.054276
6.566860
-7.722963
7.787822
-8.264555
7.502713
-7.683545
6.485528
-5.421672
2.530585
0.000000
1.663638
1.537514
1.432999
1.241502
0.884196
0.390899
-0.276464
-1.154499
-1.860130
-2.345562
-2.574956
-2.561589
-2.403280
-1.959084
-1.464907
-1.122702
1.293419
1.859136
1.944564
1.932249
1.912453
1.897613
1.883824
1.872822
1.863464
1.855753
1.848971
1.839904
1.825777
1.803182
-3.093050
-1.091073
-2.617027
6.072258
-7.325927
8.333423
-8.842682
8.166272
-8.623967
8.497886
-7.641966
9.655195
-7.624562
9.489803
-9.238128
9.285011
-6.604783
0.295975
-10.879162
0.000000
-2.049369
0.121665
1.993297
5.066568
3.602603
4.089013
3.893581
4.314205
1.761344
1.666036
1.588756
1.527858
1.486042
1.466041
1.463543
1.463397
1.462319
1.457487
1.446224
1.417688
1.260365
0.955943
0.513025
-0.037583
-0.554956
-0.850498
-1.138357
1.314210
-1.906640
-1.259502
-1.217330
1.335732
-2.017665
0.990259
0.073917
0.165152
-0.290689
-0.251161
-0.378758
-0.354859
0.681130
0.370881
0.068173
0.149287
0.186515
12.567166
0.000000
1.506796
1.240397
1.021847
0.756777
0.445919
0.031492
-0.541249
-1.232847
-1.889090
-2.465444
-2.913799
-3.250268
-3.345164
-2.739676
-1.818887
-2.296314
-2.739374
-2.914736
-2.747533
-5.036896
0.000000
1.375834
1.952473
1.945122
1.940067
1.935336
1.930617
1.929252
1.923881
1.843927
0.619629
0.406259
0.965963
1.694356
1.474901
1.101389
0.621939
0.354351
0.214767
0.104521
-1.581626
-1.715157
0.000000
1.805105
1.823394
1.823069
1.806670
1.791147
1.775886
1.762054
1.749437
1.737745
1.725736
2.926943
-3.574740
-1.388149
1.236115
-4.726860
8.993145
-8.819168
8.510214
-8.588724
8.574282
-8.539121
8.068119
-9.092705
8.285300
-9.538094
8.511433
-9.726597
10.311337
-11.314375
0.000000
-2.166922
3.064485
5.838140
4.011126
3.226918
3.328166
2.316843
0.926049
0.387330
0.709111
0.792542
0.705895
0.575195
0.434743
0.294978
0.161902
0.030018
-0.102962
-0.237624
-0.376103
-0.516826
-0.659364
-0.799211
-1.108555
1.932457
1.925486
1.924960
1.926918
1.928216
1.931764
1.936354
1.936460
-1.620998
-1.316132
-3.495121
5.872395
-7.134988
8.245360
-8.485618
8.114979
-8.229483
8.176922
-8.321613
7.879224
-8.900913
7.725098
-8.625212
8.736831
-8.402603
8.462317
-8.814275
0.000000
2.799040
2.941649
2.003929
1.838635
1.293553
1.328080
0.647536
0.231152
-0.198002
-0.027232
-23.700001
-23.700001
-23.700001
-0.277079
-0.387240
-0.623509
-0.878221
-1.148102
-1.437767
-1.747859
-5.161508
2.056425
2.048358
2.044783
2.039116
2.033542
2.028673
2.024846
2.022142
2.019678
2.018453
19.734213
-4.382292
1.472450
-5.568678
7.479083
-8.189362
8.429678
-8.731892
8.282601
-8.547867
8.312511
-8.958586
7.909507
-9.616050
8.055796
-9.585566
8.962292
-9.512526
10.492718
0.000000
-4.573606
-0.632897
6.322713
4.856966
4.128232
4.034825
3.717828
3.087891
0.846980
-0.599216
0.195336
0.133889
-0.892918
1.864200
1.851276
1.841547
1.834021
1.826905
1.823355
1.820976
1.821970
1.822370
1.821534
0.530528
-3.311467
-0.097681
-4.487764
6.033908
-7.392760
7.833878
-8.634867
8.556956
-8.418289
7.875834
-8.360903
7.149088
-8.033664
7.879274
-7.302577
8.733339
-8.199536
8.306519
0.000000
-1.735489
2.525843
1.041027
0.867217
0.444787
0.374171
0.097138
-0.073599
-0.862216
1.896148
1.890998
1.901937
1.910356
1.898774
-0.833339
-2.075534
-2.071897
-2.043217
-2.000495
-1.945601
-1.881892
-2.784085
-2.643703
2.083899
2.077209
2.078129
2.083368
2.086050
2.089123
2.099958
-1.458874
-1.884507
-1.859198
-1.819594
-1.768579
-1.707163
-1.636408
-1.554801
-2.875090
2.030415
2.023223
2.023190
2.023611
2.024958
2.035273
2.046933
2.028968
-2.113775
-2.177722
-2.182492
-2.175471
-2.156716
-3.536838
-1.060979
2.129078
2.086227
2.060764
2.045668
2.030130
2.014101
1.997796
1.982087
1.965687
1.947820
1.925949
1.899656
-1.775598
-3.599171
5.528131
-7.531843
8.765805
-9.015349
8.830830
-9.541777
8.806625
-9.138564
8.402540
-9.071981
7.571887
-9.025318
7.526646
-8.102453
7.679971
-8.709990
8.633718
0.000000
-6.183910
-5.553365
-3.497371
3.578566
4.037036
2.929079
2.026016
1.163794
-1.787400
1.828436
1.816749
1.797250
1.774352
1.749082
1.681575
1.334150
0.209361
-0.908710
-0.932735
0.580576
-0.459080
-1.737569
-1.954296
-1.956942
-1.910159
-1.841421
-1.749840
-1.624995
2.066809
1.983058
1.918553
1.863987
1.821499
1.794808
1.775848
1.758255
1.739576
1.720623
1.695004
1.662487
-2.933890
-3.161077
5.452427
-7.518456
8.984319
-8.810306
8.619505
-8.821450
8.462477
-8.460024
8.120705
-8.940283
7.843846
-8.871367
7.618173
-8.865997
8.411890
-8.696577
8.960789
0.000000
-4.965546
1.573896
7.101057
5.489553
4.278414
5.527358
4.577900
4.482541
1.674730
1.543764
1.355950
1.181045
1.019124
0.902750
0.784510
0.639366
0.479997
0.313581
0.107314
-0.110860
-0.302789
-0.471508
-0.562080
-0.517929
-0.317085
1.826416
1.891127
1.896171
1.895901
1.891889
1.885044
1.871706
1.849756
3.203209
-4.230498
-2.369514
2.625478
-6.818739
8.359142
-8.502564
8.762907
-8.595029
8.627069
-7.990376
7.937342
-7.747728
7.755553
-7.932624
8.096180
-7.485344
7.468390
-6.110858
0.000000
-4.965849
-2.251935
-0.385212
0.998532
-0.435405
-0.621647
-5.056826
1.920200
1.915236
1.907668
1.899024
1.888371
1.879192
1.869488
1.861950
1.855217
1.848839
1.840147
1.828385
1.809430
-1.408479
-1.279659
-1.767455
3.180677
-4.825055
6.637956
-7.730358
8.059557
-8.293541
8.222502
-7.308497
9.042788
-8.843470
7.529259
-8.673284
8.294105
-8.668023
8.087170
-8.780855
0.000000
-0.588656
0.938534
3.543066
3.572576
1.887648
2.042199
1.492188
1.138651
0.880742
0.645506
0.401136
0.211342
-0.022535
-1.173459
1.860435
1.853835
1.863766
1.882796
1.906133
1.932226
1.962989
2.000536
2.038866
2.068063
1.985602
1.771086
1.402556
0.908285
0.311724
-0.296647
-1.049481
-1.772216
-4.153715
-0.639493
-1.272596
-0.200936
-0.422078
1.377560
-1.449563
0.243204
-0.481353
-0.723747
0.210901
-0.731959
2.609379
-4.079699
8.847071
-10.001001
9.253027
-10.676090
10.781771
-10.534410
11.675499
-10.025630
11.622033
-10.070957
10.478922
-9.530214
11.594470
0.000000
1.525324
1.265090
1.008655
0.646139
0.147902
-0.433656
-0.804278
-2.457350
-3.009035
-2.801578
-2.941657
-3.110730
-2.944329
-2.292228
1.853575
2.013126
2.116424
2.101738
2.090326
2.082470
2.077711
2.073397
2.072381
2.068195
2.056915
1.852113
1.764530
1.955184
1.859268
1.620317
0.941777
0.393236
0.313336
-0.281602
-3.781569
3.072645
-6.849589
6.172934
-7.723541
7.208651
-7.740129
8.101450
-7.959942
-7.223631
0.000000
1.884941
1.482487
1.920975
1.881062
1.824740
1.769791
1.711636
1.662119
1.665745
1.708597
1.753150
1.773457
1.750280
1.619826
1.264084
0.884034
0.390830
1.762260
1.724858
1.690345
1.669906
1.658989
1.644703
1.628369
1.609237
1.585905
1.557702
19.369926
-4.083593
1.145333
-4.992713
7.053609
-7.994351
8.698179
-9.092255
8.716084
-8.498690
8.512218
-8.415104
7.665346
-8.200422
7.046011
-7.228293
6.348655
-5.956637
4.079145
0.000000
-5.190234
-1.840626
1.205091
3.890670
2.256101
2.769202
1.241571
0.477887
1.696719
1.021386
-0.929842
1.821638
1.811153
1.810775
1.803758
1.793671
1.783411
1.774968
1.766245
1.754836
1.743919
1.726450
-2.429599
-1.021127
-3.026312
6.324121
-7.350124
8.352927
-8.752748
8.101521
-8.430075
8.330399
-7.843946
8.770379
-7.979896
9.043571
-8.522635
9.207455
-8.959865
8.957276
-9.661563
0.000000
0.883563
5.855417
2.787091
1.854799
2.160822
1.498518
1.354958
-0.113202
-0.873946
-1.922186
-1.199201
-1.312170
-1.538797
-1.717706
-1.873838
-0.486906
2.011165
1.983468
1.981004
1.979963
1.979356
1.982368
1.983086
1.983739
1.983140
1.980424
1.973001
-0.842696
-3.224124
2.074959
-4.457602
6.733403
-7.401985
8.072142
-8.591718
8.181686
-8.204094
8.864370
-7.384443
9.210272
-8.429263
9.340908
-9.877167
10.936323
-12.159647
13.208899
0.000000
-6.602176
0.401768
0.821966
0.693125
0.287275
0.510793
-0.324620
-0.428902
-0.379526
-0.477377
-0.772264
-1.222008
-1.771616
-0.429067
1.917838
2.044664
2.033837
2.022117
2.010952
2.001236
1.993599
1.987108
1.981488
-0.335067
-3.916868
2.225171
-7.279497
9.248997
-9.024828
8.985233
-9.198659
9.038428
-9.189053
7.885515
-10.676891
7.942433
-8.691090
4.680037
-6.219509
6.593645
-9.580658
9.760244
0.000000
2.498454
3.754296
3.200839
4.545244
5.425457
5.935269
0.780779
2.789372
4.162042
4.293953
4.276643
-0.535366
1.513052
1.385464
1.287655
1.203345
1.141240
1.107674
1.094487
1.083934
1.072449
1.060648
1.046029
23.700001
-2.699849
-1.628308
-4.863842
6.113516
-7.844422
8.134021
-8.873479
8.886232
-8.618988
9.048476
-8.102617
8.452059
-8.832193
8.542788
-9.083607
7.875447
-10.804083
12.480526
0.000000
-4.871190
-2.241058
2.578924
1.836681
1.829979
0.506540
0.368879
-0.821711
-2.329496
-0.107477
1.966781
1.966163
1.964201
1.957665
1.950191
1.941935
1.934005
1.927256
1.920075
1.908761
-1.123303
-2.390385
2.706086
-6.612368
8.362797
-8.399588
8.173727
-8.482241
8.307670
-8.267927
8.166945
-8.760660
7.957197
-9.206253
8.434528
-9.006193
8.721477
-8.223125
0.000000
-5.737614
-2.866209
4.757262
3.369355
3.500301
3.229666
2.942960
2.503962
1.926745
-0.142089
0.071475
-0.043680
-0.220508
-0.386203
-0.546649
-0.136881
1.936751
1.926208
1.919183
1.914806
1.909189
1.904982
1.900843
1.895909
1.890049
1.881280
1.868945
-1.022919
-2.351265
3.786219
-6.231749
7.723555
-8.251778
8.159252
-8.618771
8.434782
-8.316451
8.215029
-8.685778
7.623039
-8.619705
7.650195
-8.009588
7.186397
-5.204400
0.000000
-4.404961
-2.208683
5.870035
3.407326
3.175416
2.106017
2.431182
1.011561
0.672277
0.619876
0.495658
0.255159
0.034070
-0.176055
0.304028
1.894230
1.886453
1.884363
1.883408
1.881250
1.877037
1.867591
1.852554
1.831480
1.801540
1.763082
1.714574
1.653649
1.574548
-1.167765
-1.121655
-2.135875
0.522690
-4.781398
6.118058
-8.189473
8.395701
-8.759634
8.666139
-7.561150
7.450227
-7.252930
6.330947
-6.669792
7.110769
-7.531120
11.123213
-12.174890
14.894489
0.000000
-6.186146
-0.205147
0.161247
0.476334
-4.590726
1.881054
1.871103
1.851784
1.832545
1.815702
1.765763
1.389961
-0.636578
-1.719888
-1.832519
-1.772053
-1.184883
-1.276390
-1.761069
-1.744921
-1.674913
-1.586864
-1.485602
-5.710176
-1.224533
0.000000
-6.183080
1.896065
1.892519
1.892621
1.888854
1.882595
1.876356
1.871862
1.871592
1.873226
1.875032
1.875431
-1.783787
-1.767661
-0.997725
3.615322
-7.801116
8.471864
-8.582805
8.070763
-8.461210
8.204757
-8.492521
8.097318
-8.724321
8.260057
-9.109413
8.422417
-8.633785
9.142907
-8.999506
0.000000
1.459686
2.318164
2.697919
2.603085
2.445264
2.128249
1.683776
0.970253
0.347215
-0.771811
-2.385345
-3.181065
-3.158498
-3.051332
-3.127108
-2.961010
-2.930925
-3.959136
2.051844
2.495958
2.761703
2.758762
2.754900
2.753468
2.763315
2.759418
2.749975
-0.994417
-2.848057
1.314355
-3.073535
5.516012
-5.650955
6.492548
-7.148238
7.215960
-7.726641
7.247686
-7.865606
7.511272
-8.079870
8.578525
-8.880244
10.111615
-10.199860
10.609991
0.000000
-3.333577
1.480181
1.145164
1.255315
0.361253
0.357999
-0.348737
-1.001938
-1.986946
-4.965267
1.928804
1.929504
1.942064
1.959828
2.007432
2.062556
2.084805
2.119196
2.171687
2.195793
2.228384
2.256655
2.240242
1.756125
1.663053
1.587000
1.526141
1.481360
1.454818
1.440140
1.422020
1.398771
6.396697
-3.954591
-1.051054
-4.325835
6.286533
-7.427121
8.164379
-8.675564
8.819587
-8.139921
8.190374
-7.562143
7.275666
-7.343904
6.955737
-7.104190
7.104741
-6.588573
5.756532
0.000000
-6.782107
-1.648724
1.420732
3.668224
5.068168
2.485747
2.371869
0.451562
-0.227632
0.818390
-0.353112
1.895583
1.888539
1.879852
1.869354
1.859230
1.849597
1.840860
1.831720
1.821814
1.808488
15.401419
-4.328811
1.233400
-4.725199
6.944822
-7.856156
8.455651
-8.749288
8.372766
-8.400403
8.472054
-8.619452
8.151133
-9.045257
7.509215
-7.888788
7.184960
-6.055111
3.665682
0.000000
-5.376857
0.241029
3.988884
3.252719
2.278775
2.471635
1.287987
0.670992
0.341136
0.321945
0.154737
-0.038460
-0.205398
-0.461428
1.876570
1.863649
1.851029
1.842091
1.835882
1.831176
1.832668
1.832336
1.827185
1.820703
1.804685
1.779548
1.665654
1.422453
1.057958
0.588354
0.045361
-0.383479
-0.997742
-1.347125
-2.544258
3.752004
-5.596835
6.443332
-7.220050
7.749513
-6.121332
7.229911
-7.183258
7.411934
-7.921551
7.776804
-9.643305
9.401479
-9.248583
10.387036
0.000000
-3.402175
1.413198
1.541374
1.585929
1.554645
1.530671
1.505888
1.479231
1.450612
1.416482
1.378237
1.334832
1.283679
1.228278
-2.274170
-1.047623
-2.754807
5.457617
-7.440962
8.370086
-9.164007
9.007658
-8.966059
8.798350
-7.239257
8.423829
-6.780359
10.109694
-13.351578
16.674307
-18.163071
12.842789
-13.847330
0.000000
-10.054810
-7.758362
-0.163682
-0.484733
-0.431338
1.886844
1.878409
1.850525
1.811326
1.842828
1.941484
1.925114
2.002827
1.704604
1.467315
1.759071
1.665562
1.584459
1.514865
1.465015
1.418054
1.099643
-0.187069
-1.310048
-1.407379
-0.248543
0.831733
0.810389
0.058547
-0.793298
-1.603067
-2.045145
-1.952098
-1.850879
-0.248733
0.000000
0.336828
1.867669
1.896146
1.883210
1.867449
1.850141
1.833572
1.818740
1.804241
1.789965
1.773623
-2.062160
-2.095200
0.194456
-1.758114
4.715623
-8.497500
8.788600
-8.998965
8.894657
-8.811695
8.945128
-9.206844
8.775986
-9.853638
9.219547
-10.128307
10.320263
-9.547225
8.726330
0.000000
-5.153937
-0.814169
-0.382126
-0.511381
3.448637
3.960690
2.997040
4.114127
3.385316
2.539492
1.094343
0.019460
-2.474406
1.883453
1.880589
1.883651
1.887961
1.892342
1.896491
1.900368
1.903092
1.902972
1.896995
1.885211
1.854669
1.714570
1.446425
1.053833
0.553164
-0.001603
-0.508082
-3.537921
-0.755848
-3.022932
5.575397
-7.579383
8.125150
-9.012942
9.329180
-9.163235
9.289486
-9.659640
10.379429
-10.026049
10.099358
-9.639549
10.720721
-10.198709
10.070734
-10.171726
9.857584
-9.859117
9.578530
-7.770386
7.298626
0.000000
1.571145
1.361960
1.179289
0.936003
0.533394
-0.018432
-0.506586
-0.886249
-2.484099
-2.697927
-2.541751
-2.155719
-1.728565
-1.157232
-0.625663
-0.719204
-0.728043
1.836884
1.940550
1.930895
1.920720
1.911659
1.903374
1.896194
1.889022
1.880291
1.868393
-1.017971
-2.528831
-1.495724
5.944044
-6.906497
7.901563
-8.478138
8.090291
-8.159434
8.216819
-8.135226
8.123053
-8.207254
7.628453
-8.473134
8.595169
-8.483418
7.961576
0.000000
-6.304013
-3.367673
1.184906
3.442701
3.424186
2.058908
2.203247
1.065682
0.709375
0.501262
0.446717
0.330089
0.205214
0.074396
-0.347477
1.886202
1.878306
1.875969
1.877350
1.881289
1.887535
1.895490
1.902633
1.908444
1.911467
1.908768
1.899960
-0.093703
-1.326131
-2.181774
0.769980
-4.423669
6.579189
-8.253450
8.412170
-8.850712
8.693995
-8.305470
8.333510
-8.610810
7.646618
-7.922779
7.722809
-7.234844
7.588586
-6.337844
5.620759
0.000000
-6.100383
-1.205221
3.370587
3.465835
2.362935
2.320288
1.214801
0.920658
0.624188
0.688613
0.115814
-7.828782
1.862910
1.865159
1.883210
1.904262
1.924379
1.941685
1.960873
1.981684
23.388449
-4.062551
0.634065
-5.114224
7.099641
-7.930975
8.442513
-8.662951
8.455553
-8.360839
8.722952
-7.932688
8.981921
-8.259993
8.676818
-8.660177
8.867588
-8.636178
9.020101
0.000000
-1.726615
1.297916
0.644558
0.127274
-0.482399
-1.127167
-2.005756
-3.035703
-3.774098
-3.772799
-2.173250
-0.602311
-0.019349
-1.042579
1.948980
1.940765
1.935909
1.931177
1.927770
1.926336
1.926402
1.927607
1.929050
1.927621
1.922511
1.907758
1.876049
1.712062
1.364498
0.808625
0.106055
-0.406155
2.611477
-2.488714
-1.489797
-1.435321
0.881163
-1.334509
0.163347
-0.680450
-0.111211
-1.302156
0.843149
-0.497509
0.455217
-0.647262
0.609098
-1.090838
1.556737
-2.492490
3.478867
-2.542618
8.317793
0.000000
1.526190
1.302012
1.125708
0.824219
0.323842
-0.240833
-0.680100
-0.812534
-0.938988
-1.694899
-1.864000
-1.583367
-1.114870
-0.608962
-0.242535
-0.104912
15.077102
-4.344144
8.647987
-8.911025
7.748451
-8.430092
8.589260
0.000000
1.554184
1.328740
1.130672
0.885015
0.530971
0.069425
-0.426260
-0.971491
-1.662943
-2.182205
-2.639630
-2.980359
-3.232852
-3.392761
-3.068355
-2.114787
-0.339329
1.835141
1.929986
1.918919
1.901202
1.890353
1.881770
1.876786
1.873823
1.869750
1.863649
1.854614
1.837878
1.808894
1.691286
1.452157
1.097722
0.653298
0.158808
-0.309989
1.689943
-3.808934
-1.243404
-1.552403
0.376591
-0.795219
0.120604
-0.602969
-0.223357
-0.554548
-0.052105
0.100221
0.130237
0.022941
-0.033136
-0.063212
0.000000
1.791533
1.798236
1.784976
1.767812
1.748639
1.727935
1.705772
1.682704
1.658003
1.630900
1.599339
-1.627768
-2.278604
0.581704
-4.100224
8.530026
-8.908099
8.914510
-9.228769
8.958555
-8.794905
8.671268
-8.504354
8.090745
-8.416462
8.166316
-8.372475
8.147846
-7.566864
9.523384
0.000000
-8.341697
-0.871837
-8.441456
-3.752964
-0.270126
0.532609
0.162090
-1.795544
1.900920
1.897982
1.903028
1.909499
1.902535
1.824320
-1.947921
-2.110627
-2.097733
-2.064624
-2.018666
-1.961083
-1.898876
-4.265967
2.089410
2.076920
2.065123
2.053733
2.042886
2.032846
2.025568
2.022085
2.022164
2.024560
2.026844
2.027877
-0.393203
-3.139312
1.631171
-6.664437
8.521185
-8.507686
8.322240
-8.803116
8.372683
-8.624826
8.446588
-8.996467
8.198975
-8.731810
8.120266
-8.110610
6.603030
-5.603277
4.638848
0.000000
-3.241523
4.584653
3.387979
2.454093
2.616372
2.043182
1.778864
0.210630
-0.447193
-1.020613
-1.262173
-1.507146
-2.057105
-2.347473
-2.639658
-2.714252
-0.041965
2.050611
2.215011
2.199963
2.190894
2.182989
2.175502
2.168527
2.161204
2.152092
2.139709
-1.287862
-1.912230
3.833606
-6.081967
7.590466
-7.844412
7.848851
-8.267226
8.013719
-8.110147
8.096934
-8.319023
8.569304
-8.806755
8.680737
-9.164743
9.321874
-8.868006
8.286263
0.000000
-5.114151
-2.562606
3.244768
3.106829
3.582163
2.087746
2.805849
1.055737
0.907125
0.741706
0.560018
0.384414
0.025117
1.837772
1.830370
1.828816
1.829373
1.830572
1.830859
1.829857
1.825585
1.817154
1.803361
1.783579
1.754664
0.314427
-1.252674
-2.097922
0.336881
-4.279215
6.151627
-7.771054
8.280966
-8.860258
8.640720
-8.142676
8.029461
-7.525478
7.202732
-7.212616
7.880115
-7.993446
9.015726
-9.155795
8.987320
0.000000
-5.606396
2.052521
0.874976
0.989993
0.330280
0.326316
0.278387
0.045286
0.083052
1.852202
1.832965
1.817747
1.804483
1.791783
1.358745
-1.647225
-1.958751
-1.966534
-1.941589
-1.901160
-1.848122
-1.745472
-1.637598
-1.582577
-1.805734
-2.046622
-2.015803
-4.990992
0.000000
-5.752842
1.950126
1.950026
1.947688
1.943042
1.937985
1.930294
1.917266
1.894881
1.860770
1.819939
1.779385
1.734319
-1.409122
-2.744103
-1.267148
2.650694
-6.713969
7.494375
-8.036184
7.681779
-7.835826
7.603316
-7.075686
7.647560
-7.551161
12.167036
-16.927877
19.801468
-16.899920
13.206938
0.000000
-0.387305
1.437711
1.358107
1.210659
1.016263
0.720745
0.276800
-0.350511
-1.156565
-1.955448
-2.589089
-3.047333
-3.388705
-3.608922
-3.535650
1.023535
0.000000
1.798710
1.830590
1.836766
1.820882
1.805058
1.789680
1.774601
1.758966
1.741794
1.721539
-0.087238
-3.325871
0.387372
-4.643680
7.191053
-7.758838
8.285080
-8.665528
8.440734
-8.239645
8.422228
-7.918400
8.037671
-7.945724
8.038299
-8.315521
8.737130
-9.345737
10.022390
0.000000
-5.686690
-1.158546
1.299112
1.607505
0.719731
0.612628
-0.139557
-0.261890
-0.736598
-1.116428
-1.260954
-10.077655
2.017652
2.022683
2.032840
2.044520
2.060496
2.083586
2.106792
2.113641
1.969268
-1.500966
-2.373603
-3.439638
-0.781906
1.859979
1.758823
10.800638
-5.954157
3.346887
-6.495192
6.665011
-8.684971
0.000000
2.005879
2.013856
2.007501
2.005395
2.007265
2.012302
2.019522
2.027886
2.034902
2.039324
2.040278
2.015099
1.868710
1.571484
1.155982
0.664143
0.168190
-0.263191
-0.649481
-4.696929
-1.053494
-1.681046
2.041978
-4.427034
6.036075
-7.396834
6.550663
-8.604933
7.985864
-7.968352
8.139767
-6.950897
6.907903
-5.793192
4.818769
-3.925655
2.897971
-2.060927
1.444214
-7.584794
0.000000
1.989484
1.987065
1.988031
1.981373
1.972028
1.961439
1.949824
1.935730
7.492555
-4.089827
-0.964042
-1.684327
3.022380
-6.268778
8.622725
-8.934223
8.995386
-9.001028
8.745007
-9.661867
7.790427
-9.036050
6.459469
-6.392618
3.619503
-2.303931
-0.032337
0.000000
-1.232311
-1.361518
0.664745
5.765660
-0.405867
5.675195
4.474361
4.531841
4.016373
3.304602
2.414080
1.825752
1.413960
1.021003
0.726385
0.875593
1.083387
1.224319
0.970617
0.879308
1.562335
-5.628525
1.848419
1.853560
1.860506
1.866992
1.873145
1.880480
1.888413
1.897342
1.906346
20.611956
-4.237201
-0.519662
-4.093492
6.660138
-7.468690
8.228242
-8.684012
8.145109
-8.223862
8.364330
-8.088909
8.584661
-8.628434
8.457817
-8.956858
9.029562
-8.376728
9.228031
0.000000
-4.615844
-2.255425
2.025829
1.762173
0.957646
0.542870
-0.212992
-0.705648
-1.434238
-0.996271
-3.562147
-3.381954
-2.532450
-2.792403
2.040834
2.452662
2.620806
2.599407
2.577989
2.556958
2.524498
2.479172
2.344821
2.221394
2.211982
2.231614
1.766588
1.695917
1.655966
1.631368
1.619992
1.607502
1.592814
1.575490
9.693793
-4.077206
-2.907239
3.559579
-8.013233
9.258363
-9.308209
9.433956
-9.361691
9.471940
-9.576240
7.899878
-10.255865
7.413788
-8.807545
7.082556
-8.366317
10.494903
-11.158186
0.000000
1.690822
1.984035
3.294707
4.220891
0.023507
0.010486
5.304890
4.619628
4.220513
3.756081
3.271549
2.719376
-0.256076
-0.792720
2.155941
-2.098812
1.893064
1.870977
1.896373
1.899151
1.896922
1.888046
1.870799
1.842976
1.804404
1.757543
4.336264
-3.845369
0.983603
-4.815006
6.310951
-7.488845
8.128397
-8.515288
8.550179
-8.284838
8.445312
-7.741787
8.684961
-8.691312
10.395351
-11.089136
12.164885
-12.668853
13.313692
0.000000
-6.248678
-3.327562
-0.135995
2.017944
1.958340
1.873370
1.697988
1.978440
2.031156
2.010626
1.813427
0.300548
-1.378489
-1.550668
-1.486514
0.796782
1.826950
1.852509
1.836785
1.825016
1.816512
1.810392
1.808354
1.808782
1.810640
1.812060
0.175493
-2.971031
1.923848
-5.125975
7.173450
-7.830385
8.166213
-8.618575
8.283790
-8.156891
8.424838
-8.098009
8.455423
-8.510143
8.221798
-8.426619
8.463015
-8.034500
7.385699
0.000000
-2.629514
0.938556
2.588677
1.275599
0.537893
0.079735
-0.481639
-1.334811
-3.326622
-3.687836
-3.615748
-3.577952
-2.580084
2.048890
2.421319
2.738006
2.737499
2.728412
2.564195
0.699738
-0.682569
-0.800648
-0.777265
-0.727465
-0.412145
1.724346
1.105644
0.584426
0.254608
0.020767
-0.277841
-1.992882
0.000000
1.857686
1.921331
1.911778
1.900168
1.885747
1.869864
1.854278
1.838906
1.822934
1.805305
1.786057
1.452969
-3.439197
-2.142119
5.104498
-7.791816
8.805101
-8.848702
8.452988
-8.738138
8.642582
-8.559393
8.427332
-9.047968
8.966738
-9.440845
8.677736
-9.433706
9.658214
-9.706440
0.000000
-6.448627
-2.201802
-0.448271
5.685617
1.991390
4.712224
3.894183
5.085269
4.516207
4.469543
-0.653728
-0.828521
-0.925086
-0.733486
-5.126314
1.930542
1.936631
1.950475
1.966960
1.984212
2.001873
2.020251
2.036916
2.051470
2.061812
2.059513
1.954964
1.716631
1.346987
0.859616
0.306247
-0.232147
-0.648774
-3.460386
-1.020858
-1.937277
0.746411
-4.822663
6.067166
-8.475291
8.914143
-8.801046
8.912169
-8.493942
9.007217
-8.951871
9.024519
-9.182817
7.542422
-7.684332
5.726202
-5.094833
5.712457
0.000000
1.654537
1.515221
1.381265
1.119890
0.721400
0.235440
-0.343348
-0.966825
-1.314212
-1.446993
-1.504717
-2.500759
-3.414569
-2.966522
-2.385137
-2.424401
0.079020
-0.260139
1.757808
4.192226
0.000000
0.051866
1.803436
1.789680
1.776255
1.762715
1.749394
1.736481
1.723338
1.708806
1.691731
1.670487
1.643757
1.610468
-0.908074
-1.566299
-1.933813
2.429034
-4.646260
6.072561
-7.220331
7.538683
-7.647157
7.830578
-6.384549
8.228488
-6.734911
9.278688
-9.578457
7.545419
-3.498650
-1.050040
1.265248
-4.215964
0.000000
-5.153176
-1.608823
-1.136009
-1.369569
-1.641902
-1.807741
0.399997
1.968886
1.914981
1.832291
1.781131
1.847590
2.025005
2.082709
2.111369
2.045649
1.922460
1.769472
1.699507
1.644870
1.606981
1.583881
1.402326
-0.194055
-1.700873
-1.964584
-1.874589
-1.319080
0.574715
0.820082
0.302734
-0.160894
-0.571470
-0.993574
-1.400724
-1.662903
-4.054287
2.180812
0.000000
-4.726228
1.877680
1.848698
1.846881
1.848013
1.837831
1.828733
1.821216
1.814024
1.807165
1.801171
1.793695
1.785088
-2.683127
0.132067
-4.197205
6.763689
-7.766747
8.549076
-8.756491
8.169831
-8.486403
8.390198
-8.170252
8.378849
-8.318872
8.548612
-8.682415
8.724400
-8.814510
8.815336
-8.725283
0.000000
-2.723916
-0.534597
2.835064
1.349972
0.733717
0.315724
0.153829
-0.177301
-0.497837
-1.604656
-2.416701
-2.447554
-2.735179
-2.981824
-3.145594
-3.287996
-3.409181
-3.485362
-3.216464
2.109461
2.555006
2.660639
2.659833
2.661933
2.668257
2.675642
2.683646
2.694523
2.702338
2.705772
-3.101507
-0.782381
-1.947768
5.409739
-5.791998
7.140471
-7.979368
7.550949
-8.464082
7.841427
-8.389965
8.102507
-7.607503
7.991405
-8.006333
8.557188
-8.454165
9.204245
-10.104771
0.000000
-4.372171
0.368362
1.255333
1.017241
0.733255
0.479399
0.237109
-0.105713
-0.468180
-0.712817
-0.811685
-0.896262
-1.134911
1.946707
1.969500
1.967714
1.973978
1.981115
1.989913
1.997617
2.005844
2.011717
2.012250
2.007383
1.987410
1.841215
1.547194
1.090471
0.537217
5.111228
-1.819213
-0.130798
-1.574588
1.554737
-4.376923
4.516702
-4.634279
3.441037
-2.779933
1.802345
-1.479939
0.938445
-0.791159
0.561366
-0.275016
0.271188
0.055102
0.012402
0.387550
0.224896
0.733229
0.000000
1.746931
1.707897
1.659724
1.600024
1.564736
1.541540
1.515571
1.487783
1.456830
1.422695
1.384761
1.342344
1.294347
1.239962
-1.556496
-1.228779
-2.179354
5.228556
-7.394336
8.313658
-8.911631
8.827128
-8.931065
8.815464
-7.586258
8.494593
-7.737841
7.313718
-7.124344
7.226916
-7.973037
8.894720
-10.039523
0.000000
-10.916862
-9.057718
-4.630668
-1.940312
-0.188589
-1.049840
-1.566082
-8.311153
1.958768
1.963370
1.964587
1.961817
1.956784
1.947405
1.939747
1.922834
1.893948
1.810937
1.785386
1.621470
1.401945
1.141449
0.674930
-0.245508
-0.930248
-1.354595
-1.621714
1.110357
2.001912
1.987739
1.969969
1.953226
1.938081
1.922315
1.908385
1.895295
1.852378
1.606314
1.331221
1.443355
1.598071
1.197468
1.066154
1.016999
1.269154
-0.339274
-4.553383
4.014102
-7.330982
7.062948
0.000000
1.568457
1.346759
1.166607
0.923680
0.550587
0.091937
-0.370044
-0.704057
-1.311500
-1.829355
-2.187244
-2.510847
-2.858176
-3.095878
-2.699821
-1.440379
-0.890020
-1.009559
-1.313051
2.868736
0.000000
1.690094
1.660918
1.602219
1.503194
1.395449
1.282763
1.162103
1.026129
0.854410
0.595011
0.178062
-0.370747
-0.940241
-1.393096
-1.933290
-2.367798
-2.553072
-1.632619
1.844617
1.962838
2.004600
1.970023
1.941116
1.930282
1.920602
1.911851
1.903600
1.896038
1.888569
1.880497
14.393455
-4.236153
0.281967
-4.536327
7.242253
-8.006567
8.559343
-8.915934
8.495901
-8.679815
8.781522
-8.176174
8.426779
-8.607285
8.456417
-8.845535
9.191098
-8.932287
8.626038
0.000000
-8.821571
-2.348423
-0.061429
1.138395
3.175112
1.601698
1.201566
-0.068546
-0.122919
-0.344518
-1.996498
1.903341
1.902593
1.904615
1.906672
1.910737
1.915380
1.920901
1.925716
1.928852
1.928842
1.923889
-0.670390
-2.739799
0.640902
-4.290554
6.620604
-7.490822
8.163428
-8.677001
8.265177
-8.028751
8.552813
-7.870839
8.622496
-8.469732
8.971520
-8.568714
8.753206
-8.810480
9.020256
0.000000
-1.008807
-0.568513
0.814609
0.042370
0.532397
-0.366401
0.234663
-0.941873
-0.663751
-2.326567
-2.892284
-0.908912
1.927459
2.106640
2.271989
2.256312
2.259233
2.210439
-0.494059
-1.224454
-1.237899
-1.199658
-1.167634
-1.098475
-0.974614
-0.523847
-0.743310
-0.709516
-0.646306
-0.676826
-0.492759
-5.078942
1.919997
1.915526
1.910781
1.903565
1.897392
1.894402
1.894961
1.898343
1.902886
1.908210
1.914389
1.913479
10.012519
-3.586442
-1.018841
-1.156083
3.963865
-5.324668
6.727540
-8.000239
8.122784
-8.644172
8.275362
-8.123083
8.556890
-7.301103
9.036070
-7.554873
8.837705
-8.767654
6.425075
-2.639326
-2.135422
-0.150845
-6.470726
2.857838
0.000000
-3.545605
-0.923169
-1.520161
-0.532976
-0.767881
-0.411797
-2.850716
1.996152
2.004498
1.996698
1.989372
1.981774
1.971016
1.964268
1.956450
1.937815
1.910671
1.883742
1.816266
1.718914
1.552027
1.795324
1.783237
1.775938
1.769788
1.765380
1.761980
1.759156
1.754931
1.747229
1.734294
1.714833
1.687460
1.592120
1.381184
1.060061
0.645631
0.178340
-0.277707
-0.616997
-1.164272
-1.010528
-2.304863
0.585726
-3.834007
5.008105
-6.952496
4.902823
-6.301845
5.535134
-7.092342
7.833721
-8.286278
8.734722
2.329566
0.000000
1.859784
1.857756
1.825359
1.808958
1.791209
1.768035
1.655513
1.288678
1.105610
0.945510
0.999846
1.076256
1.799438
1.804293
1.797487
1.790687
1.783282
1.780155
1.776467
1.770082
1.760983
1.746598
1.724039
1.693016
1.642635
1.492974
1.217339
0.826546
0.344227
-0.152410
-0.539140
-0.428560
-1.469976
-2.318375
0.426514
-3.015706
2.889846
-4.036720
1.741220
-1.755763
2.044785
-2.307287
1.475318
-1.495884
1.885435
-1.945088
0.000000
1.880716
1.926734
1.921236
1.913561
1.903988
1.890435
1.871975
1.846455
1.813556
1.146389
-3.360778
0.149361
-3.579144
6.664439
-7.710282
8.226252
-8.539847
8.553760
-8.206937
8.438295
-7.225990
9.115910
-8.764727
12.446731
-13.159567
11.735209
-9.492923
5.983758
-8.406438
0.000000
-9.978380
-2.545907
-1.037804
-1.305440
-11.500616
2.025200
2.034028
2.041662
2.046418
2.048985
2.051478
2.055969
2.060552
2.068061
2.076216
-0.546932
-2.799312
0.049685
-2.476053
6.600897
-8.192871
8.155789
-8.398358
8.191626
-8.281849
7.709795
-7.715976
8.974444
-8.075162
8.780226
-8.824886
8.818077
-9.409409
9.678818
0.000000
-4.133301
0.507278
0.018649
-0.107180
-0.387612
-0.593948
-0.972970
-1.272961
-1.033966
-1.475603
-2.221172
-0.830051
-3.243589
2.117694
2.187734
2.179439
2.185106
2.199781
2.202331
2.170430
2.140589
2.136160
2.157361
2.142797
2.092139
1.959914
1.780156
1.730386
1.697377
1.681371
1.671181
1.659937
1.646999
1.631562
0.780663
-3.920663
-2.310300
3.022348
-7.660435
8.759250
-9.093208
9.231276
-8.926443
9.238855
-7.613350
8.906224
-7.497770
9.101187
-9.250021
10.136215
-9.968341
6.274310
6.306015
0.000000
-11.558228
-5.226970
-3.174404
-0.540108
-0.446285
-0.800526
-1.106220
-1.490304
-1.692782
-1.571618
2.021079
2.016433
2.021715
2.032179
2.049176
2.073150
2.082075
2.087061
2.081496
2.033241
1.965794
1.898605
1.811275
1.719938
1.609287
1.451870
1.796536
1.784188
1.777248
1.772694
1.770405
1.765450
1.761846
1.754099
1.742392
1.725430
1.701685
1.670885
5.058216
-1.557789
-3.549233
-0.978049
-3.194435
5.570474
-6.915862
7.613910
-8.069502
8.136401
-7.339940
7.761619
-6.938904
7.342105
-7.119552
8.983192
-8.834069
9.521796
-8.925866
8.343240
0.000000
-7.736763
-1.205142
0.150920
-0.366052
-1.421720
-2.055706
-2.649877
-2.593220
-2.875814
-1.923752
2.241658
2.635295
2.709673
2.687672
2.656531
2.630158
2.629679
2.517371
1.586508
1.292428
1.751144
1.872559
0.568401
-0.401802
-0.769567
-0.751939
-0.704085
-0.637111
-0.500173
1.853958
1.934669
1.920562
1.908994
1.894812
1.879426
1.865410
1.852377
1.839872
1.827146
1.812545
1.793701
-2.454625
-0.325070
-4.171766
6.956569
-7.840693
8.549240
-8.703642
8.284502
-8.441103
8.438358
-8.130217
8.756083
-8.436110
9.000699
-9.152687
9.199392
-8.758396
9.297248
-9.189522
0.000000
-5.570487
-0.951429
2.334222
1.396855
0.853445
0.502805
0.076415
-0.220778
-0.489355
-0.784913
-1.281439
-1.528064
-5.490613
2.090254
2.122524
2.121002
2.121977
2.126797
2.136781
2.149722
2.164824
2.181674
14.512171
-4.610354
0.584779
-3.632444
6.606823
-6.930338
7.934926
-8.398229
7.740962
-8.191017
8.161611
-7.706765
8.682409
-8.197273
8.488901
-8.541411
8.939374
-8.110671
8.949935
-9.153484
0.000000
-1.272292
-0.269121
-0.310801
0.314058
-0.355428
0.126291
-0.268273
-0.176279
-1.015169
-0.903062
-1.469187
-1.541206
-1.372641
-1.394487
-3.824252
-1.364151
2.021945
2.326389
2.326762
2.317727
2.303069
2.286921
2.270857
2.257835
2.248194
2.241523
2.235060
2.224629
-3.090849
-0.479798
-2.043386
5.291652
-7.185679
7.836531
-8.106741
7.626692
-8.300153
7.956374
-8.251772
8.465232
-8.466034
8.890701
-8.435259
8.818023
-8.174353
8.415720
-7.921056
0.000000
-5.030889
-1.446363
1.862122
0.426376
0.376370
-0.186350
-0.633225
-1.191157
-1.420902
-1.104598
-2.281935
2.053267
2.044539
2.036053
2.027180
2.018925
2.012244
2.008089
2.004059
1.997619
1.986174
1.968611
1.942536
1.907053
-0.711081
-2.128006
-0.445228
1.341299
-4.316181
5.624729
-7.583551
7.570820
-8.340299
8.126431
-7.685130
7.599275
-6.986746
7.563310
-7.113071
9.410896
-9.671051
12.859930
-14.226120
16.022408
0.000000
-8.562809
-2.675336
-0.494191
-0.340261
-0.940590
-1.789322
-0.020884
2.002509
1.978970
1.955037
1.940135
1.925207
1.751318
-0.975644
-1.716534
-1.746309
-1.698334
-1.620778
-1.452609
-0.509024
-0.850420
-1.191593
-1.233148
-1.244055
-1.182245
-5.198863
0.000000
-3.180457
1.943486
1.922771
1.935531
1.945391
1.941256
1.937339
1.935376
1.934151
1.935130
1.936908
1.938394
-0.554325
-1.623240
-2.776612
5.969011
-7.097816
8.538008
-8.408405
8.054417
-8.462482
8.152381
-8.050723
8.581534
-8.017720
8.767826
-8.737570
8.872091
-8.955490
9.420666
-9.060019
0.000000
-3.692128
-1.616776
1.912233
0.923655
0.386902
-0.285803
-0.730247
-1.600650
-1.473111
-1.479990
-0.907635
-3.188625
-2.669712
-3.250373
2.100467
2.592021
2.752690
2.737581
2.722351
2.707322
2.693258
2.682678
2.675045
2.670838
2.668516
2.665803
-3.220749
-0.024728
0.066020
0.696818
-0.616057
1.920083
-2.287258
3.582501
-6.197481
7.678635
-8.036310
8.652948
-8.314758
9.565447
-9.670538
10.080074
-9.655010
7.238801
-4.725899
0.000000
-5.519836
-0.093554
-0.302009
-0.287889
-0.722175
-0.769728
-1.214743
-1.277865
-1.479051
-1.634595
-2.929000
2.067139
2.059982
2.052156
2.043567
2.033750
2.024025
2.015227
2.006897
2.000992
1.994296
-0.628615
-3.135514
1.437566
-6.029134
8.900857
-8.475099
8.491134
-8.498718
8.485073
-8.362030
8.873578
-8.100413
9.133739
-8.706148
9.368897
-9.779832
10.572778
-12.984323
14.258362
0.000000
-9.227416
-0.258824
2.966710
0.997108
0.724285
0.557411
0.013776
0.121659
-0.492438
-0.736641
-0.972346
-1.082618
-0.768386
-5.452199
1.992810
1.991481
1.989761
1.986111
1.983091
1.980585
1.980083
1.981193
1.982846
8.365003
-4.106934
-1.842036
0.768432
-3.384137
9.227896
-8.710258
8.568753
-8.707973
8.637155
-8.949153
7.691983
-7.851929
9.294855
-9.043836
9.419872
-9.551715
9.441775
-8.395326
8.391712
0.000000
-3.997640
-0.111758
-0.312268
-0.352223
-1.013656
-0.603608
-1.526393
-0.484693
-1.240860
0.081094
-6.524696
2.115776
2.123381
2.120114
2.111423
2.100660
2.085363
2.067632
2.043143
2.008278
1.954254
1.887821
1.777069
1.622821
1.354711
1.792023
1.775300
1.770221
1.762183
1.751021
1.739402
1.726009
1.709123
1.690400
1.666668
17.847363
-4.197802
-0.872615
-3.640324
5.845541
-7.032643
7.783615
-8.386410
8.504190
-8.250769
8.475136
-7.109962
8.746332
-8.365281
10.237640
-11.449975
14.308399
-17.287348
18.268864
-18.800968
0.000000
-3.645792
-2.783721
0.911093
0.317719
0.337772
-0.452951
-0.619893
-1.574367
-1.893397
-3.245029
-1.741170
2.203843
2.602012
2.682358
2.694405
2.721930
2.786263
2.822473
2.839980
2.872532
2.877006
2.855743
2.826832
2.799859
2.769893
2.747119
2.731704
2.714914
2.692694
-2.239662
-1.123104
0.000000
1.749351
1.715451
1.685143
1.611445
1.565574
1.538976
1.518662
1.500074
1.482543
1.465019
1.446080
1.424157
1.237423
-3.324953
1.580656
-5.343388
7.395147
-8.251482
8.795341
-9.213755
8.659138
-8.508620
8.891516
-8.059355
8.411243
-7.829481
8.252613
-8.119959
9.037355
-9.737171
10.979453
0.000000
-8.076064
-0.230890
3.097143
0.721668
0.272224
0.054813
-0.439044
-0.676856
-1.197487
-1.705721
-2.645944
-3.041489
-1.927332
2.187900
2.637905
2.750476
2.752223
2.749022
2.748703
2.751002
2.758593
2.769480
2.781317
2.794882
-2.527133
-2.372185
0.774331
1.035016
-0.908240
4.121483
-7.032354
7.170527
-7.944642
7.391265
-7.671048
8.374449
-7.681464
8.536109
-8.536182
9.093516
-8.954832
8.481415
-8.515287
0.000000
-3.889318
1.256365
0.366288
0.267688
-0.036443
-0.232718
-0.752507
-0.844852
-1.318062
-1.522262
-2.802153
-2.996384
-3.339492
-3.838983
2.096443
2.552596
2.616809
2.625477
2.639448
2.668421
2.682477
2.689566
2.702410
2.688441
2.653634
2.612623
2.568458
2.525561
2.481688
2.373856
2.260257
1.755779
1.680556
1.640022
1.622514
1.621481
1.622398
1.623145
1.621982
1.615685
1.602839
1.581996
1.543375
1.408386
1.160575
0.832392
0.451887
0.057982
-0.356115
-0.774405
-1.503764
-2.815142
-0.785192
-2.593423
4.595000
-5.829443
6.125270
-7.369793
5.733207
-6.028966
4.723580
-3.472155
3.897605
-1.974510
1.604753
-1.146784
1.192000
0.000000
1.716102
1.651841
1.581023
1.394037
1.210514
1.024729
0.821462
0.573251
0.245499
-0.069693
-0.413786
-0.831824
-1.373818
-1.962611
-2.506186
-2.938244
-3.033722
-2.814170
23.700001
5.980959
-2.497847
8.778019
-10.193324
0.000000
2.010773
2.013883
1.993564
1.978761
1.964143
1.954401
1.946470
1.945106
1.952097
1.957016
1.959110
1.959144
1.952175
1.899212
1.710874
1.368502
0.844178
0.118180
-0.717345
-2.023492
-1.150816
-1.856774
0.397587
-1.538063
1.920438
-1.551851
0.805684
-0.496525
-0.173612
-0.443038
-0.996567
-0.523222
-0.340017
-0.354434
0.036658
6.105877
0.000000
1.051518
1.398118
1.247951
1.055095
0.682806
0.147234
-0.729694
-3.552709
-3.394062
-2.546475
-1.848042
-1.484711
-1.851745
1.900535
2.188795
2.244535
2.196140
2.155809
2.128615
2.104858
2.082410
2.060556
2.040109
2.017367
-0.477287
-3.426612
1.411671
-5.270720
8.525268
-8.485826
8.578735
-8.880072
8.679369
-8.957850
8.594106
-9.776861
8.046345
-9.398831
6.494020
-6.925389
4.407337
-3.255490
8.344755
0.000000
-3.592397
-4.606438
-2.690894
0.708339
2.811540
4.250118
5.213250
3.518123
2.697432
1.932181
1.307988
0.772108
0.307052
-0.045953
0.328931
-3.948151
1.887285
1.884118
1.884608
1.888062
1.893160
1.899913
1.909034
1.920177
1.933841
1.944616
1.955862
-0.196012
-3.483553
-0.082527
-3.573280
6.424208
-7.285276
8.200024
-8.676158
8.182331
-8.137171
8.932447
-7.233637
9.394169
-8.339531
8.957034
-8.426158
7.228919
-3.959130
4.081058
0.000000
-2.144126
-0.724353
-0.389149
-0.426116
-0.697927
-0.472435
-0.755845
-0.523167
-1.013400
-1.097653
-1.423492
-1.883932
-2.571440
1.411243
1.950440
2.045959
2.038326
2.053296
2.087979
2.108098
2.108644
2.112463
2.116034
2.076527
2.023735
1.963007
1.890565
1.824031
1.753455
1.675694
1.589462
1.795791
1.784703
1.785127
1.785506
1.783515
1.777130
1.763463
1.741842
1.712383
1.675609
1.631865
1.286297
-3.722244
-1.270282
-1.872566
4.286933
-5.728806
6.509894
-7.319736
7.429242
-7.100563
7.697015
-6.123620
8.356391
-8.253689
10.883442
-11.828978
14.019692
-14.165504
12.443794
-11.115868
0.000000
-4.718327
-1.860308
-0.971856
-1.275472
-1.426111
0.308280
1.994268
1.978731
1.956693
1.941649
1.928733
1.827033
0.815807
-1.191269
-1.517799
-1.357042
-0.206265
0.716431
-0.040951
-0.577497
-0.987210
-1.283295
-1.462162
-3.052847
0.000000
-1.892033
1.968053
1.957888
1.950881
1.937255
1.922000
1.906323
1.892486
1.869683
1.709137
1.245937
1.174741
1.404568
1.663135
1.386958
1.409179
1.428892
1.406571
1.339879
-0.931601
-3.987755
3.439457
-7.258128
7.000157
-8.757054
8.502363
-9.205120
0.000000
2.006769
2.019880
2.008420
2.003329
2.001598
2.005424
2.013068
2.028548
2.043777
2.057632
2.074514
2.048388
1.878553
1.554365
1.062712
0.370799
-0.315784
-0.761619
-1.551510
-0.627723
-0.711092
-1.651417
-0.060586
-0.937801
0.608142
-0.903931
0.626904
1.373169
-0.402566
-0.392747
0.081956
-0.019588
-0.095008
0.377630
0.234341
0.286535
0.609497
0.223814
-0.177895
0.020076
-0.258621
-3.215638
0.000000
1.858833
1.912530
1.899068
1.888215
1.873992
1.858100
1.841157
1.824896
1.808889
1.793741
1.775720
-0.115696
-3.104710
0.514489
-3.756938
8.815076
-8.698304
8.472627
-8.755999
8.553120
-8.478641
8.377603
-9.016898
7.941694
-9.169275
7.335760
-7.757057
6.458947
-4.585944
3.562223
0.000000
-4.666859
3.190376
5.975963
4.435215
4.459706
4.126968
3.153584
3.303334
0.553128
0.718260
0.819610
1.806778
1.820553
1.817859
1.823495
1.832029
1.845853
1.857279
1.851851
1.869162
1.859054
1.856889
1.757160
1.625399
1.546797
1.450107
1.795982
1.780930
1.775589
1.769998
1.762472
1.752406
1.739840
1.723742
1.703469
22.052502
-4.057930
-1.051940
-4.184885
5.967621
-7.278856
8.037817
-8.463959
8.649410
-8.297447
8.341852
-7.898750
7.869488
-8.014585
7.698887
-8.209534
9.372806
-11.041384
11.548850
0.000000
-7.209988
-4.426364
-1.905632
1.539224
1.274826
0.736490
0.141796
-0.253942
-1.096231
-2.021394
-3.182323
1.953599
1.950644
1.948662
1.945083
1.940754
1.938236
1.937761
1.939780
1.942939
1.947286
1.950184
-2.600572
-1.083035
-2.871189
5.843761
-6.847635
8.047915
-8.467591
7.926558
-8.272809
8.252762
-7.553988
8.915570
-7.617210
8.736838
-8.520157
8.866669
-8.187004
7.076017
-7.010000
0.000000
-1.095326
0.575728
0.283424
0.128736
-0.329480
-0.463296
-0.862600
-1.102125
-0.920454
-1.087766
-0.679781
-1.570736
-3.848938
-1.246329
2.042906
2.405584
2.389650
2.383778
2.390452
2.402858
2.414256
2.421744
2.421414
2.405602
2.369869
2.274238
2.159963
2.027890
2.123892
2.064792
1.962028
1.775813
1.728611
1.705589
1.701339
1.700686
1.701448
1.698974
1.689170
1.659593
1.609238
1.522530
1.436271
1.274247
1.040273
0.784149
0.554848
0.218894
-0.313103
-0.848664
2.421696
0.000000
1.766467
1.742999
1.700248
1.662162
1.621980
1.578023
1.506436
1.369125
1.154391
0.887172
0.501859
0.200173
0.119917
0.417949
0.101668
1.741484
1.846211
1.842645
1.832975
1.821969
1.807889
1.790526
1.770908
1.748258
1.722369
1.691768
1.655633
-2.647225
-1.201302
-3.317620
5.951312
-7.180162
8.012294
-8.462809
8.449511
-8.450443
8.449822
-7.237929
8.498960
-7.234773
9.794765
-10.599247
13.549687
-16.384254
17.792660
-18.663916
0.000000
-4.972301
-3.745127
-0.491155
-0.320974
-0.472620
-1.051736
-1.137063
-1.596688
-2.193832
-12.005576
2.151279
2.157391
2.162507
2.172240
2.186334
2.202853
2.223260
2.246491
2.273190
2.300473
2.325776
2.312941
4.147362
-4.777079
-1.556476
-1.828836
0.443261
2.043625
-5.858873
7.825670
-8.603068
7.957053
-8.367800
7.821379
-8.206143
8.806883
-7.107547
9.226580
-6.956460
8.457760
-8.398832
8.615650
-8.575787
8.063034
-7.992714
7.461854
0.000000
-4.671443
-1.531233
-0.576370
-0.621982
-0.340476
-0.776587
-0.921518
-1.310962
-1.218781
-4.717163
2.028247
1.996477
1.996328
3.243738
1.997264
1.973577
1.939942
1.898838
1.838261
1.775473
1.633798
1.441036
1.277221
1.032638
0.507878
-0.408821
-1.432176
-1.642373
1.979288
1.966595
1.949937
1.932864
1.919369
1.907539
1.897354
1.887892
1.877970
1.865345
1.849028
1.825517
1.795813
1.752655
1.661740
1.423496
1.065817
0.581689
2.515525
-3.236420
-1.097320
-2.418537
-0.099696
-0.925886
0.798270
-0.429751
-0.312791
-0.324625
-0.541476
-0.903654
-1.213166
-0.841998
0.941462
0.550220
0.000000
1.777740
1.771493
1.748751
1.715864
1.679235
1.640031
1.596291
1.550550
1.497483
1.438444
1.375617
1.311049
1.245353
1.185659
1.117959
8.986846
-5.216002
4.569967
-8.179813
8.537982
-11.129387
8.041334
0.000000
1.549621
1.317800
1.128456
0.893283
0.569897
0.200409
-0.218552
-0.788824
-2.282170
-3.522107
-2.789303
-2.683067
-2.869188
-3.050697
1.095507
1.936918
2.107874
2.234963
2.208942
2.187110
2.162645
2.138062
2.111821
2.085853
2.055867
2.024307
-1.102570
-3.099601
1.894026
-5.819809
8.131040
-8.116585
8.373205
-8.823685
8.489206
-8.820555
8.286735
-8.971615
8.964756
-8.958395
9.817507
-9.991524
10.482476
-12.132080
10.904774
0.000000
-15.388974
-17.095594
-13.550251
-9.255779
-0.802470
-1.050227
-1.332089
-1.586774
-7.302244
2.055917
2.060032
2.067101
2.080551
2.072850
1.904878
-0.045756
-1.867332
-1.898614
-1.874572
-1.835758
-1.784800
-1.723020
-1.656657
-2.974326
2.035539
2.025385
2.014841
2.003739
1.994030
1.985715
1.980566
1.978705
1.981838
1.987093
1.993856
1.998417
-2.202855
-0.202709
-4.379546
7.166519
-8.128226
8.405634
-8.697900
8.255321
-8.548066
8.551465
-7.980876
9.232394
-7.684768
9.233350
-9.014137
9.239549
-9.451704
9.272293
-8.957899
0.000000
-1.834512
0.173869
0.201960
-0.085870
-0.230260
-0.622482
-0.643090
-1.309670
-1.162557
-2.026458
-1.813645
-1.666654
-2.473884
-2.704425
2.093694
2.128121
2.122074
2.117359
2.114081
2.110871
2.106202
2.098024
2.084783
2.066633
2.042866
2.007101
1.964007
1.911726
1.815916
1.725174
-1.281805
-2.525277
-0.791484
-0.231199
-0.105350
-0.751035
0.390091
-2.717227
2.221163
-2.429760
1.047805
-1.061677
-0.016471
-0.438284
-0.063183
-0.194573
-0.097893
-0.127701
-0.191071
-0.321854
-3.379569
0.000000
1.858172
1.902504
1.884392
1.869812
1.854206
1.837075
1.816139
1.794074
1.774065
1.761326
1.742191
1.745828
1.742406
0.628695
-1.140677
-2.819006
-2.970646
-2.978196
-1.824600
1.856034
2.009261
2.068616
2.054085
2.039881
2.027808
2.018188
2.010687
2.004787
1.999466
22.055262
-4.376233
-0.115225
-5.338248
7.344950
-8.111000
8.742934
-8.698860
8.538612
-8.547903
8.930743
-7.955507
9.305302
-8.762399
9.549164
-9.479075
9.752337
-8.314907
5.066901
3.941540
0.000000
-2.664266
-0.276043
-0.132124
-0.335218
-0.619282
-0.903947
-1.237012
-1.414539
-1.699489
-1.896903
-2.350664
-2.988237
2.217475
2.365617
2.362885
2.359861
2.357883
2.357693
2.357315
2.358914
2.360269
2.363235
2.363841
-1.774703
-1.488361
-1.614166
3.080897
-7.160984
8.353485
-8.484991
8.182343
-8.674793
8.224264
-9.707241
9.390144
-8.032026
9.402287
-9.579092
10.504869
-11.911557
14.582205
-15.875616
0.000000
-6.469391
-3.898767
-0.653219
-0.228295
-0.694193
-0.035978
-0.415224
-0.358679
0.954658
-4.170229
1.935660
1.921025
1.906963
1.889667
1.875018
1.859374
1.786719
0.398361
-1.496674
-1.717740
-1.650295
-1.104437
0.715215
-0.060827
-1.170163
1.832139
1.913583
1.904033
1.891867
1.880231
1.870014
1.861404
1.854422
1.846710
1.838107
1.826525
1.813042
1.792669
-1.524624
-1.293917
-1.712852
1.773783
-4.762576
6.297534
-7.654512
8.069886
-8.479291
8.497294
-7.432193
8.808390
-7.468842
9.022368
-9.338128
10.908147
-11.558018
11.762763
-15.105370
0.000000
-5.408969
-5.543911
0.373594
0.459482
0.994229
0.428642
0.222397
-0.078699
-0.699587
-1.220245
-1.340971
-4.232220
2.055618
2.041634
2.018336
2.010035
1.997524
1.894808
-0.282761
-1.455252
-1.510662
-1.448262
-1.337472
-1.144333
0.038637
0.740118
0.106282
-0.395610
-0.795445
-1.058897
-2.272956
1.961051
1.949250
1.936954
1.922670
1.907543
1.893776
1.882289
1.873080
1.864527
1.857810
1.849854
1.839668
-1.424027
-2.798398
-0.613582
3.238436
-6.878781
8.287127
-8.600658
8.048756
-8.446564
8.249633
-7.691252
8.954739
-7.663096
8.899904
-8.620166
9.069523
-8.151083
7.153956
-6.599960
0.000000
-4.085364
0.799269
-0.222883
-0.554031
-0.987256
-1.725109
-1.783792
-2.027976
-0.382021
-0.984315
0.107980
-5.300282
1.951806
1.889833
1.869547
1.895219
1.904510
1.903191
1.889902
1.874974
1.856348
1.835974
1.808676
1.776745
1.739310
-0.535056
-2.907012
-0.692708
-0.854185
0.608226
-1.685224
4.463735
-8.300678
9.416956
-9.223108
9.462557
-8.101254
10.747347
-11.022221
12.798289
-13.897150
12.636703
-7.228006
3.944224
0.000000
1.447440
1.422340
1.294545
1.141094
0.871233
0.494410
0.007899
-0.540466
-1.099046
-1.547230
-1.873328
-2.175087
-6.341500
0.884835
-0.962418
5.422810
-3.613192
5.869114
0.000000
0.490580
1.393846
1.261531
1.120933
0.841885
0.435751
-0.110710
-0.745207
-1.396034
-2.083553
-2.603971
-2.744629
-2.770706
-2.740333
-2.692925
-2.421032
1.848472
1.988935
2.111126
2.086854
2.068574
2.053830
2.043038
2.033312
2.024175
2.015932
2.007712
1.993695
1.978235
-3.771739
-1.624652
-0.989827
4.342403
-6.332224
7.618330
-7.982310
8.100287
-8.510326
8.333330
-7.664033
8.662757
-6.748590
9.140476
-9.162343
9.885219
-7.846313
4.402900
-2.004640
0.226262
0.000000
-2.819550
-1.001547
-1.245105
-1.430659
-1.748610
-1.920052
-2.428356
-2.347523
-2.002652
2.024711
2.010469
1.978916
1.958980
1.960980
1.970169
1.971910
1.946274
1.902753
1.881054
1.862550
1.841929
3.195595
-4.160686
-0.392132
-5.136003
7.503909
-10.434833
11.397528
0.000000
1.524144
1.269653
1.061934
0.799046
0.457805
0.048157
-0.481800
-1.143766
-1.842904
-2.338178
-2.625490
-2.828803
-2.910944
23.700001
-1.846225
13.862154
-8.894567
12.247985
-11.183970
0.000000
1.958020
2.045579
2.026625
2.013415
2.005650
2.003783
2.003950
2.007327
2.009662
2.006124
18.076437
-4.071268
-1.356514
-1.020088
3.694511
-5.022703
6.261361
-7.180328
7.538526
-7.657321
8.026759
-6.693264
8.282305
-7.547256
8.739577
-8.841418
7.860289
-5.386414
3.032685
-0.047120
-6.728379
0.000000
-2.416466
-1.001690
-1.148832
-1.235376
-1.161200
-1.464225
-1.737176
-2.020586
-2.269633
0.885043
2.002436
2.095216
2.058499
2.056116
2.021337
1.963699
1.922433
1.871465
1.807304
1.734734
1.650963
1.556426
1.454559
1.343448
1.224797
1.101448
0.970608
0.797665
0.487587
0.000000
1.744187
1.702737
1.641120
1.593820
1.568921
1.549252
1.528558
1.504601
1.477456
1.446209
1.409453
1.362678
1.309455
1.246264
0.064813
-1.478470
-2.356496
0.516573
-4.188854
5.794065
-7.219198
7.565527
-8.098033
8.108878
-7.437175
7.976451
-6.053786
8.567636
-8.001865
10.652555
-10.705235
3.771834
3.548660
-6.250188
0.302858
-1.897882
0.000000
-6.391429
-1.920844
-2.204306
0.647144
2.023414
2.099605
2.099485
2.102549
2.096142
2.075227
1.135481
-0.924031
-1.828646
-1.804771
-1.761549
-1.638906
0.618622
2.020746
2.009681
2.002323
1.996652
1.992466
1.987040
1.976640
1.958981
1.932043
1.895848
1.848528
1.792903
1.724681
1.647688
1.561643
-0.489903
-2.542190
-0.737311
-0.901125
2.852341
-4.568641
5.834116
-7.782719
8.426369
-10.286957
10.467826
-11.768230
11.632105
-12.315591
12.340909
-12.960564
12.838148
-13.024796
12.873264
-12.842703
0.000000
2.057397
2.079456
2.025021
1.975321
1.950383
1.952699
1.984082
1.994610
1.987823
1.980633
1.978716
1.976071
-2.143482
-2.859491
5.077880
-5.949025
7.484888
-7.721740
8.039474
-8.404188
8.152008
-8.338606
9.001816
-7.543837
9.710230
-9.349697
9.935291
-8.573089
6.321365
-2.868137
-5.240304
0.000000
-0.859798
-0.443573
-0.964654
-0.818905
-1.348727
-0.711543
-1.313758
-0.746517
-2.203671
-1.855584
-1.427855
1.983648
1.925903
1.916938
1.887146
1.910825
1.924529
1.918552
1.897596
1.877626
1.873461
1.873385
9.459665
-4.190113
-1.354989
-2.752892
4.554190
-8.459772
10.328972
-11.363267
12.046631
0.000000
1.512839
1.261159
1.050439
0.787885
0.427799
-0.108374
-0.808032
-1.650036
-2.422670
-2.939594
-3.268095
-3.450215
-3.548008
-3.576181
-3.590170
1.846751
1.986387
2.192210
2.212188
2.184416
2.161296
2.140222
2.121296
2.103599
2.086396
2.068230
2.047462
2.021916
-3.436461
-0.682136
-0.160442
0.289740
-0.446181
2.084634
-3.630162
7.340603
-8.418150
8.356619
-7.790587
8.478084
-7.592525
9.699173
-9.680608
9.747054
-7.369381
2.486447
0.327374
0.000000
-5.803677
-2.364479
-0.938138
-1.159471
-1.360310
-1.888310
-2.106318
-2.367628
-3.279818
2.230545
2.314038
2.297151
2.277774
2.257603
2.237448
2.218158
2.200453
2.184326
2.168155
2.149640
2.127925
-1.719579
-3.371304
3.050442
-6.779889
8.639025
-8.439187
8.528114
-8.702799
8.510829
-8.768393
8.070259
-9.934204
7.612254
-9.835843
8.157728
-9.123320
9.785470
-11.592931
13.819988
0.000000
-1.280756
1.549355
6.153158
6.823894
6.496995
1.344727
0.337639
3.854308
3.341969
3.056639
1.439752
1.929539
1.805852
1.565510
0.408904
0.361082
-2.818498
1.877852
1.876408
1.879225
1.888421
1.920971
2.001541
2.011913
2.006027
2.029295
1.983681
1.780980
0.864404
-2.035872
-2.749100
-2.822390
-2.797346
0.112433
2.069606
2.184736
2.138894
2.111581
2.100945
2.097310
2.092219
2.085702
2.086883
2.079963
-0.939190
-2.051008
-2.504374
-2.556198
-2.596971
-2.563554
1.860627
2.027952
2.096276
2.092447
2.091397
2.097541
2.109719
1.995539
0.588848
-1.489416
-1.792822
-1.887421
-1.938425
-1.940806
-1.901667
-1.803931
-2.107106
2.057107
2.008274
1.976646
1.958610
1.945105
1.931564
1.919639
1.909917
1.902041
1.896377
1.890214
22.023760
-4.100427
-4.479227
6.809805
-8.537215
9.112604
-9.134735
8.820472
-9.310234
8.882064
-9.387424
7.934630
-10.516628
6.392431
-8.215648
4.302401
-3.707031
2.283894
0.245920
0.000000
6.025233
5.846052
5.943776
6.300405
5.500255
4.394248
4.354532
3.040988
2.703060
1.304631
0.988115
0.250608
0.329513
-0.387553
-1.884848
-1.606728
1.900272
1.900677
1.906292
1.911955
1.912724
1.913856
1.916862
1.923058
1.932015
1.941636
3.377600
-3.915211
0.742585
-4.688195
7.061571
-7.717033
8.271597
-8.693258
8.268572
-8.287063
8.436651
-8.139168
8.456754
-8.624836
8.584887
-8.615215
8.601935
-8.248272
7.848546
0.000000
-1.442715
2.823621
1.121818
1.026293
0.500969
0.430797
0.110464
-0.146277
-1.531999
-2.313656
-2.628243
-3.108774
-3.458416
-3.622908
-3.729916
-3.859897
-3.094929
2.119316
2.579572
2.779997
2.783014
2.786919
2.802510
2.823400
2.835323
2.829115
2.846753
2.845208
2.771077
2.676863
2.572192
2.485158
2.412404
2.286930
1.770391
1.697921
1.646866
1.616273
1.602673
1.603414
1.608501
1.616360
1.601219
1.580589
1.566979
1.505037
1.385865
1.153199
0.825531
0.431112
0.012028
-0.398662
-0.785912
1.830988
1.924362
1.922325
1.920866
1.918086
1.911973
1.904783
1.901594
1.891630
1.886133
1.877155
1.864488
2.640093
-3.171229
-1.466187
-1.753980
2.903415
-5.248411
6.138604
-7.951560
8.031002
-8.580074
0.000000
2.002433
2.014742
2.014952
2.010404
2.003829
1.993628
1.978395
1.956008
1.926803
1.890212
1.845235
-0.178579
-2.103954
-2.429069
4.369409
-5.923596
6.847564
-7.421216
7.363407
-7.638506
7.593907
-7.203417
7.316187
-7.092200
7.396025
-7.376987
7.821426
-3.194160
-18.421600
22.539413
0.000000
-11.451764
-7.007969
-6.130713
-0.149041
-1.260803
1.979259
1.974408
1.970564
1.965977
1.960774
1.956184
1.947886
1.930917
1.901310
1.856094
1.799369
20.758503
-2.798172
-4.516045
4.957788
-7.822656
8.521395
-9.208796
9.243376
-9.264115
9.308672
-9.015518
9.596570
-10.290602
10.715487
-12.747022
18.286036
-15.753789
-1.954275
-5.967038
0.000000
-3.016635
1.969692
1.958653
1.948233
1.939725
1.934114
1.931474
1.932176
1.935109
1.937549
1.940335
1.936346
1.918143
1.794090
1.534080
1.158290
5.291413
-1.353712
-4.674353
-1.071093
-1.986945
-0.343497
-0.710249
-0.698861
-0.019695
0.104948
0.044035
-0.028818
-0.062627
-0.228526
-2.267286
-0.176140
0.006097
0.076921
0.226750
0.196899
0.058006
-0.766932
0.057781
0.019090
0.291569
0.318942
-5.049939
0.000000
1.838349
1.902982
1.904827
1.882081
1.844995
1.793090
1.711589
1.706149
1.708614
1.675764
1.628896
1.546452
1.386666
1.228914
1.092974
1.771908
1.550122
1.606891
1.620838
1.672446
1.693415
1.691958
1.671230
1.649393
1.621775
1.584501
1.473415
1.364082
1.292391
1.212262
1.097791
1.810787
1.816369
1.809132
1.804265
1.800291
1.797292
1.792842
1.786699
1.775492
1.758199
1.733433
1.699269
1.598114
1.378623
1.049838
0.629189
0.156338
-0.304632
-0.668124
-0.477997
-2.843955
-1.117080
-1.977737
3.862926
-6.135405
5.251160
-8.506943
8.071600
-7.468794
7.739157
-8.434677
8.608625
-8.805821
0.000000
1.999105
2.051670
2.034789
2.020931
2.013182
2.007154
1.999301
1.989031
1.971124
1.947232
1.916998
1.880073
1.469867
-3.613594
-1.210726
-1.060383
4.364353
-5.563876
6.375284
-6.922395
7.095863
-6.933637
7.436733
-5.919581
8.111801
-8.031573
10.631063
-12.165890
12.381208
-10.314958
6.000011
-3.796525
0.000000
-4.721051
-2.273372
-1.470018
-1.727696
-2.274643
-2.363551
-0.610515
2.040186
2.063636
2.038150
2.043284
2.059937
2.133090
2.166959
2.184688
2.195734
2.185515
2.140827
2.111809
2.094928
2.082610
2.057426
1.776569
1.723457
1.695711
1.684871
1.676673
1.663434
1.644467
1.617369
1.585421
1.545115
1.497207
1.441797
3.920497
-3.665835
-1.681820
-1.945622
2.388678
-4.687996
5.810853
-6.926661
7.117500
-7.151334
7.391111
-6.576799
7.467955
-6.833449
9.525754
-10.557201
11.023844
-7.270497
1.913457
0.549443
-3.686731
-10.234859
0.000000
-0.095055
1.996457
1.996253
1.999389
2.003159
2.009113
2.020147
2.029272
2.038465
2.043585
2.043295
2.038073
1.982062
1.795365
-0.900811
-2.307867
-0.662437
-0.805732
-0.758433
-0.863223
-0.172005
-1.868075
0.059844
-0.977942
-0.252290
-0.464261
-0.320147
-0.238261
-0.210684
-0.207664
-0.156240
-0.093419
0.045167
0.032764
0.072278
0.071924
0.042610
0.062213
0.053939
-2.046678
0.000000
1.787057
1.781963
1.765420
1.736976
1.710663
1.688315
1.666673
1.640914
1.617324
1.591662
1.565761
1.533308
1.497889
12.816208
-3.851503
-0.008892
-3.911763
8.249395
-9.142716
9.039673
-9.184733
8.796166
-8.678118
8.923033
-7.715680
8.633280
-6.483794
9.203008
-9.750020
9.934010
-6.967770
-1.182667
16.412113
0.000000
-6.530791
-2.266320
-0.756036
-1.049797
-1.285350
-1.701673
-1.936957
-1.041943
2.067036
2.047184
2.008236
1.955059
1.968685
2.089481
2.097703
2.139868
1.772474
1.598268
1.771919
1.702483
1.632388
1.581670
1.554579
1.534743
1.357133
0.147264
-0.193345
0.203980
0.708349
0.952033
0.381366
-0.541410
-1.391597
-2.188262
-2.235354
-2.205029
-2.167845
-5.834582
6.548691
0.000000
-0.009693
