0.000000
-3.673160
-0.566967
-1.878544
0.079373
-0.094888
-0.418131
-0.621546
-0.696524
-0.781398
-0.818105
-0.795755
-0.727714
-0.592324
-1.355812
-0.583336
-1.479984
-2.027912
-2.638664
-3.243877
-3.850190
-4.077847
-4.116343
-4.055125
-3.581001
-3.108531
-2.577780
-3.112624
-2.491240
-1.300333
-0.889238
-0.343335
-0.332675
-0.337070
-0.304047
-0.397816
-0.286882
-0.516979
0.185554
2.732948
-3.156399
3.666660
-4.204718
7.075917
-9.812710
6.104620
-6.231003
7.122561
-11.306603
1.176285
-3.808317
-5.037940
-2.737935
-0.813360
-0.383077
-0.477949
-0.894162
7.988196
0.000000
-0.970261
-0.915984
-0.938905
-0.824456
-0.854929
-0.837305
-0.786681
-1.193548
-1.648059
-2.434142
-2.435213
-0.951380
-0.734562
-0.512362
-0.479775
-0.470361
-0.413710
-0.316885
-0.318146
-2.634218
-1.318196
-2.137066
-2.604558
-3.142847
-3.769019
-3.826365
-3.718784
-3.442958
-3.160629
-2.955711
-2.650970
-1.581981
-2.118852
-1.754770
-1.536938
-1.110301
-0.434233
-0.436623
-0.410097
-0.435158
-0.363456
-0.363392
-0.254221
2.056536
-0.950445
2.135731
-2.335566
2.325185
-3.408384
3.930995
-3.228665
2.491358
-3.327915
11.025014
-5.365247
0.583045
5.823031
0.000000
-1.013368
-0.989689
-0.978801
-1.353821
-1.507509
-1.863749
-2.166503
-2.422982
-2.598062
-2.869365
-3.019180
-2.810990
-2.325887
-1.738462
-2.011052
-1.452581
-1.160788
-1.093427
-0.415155
-0.387525
-0.416479
-0.350804
-0.440808
-0.729237
-6.596346
8.167896
-3.920680
3.696970
-3.710639
6.177705
-7.781092
7.262640
-8.809401
8.324999
-9.652460
15.769755
-21.652958
23.700001
0.000000
-2.943540
-4.713096
-3.676612
-2.871046
-1.270907
-1.020451
-2.242662
-3.039812
-2.337932
-2.136238
-2.218563
-2.770799
-3.436815
-4.746511
-6.035409
-2.092724
-0.380953
0.325618
0.632810
-0.566258
-0.696898
-0.759329
-0.883315
-0.934812
-0.845315
-0.670872
-0.429678
-0.423331
-0.391709
-0.570400
-0.606879
-0.799885
-1.451223
-2.089745
-2.679606
-3.328231
-3.938910
-4.244970
-4.525067
-4.602148
-4.184807
-3.749027
-3.891518
-2.898078
-2.083700
-1.126140
-0.483835
-0.649066
-0.713298
-1.011018
-0.843542
-0.868898
-0.619626
2.085106
1.087092
-1.440786
1.549170
-2.858282
4.572541
-4.525630
3.491700
-3.683962
5.142220
-12.487739
23.700001
-0.202324
6.553938
-1.208766
0.700570
-0.617862
-8.212437
-7.177656
-4.284647
-2.990324
-2.722461
-0.840158
-1.269962
-0.605747
-0.024830
-0.448465
1.666190
-3.274527
8.190600
-15.880230
23.642401
-11.382034
8.311293
-11.462343
5.853111
-4.356563
0.746879
0.000000
-1.313368
-0.801827
-2.261665
-3.173763
-3.586888
-3.972492
-4.337996
-4.631053
-1.917380
-2.095545
-2.398204
-2.405241
-0.219728
-0.135597
-0.215929
-0.254045
-0.329169
-0.286806
-0.434267
-0.391273
3.892397
-1.672267
4.169978
-7.569088
8.803679
-11.340012
13.209394
0.000000
-1.253212
-2.104924
-1.712511
-1.510989
-1.740769
-2.945735
-4.190853
-5.041987
-5.584613
-6.012565
-6.029737
-6.407943
-7.384212
-6.023373
-1.560959
-0.119116
-0.438268
-0.908615
-1.443252
-0.723854
-1.093134
-1.075317
-0.638456
0.081180
0.276680
0.270129
0.207751
-0.243299
-0.217062
-0.179828
-0.111292
-2.247035
-0.923485
-2.024035
-2.650357
-3.262757
-3.854947
-4.318295
-4.350447
-4.308963
-4.265481
-4.359451
-4.186231
-2.585124
-1.747067
-1.135221
-0.481061
-0.506979
-0.781852
-0.697711
-0.838339
-0.705818
-0.704565
0.089649
-0.847265
0.779353
-0.973340
1.514404
-2.420924
3.023280
-4.801954
6.454093
-12.123850
21.582304
3.125209
-1.021761
0.064092
-11.073373
-5.452638
-2.000367
-1.182574
-1.322184
-1.113471
-0.898362
-1.589253
-1.200387
-0.841753
-1.781128
1.188299
0.000000
-0.630311
-4.321919
-4.486678
-4.591034
-4.301781
-4.154204
-4.024711
-3.982221
-4.016089
-4.025339
-3.822155
-3.584170
-2.707839
-2.045345
-1.623627
-1.369880
-1.243514
-1.106304
-1.015698
-0.710073
-0.588872
-0.497288
-0.373369
-0.333183
-0.344397
-0.311443
-0.368492
-0.571714
-1.849264
-1.304843
4.481798
3.173057
1.959834
2.066516
2.272203
1.855999
1.870659
1.887224
2.191362
2.776039
1.807605
-2.667260
-5.744567
-5.440548
-5.053172
-4.704240
-3.870774
-4.618976
-4.561129
-5.479739
-8.341784
-4.984068
-1.428175
-1.463342
-1.252097
-0.735319
-0.580824
-0.853983
-1.034464
-1.081996
-4.354367
2.323146
-1.023556
1.291268
-2.310621
1.271561
-2.473390
2.634882
-3.586047
5.162705
-8.937491
19.029606
-23.700001
23.700001
-23.700001
23.700001
-3.674525
-2.184203
-2.181293
-5.523490
0.000000
-0.770009
-2.595649
-2.393089
-3.555686
-4.675977
-5.635746
-5.314584
-5.018744
-4.900809
-5.145777
-6.414400
-7.899065
-10.329943
-11.193366
-1.905242
0.198907
0.192304
0.104944
-0.341737
-0.755767
-1.394548
-2.147579
-2.742978
-3.019597
-2.913052
-3.965408
-4.218953
-2.801604
-0.853459
-0.589975
-0.062268
0.065303
0.270186
0.390280
0.462287
0.444215
-13.968574
2.838599
-1.641055
3.121623
-4.346632
5.371126
-5.804048
2.826851
-2.282663
1.674429
-2.908222
6.968547
-10.617141
12.548619
-14.225247
14.825848
-7.802436
-8.811823
0.000000
-0.386964
-0.494443
-0.344018
-0.393422
-0.941496
-1.667412
-2.325177
-3.122765
-4.348948
-5.140803
-4.690526
-3.778630
-2.718812
-3.729725
-3.142030
-2.189453
-1.119532
-0.503995
-0.348396
-0.369264
-0.302011
-0.399039
-0.505552
-5.573166
0.382176
1.185189
-1.628072
3.762268
-6.106574
8.237391
-8.451291
8.831630
-12.876078
20.031408
-21.881472
23.700001
-23.643562
11.289125
-1.809847
-1.544638
-2.955636
-1.891245
-10.148516
-5.924374
0.000000
-0.584627
-0.819685
-1.209794
-1.442563
-1.255617
-0.760137
-0.323263
-0.433866
-0.478665
-0.345737
-0.126597
0.160572
0.546288
-1.900449
-2.762888
-1.831644
-2.259095
-2.818720
-3.314020
-3.884284
-3.964574
-4.382467
-5.211223
-5.847511
-3.328908
-1.301809
-1.109135
-0.754509
-0.516222
-0.434480
-0.446097
-0.499288
-0.662435
-0.757375
0.139466
-1.709443
2.345367
-3.132709
3.776257
-5.226979
4.335715
-4.210852
5.014787
-7.902329
16.701065
0.509370
6.882264
-1.249479
-0.851059
0.558029
-0.969978
2.568100
0.000000
-0.733846
-1.216073
-1.264286
-1.347925
-1.479287
-1.588086
-1.453214
-1.382051
-1.254359
-1.098544
-0.937302
-0.885678
-0.985106
-1.072688
-1.033670
-0.941363
-0.826427
-0.616511
-0.710854
-0.566737
-0.466221
-0.435626
-0.384152
-1.659035
-0.704219
-1.027344
-1.806625
-2.341618
-2.572419
-2.159071
-1.840643
-1.431003
-1.001078
-0.964448
-1.164828
-1.460524
-1.526018
-1.416584
-1.236592
-1.110824
-0.994734
-0.953299
-0.839826
-0.720401
-0.445076
-0.480089
-0.551204
-1.057065
-1.463462
-1.580815
-1.345134
-1.161276
-0.919871
-0.781953
-0.974019
-1.167362
-1.202575
-1.127994
-0.861192
-0.816625
-0.751478
-0.635379
-0.730082
-0.911800
-0.583789
-3.982752
-4.035484
-3.894376
-3.790976
-3.625165
-3.472178
-3.362008
-3.342179
-3.440164
-3.459181
-3.254141
-2.819009
-2.251046
-1.630016
-1.337515
-1.261631
-1.230426
-1.112932
-0.901624
-0.464441
-0.461869
-0.433192
-0.382069
-0.306758
-0.219463
-0.111903
0.137079
4.059287
10.651301
12.601294
2.228319
-0.845713
-0.215169
-0.192919
-0.380917
-0.489410
0.275863
-2.989187
-4.441514
-4.514022
-4.124289
-3.864060
-3.693857
-3.530743
-3.299530
-3.052622
-2.781506
-2.826702
-2.767281
-4.009901
-2.607612
-1.604867
-1.037546
-0.461634
-0.218027
-0.480316
-0.478520
-0.622079
-0.515464
-9.068790
2.178979
-0.179496
-0.077799
-1.278681
0.638602
-0.556951
0.231381
-0.920114
1.127409
-2.411129
6.416759
-18.973652
23.700001
-23.700001
23.700001
-23.700001
23.700001
-5.093832
0.000000
-0.816431
-4.722566
-4.289590
-2.670128
-1.121543
-0.407501
-0.528973
-0.929647
-1.050348
-0.478393
0.090903
-0.089057
-0.119549
-0.263539
-3.371238
-4.178495
-3.857616
-3.686889
-2.898610
-3.481005
-3.682148
-3.788357
-4.616425
-5.596356
-3.095417
-1.401438
-1.100774
-0.649932
-0.509229
-0.455769
-0.656326
-0.825925
-0.991541
-5.856194
1.270859
0.092797
-0.009550
-0.838382
-0.671628
0.377279
-0.526255
0.760279
-1.385268
1.733609
-4.410176
18.571514
-23.700001
23.189949
-23.700001
-2.990410
-1.153616
-16.062975
-1.492567
0.000000
-0.619254
-0.632964
-0.568852
-1.106108
-2.005768
-3.147621
-4.381517
-5.641731
-6.865942
-7.137236
-6.680495
-5.400892
-4.463253
-1.804948
-3.657896
-3.391440
-1.785527
-1.466488
-1.094659
-1.079918
-0.905829
-0.850713
-0.547456
-0.770291
-0.959671
2.614516
-1.121779
2.251403
-3.896941
2.236882
-2.953715
2.995980
-4.292178
6.948134
-12.097547
16.666897
-23.700001
23.028595
-23.621452
23.700001
-23.700001
22.341318
-23.700001
-4.295268
-9.670823
-3.752372
0.000000
-0.658222
-2.128211
-2.976482
-3.644809
0.079099
-0.687515
-0.509299
-0.393113
-0.220181
-0.185047
-0.131749
-0.136444
-0.222876
-0.250281
-0.310769
-0.692059
-0.697650
-0.301028
-0.147001
-0.013095
-1.750505
-0.781648
-1.473510
-2.009922
-2.639565
-3.181846
-3.774098
-4.057803
-4.345861
-4.587780
-4.347862
-5.042559
-3.175169
-2.079132
-1.189742
-0.896814
-0.475703
-0.595807
-0.658459
-0.824020
-0.778587
-0.806195
-2.830267
-0.353714
1.014101
-1.056382
1.908740
-3.574897
4.718886
-5.775357
6.338778
-9.524364
17.102644
-1.714655
-0.719118
-6.117296
-11.415888
-5.754866
-4.731627
-2.579988
-0.999462
0.262629
0.665365
-0.146897
4.714166
-1.202719
0.000000
-0.573396
-0.880970
-1.545932
-2.470275
-2.970765
-3.347389
-3.566337
-3.403638
-3.184076
-2.928653
-2.699918
-2.603103
-2.242599
-2.805669
-2.071695
-1.175838
-0.864184
-0.363024
-0.324507
-0.313243
-0.306225
-0.315515
-0.293895
-0.276238
0.999040
-2.780487
4.678659
-5.319620
6.451827
-8.616606
8.880035
4.061789
-1.910525
4.170503
3.513015
-4.288513
7.337679
-14.154989
23.060650
-23.700001
0.000000
0.211340
0.100771
2.669081
4.940269
-0.071507
-1.421570
-0.836185
-0.524446
-0.622290
-0.052307
-0.040692
-0.256588
-0.599578
-0.851760
-0.704327
-0.603815
-0.486055
-0.346773
-0.228653
-0.451077
-1.732692
-2.579069
-3.287511
-3.287503
-2.898104
0.079068
-1.145118
-1.187445
-0.750716
-0.879068
-0.849542
-0.586532
-0.233180
-0.489083
-0.647385
-0.700762
-0.764910
-0.821224
-0.858775
-0.837192
-0.722145
-0.710688
-0.707015
-0.657240
-0.640473
-0.600386
-0.590596
-0.564374
-1.224021
-0.654557
-1.184751
-1.628350
-2.196149
-2.878238
-3.402983
-3.941495
-4.491223
-4.788279
-4.472126
-4.478451
-3.284661
-2.345678
-1.999239
-1.190154
-0.613455
-1.253856
-1.273977
-1.462400
-1.322373
-1.290788
-4.137564
0.826722
0.962657
-1.580814
3.219693
-5.682880
7.243888
-6.522953
5.819997
-7.804651
13.222751
-23.700001
23.700001
-23.700001
-2.963727
-1.802858
-10.294415
-8.100925
-4.794973
-3.063845
0.145833
0.124046
-0.229355
-0.589001
-0.784616
-0.812895
-0.662003
-0.788520
-0.697292
-0.791046
-0.889506
-0.653524
-0.610360
-0.463645
-0.379057
-0.237465
-1.250762
-1.180192
-1.033119
-3.070947
-1.284881
-1.889341
-1.231950
-1.305154
-1.399671
-0.506565
-2.515425
0.135705
-2.883225
0.492450
-3.835965
1.031039
-4.395118
0.957313
-3.993742
0.337965
-3.622645
0.801476
-3.091753
0.736296
-3.436348
-0.616474
-2.572762
-0.856728
-2.147152
-1.223238
-3.467121
-3.610310
-3.233695
-3.529851
-3.472017
-3.581779
-3.616183
-2.309717
0.000000
-1.008416
-3.557694
-3.272961
-2.860409
-2.179977
-1.128296
-0.590911
-0.907946
-1.068792
-0.482775
-0.043189
0.342928
0.394144
0.389355
0.206407
-3.098222
-1.029482
-1.906252
-2.547951
-3.246214
-3.947804
-4.366341
-4.220200
-4.442143
-4.604611
-5.091573
-3.854239
-2.285036
-1.887135
-1.210091
-0.623722
-0.513323
-0.747609
-0.697311
-0.947681
-0.777194
-3.233692
-0.309086
2.090494
-2.972681
3.910921
-4.563151
6.900592
-6.962664
7.697831
-11.919919
17.395042
-23.700001
23.700001
-3.541617
-0.672164
-12.407204
-13.108730
-4.206677
-1.838017
0.763173
-0.086783
0.657109
-0.797504
0.000000
-0.633830
-1.160662
-1.197683
-2.265097
-2.497549
-3.057022
-3.577396
-4.000631
-4.450261
-4.707021
-5.078763
-4.675581
-2.874509
-1.950430
-0.930009
-0.570747
-0.421290
-0.400424
-0.458811
-0.523650
-0.567295
-0.628046
-0.858093
-0.912971
1.604013
-2.016021
3.489437
-5.172617
4.502194
-4.414136
5.154088
-8.885875
23.700001
-3.182299
3.100204
-1.081718
-1.006577
-0.881498
1.011378
-1.740564
-0.034496
0.000000
-0.734599
-5.274126
-5.778734
-3.804685
-1.611419
-0.676046
-0.586110
-0.382322
-0.179533
-0.114286
-0.134743
-4.359277
-0.802402
-1.532009
-1.448135
-1.812796
-2.102634
-2.553635
-2.815196
-2.771481
-2.583008
-2.658092
-4.053769
-3.796332
-2.196216
-1.367944
-1.164421
-0.732974
-0.491963
-0.393118
-0.398128
-0.416058
-0.442423
5.409611
-2.224171
3.542733
-4.123717
4.276748
-5.444694
6.178598
-4.912260
4.253582
-1.007889
-1.579320
-1.142227
1.547181
-2.947188
4.498404
0.000000
-1.219810
-1.624062
-1.250814
-1.262964
-1.497226
-1.531241
-1.517821
-1.442662
-1.359679
-1.251683
-1.169216
-1.081230
-0.993824
-1.034652
-0.612816
-0.626864
-0.837617
-1.041587
-1.297197
-0.947224
-0.901261
-0.774695
-0.754362
-0.672866
-0.662335
-3.028081
2.670209
-3.149852
5.507002
0.000000
-1.490789
-3.628913
-4.218786
-4.024850
-3.924356
-4.163827
-4.437362
-4.165349
-4.842738
-5.674863
-7.570585
-9.663795
-7.495650
-1.548721
0.420359
0.481247
0.134812
-0.724125
-1.422019
-1.924976
-2.265179
-1.373993
0.847737
1.135538
0.569932
0.273868
0.159366
0.088175
0.034649
-0.016659
-2.585812
-2.791067
-3.732030
-2.488389
-3.113110
-3.781811
-4.311869
-4.524337
-4.954282
-6.058591
-4.340542
-2.168987
-1.442520
-1.244390
-0.614470
-1.169112
-1.063015
-1.213227
-0.993922
-1.073899
0.154667
1.197055
-1.732854
1.442766
-2.136653
2.995483
-3.849154
3.417747
-4.403438
6.010037
-10.919897
22.637754
-23.700001
23.700001
-23.700001
-2.294094
-2.481874
-8.718889
-7.203818
-2.714327
0.000000
-0.807813
-5.007581
-5.516453
-5.475144
-5.245663
-4.758650
-5.015700
-6.232677
-7.907407
-7.616139
-6.770819
-5.944548
-1.484012
0.491441
1.205598
1.558082
0.512338
-0.849708
-0.997746
-0.994486
-1.017888
-0.971598
-0.901926
-0.790819
-0.575917
-0.484936
-0.499382
-0.759285
-3.266721
-2.390248
-0.860265
0.368413
1.129314
0.585815
-0.146371
-0.497394
-1.111376
-1.358375
-1.514451
-1.526014
-1.460118
-1.439667
-1.354787
-1.216474
-0.544438
-2.024748
-1.074475
-0.411636
0.774951
1.477948
0.631131
-0.923043
-0.813664
-1.115769
-1.280110
-1.279117
-1.146276
-0.957722
-0.339035
-1.379519
-1.223454
-2.183341
-1.832809
-2.273263
-2.548250
-2.392363
-2.123688
-1.864607
-1.776472
-2.825988
-2.634562
-1.446172
-1.536401
-0.913226
-0.408393
-0.189694
-0.132041
-0.054809
-0.038680
0.085086
-2.023237
2.585673
-2.762223
3.481613
-4.822010
5.421355
-6.449897
2.980182
2.391692
5.776095
0.208020
0.000000
-0.524646
-4.500754
-4.482686
-4.333474
-4.217813
-4.153971
-3.770087
-3.324161
-2.689255
-2.023792
-1.369037
-0.862440
-0.934882
-1.117395
-1.230150
-1.411718
-0.987607
-0.865796
1.035802
-2.107025
-11.414584
-0.662321
-1.514233
-0.483143
-0.629605
-0.236762
-0.204205
-0.465119
-1.287510
-0.925717
0.364521
0.409653
4.150035
-5.091294
-5.760322
-1.256190
-0.831442
-2.092398
-4.141591
-4.260736
-2.847730
-1.508358
-0.712747
-0.270371
-0.135445
-0.197744
-0.444028
-0.719642
-0.980704
-0.796326
-0.611415
-0.528299
-0.438387
-0.333406
-0.338684
-2.246825
-1.104852
-2.168971
-2.711067
-3.289553
-3.915462
-4.090083
-3.921204
-3.818950
-3.598107
-3.259880
-2.789303
-2.539728
-2.466945
-2.386108
-1.441418
-1.210867
-0.380900
-0.325208
-0.283945
-0.235481
-0.208469
-0.177870
-0.148205
-1.728164
-0.820571
2.923066
-2.820296
1.973219
-3.257753
4.168856
-3.572461
2.826455
-3.531380
4.759050
-12.825877
-0.517208
1.064883
0.071301
-0.746357
1.237066
-5.167284
0.000000
-0.734654
-0.740555
-0.872453
-1.352707
0.078754
-0.528885
-0.571999
-0.435092
-0.232683
-0.171007
-0.241550
-0.134497
-0.101098
-0.340868
-0.341786
-0.354092
-1.555403
-0.560302
-1.333931
-2.021124
-2.780402
-3.500641
-3.867076
-4.431403
-4.806612
-4.890143
-5.531701
-4.231618
-2.540814
-1.705310
-1.039025
-0.568455
-0.814387
-0.729832
-1.054365
-0.711722
-0.979020
7.010910
1.554179
-1.744393
3.310331
-3.888237
5.386717
-6.692940
5.258251
-5.513931
6.668741
-13.048326
23.700001
-1.890318
11.156984
-2.007664
-1.064346
-2.334646
-6.560670
0.000000
-0.033123
-0.408741
-0.358465
-0.439346
-0.955016
-1.702704
-2.550188
-3.072425
-3.774732
-4.162041
-3.841122
-3.386252
-0.633873
-0.985267
-2.333945
-0.575744
-1.689630
-0.936885
-0.757590
-0.757328
-0.740493
-0.709341
-0.568386
-0.549655
-2.072026
2.903505
-4.564723
6.790430
-8.109510
10.010409
-11.337259
8.544661
-10.220357
13.163152
-19.951714
16.823515
-22.752216
22.712967
-3.820439
-2.786076
2.124730
-4.194132
-5.810319
-9.863647
-10.866796
-10.187176
-7.801171
-3.820059
-3.054761
0.000000
-0.838669
-2.082768
-2.203506
-3.182606
-3.514874
-3.676659
-3.609580
-3.645545
-3.704135
-3.602582
-3.386143
-2.945498
-2.486290
-2.055931
-1.551139
-1.163975
-1.224109
-1.099670
-0.739426
-0.204888
-0.123587
-0.102146
-0.074387
-0.074076
-0.007762
0.037267
0.163810
3.017102
0.881948
0.213680
1.125604
-1.599004
2.048720
-1.825447
1.242190
-1.842953
2.227554
-7.915619
16.207773
-23.700001
23.700001
-23.700001
23.700001
0.000000
-1.731443
-4.907380
-4.546307
-3.111810
-2.974216
-3.211961
-2.911928
-4.846748
-8.749684
-7.802698
-3.451200
-2.653306
-1.477513
-2.957953
-1.608461
-2.012833
-2.482524
-2.824932
-2.835002
-2.539393
-2.265804
-2.025185
-1.675708
-1.521087
-1.631545
-2.045770
-1.910017
-2.536085
-1.911499
-0.929273
0.023124
0.462299
0.976229
1.449976
1.109520
0.799704
1.792440
-8.649596
-5.731563
-2.307924
-7.099808
0.000000
-0.584380
-2.678117
-2.574121
-0.978466
0.048243
0.145717
-0.015238
-0.122954
-0.244071
-0.376509
-0.531245
-0.590903
-0.562768
-0.498230
-0.392501
-0.390623
-1.059325
-1.091056
-1.028984
-0.825586
-0.578165
-2.005360
-2.344077
-2.620281
-2.740535
-2.539471
-2.115436
-1.382738
-0.834924
-0.970499
-1.464038
-0.402876
-0.089787
-0.051772
-0.070983
-0.927970
-0.866356
-0.735742
-0.679271
-0.739445
-0.860852
-2.093729
-0.952861
-1.385766
-1.624650
-1.833637
-2.278765
-2.630171
-2.550529
-2.437371
-2.183184
-1.668746
-1.824872
-1.585241
-1.448458
-1.919144
-2.500433
-3.189678
-7.675692
-2.086987
-0.528084
-0.657251
-1.080094
-1.706741
-2.299086
-2.851295
-3.168032
-3.272573
-3.680280
-4.113529
-4.291310
-3.373274
-1.574461
-1.766677
-1.690529
-0.875070
-0.584003
-0.596164
-0.761284
-0.759069
-0.996938
-0.993051
0.608738
1.836333
-2.845138
2.923737
-4.227500
6.239342
-6.886216
6.112038
-6.764501
8.604866
-15.213431
21.350531
-11.799414
6.432832
-6.587230
1.428156
0.000000
-0.985709
-1.351627
-1.247701
-1.320912
-1.467142
-1.485425
-1.466805
-1.354446
-1.234163
-1.101459
-1.006156
-0.920893
-0.846944
-0.789963
-0.725001
-0.634884
-0.531245
-0.521376
-0.599852
-0.215794
-0.236774
-0.254432
-0.306492
-0.513122
-0.576477
-0.677795
-0.511137
-0.807254
-0.558099
-1.251914
-1.948811
-0.636088
-1.145789
-1.788516
-2.278339
-2.130731
-1.778681
-1.325502
-0.995655
-0.855912
-0.934556
-1.072291
-1.339370
-1.420147
-1.359385
-1.222942
-1.031584
-0.957009
-0.943648
-0.881354
-0.812509
-0.842018
-0.506105
-0.430205
-0.735070
-1.565704
-2.239613
-2.910309
-3.458848
-4.000750
-4.088652
-3.957561
-3.414197
-3.080775
-3.790178
-3.332421
-2.498459
-0.802632
-0.526169
-0.322737
-0.238403
-0.274912
-0.296176
-0.281305
-0.487321
4.100163
2.202700
-2.359863
2.937968
-1.387018
2.115718
-3.992511
2.958581
-0.686895
-2.658651
0.009977
-0.337340
-5.420450
-0.587102
0.465605
-0.384556
-1.884063
-0.321300
-2.206092
-9.160057
-0.036269
-6.429575
3.548614
-2.773843
11.803875
-22.306562
23.329592
-18.663177
12.421925
-7.104802
1.773559
-0.784854
-0.234453
-0.273369
-1.232378
-1.705448
2.258828
-1.939431
12.309408
-23.700001
22.503845
-7.267496
2.125091
4.679219
-4.591535
11.833260
-2.123216
10.965895
-9.810005
5.491829
-2.889561
4.009735
-4.862665
2.606278
-4.433906
0.000000
-0.155927
-0.140194
-0.347314
-0.331396
-2.081421
-4.461172
-4.209284
-4.017952
-3.873484
-3.632153
-3.590312
-3.775595
-3.886914
-3.768669
-3.612388
-3.219800
-2.374797
-1.831730
-1.648474
-1.628911
-1.247504
-1.544337
-1.534664
-0.385944
-0.370168
-0.342273
-0.288875
-0.221946
-0.202053
2.548434
15.953935
2.170972
0.413882
-0.185719
-2.092926
-3.150660
-2.970760
-1.770447
-2.034417
-2.187409
-2.181289
-0.576414
-1.931485
-2.102730
-0.502715
-1.063333
-1.213169
-1.471825
-1.792478
-2.124164
-2.481835
-2.643516
-2.761827
-3.000066
-4.058423
-4.404314
-2.712569
-1.244582
-0.835835
-0.554938
-0.367518
-0.301604
-0.311363
-0.298551
-0.325289
-0.381822
5.456396
-2.712531
2.707113
-2.936383
6.019141
-8.283856
7.282103
-4.337364
1.469025
-0.704909
6.533475
-6.716504
15.309854
-11.023399
10.158676
-7.903698
0.000000
-0.119699
-0.306802
-0.600153
-1.269091
-1.837308
-2.298311
-2.670439
-2.884375
-3.063743
-3.137799
-4.797918
-5.050528
-4.131639
-1.882857
-0.636199
-0.462229
-0.449147
-0.745664
-0.431670
-0.375636
-0.270143
-0.203705
3.580780
1.170730
0.067585
1.706799
-1.886129
4.081573
-5.547233
2.112740
0.000000
-0.915597
-3.271447
-2.415953
-1.492129
-0.842193
-2.522631
-8.314479
-9.797270
-7.386804
-3.972070
-3.261572
-3.208277
-2.861487
-2.534343
-2.437566
0.079082
-0.595724
-1.018684
-0.570085
-0.707242
-0.740007
-0.661004
-0.483713
-0.156501
-0.130592
-0.278962
-0.437568
-0.460798
-0.471451
-0.475028
-0.447083
-0.595223
-3.715724
-4.116676
-4.141607
-4.051824
-3.731393
-3.862796
-3.830402
-4.183830
-5.643412
-4.668860
-2.052905
-0.469574
-0.679222
-0.431924
-0.918994
-1.039678
-1.041125
-0.892784
-0.894510
4.169537
2.076974
-1.790856
1.844474
-1.342546
1.979503
-3.400724
3.299740
-4.021485
4.843886
-7.991933
17.025093
-23.700001
23.700001
-23.700001
23.700001
-23.700001
7.362708
-11.768628
-6.248949
0.000000
-0.448480
-3.965886
-3.298030
-2.863785
-2.622061
-2.179687
-1.411183
-0.885839
-1.257545
-1.193956
-0.667815
-0.505805
0.248625
0.325588
0.362585
-0.099423
-0.306686
-2.966286
-0.866160
-1.730436
-2.625846
-3.073331
-3.625839
-4.122276
-4.154371
-4.029477
-3.818461
-3.695749
-4.260350
-4.119464
-3.226073
-1.126338
-0.706648
-0.401360
-0.594591
-0.698122
-0.732497
-0.723734
-0.697890
5.739786
-0.211823
1.983280
-2.069671
2.565057
-3.196749
4.994353
-6.315010
6.593434
-9.245909
-0.216284
-5.532692
4.632419
-1.503909
2.630463
-3.722892
0.278485
0.000000
-0.620748
-4.523270
-4.350924
-4.357265
-4.301613
-4.303008
-4.291088
-4.859764
-5.410491
-5.628289
-4.943287
-1.991871
-2.205409
-1.698130
-1.189427
-1.442756
-1.438331
-1.263830
-1.333009
-1.106154
-0.477806
1.473179
-0.552745
0.453930
-1.841524
0.134378
-0.621665
0.628601
-1.799957
2.513590
-4.772196
9.867477
-20.243771
23.700001
-23.700001
23.700001
-23.700001
21.906872
-23.700001
23.700001
-23.700001
23.700001
-23.700001
-15.328035
0.000000
-1.475445
-3.207530
-1.397052
-0.313092
-0.148298
-0.661335
-1.611242
-1.826040
-1.295212
-0.355395
0.311656
0.280740
-0.644438
-0.420955
-0.225950
-0.151766
-0.144072
-0.205165
-0.240009
-0.232167
-0.299908
-0.088978
0.115367
-0.159137
-0.793368
-0.871229
-1.075092
-1.507045
-2.086121
-2.660140
-3.363786
-3.973728
-4.561334
-4.779321
-4.383065
-2.567991
-2.984662
-3.039152
-2.483683
-1.501667
-1.131858
-0.701222
-0.506512
-0.397216
-0.448197
-0.575535
-0.798542
-5.949082
2.622653
-1.901610
1.956542
-3.403184
4.731041
-6.882249
6.758454
-8.439711
12.284423
-19.704063
23.700001
-2.419184
2.067163
-0.640009
-6.644799
-10.400591
-6.753782
0.000000
-0.807014
-2.140565
-1.744927
-2.234124
-2.849377
-3.423653
-4.183290
-4.218832
-3.790245
-3.618182
-3.263044
-1.455869
-1.177591
-1.161290
-1.178153
0.189695
0.169558
0.192851
0.179132
0.203521
0.181246
0.289994
0.382284
0.550960
0.517802
-1.105235
-0.718657
-1.089938
-1.702750
-2.302380
-2.982141
-3.617272
-4.096918
-4.285339
-4.287664
-4.042211
-3.595702
-3.080847
-2.166322
-3.118771
-2.878243
-2.066838
-1.284783
-0.592413
-0.340307
-0.348221
-0.317200
-0.348260
-0.318128
-0.365882
1.456109
-2.723218
2.848104
-2.830734
3.275727
-5.520474
3.377595
0.518288
-0.039241
-0.684124
-7.251407
-0.820834
4.488451
-14.133876
23.700001
0.000000
-1.518959
-6.247987
-4.453325
-0.931017
-0.715842
-0.605795
-0.984945
-1.764059
-1.808077
-1.637420
-1.555165
-1.456823
-1.389471
-1.280264
-1.276858
-1.194846
-1.061548
-0.848187
-3.513037
-1.858743
-2.427853
-2.881904
-3.459022
-3.436930
-3.323798
-3.187675
-2.994545
-2.630765
-2.349581
-2.034531
-1.590510
-1.084331
-1.591389
-1.522117
-1.455764
-1.674673
-0.951456
-0.906799
-0.397827
-0.249481
-0.143319
-0.037292
2.778935
1.731425
-2.904817
3.846363
-4.953305
4.203465
-5.177857
3.893112
-3.592355
1.795279
-2.911405
0.000000
-0.463321
-2.379291
-1.893443
0.079251
0.978567
0.109587
-0.368920
-0.849481
-1.141466
-1.291943
-1.364242
-1.378945
-1.294081
-0.540874
-0.436408
-0.329493
-0.326645
-0.611229
-0.712582
-0.813299
-0.936440
-0.939121
-0.978658
-0.950576
-0.922542
-0.844783
-0.832419
-1.723536
-1.369358
-0.579318
-0.210216
-0.107576
-0.110902
-0.293027
-0.300615
-0.460353
-0.579357
-0.388829
-2.417870
2.542449
-2.332852
3.922466
-4.695058
5.391603
-6.517436
2.009157
-1.383258
-1.417159
0.000000
-0.609157
-1.141287
-1.805045
-2.212748
-2.756135
-3.491493
-3.971777
-3.941936
-3.572211
-3.064213
-2.669604
-2.238919
-2.004411
-2.555416
-3.733539
-5.211183
-6.435434
-8.250454
-3.817841
-1.480835
0.830592
1.980576
1.927223
1.788399
1.252593
0.653072
0.110900
0.700020
0.789009
2.016971
1.304867
-0.704847
-0.199051
-0.708288
-0.440306
-0.359004
-0.310412
-0.095779
0.069213
0.209435
0.328648
2.879580
1.157871
0.000000
-1.046114
-0.741452
-1.091184
-1.707894
-1.288100
-1.029154
-1.169204
-0.546526
-0.225367
-0.134303
-0.123137
-0.217785
-0.285450
-0.362494
-0.480477
-0.485077
-0.540880
-0.495113
-0.506330
-0.616635
-0.354859
-0.378004
-0.296206
-0.212582
-0.545640
-1.050094
-1.646785
-2.609424
-3.787783
-4.568944
-4.614289
-3.984857
-3.323166
-3.187420
-5.095800
-5.116575
-3.993080
-0.230309
-0.376872
-0.543447
-1.068663
-0.954843
-0.773138
-0.741145
-0.645932
2.547613
-0.303375
1.626653
-1.101574
1.897181
-2.623451
3.066083
-2.075347
1.392416
-2.140680
4.108356
-14.947634
23.700001
-11.912806
1.827663
-4.473779
0.191517
-7.263476
0.000000
-0.879619
-6.159769
-4.476929
-2.714041
-2.015837
-2.705471
-5.044319
-5.326545
-3.412101
-1.622323
-0.780837
-3.260687
-2.966714
-2.723753
0.079071
-0.726383
-1.229456
-0.892165
-0.653011
-1.780390
-1.086062
0.227777
0.562480
0.010083
-0.046489
-0.046291
-2.184020
-0.848663
-2.161374
-2.827328
-3.416984
-4.076513
-4.457815
-4.156567
-3.895780
-3.917624
-4.034671
-4.583009
-2.739087
-1.566903
-1.071085
-0.482337
-0.499781
-0.766753
-0.658638
-0.798705
-0.661956
-0.677628
0.215299
-1.447289
2.010538
-1.794071
2.042295
-3.401561
4.785535
-6.816696
9.245240
-15.874586
23.700001
1.823792
-0.280226
-11.243163
-13.988590
-2.179516
-2.346421
-1.585477
-3.255381
7.228075
-18.508379
10.775359
-6.413642
0.000000
-0.463046
-2.493401
-1.426164
0.587629
2.597226
0.506201
-0.861072
-0.716135
-0.847822
-0.873964
-0.800551
-0.722508
-0.782021
-0.774355
-0.796842
-0.830928
-0.475561
-0.434501
-0.362214
-0.301571
-0.419118
-1.036373
-1.484173
-2.131541
-3.517042
-4.504794
-4.355016
-3.152573
-1.987546
-4.027700
-4.765529
-4.509743
-0.611955
0.309245
0.013853
-0.428419
-0.474131
-0.441421
-0.384524
-0.335036
2.488284
0.530184
0.412535
0.190224
0.251578
0.176142
-0.456026
0.795328
-1.545265
1.709453
-3.468613
6.630691
-17.005608
23.700001
-23.700001
23.700001
-23.700001
23.700001
-23.700001
23.700001
-23.700001
5.277683
-4.583751
-0.357529
-19.261810
23.700001
-23.700001
0.000000
0.209175
0.640127
3.581196
4.017708
-0.077042
-1.332791
-0.631444
-0.576655
-0.614478
-0.578839
-0.633673
-0.910042
-1.172844
-1.174604
-1.094925
-1.017920
-0.938040
-0.865792
-0.802483
-0.752487
-0.556615
-0.592527
-0.454550
-0.647048
-1.179976
-1.610402
-1.997096
-2.427014
-3.111977
-3.892747
-4.084858
-3.583335
-3.836426
-3.828706
-3.557570
-2.869734
-0.515744
-1.354021
-1.300057
-0.968795
-1.015660
-0.837481
-0.567297
-0.239261
-0.512469
-0.447741
1.449121
-0.839415
2.060376
-2.756906
2.669628
-3.242203
3.880854
-7.359996
17.392424
-23.700001
23.700001
-23.700001
23.700001
-23.700001
6.006789
-23.700001
-23.700001
-1.121572
0.000000
-0.882015
-5.791675
-5.436614
-3.533744
-3.425711
-3.340480
-3.383000
-3.310214
-3.657569
-4.139328
-4.995902
-4.844695
-2.462689
-0.072533
-0.247476
0.017443
-0.108589
-1.537611
-1.977597
-1.564555
-0.726354
-0.039872
0.033653
0.040705
0.032921
-0.072268
-0.059414
-0.059189
-0.058579
-0.167405
-0.084057
-0.056991
-0.064434
-0.063210
-0.049557
0.005064
0.112932
-0.644525
-0.149361
-0.376944
-1.178984
-2.427359
-3.771112
-5.427768
-7.776073
-8.196199
-5.326980
-3.057740
-1.942881
-3.749270
-5.982927
-3.620046
-0.888511
-1.249296
-0.913842
-0.059175
-0.278201
-0.379133
-0.403669
-0.403737
-1.553772
0.186304
1.735136
-0.962937
1.958307
-2.620014
3.413070
0.013331
-1.425871
1.190630
-2.090791
2.893404
-8.377176
0.000000
-1.037186
-2.120211
0.079006
1.358667
0.661915
-0.212498
-0.665743
-1.039008
-1.242151
-1.321450
-1.317087
-1.213637
-0.980774
-0.626745
-0.521742
-0.460614
-0.382326
-0.534551
-0.716722
-0.837718
-0.934467
-1.264793
-1.544228
-1.608802
-1.373652
-1.064710
-0.747160
-1.743710
-1.576688
-1.064586
-0.059819
0.002921
0.014797
0.060967
0.024655
-0.015519
-0.538318
-0.638716
2.397486
-1.158298
2.349066
-2.238035
3.513272
-4.910103
3.349744
-2.675828
1.330305
-1.803387
2.318448
-5.913167
16.079494
-23.700001
23.700001
-21.306293
-10.075788
-9.080933
-3.042410
-3.738605
-1.567630
-2.503045
-2.801418
-2.856442
-3.283308
-3.242505
-2.111177
-1.381367
-0.763479
-0.371473
-0.216605
-0.144297
-0.270096
-1.332215
-0.360490
-1.949905
0.776670
0.267089
-0.548364
1.185125
-3.468751
2.993563
-3.156887
1.812780
-2.009312
-0.332899
0.111497
-0.145382
-1.176489
-1.486431
-0.728059
0.520058
0.059818
-1.417352
-0.553732
-2.232371
-0.845631
-2.176561
0.000000
-0.786341
-0.645967
-1.642461
-2.439740
-2.999864
-3.292909
-3.522404
-3.664280
-3.750350
-2.448273
-4.611447
-4.203139
-2.589203
-0.849516
-0.436304
-0.269599
-0.356088
-0.352130
-0.438522
-0.358472
-0.456118
-5.583671
3.371683
-3.554569
5.453745
-7.509404
8.370888
-8.940198
1.015778
-1.782137
0.312387
-2.042315
2.062444
-4.579982
11.231424
-23.700001
23.361830
0.000000
-2.025474
-5.487070
-4.017805
-0.862098
-0.644178
-0.404213
-0.956620
-1.684991
-2.061171
-1.526082
-1.555423
-0.953833
-0.848742
-1.013190
-1.114808
-1.095042
-0.869567
-0.663996
-0.710435
-2.265475
-4.082904
-3.812408
-3.719379
-3.571859
-3.405186
-3.305672
-3.080628
-3.000074
-2.903632
-2.689951
-2.380742
-1.759531
-1.376231
-1.239110
-1.275082
-1.331303
-1.214342
-0.412571
-0.438187
-0.668041
-0.502152
-0.427292
-0.339459
-0.237140
-0.097964
0.126252
1.887536
8.448870
14.160551
9.050463
2.891186
-0.695857
-0.207930
-0.454182
-0.654981
2.452404
-0.322700
-2.142000
-3.100130
-3.910857
-4.127841
-4.429537
-4.690679
-4.702117
-4.934980
-5.620364
-5.813044
-5.257089
-4.551604
-4.096152
-3.816459
-3.093678
-1.217227
-0.541477
-0.419835
-0.368427
-0.611292
-0.674069
-0.904279
-1.237308
-1.484155
-1.126013
-0.881070
-0.528092
-0.101217
0.663006
2.042269
2.784248
1.509399
5.395950
5.033370
-0.699226
-0.163600
0.064590
0.137498
0.247662
-2.843940
-0.942049
-1.525864
-1.684539
-1.845457
-1.969456
-1.968518
-1.884686
-1.638396
-1.397653
-1.344387
-1.362491
-0.608935
-1.139576
-1.397708
-1.265847
-1.825731
-1.474630
-1.612917
-1.045236
-1.289145
-0.600419
-0.654092
-3.864817
4.936342
-7.976142
9.317530
-11.462825
9.894256
-10.315938
0.000000
-0.016346
-1.884412
-1.174894
0.010758
2.123714
0.269123
-0.797330
-0.710854
-0.829212
-0.822764
-0.743247
-0.678993
-0.852390
-0.574528
-0.519195
-0.443899
-0.455554
-0.462282
-0.766861
-1.260703
-1.673086
-2.179531
-2.941001
-4.104805
-4.568605
-4.174002
-3.422265
-3.119396
-4.092434
-5.235911
-4.644318
-2.420111
-1.515598
-1.485080
-1.361063
-1.409615
-1.308212
0.190785
0.463490
0.440284
1.869186
0.852129
-0.408964
1.692788
-1.905602
2.759717
-2.722901
2.379035
-2.996262
5.008699
-12.154123
23.700001
-23.700001
23.700001
-23.700001
23.700001
-23.700001
23.700001
-16.230047
-1.876982
-23.700001
0.000000
0.012428
0.003702
0.456545
0.823407
0.883424
0.938102
1.070225
1.031602
0.911838
0.721108
0.476634
0.195043
-0.083021
-0.196355
-0.230918
-0.213397
-0.072180
-0.072498
-0.062717
-3.841892
-0.826682
-1.235655
-1.854707
-2.219216
-2.389677
-2.246155
-1.885277
-1.558432
-1.183479
-1.070679
-1.001456
-0.927356
-0.989969
-1.064392
-1.026649
-1.038430
-1.377106
-1.328721
-1.024440
-0.936584
-0.824351
-0.798002
-0.402051
-0.440693
-0.381322
-0.550141
-1.161544
-1.736764
-2.438952
-3.199920
-4.055226
-4.454815
-4.462765
-3.859156
-3.264390
-2.910419
-3.675727
-3.111480
-2.034533
-0.418271
-0.195535
-0.099867
-0.338311
-0.204472
-0.371499
-0.336162
-7.534475
3.235793
-1.305844
2.177183
-3.422741
4.147226
-4.800028
3.889796
-4.205739
5.242334
-9.317822
20.226147
-23.700001
23.700001
-23.700001
23.700001
-4.219911
-3.315461
-2.446544
-11.231754
0.000000
-0.511283
-0.561478
-0.570297
-1.156926
-1.577860
-2.131309
-2.643687
-3.126603
-4.009114
-5.394173
-6.038074
-5.474694
-3.327800
-3.289269
-2.730140
-2.065884
-1.358259
-1.185558
-1.102558
-1.033422
-1.166976
-0.873520
-0.961895
-7.385860
4.882267
-3.146837
5.181232
-6.027490
7.561071
-9.380379
8.861764
-10.845424
15.133576
-22.440187
23.700001
-0.523983
-12.731703
-10.518182
-2.337584
-6.807678
0.000000
-0.023709
-2.367160
-2.724304
-2.948593
-2.918011
-2.817906
-2.708889
-2.729196
-2.779717
-2.748115
-2.690274
-2.552290
-2.361599
-2.082797
-1.724974
-1.276683
-0.950234
-0.782667
-0.685230
-0.582699
-0.673938
-0.880790
-0.338515
-0.286064
-0.241849
-0.188882
-0.119353
-0.043140
0.029815
0.173354
0.655215
1.687778
1.950117
1.273635
1.220671
1.377810
0.224411
-2.267291
-0.685852
-0.980264
-1.639184
-2.553864
-3.627650
-4.797089
-6.165976
-7.658901
-8.125251
-6.865440
-6.282254
-4.766644
-4.815557
-3.027569
-1.024894
-0.432872
-0.533934
-0.828255
-1.014715
-1.022878
-1.103042
8.207040
-0.725448
1.179676
-1.716082
3.022927
-4.784447
5.639584
-6.487523
8.184933
-13.024013
19.182936
-23.700001
23.700001
-23.700001
22.912270
-23.700001
-7.377228
-3.078532
-1.535338
-8.492030
0.000000
-0.509425
-0.319063
-0.099329
0.019117
-0.035245
1.010299
3.359359
0.784136
-1.117086
-1.488211
-1.476871
-1.080246
-0.534662
-0.570413
-1.293822
-0.595067
-1.636670
-2.268893
-2.932825
-3.424791
-3.773873
-3.936485
-3.921335
-3.868036
-4.328898
-5.020638
-3.947189
-1.936477
-0.775937
-0.841600
-1.195911
-1.380567
-1.170085
-1.137849
-0.620948
-3.758381
2.038692
-1.763715
3.147190
-3.476314
6.311735
-8.511709
7.746002
-7.755737
8.695606
-13.470897
23.404119
-5.470713
-15.599506
-11.796034
-3.134141
-15.887566
0.000000
-0.044693
-0.744032
-0.240331
0.289894
0.802278
0.921540
1.098870
1.047493
0.810230
0.622170
0.551181
0.579940
0.808460
1.359254
2.097059
2.848449
2.519324
2.118916
0.208267
0.208659
-1.512512
-4.253627
-3.685621
-3.493360
-3.394699
-3.212425
-3.125860
-2.997986
-3.076780
-3.092316
-3.029364
-2.776251
-2.439714
-1.902883
-1.353568
-1.068309
-0.987929
-1.024645
-1.074747
-1.086444
-1.609777
-0.464810
-0.419461
-0.359364
-0.284020
-0.175943
-0.050231
0.037676
0.022217
1.281242
8.521152
5.806034
2.930885
0.376877
-5.868633
0.012048
-3.018031
-0.551590
-0.420213
-0.336101
-0.439935
-0.719487
-1.067539
-1.440172
-1.707286
-2.105943
-2.345948
-2.393655
-2.754693
-3.951024
-5.742797
-4.898813
-1.884186
-0.629856
-0.421572
-0.219672
-0.052124
-0.004654
0.040669
0.091938
0.089587
0.924782
-1.489049
3.252295
-3.744524
8.417547
-7.373205
6.941876
-6.800623
5.875348
-7.961357
0.000000
-0.171459
-0.207090
-0.038591
-0.004817
-0.560039
-1.024608
-1.302081
-1.456568
-1.568403
-1.457138
-1.391090
-1.319665
-1.347960
-2.656630
-2.446881
-1.457763
-0.413026
-0.219441
-0.261966
-0.388067
-0.129282
0.033170
0.108513
0.211404
-10.370458
-10.139897
-9.013481
-6.297275
0.000000
-0.653080
-1.181510
-1.925751
-2.453450
-2.942726
-3.417054
-3.624649
-4.350183
-6.113872
-6.488391
-3.658283
-1.105545
-0.644657
-0.528645
-0.456936
-0.696038
-0.691707
-0.762510
-0.853709
-8.595577
2.734143
-1.137146
3.034044
-4.553228
5.551117
-6.503696
5.642686
-5.717205
6.740121
-11.509328
20.837204
-23.700001
23.700001
3.147874
-1.490970
3.488785
-13.620185
-12.367328
-5.515596
-3.380529
-2.579831
-2.595665
-2.218153
-2.073023
-1.918346
-1.369600
-1.207372
-1.166580
-1.217455
-1.270088
-0.601029
1.450231
1.350447
0.643966
-0.214200
-0.871087
-1.046140
-1.434149
-1.292121
-1.094181
-0.368224
-1.635193
0.405404
-2.182426
1.453324
-2.762643
3.250027
0.067415
2.598284
-2.534017
1.639136
-1.696443
3.019524
8.064877
-0.688247
-1.773273
0.546261
0.000000
-1.118600
-2.471366
-3.406357
0.079093
-0.431858
-0.709376
-0.767934
-0.629624
-0.741425
-0.568452
-0.033775
0.576628
-0.516526
-3.437995
-4.047897
-4.103487
-3.950000
-3.411616
0.078867
-1.390008
-1.315495
-0.732293
-0.827438
-0.786592
-0.546584
-0.396768
-0.549975
-0.600147
-0.638237
-0.657595
-0.641093
-0.561946
-3.530259
-3.724347
-3.665669
-3.514990
-3.240870
-3.201469
-2.974703
-2.736940
-2.507891
-2.305076
-2.012081
-1.717560
-1.328202
-0.955350
-0.759463
-0.669667
-0.597215
-0.618288
-0.624920
-0.863997
-0.491424
-0.324035
-0.261568
-0.199001
1.134866
1.899693
1.890866
1.704053
-0.211812
-0.543329
-0.432260
-0.190120
0.076636
11.393250
-0.851134
-1.461165
-1.493422
-2.187669
-1.989332
-1.506961
-1.568636
-1.794308
-2.192808
-2.589507
-2.682693
-2.512251
-2.153874
-1.862109
-1.667631
-1.591498
-1.977871
-1.896195
-1.855020
-1.844160
-1.807687
-0.203154
-0.278750
-0.653470
-1.282399
-1.549178
-2.081338
-2.447850
-2.799087
-3.032578
-3.143062
-3.074464
-2.880867
-2.783546
-3.176080
-3.621255
-2.631909
-0.897418
-0.486276
-0.216175
-0.233367
-0.246429
-0.260927
-0.266738
-0.353725
-0.364379
4.001423
-5.057069
5.544675
-3.825924
6.229889
-4.429241
0.000000
-0.406960
-1.670264
-1.830718
-2.765657
-1.510157
-0.150884
-0.532632
-0.638043
-0.821061
-0.718172
-0.382770
0.437144
-0.544361
-0.564917
-0.619940
-1.026421
-1.757262
-2.219621
-2.645793
-3.026409
-3.778817
-4.384174
-4.393086
-3.692038
-3.013883
-3.077757
-3.572139
-2.807830
-1.090178
-0.479861
-0.289138
-0.266044
-0.290208
-0.262181
-0.288794
-0.282339
5.736974
-0.594319
1.588826
-3.159213
4.757665
-9.021688
6.870166
-7.526148
-4.867912
-2.211724
1.725204
-9.377026
-1.191443
-5.620393
2.838291
-4.878874
6.285300
-4.625038
2.891155
-3.703011
0.000000
-0.541559
-3.323779
-2.727254
0.079088
2.136768
1.143645
-1.010288
-0.840321
-0.705441
-0.865221
-0.818549
-0.855667
-0.807479
-0.776568
-0.828621
-0.874199
-0.418526
-1.284620
-0.792843
-1.146788
-2.230112
-2.670424
-2.885645
-2.889271
-2.956098
-3.291358
-3.439728
-3.396761
-3.144250
-2.913363
-2.470856
-1.855061
-1.743819
-1.664552
-0.719896
-0.905262
-0.823256
-0.780079
-0.736383
-0.662078
-0.534578
-0.416611
1.901897
0.615546
0.016779
0.441158
0.290988
-0.047572
0.064290
-1.033600
0.329306
-1.246535
1.448145
-3.706549
9.382660
-23.700001
23.700001
-23.700001
21.038078
-21.516228
16.762836
-2.865904
2.887155
-7.210448
-4.060902
-8.560669
2.543995
0.000000
-1.011638
-1.907387
-1.645971
-2.068660
-2.334074
-2.606722
-3.031233
-3.361674
-3.119358
-2.689414
-1.991780
-1.137589
-0.906798
-0.934613
-0.925065
-0.926223
-0.913830
-0.861015
-0.852579
-0.825208
-0.832711
-0.716441
-0.625869
-0.520125
-0.488865
-0.484032
-2.494386
-0.996000
-1.827947
-2.268918
-2.733384
-3.267646
-3.853823
-3.882895
-4.063000
-3.588856
-4.754826
-3.367216
-2.157305
-1.432468
-0.891798
-0.765117
-0.906807
-1.173708
-1.035364
-1.063209
-0.821895
-2.350111
1.614682
-1.956368
2.610004
-4.418731
5.928541
-8.376536
7.940049
-9.328269
13.026664
-20.554150
23.700001
-23.700001
23.700001
-0.776351
-10.896999
-16.098560
-7.679123
0.000000
-0.399002
-1.095759
-1.154084
-1.805323
-2.385671
-3.065015
-3.716449
-3.915940
-3.821536
-3.661061
-3.486093
-3.198046
-2.842156
-1.839696
-2.173821
-1.879624
-1.660530
-1.353115
-1.062566
-1.351763
-1.147829
-1.074353
-0.408760
-0.288486
0.006345
2.176222
0.375816
0.564513
0.169970
-0.766803
2.086577
-1.618010
0.951734
-1.130272
1.856438
-3.387911
8.501583
-22.861269
23.700001
-23.700001
23.700001
-23.700001
23.700001
0.000000
-2.382950
-1.655976
-1.678862
-1.201668
-0.935724
-0.914025
-1.687321
-2.043279
-2.320272
-2.432344
-2.440779
-2.222364
-1.905825
-1.423119
-1.142529
-1.157850
-2.083103
-0.690759
-1.341605
-1.908278
-2.364080
-2.613594
-2.684466
-2.458753
-2.118098
-1.849106
-1.675257
-1.260820
-2.026329
-2.003753
-2.632993
-1.753993
-0.702227
-0.163061
-0.083581
0.227075
0.116133
-0.133488
6.284744
0.686405
3.581150
-5.388857
7.346655
-8.167978
8.148161
-6.131564
5.426640
-5.572603
5.286355
0.000000
-1.323813
-4.511003
-0.690997
-0.547448
-0.420086
-0.342165
-1.057220
-1.727361
-1.862055
-1.171060
-1.086220
-0.438304
-0.226592
-0.282304
-0.334732
-0.364495
-0.357660
-3.148488
-4.082262
-3.770448
-3.737029
-3.656497
-3.666315
-3.780795
-3.658334
-3.570096
-3.207487
-2.884943
-2.373316
-1.734616
-1.402603
-1.338484
-1.362544
-1.364696
-1.280232
-1.321178
-0.751152
-0.458692
-0.385356
-0.299960
-0.214604
-0.214821
-0.291800
-0.794225
3.939794
6.932971
6.377821
2.491230
0.125095
-1.345864
-1.786927
-1.985025
-1.391624
-0.937723
-1.721238
-1.914024
-2.611751
-3.011236
-2.500396
-1.571367
-0.635291
-0.463044
-0.606852
-0.862687
-0.984128
-0.692338
-0.402026
0.079538
0.487964
-0.803023
-1.420095
-1.452585
-1.816402
-2.156233
-2.583407
-2.946231
-3.406905
-3.579854
-3.605140
-3.905117
-3.785752
-3.184996
-2.343461
-1.854699
-1.455093
-2.238544
-1.881170
-1.027665
-0.907815
-0.382862
-0.389653
-0.572329
-0.591713
-0.737774
-0.594952
-0.560176
0.566633
-1.173188
1.503331
-1.524035
3.428045
-3.997048
5.595125
-7.281300
7.374721
-11.456688
18.051420
-23.700001
20.906652
-6.745983
0.000000
-0.554124
-3.464522
-3.717537
-3.963633
-4.107537
-4.155753
-4.224459
-4.295153
-4.283303
-4.001371
-3.695657
-3.167621
-2.413949
-1.797265
-1.244089
-0.826022
-0.756544
-0.956282
-1.006235
-0.666845
-0.727157
-0.761521
-0.738349
-0.639777
-0.651152
-1.142473
-1.027871
1.319057
2.483281
4.157556
5.354897
5.241928
2.853574
0.576829
0.167693
-3.160625
-5.524666
-3.542978
-1.306154
-1.436069
-1.688199
-0.924807
-1.288175
-1.522115
-1.374468
-0.997395
-0.786060
-0.852975
-1.038188
-1.287351
-1.389925
-1.384280
-1.280771
-1.107316
-0.988797
-0.838037
-0.704422
-0.605779
-0.568545
-0.771266
-0.451427
-2.972872
-2.984218
-2.993870
-2.643939
-2.090917
-1.111267
-1.364980
-0.909541
-0.670886
-0.585388
-0.386019
-0.448917
-0.579126
-0.621982
-0.669955
-0.696250
-0.708060
-0.706567
-0.694039
-0.622424
-0.601431
-0.709036
-0.814670
-1.261245
-1.878069
-2.456900
-3.125055
-3.858143
-4.276113
-4.202930
-4.615368
-4.618615
-4.467991
-4.125331
-2.923030
-2.373264
-0.883955
-0.632408
-1.207383
-1.203554
-1.200187
-1.052790
-1.081783
-0.988851
3.693814
-1.345299
1.578483
-1.959880
3.582485
-4.827968
5.433714
-6.887752
8.304228
-14.933434
23.700001
-23.700001
23.700001
-23.700001
-6.022968
-7.108584
-4.060900
-1.400039
-1.257466
-1.432308
-1.379248
-1.434515
-1.489872
-1.275690
-1.139196
-1.083004
-1.056930
-0.939937
-0.987729
0.000000
-0.507836
-4.404038
-3.818767
-3.581970
-3.630445
-3.496469
-3.910475
-3.986129
-3.742955
-3.867028
-4.020077
-3.463723
-1.863182
-1.860664
-1.879481
-1.808531
-1.527221
-1.344105
-1.369900
-1.283734
-1.246526
3.051200
1.606334
-1.776778
1.401652
-1.468300
1.616159
-2.691059
4.363379
-6.998374
10.805323
-17.284109
23.695362
-23.700001
23.700001
-23.700001
23.700001
-23.700001
23.700001
-23.700001
12.290134
-7.880269
3.193847
-2.908355
0.576416
-1.267562
-1.131006
-6.362920
0.000000
-0.463654
-0.672085
-0.534406
-1.032150
-1.442892
-1.726918
-2.021636
-2.401295
-2.668250
-2.595827
-2.704188
-2.785781
-3.010587
-3.227988
-2.278875
-1.718802
-0.933108
-0.749014
-0.444037
-0.224999
-0.270353
-0.426625
-0.448735
-0.445068
-2.936105
2.199694
-1.924692
2.260970
-1.900814
2.924739
-3.990574
4.332447
-5.699546
7.476653
-13.853094
23.420366
-23.700001
1.262054
-0.955910
-3.083965
-10.099466
-5.775475
0.000000
-0.646890
-1.177945
-1.128437
-1.890629
-2.618034
-3.289547
-3.943475
-4.332219
-4.061330
-3.631950
-3.273163
-2.899933
-1.303509
-1.472961
-0.914109
-2.180745
-0.747991
-0.424477
-0.413009
-0.450734
-0.408855
-0.433627
-0.470394
-0.372183
2.679251
0.380180
-1.110784
-4.006651
3.241007
-4.620612
6.312670
-10.058636
13.186909
-16.986269
21.356415
-23.700001
23.461496
-23.700001
0.000000
0.476876
-0.132359
1.537728
2.966808
0.903515
-0.272112
-0.671484
-1.173080
-1.354919
-1.421366
-1.463582
-1.505258
-1.504486
-1.633256
-0.531140
-2.537544
-1.506239
0.984933
3.007064
2.098811
0.156043
-0.552803
-0.756860
-0.899556
-0.852173
-0.761272
-0.689423
-0.650444
-0.668980
-0.709959
-0.574590
-3.242351
-2.638622
-0.846071
-0.042503
0.205359
0.312196
-0.314858
-0.413320
-1.150053
-1.602475
-1.864230
-2.003000
-2.069564
-2.203786
-0.450269
-0.315190
-0.144077
0.013030
0.066568
0.042422
0.025127
-0.004754
-0.014620
-0.025606
-0.095623
-0.149674
-0.239632
-0.321230
-1.338146
-1.224653
-0.857407
-0.165334
-0.070053
-0.044719
-0.036223
-0.198388
-0.189438
-0.098073
-0.081796
-0.092450
-3.185055
2.172690
-1.063542
2.350600
-3.849799
4.740035
-4.752708
3.866354
-3.781935
9.725003
0.262727
-1.448925
2.200850
-6.090934
0.000000
-0.262011
-2.416826
-1.607991
0.191719
2.185876
1.147809
-0.914079
-0.623041
-0.752450
-0.802978
-0.951832
-1.014298
-0.973280
-0.884486
-0.798287
-0.750566
-0.737168
-0.746881
-0.744141
-0.397909
-0.405725
-0.403289
-0.377348
-0.456511
-1.137900
-1.597772
-2.148994
-3.043930
-3.851385
-3.753661
-2.980756
-2.459177
-2.746740
-4.262444
-4.750899
-3.792485
-1.897983
-1.237086
-1.188046
-1.078277
-1.036129
-0.961798
-0.929554
-0.870599
-10.630656
1.609132
1.232689
0.691695
0.598731
-0.608755
1.214036
-2.318959
2.937942
-6.427952
15.055173
-23.700001
23.700001
-23.700001
4.262675
0.000000
-0.962976
-4.990616
-3.482873
-1.301057
-0.242448
-0.238264
-1.078854
-1.078629
-0.324245
-0.342826
-0.555395
-0.919281
-1.196644
-1.297844
-1.087013
-0.970415
-0.821696
-3.568322
-0.652420
-1.791609
-2.415562
-2.854142
-3.081342
-3.159969
-3.029699
-2.761102
-1.070417
-2.579281
-1.931949
-1.833541
-2.028467
-1.997802
-1.710475
-1.790537
-1.808579
-1.691099
-1.742107
-1.617795
0.743065
-0.718818
0.653144
-0.395100
0.390269
-0.800842
2.872712
-4.921813
6.853605
-10.819818
16.344292
-4.283531
0.000000
-0.324328
-1.569697
-1.541500
-2.112968
-2.662041
-3.318277
-3.915416
-4.220646
-4.311837
-4.393974
-4.652478
-4.575917
-4.205237
-3.528517
-3.061553
-2.054727
-2.234921
-2.074425
-1.751134
-1.020085
-1.033563
-1.055269
-0.894148
-0.842306
-0.755139
-0.706930
-0.591116
2.979495
1.430761
2.332593
-2.244022
1.791291
-1.636560
3.629752
-5.214826
6.852354
-11.869202
17.900276
-23.700001
23.700001
-23.700001
23.682272
-23.700001
23.573853
-23.700001
23.700001
0.000000
-1.650604
-8.741989
-7.557448
-6.808001
-6.948751
-7.124645
-7.563714
-7.601391
-7.139952
-6.693123
-6.449565
-6.097455
-5.189843
-4.464986
-3.862874
-3.197881
-2.723620
-2.795551
-1.134641
-0.783139
-0.850391
-0.539961
-0.181459
0.063820
-0.243609
-1.636603
-3.249042
-0.975082
0.972274
1.246868
0.953027
0.997076
1.907383
2.351334
0.713594
-0.057629
-0.030903
1.297938
-1.616799
-3.536032
-4.253820
-5.299989
-5.632783
-1.997741
-5.448521
-2.130708
1.291355
-0.814105
-3.566368
-3.280145
-2.945663
-3.083787
0.079116
-0.929291
-0.783778
-0.823378
-0.792059
-0.618707
-0.352065
-0.130949
0.052881
-0.651963
-3.674703
-4.071157
-3.961754
-3.640538
-3.329374
-3.021709
-2.777570
-0.348605
-1.660552
-1.387874
-0.882841
-0.646120
-0.929869
-0.486978
-0.600918
-0.673075
-0.723244
-0.719661
-0.682757
-0.379265
-0.350687
-0.319777
-0.277448
-0.200832
-0.131518
-0.003072
0.078501
-0.129544
-0.143315
-3.119116
-2.668100
-0.598738
-0.491302
-0.228697
-0.161439
-0.074186
-1.100817
-2.235873
-2.797259
-2.873137
-2.809659
-2.640467
-2.048702
-0.898826
0.235192
0.263935
0.277137
-1.616449
-0.908433
-1.797791
-2.593815
-3.337889
-3.911511
-4.187839
-4.511874
-4.199914
-3.882914
-3.515917
-1.612862
-3.183874
-3.210221
-2.156463
-1.363426
-1.067844
-0.819772
-1.336424
-1.045367
-1.027486
-0.890443
-0.886950
2.881972
-1.593157
3.530335
-4.252465
5.570369
-7.825982
7.420103
-7.785225
9.041183
-12.611685
19.252653
-23.700001
5.554546
1.344560
-4.424595
-5.647195
0.000000
-0.490905
-0.453842
-0.540573
-1.389574
-2.064327
-2.843411
-3.550202
-4.026251
-4.270974
-4.113105
-3.768549
-3.177175
-2.981902
-3.430650
-3.507239
-2.592275
-1.243568
-0.867713
-1.150794
-0.616620
-0.602172
0.202454
0.305965
0.277058
-7.784945
1.857731
-0.946253
1.807873
-2.012348
1.616304
-1.011233
0.861826
-2.305125
3.384657
-6.670140
14.380142
-23.700001
23.700001
-23.700001
23.700001
-0.449193
-5.280107
-3.985986
-2.635191
-2.441228
-2.704146
0.000000
-0.816860
-1.904339
-1.898759
-2.493787
-2.865527
-3.448860
-4.006782
-4.219043
-4.045317
-3.806442
-3.512861
-3.231529
-2.996781
-2.030114
-2.546932
-2.132025
-1.825203
-0.965554
-0.569668
-1.028797
-1.064568
-1.069824
-0.904393
-0.877908
-0.324941
1.907405
-2.010073
2.919180
-3.754390
5.366117
-7.108447
6.895164
-5.880534
5.046475
-7.191758
14.844690
-23.700001
23.700001
-23.544399
21.338381
-23.700001
-2.191537
-0.369150
-0.596506
0.000000
-0.698557
-0.718573
-1.096879
-1.627761
-2.274448
-2.794123
-3.304763
-3.829560
-4.448148
-5.155298
-5.018299
-4.390675
-3.996493
-2.970490
-2.044849
-0.899785
-0.710268
-0.695017
-0.663314
-0.758759
-0.918784
-0.873697
7.936790
-1.186713
2.443940
-3.030232
5.130275
-5.572861
5.420142
-4.214410
3.804178
-5.449848
11.802764
-3.143466
-0.702338
-1.535503
0.092247
-0.116645
-2.192120
8.922638
0.000000
-1.337011
-0.987631
-0.893740
-0.741188
-1.137574
-1.759154
-2.314142
-2.654926
-2.844124
-2.904889
-2.818733
-2.736505
-2.585159
-0.603248
-1.774629
-2.569127
-1.601767
-1.194706
-0.644438
-0.348558
-0.356316
-0.283490
-0.292363
-0.546114
-0.755606
-7.503900
3.150251
-2.030333
2.541640
-3.791259
5.361414
-6.701542
7.154914
-6.878802
8.588564
-11.240366
16.848089
-22.237438
-0.076732
-2.463017
0.000000
-0.633339
-0.540379
-0.683721
-1.440962
-2.238740
-3.031456
-3.822925
-4.514451
-4.788095
-4.930850
-4.776367
-4.162101
-4.288762
-3.448064
-3.015371
-1.084715
-0.719521
-0.422304
-0.727645
-0.705590
-0.822311
-0.720415
-0.690751
-2.925723
-0.249679
0.856546
0.432428
-0.208728
-0.320032
1.332314
-2.896846
3.560555
-5.858868
8.948363
-16.436289
23.700001
-23.700001
0.678526
-5.307924
-6.066565
-2.590687
-2.145127
-2.968788
-2.453635
0.000000
-0.567918
-1.377875
-1.500937
-2.090137
-2.685237
-3.356415
-4.026839
-4.271966
-4.112401
-3.909432
-3.662284
-3.367889
-3.295207
-3.356540
-2.509931
-1.718584
-1.207217
-0.624122
-0.593462
-1.010927
-0.991015
-1.007594
-0.803076
-0.840604
0.428149
1.204713
-0.956356
1.071303
-2.420996
4.056992
-7.239934
7.066281
-8.991181
12.772272
-19.938538
23.700001
-23.700001
23.700001
-23.700001
20.407301
-2.578607
-1.253474
-1.522320
-1.480333
0.000000
-0.667331
-2.505752
-2.656320
-3.329049
-3.638998
-3.696808
-3.720957
-3.575857
-3.391814
-3.176472
-2.823572
-2.511232
-2.180640
-1.872686
-1.480370
-1.065450
-0.640151
-0.908153
-0.775099
-0.632965
-0.521043
-1.200886
-1.119274
-0.955968
-0.989493
-0.816024
-0.514489
0.074588
-7.471054
2.378510
-1.477715
3.436846
-8.357626
6.419863
-6.919854
6.128491
-6.265122
4.977789
-12.321411
0.000000
-0.277632
-1.376862
0.155150
2.293215
3.144005
0.757349
-1.097372
-0.694912
-0.721100
-0.719496
-0.708041
-0.815896
-1.131592
-1.059584
-0.933416
-0.812352
-0.749273
-0.709340
-0.685240
-0.667624
-0.658348
-0.658220
-0.510196
-0.410034
-0.375982
-0.345895
-0.687383
-1.397366
-1.932213
-2.459593
-3.290512
-3.806621
-3.763088
-3.242975
-2.904498
-3.559568
-4.043529
-3.724624
-2.057571
-1.302505
-1.011502
-0.979782
-0.892691
-0.865403
-0.807718
-0.780933
-10.493737
2.735809
-0.272085
1.582937
-0.285303
1.350962
-1.172089
0.958174
-1.924849
2.945133
-6.752864
17.448357
-23.700001
23.700001
-23.700001
23.700001
-23.700001
23.700001
-23.605644
23.700001
-23.700001
23.700001
-13.877942
-6.062180
0.000000
-0.536723
-2.815351
-2.863683
-3.359084
-3.413980
-3.333491
-3.305271
-4.312289
-4.718343
-4.182329
-3.070606
-0.692323
-1.919116
-1.763686
-2.077734
-2.193681
-1.691818
-1.758045
-1.270031
-1.755730
-0.749899
-1.319178
-4.817930
3.142417
-1.371309
2.415850
-7.081016
7.159862
-9.470320
8.115425
-10.506498
13.573882
-18.938656
23.700001
-23.700001
23.700001
-23.700001
0.402141
0.000000
-0.860948
-4.543869
-2.630370
-1.997676
-0.727635
-0.400676
-1.385000
-2.396913
-1.532060
0.564851
0.530909
0.108546
-0.481740
-0.414526
-2.752938
-1.561003
-2.511535
-3.333654
-3.467415
-3.868558
-3.979326
-3.738641
-3.367272
-3.050432
-1.204858
-2.423522
-2.362550
-2.125616
-1.840431
-1.410745
-1.060611
-1.067935
-0.926743
-0.897119
-0.882459
-0.888654
0.931595
1.272955
-1.910170
1.880462
-2.330682
3.871928
-6.139225
7.986278
-11.661339
15.823702
-21.650772
23.700001
-23.150951
23.700001
6.917126
2.660121
0.000000
-0.851151
-0.745666
-0.819477
-1.904799
-2.771075
-3.675836
-4.390728
-5.034407
-4.804668
-4.627254
-4.327452
-3.944168
-2.427511
-3.312530
-3.092034
-2.202795
-2.054344
-0.945130
-1.309657
-1.226626
-1.297728
-0.948508
-0.995753
-0.229852
-0.198619
-1.792285
2.441258
-2.869320
3.715633
-6.708313
7.326952
-8.164183
9.440069
-14.979754
21.844086
-23.700001
23.700001
-22.574877
-0.558125
-4.395183
-2.194183
-1.983858
-2.111888
0.000000
-0.526652
-3.998857
-4.249853
-4.074183
-3.788402
-3.755284
-3.683625
-3.619545
-3.445985
-3.191390
-3.014555
-2.700315
-2.226419
-1.594944
-1.193310
-0.987914
-0.890098
-0.808710
-0.899526
-0.890888
-1.064309
-0.044431
0.044571
0.122471
-0.526423
-2.088037
-6.288942
-2.194711
-0.226532
0.207970
0.296801
0.293041
0.718737
1.336866
0.919112
2.390658
0.433080
2.134186
-0.926280
-2.081326
-2.113903
-2.356239
-2.510782
-3.185749
-3.773406
-4.248967
-4.514201
-4.457988
-4.052660
-3.697023
-3.369179
-3.071785
-2.748003
-1.958385
-2.058187
-1.948871
-1.546680
-1.097547
-0.560772
-1.049829
-0.743660
-0.664148
-0.530667
-0.430965
-0.274953
0.022652
5.640408
-7.555259
7.944529
-6.568818
7.371439
-8.647337
5.588874
-5.088964
5.295922
0.000000
-1.288925
-4.237641
-2.661432
-1.579089
-0.890055
-2.068355
-9.370864
-8.282664
-6.082787
-12.391381
-1.819444
0.076412
1.208214
2.604945
0.476243
-0.798581
-1.192733
-0.616805
-0.549882
-0.589339
-0.784968
-1.233513
-1.239676
-1.173543
-1.153082
-1.120227
-1.010952
-0.951686
-0.891148
-0.843540
-0.800191
-0.723737
-0.485465
-0.449867
-0.487576
-0.816216
-1.437384
-1.834593
-2.167241
-2.548561
-2.929830
-3.482715
-3.657294
-3.351105
-4.105126
-3.500960
-2.718221
-0.887553
-0.228291
-0.416750
-0.877327
-0.593868
-0.657607
-0.306771
-0.243093
-1.938852
-0.516811
1.203179
-0.299338
2.150495
-2.102601
2.231994
-4.061374
10.446701
-3.180809
-1.896477
1.537338
-0.281284
-1.115004
-4.829265
-4.628544
-2.921362
-1.601295
1.291461
0.000000
-0.591898
-4.338970
-3.920261
-3.747895
-3.764370
-3.745196
-3.616455
-3.672739
-3.673589
-3.562613
-3.270771
-2.950706
-2.467748
-1.792173
-1.362547
-1.182627
-1.158428
-1.198882
-1.208022
-2.186960
-0.959073
-0.757173
-0.666405
-0.818086
-0.991020
-1.023980
-0.791859
-0.294874
-0.280948
-0.038655
-0.206928
-0.352555
-0.631645
-7.288825
-2.646469
-2.220980
-1.663625
-1.021882
-0.342015
0.833795
1.744440
1.187955
1.085902
0.952787
-1.865123
-1.004225
-2.957872
-3.660206
-1.917102
-0.337914
-0.438770
-0.753142
0.054524
0.114273
0.040933
-0.047842
-0.140197
-0.229506
-0.377959
-0.407976
-0.206174
-0.593171
-2.533262
-2.992606
-3.474199
-4.116257
-4.230146
-4.237393
-4.177679
-4.108007
-3.644877
-3.382885
-3.220352
-3.665886
-2.294503
-1.376051
-0.992802
-0.545411
-1.034821
-1.093879
-1.087010
-1.006602
-0.996647
3.551671
1.844235
-1.661536
1.619448
-1.906922
1.749455
-3.266603
5.155699
-7.873102
11.799972
-20.059372
23.700001
-23.700001
23.700001
-23.700001
22.872303
-23.700001
-3.376412
-2.952719
-0.752460
0.000000
-0.585261
-2.310414
-2.362564
-3.255270
-3.905073
-4.186825
-4.192895
-4.118022
-3.914868
-3.700782
-3.424125
-3.060660
-2.697876
-2.167459
-0.843446
-1.086684
-1.344348
-1.083640
-0.662450
-0.426088
-0.902413
-0.822460
-0.675998
-0.202342
-0.016634
0.075810
-10.435463
2.892076
-1.582706
3.099777
-3.417784
4.203899
-6.027981
6.494607
-8.309283
11.230320
-18.276543
23.700001
-23.700001
23.700001
-23.700001
23.700001
-23.700001
23.700001
0.000000
-1.232860
-2.485823
-1.470176
-2.168225
-3.307209
-4.388942
-5.183167
-5.735071
-6.212778
-6.668851
-2.865204
-5.533470
-4.623168
-2.295136
-2.756863
-2.727628
-2.436363
-2.365648
-2.270857
-2.252166
-2.188387
-2.169886
1.029346
0.159860
0.084724
-1.047732
4.000381
-6.487490
8.048073
-8.866200
10.942577
-13.719968
17.015867
-20.002508
21.438259
-22.966799
22.728928
-23.109421
23.209686
-23.700001
23.402420
0.000000
-1.491693
-4.817810
-4.612934
-5.696557
-6.139752
-6.292361
-6.227087
-6.336216
-6.473963
-6.359693
-6.139811
-5.850982
-5.304042
-4.833409
-3.865863
-2.849280
-1.947488
-1.334891
-1.445922
-0.634952
-1.638716
-1.322437
-0.990434
-0.768774
-0.632434
-0.613736
-0.893418
0.469384
1.711843
2.347728
2.703196
2.369482
0.338798
0.495386
0.302805
0.056245
0.517665
0.412597
0.741899
20.446997
2.769748
-1.538260
-1.869058
-2.754829
-2.619343
-2.427214
-2.472340
-2.395749
-2.171459
-1.938263
-2.190033
-2.016111
-1.753890
-1.567028
-1.511543
-1.488068
-1.498878
-1.437895
-2.546448
-2.888815
-3.015265
-3.141821
-3.277682
-3.366847
-2.945317
-0.254305
-0.749799
-1.230356
-2.363581
-2.718450
-2.251755
-1.749642
-1.090935
-0.567948
-0.376526
-0.475623
-0.641123
-0.933845
-0.667671
-0.576384
-0.854196
-0.394651
-2.293776
-4.864742
-4.455020
-3.975094
-3.666763
-3.503337
-3.337316
-3.322242
-3.247092
-3.065534
-2.961529
-2.630077
-2.195455
-1.591299
-1.246501
-1.233110
-1.316430
-1.390078
-1.303232
-1.212615
-0.491064
-0.421750
-0.357055
-0.266949
-0.235492
-0.306745
-0.376463
8.708089
9.213659
1.712626
-0.454959
-2.623382
-3.635175
-3.598631
-2.123770
-2.434508
-0.529136
-0.370187
-0.720610
-1.115304
-1.592510
-1.968153
-2.378832
-2.747562
-2.844108
-2.857099
-2.819283
-2.738958
-3.323431
-2.915946
-2.108035
-1.077803
-0.637630
-0.276571
-0.369781
-0.363056
-0.502345
-0.438736
-0.522876
-1.236869
1.172023
1.324194
-0.308931
0.307509
-0.204705
0.253836
4.025508
0.015270
-5.083364
7.061769
-6.789148
10.581673
-19.581305
0.000000
0.081870
-0.771163
0.932957
3.115555
2.064396
-0.084148
-0.735515
-0.969397
-1.191213
-1.238348
-1.236929
-1.230854
-1.217721
-1.194658
-0.580646
-0.504415
-0.433227
-0.311795
-0.310384
-0.568649
-0.688760
-0.896706
-1.228341
-1.430409
-1.432815
-1.248628
-1.054971
-1.005822
-1.602080
-1.938216
-1.367430
-0.626398
-0.861065
-0.188612
-0.237650
0.090094
-0.022913
0.140962
0.030192
2.907507
2.405895
-1.246114
2.613329
-3.436178
4.823256
-5.435458
3.462421
-4.137959
4.539412
-9.031996
17.219570
-23.700001
23.700001
-23.700001
23.700001
-0.950442
-5.459863
-4.015507
-0.899494
-2.410297
-2.797973
-8.429172
0.000000
-0.310378
-1.560793
-1.992806
-2.463349
-2.927940
-3.356761
-3.899613
-3.779066
-3.640332
-3.501586
-3.258118
-3.183697
-3.738184
-2.951857
-1.883679
-1.131457
-0.749674
-0.663898
-1.113066
-1.024323
-0.915836
-0.802942
-0.693560
5.968778
0.261190
1.682270
-1.691820
1.300774
-1.936788
2.976665
-4.996809
6.324950
-9.873276
17.102127
-23.700001
23.700001
-23.700001
23.700001
-8.351020
-1.538499
-0.247665
-0.544440
0.000000
-0.619549
-2.251685
-2.538476
-3.738876
-4.262327
-4.423450
-4.327881
-4.092165
-3.799832
-3.565756
-3.234756
-2.840107
-2.489759
-2.056189
-0.888960
-1.212773
-1.398223
-0.997997
-0.658672
-1.301613
-1.210754
-1.002584
-1.057155
-0.933955
-0.737953
-0.396667
-7.727079
3.485321
-2.114960
3.875810
-7.037315
5.604522
-6.161872
7.220025
-9.935610
13.034472
-18.075748
23.211725
-23.700001
23.324764
-23.700001
0.000000
0.205649
0.159504
2.373916
3.898776
0.304385
-1.289780
-0.638282
-0.608264
-0.683610
-0.621173
-0.566376
-0.604994
-0.817385
-1.064837
-0.954812
-0.857606
-0.789513
-0.748805
-0.724570
-0.704705
-0.687810
-0.538301
-2.160612
-1.577658
-1.736747
-0.783481
-0.796909
-0.772065
-0.856314
-0.932670
-0.929155
-0.784916
-0.630424
-0.424406
-0.237113
-0.529238
-0.769454
-0.711687
-0.422927
-0.453174
0.130908
0.572923
1.362642
1.085369
0.870481
0.705441
0.713709
-0.833174
6.258491
-5.801089
6.355606
1.039479
0.000000
-0.797882
-1.051151
-2.408953
-3.487836
-3.153692
-2.352452
-1.329823
-0.995821
-1.087442
-1.221937
-1.436408
-1.759125
-1.764097
-1.177088
-0.690108
-0.491546
-0.602177
-0.636819
-1.869507
-2.447966
-2.815782
-3.404205
-3.033451
-3.660625
-4.062815
-3.931432
-3.637474
-3.421792
-2.411328
-4.023383
-2.548184
-1.884896
-1.460160
-0.841501
-1.267075
-1.372862
-1.088632
-1.123359
-0.991234
-1.002118
2.100886
-1.739630
3.366653
-4.615408
6.114470
-8.571174
7.107549
-8.754604
11.168438
-17.206911
23.550192
-23.700001
23.700001
-23.700001
3.238018
-1.719026
-2.482435
0.000000
-0.580468
-3.522143
-3.229343
-2.742985
-2.508188
-2.019186
-1.022294
0.078997
-0.561584
-0.488349
-1.146370
-1.663276
-1.864995
-1.903631
-1.219733
-1.115413
-0.993332
-0.827544
-0.696876
-0.676557
-0.595892
-0.348461
-0.024936
-2.134575
-4.521262
-4.179264
-4.078580
-3.841382
-3.924093
-3.997569
-4.046351
-3.913573
-3.726285
-3.438098
-3.040947
-2.309771
-1.752002
-1.637635
-1.804657
-1.955631
-1.824530
-1.604915
-0.386662
-0.762994
-0.350032
-0.275850
-0.268812
-0.348398
9.580207
6.997230
0.886418
0.546020
-1.870477
-3.977672
-3.609191
-1.935787
-2.212587
-2.501832
-2.650232
-2.751839
-2.073554
1.289303
1.806569
2.016121
-1.187438
-0.675786
-2.285305
-3.718411
-4.929572
-5.756577
-6.140684
-6.351689
-6.736008
-6.073182
-7.172318
-5.170663
-3.512319
-1.835516
-1.432427
-2.073320
-1.547206
-1.988612
-0.843504
-1.174621
-0.318922
3.638227
-3.793889
5.815386
-8.290259
9.692323
-12.432986
13.197580
-14.284465
16.509371
-20.322943
11.922464
-10.738346
-9.381575
-1.821840
0.158168
-0.083562
0.716167
0.708467
0.366563
1.671175
-0.248527
-0.090294
-0.664078
-2.010662
-3.444843
-0.627125
-5.405603
0.000000
-0.488146
-0.794111
-1.084187
-2.028571
-3.058000
-3.889650
-4.652413
-4.833834
-4.613832
-4.342252
-4.105264
-3.055228
-4.084777
-3.523509
-2.499370
-1.151992
-0.627182
-0.436971
-0.970409
-0.918845
-0.935118
-0.880012
-0.864931
1.499332
1.352951
-1.513051
1.351452
-1.331494
1.490857
-1.942497
2.870433
-3.967549
5.815732
-11.832726
22.181116
-23.700001
23.700001
-23.591833
23.700001
-23.700001
16.549269
-5.914574
0.000000
-0.500356
-2.868414
-2.678565
-1.663087
-1.403713
-0.022945
-0.294890
-1.429821
-1.681205
-1.175787
-0.739539
-0.398951
0.135241
-2.303075
-0.858180
-1.791718
-2.438671
-3.068397
-3.511444
-3.860646
-3.961468
-4.187267
-2.730149
-5.092600
-3.912337
-2.526389
-1.828714
-1.741357
-1.916210
-1.463699
-1.500208
-1.337188
-1.409179
-1.335285
3.057442
-1.682718
4.077346
-6.188861
8.179801
-9.621683
9.209312
-8.495638
10.901359
-18.315559
23.700001
-2.230789
-1.186414
-5.537485
5.757106
-3.886325
4.431386
-5.017396
-1.808502
-11.639773
-9.035540
0.000000
-0.273136
-3.102485
-0.365027
-1.021378
-1.458692
-2.014681
-2.257073
-2.337660
-2.160988
-1.944581
-1.775235
-1.705224
-0.637772
-1.140418
-1.417079
-1.419209
-1.963502
-1.715675
-1.637148
-1.077170
-1.215828
-0.491280
-0.398014
-0.132447
0.997274
0.048371
-0.029639
-1.146336
1.484900
-2.824078
4.020216
-0.920156
0.000000
-0.785851
-3.469803
-1.896577
1.059521
3.495566
1.484079
-0.005748
-0.326904
-0.472377
-0.626744
-0.689182
-0.660085
-0.787212
-0.650964
-1.028055
-1.949142
-2.252952
-2.923199
-3.488027
-3.254334
-4.068895
-3.957203
-3.949553
-3.938467
-3.822474
-3.246032
-3.183537
-2.029341
-1.889057
-1.197960
-0.790136
-1.161000
-1.035612
-0.926671
-0.937483
-0.865024
-0.892192
1.656317
-0.031145
-0.025128
-1.998581
1.545164
-3.324480
4.092570
-5.223128
7.111267
-13.122007
22.226864
-23.700001
23.700001
-23.700001
23.700001
-23.700001
23.700001
-23.700001
0.000000
-0.117734
0.368584
3.472114
4.602567
-0.075350
-1.488779
-0.697257
-0.463959
-0.510843
-0.514106
-0.581881
-0.874265
-1.287058
-1.045657
-0.986386
-0.912962
-0.826144
-0.738967
-0.678281
-0.672155
-0.698378
-0.423110
-0.418829
-0.400356
-0.826708
-1.792626
-2.222126
-2.649739
-2.950054
-3.048643
-3.083095
-2.998412
-2.806167
-2.942189
-3.336062
-2.574022
-1.692665
-0.531719
-0.275412
-0.326003
-0.584881
-0.556022
-0.635902
-0.550415
-0.543534
4.401615
-1.421909
1.764875
-1.252688
3.264922
-3.466234
3.832663
-5.326798
7.233765
1.445922
6.247806
-2.003170
6.743918
-9.418563
-4.430099
-0.620965
-1.142052
1.461658
-0.413106
3.953592
0.000000
-0.772311
-4.785748
-4.208428
-4.109157
-4.157470
-4.358984
-4.431197
-4.457348
-4.364597
-4.147707
-3.717141
-3.260034
-2.412325
-1.921530
-1.710735
-1.747000
-1.748017
-1.638268
-1.611595
-0.825411
-0.439355
-0.311818
-0.276621
-0.511377
-1.191755
-6.995866
-3.331418
1.259547
0.782022
7.263305
1.649595
0.763018
-0.081447
1.030504
1.761912
-0.615059
-3.014196
-1.790627
-0.744489
-0.220203
-1.437410
-0.512357
-0.698845
-1.480017
-1.884857
-2.155416
-1.833264
-1.298753
-1.102807
-0.975329
-1.047318
-1.501490
-1.715260
-1.584151
-1.318424
-1.171601
-1.189079
-1.150465
-0.863323
-0.780784
-0.718520
-0.546180
-1.864353
-1.953904
-2.498223
-3.041560
-3.779908
-4.288263
-4.291497
-4.044735
-3.741083
-3.467512
-3.167741
-2.818161
-2.567857
-1.235156
-1.933317
-1.834813
-1.428898
-0.905623
-1.521075
-1.538832
-1.206571
-1.280651
-1.174113
-0.565061
-0.205911
2.691136
0.848657
1.798614
-2.934781
4.062232
-4.988821
6.952403
-6.087686
9.533784
-13.382360
16.691143
-22.022499
23.700001
0.000000
-2.306068
-6.194011
-4.095444
-1.354741
-0.803661
-2.979760
-9.074038
-8.072529
-6.296471
-7.023639
-5.630974
0.075426
0.659762
2.823977
0.311564
-0.677883
-0.637271
-0.677384
-0.665502
-0.671301
-0.743613
-1.153467
-1.379560
-1.262395
-1.252373
-1.223288
-1.039130
-0.863878
-0.763607
-0.718980
-0.671935
-0.638319
-0.640677
-0.531758
-0.778836
-0.567053
-0.804379
-1.634617
-2.246594
-2.543512
-2.995001
-3.279742
-3.115596
-3.005517
-3.126793
-3.111333
-3.178444
-3.495816
-2.683403
-1.877386
-1.448525
-1.110433
-1.029447
-0.949016
-0.847390
-0.825217
-0.753561
-0.660157
-10.210096
2.604363
-0.624314
1.453052
-0.068647
1.606496
-0.989227
1.343901
-2.060845
2.920395
-6.717778
15.481823
-23.700001
23.700001
-23.700001
23.700001
-23.700001
-9.739773
-7.374769
-3.557278
-0.890646
-0.767969
-0.719789
0.394379
0.284092
0.000000
-0.656603
-3.953384
-4.357732
-4.115915
-3.802616
-3.536386
-3.454743
-3.402472
-3.402828
-3.119884
-2.981387
-2.782588
-4.116235
-4.948561
-1.048981
-1.089171
-0.655579
-0.217971
-0.117478
-0.069905
0.013129
-0.069866
-0.252915
-0.472234
5.517926
1.185258
1.470960
-2.488916
3.536095
-4.407075
7.120790
-6.237854
6.960243
-10.002618
16.802864
-23.700001
23.455521
-23.700001
23.700001
-23.700001
0.845474
-2.345489
2.115439
0.000000
-0.950536
-5.337348
-4.728621
-4.424819
-4.354356
-4.436062
-4.397902
-4.486353
-4.322011
-4.089509
-3.667786
-3.347482
-3.054373
-2.485842
-1.902684
-1.370248
-1.167532
-1.213204
-1.188877
-1.198626
-1.209800
-1.116319
-1.148577
-1.442550
-1.537755
-1.794649
-0.238156
0.920255
2.394966
2.627282
2.709719
2.600195
1.963212
0.366133
-0.651231
-0.133569
0.240484
0.645881
0.488382
-6.757662
-0.992388
-0.442711
-0.614606
-0.841994
-1.303276
-1.836034
-2.288922
-2.644706
-2.850375
-2.833693
-2.729364
-2.524594
-2.335314
-2.183026
-2.137568
-1.919341
-2.102380
-1.761192
-1.327563
-1.054155
-1.068892
-1.157978
-0.878784
-0.820644
-0.699546
-0.585271
-0.433386
0.995318
4.751964
-4.789830
6.675115
-8.436399
8.522068
-9.285853
2.933696
3.992386
1.496982
-7.504048
8.152735
-10.906923
0.000000
-0.402026
-0.150363
0.057288
0.409194
1.109673
2.523076
3.685405
-0.050400
-2.285289
-2.038675
-1.896150
-1.913084
-0.699916
-0.706305
-0.671846
-0.613666
-0.537743
-0.465693
-0.424267
-0.402328
-0.498125
-3.292548
-3.141573
-2.881772
-2.866235
-2.491349
-2.301919
0.078805
-1.343121
-1.452156
-0.993380
-0.726940
-0.640153
-0.370122
-0.406264
-0.411120
-0.422079
-0.257072
-0.265970
-0.270988
-0.274468
-0.425259
-0.527651
-0.489127
-2.263309
-0.444795
-1.335237
-2.004468
-2.254640
-2.143896
-1.691384
-1.396164
-0.880656
-1.053799
-1.117916
-1.191682
-1.296750
-1.368869
-1.327188
-1.140281
-0.915456
-0.887921
-0.870656
-0.785656
-0.962358
-0.408349
-3.170574
-3.477507
-4.159180
-4.665619
-4.358593
-3.989379
-3.526921
-2.995045
-2.050707
-0.990897
-1.072656
-1.151424
-1.146365
-1.164399
-0.652627
0.825143
1.306481
-2.133410
-1.161739
-1.813162
-1.966565
-2.055693
-2.444199
-2.895721
-3.332895
-3.599661
-3.739906
-3.542705
-3.612437
-3.530883
-0.772200
-1.299258
-1.703164
-1.814955
-1.821810
-1.184294
-0.538863
-0.362474
-0.551266
-0.767908
-0.793283
-0.795652
-5.116514
2.348336
-2.053491
2.009234
-3.053771
3.385494
-4.826371
5.980099
-7.546082
10.853805
-19.379463
-1.620965
-3.416928
1.016536
-0.672855
-4.590484
0.000000
-0.567726
-1.336989
-1.358021
-2.875879
-3.502604
-3.879715
-3.990488
-3.860293
-3.651771
-3.482931
-3.355498
-3.036988
-2.604125
-1.541313
-1.843482
-1.618749
-1.953379
-1.332926
-1.233882
-1.115155
-1.114334
-0.964216
-0.849894
-0.736409
4.066736
0.701693
1.828919
-1.551504
1.159399
-1.120583
2.350368
-4.316628
6.773717
-11.707215
18.781052
-23.700001
23.700001
-23.700001
23.700001
-23.700001
23.700001
-23.700001
0.000000
0.463016
0.292974
2.445898
4.890765
-0.074649
-1.396066
-0.832617
-0.404406
-0.548200
-0.489129
-0.457593
-0.540367
-0.788675
-1.135405
-1.130363
-0.936653
-0.793578
-0.711045
-0.665356
-0.695037
-0.523352
-1.147869
-0.759355
-1.178917
-2.143756
-2.555128
-2.827597
-2.976919
-2.877387
-2.740525
-2.729143
-2.757432
-2.714557
-2.539598
-1.503500
-1.309818
-1.449895
-1.260945
-1.006386
-0.915728
-0.778656
-0.751208
-0.652703
-0.542455
-0.462161
-0.407706
-0.244424
0.493333
1.849633
-3.246391
3.846194
-0.176655
0.547448
0.806045
0.495962
-0.390198
5.577391
-9.067131
10.084004
-12.397358
12.556778
-16.322811
4.188068
0.000000
-0.608007
-1.048642
-0.914813
-1.159158
-1.667205
-1.347096
-0.949235
-0.998595
-1.080053
-0.747104
-0.599932
-0.561391
-0.449844
-0.281819
-0.069683
-1.704664
-4.359359
-4.119259
-3.996526
-4.010688
-4.029187
-4.041090
-3.900526
-3.688526
-3.363621
-3.078868
-2.606811
-2.035259
-1.527475
-1.362601
-1.351596
-1.397723
-1.417532
-1.561090
-1.085319
-0.466265
-0.407745
-0.330716
-0.265137
-0.313483
-0.523217
-2.197026
-5.930127
3.249851
5.627893
2.077550
1.318838
0.700265
0.646274
11.893682
-1.618274
-6.601350
-5.257870
0.079099
-2.488770
-1.617112
-0.665638
-0.798784
-0.747894
-0.564057
-0.225983
0.238896
-0.600736
-3.782077
-4.493549
-4.670740
-4.721288
-4.775898
-4.715049
-4.615191
-4.389335
-3.994713
-3.580415
-2.970642
-2.375572
-1.837966
-1.559244
-1.431923
-1.351789
-1.286105
-1.025990
-0.445370
-0.835480
-0.550116
-0.420007
-0.350753
-0.451156
-0.814375
-5.522655
-1.432683
3.738403
5.431310
1.294332
0.359734
0.227442
0.155766
0.192697
-1.543276
-0.864383
-1.949938
-2.493942
-2.900065
-3.205215
-3.385112
-3.305771
-3.654383
-3.423537
-1.899674
-2.274720
-2.230876
-2.055011
-1.806856
-1.659857
-1.899750
-1.865808
-1.735778
-1.691124
-1.557358
-1.514466
7.508517
0.222487
1.476752
-1.375446
0.199674
-1.370224
2.234567
-1.751396
1.298043
-0.880915
0.626594
0.000000
-0.570596
-0.595858
-0.721609
-1.301020
-1.993843
-2.721362
-3.430114
-4.164752
-4.910424
-5.126502
-5.510068
-5.683722
-5.590429
-4.213652
-2.870862
-2.288457
-0.861056
-1.235664
-1.204097
-1.109907
-1.012502
-0.978654
-0.917868
-10.990133
1.977275
0.205011
0.852493
-1.721747
3.080698
-3.967002
3.877747
-3.690409
5.627801
-10.811861
18.149750
-21.533464
22.157171
-23.700001
23.700001
-23.700001
2.960761
4.344034
0.000000
-0.818416
-4.643322
-4.330561
-2.751709
-1.960450
-1.376271
-1.283882
-1.721768
-1.712100
-1.186380
-0.641149
-0.213987
-0.136044
-0.130085
-4.036423
-1.107571
-1.676745
-2.419985
-3.037725
-3.583464
-3.786598
-3.855824
-3.891867
-2.520197
-4.241053
-3.241030
-2.502709
-1.553726
-1.427458
-1.557445
-1.268159
-1.238425
-1.123580
-1.095710
-9.559835
2.417696
-0.537475
1.349797
-2.528448
4.595943
-6.564439
10.080292
-9.055242
11.026485
-16.805613
22.116760
-23.700001
-2.523032
-4.957017
-2.375176
0.000000
-0.566529
-3.184096
-2.876216
-1.992327
-0.996713
-0.305083
-0.440757
-0.788429
-0.428153
0.270694
0.338573
0.339561
0.334213
0.340588
0.295497
0.245223
0.170081
-3.421268
-2.777872
-3.674688
-4.196776
-4.477280
-4.349429
-4.055069
-3.727186
-3.447973
-3.025689
-2.742282
-2.361937
-2.030763
-0.877451
-1.329667
-1.606817
-1.258149
-0.623316
-0.596127
-0.388638
-0.230440
-0.014875
0.098730
0.108792
0.163166
5.044413
0.670918
2.649148
-1.987039
1.988240
-2.552282
3.925950
-4.840226
5.340588
-8.903042
16.441717
-23.700001
22.090872
-23.700001
23.700001
-23.700001
0.000000
-0.267194
0.427293
1.561230
2.984740
3.923575
2.493181
-0.064862
-1.699427
-0.828881
-0.711612
-0.905815
-1.268489
-1.059220
-0.896236
-0.713458
-0.598882
-0.551257
-0.529893
-0.548573
-0.665683
-0.484352
-0.470091
-0.470812
-0.934611
-2.079956
-2.530015
-3.052902
-3.402986
-3.522895
-3.488512
-3.472092
-3.197529
-2.885367
-3.035979
-2.924259
-2.324722
-1.496173
-0.575001
-0.857997
-1.154132
-0.882559
-0.865200
-0.743036
-0.584364
-3.589604
2.759645
-1.289310
1.427931
-1.252609
1.548328
-1.052977
2.034950
-3.367696
4.025328
-7.555963
15.788586
-23.700001
23.700001
-23.700001
-6.024365
-2.304620
-3.491678
-3.958617
0.000000
-0.586085
-1.856036
-1.663026
-3.012149
-3.588785
-4.032638
-3.961782
-3.782843
-3.682462
-3.616866
-3.767604
-3.346690
-3.398553
-2.076537
-1.928127
-1.071486
-1.330235
-0.937609
-0.899445
-0.820834
-0.800777
-0.663360
-0.538078
3.086978
1.742823
-1.061687
1.258811
-0.921703
1.364706
-0.944221
1.404347
-2.501875
3.998964
-7.298942
15.779739
-21.645729
22.824917
-23.353556
23.700001
-23.683388
23.700001
-23.700001
23.700001
-23.700001
3.842702
0.000000
-0.950941
-0.815537
-0.781183
-0.780313
-1.402455
-2.381224
-3.278893
-4.229144
-5.509270
-6.863854
-6.859542
-5.346075
-3.890435
-3.613041
-4.160941
-5.953000
-4.273820
-1.900672
-0.599311
-0.290291
-0.289644
-0.533250
-0.806334
-0.795544
-0.898952
-8.921712
3.723588
-1.590364
1.975406
-2.763576
3.365963
-4.392389
4.619470
-5.705140
8.094678
-15.195195
22.005394
-23.700001
22.726135
7.323736
-2.002701
1.437915
0.000000
-0.657861
-2.118171
-2.218005
-3.503063
-3.942005
-4.363719
-4.448202
-4.331062
-4.194294
-4.053772
-3.801193
-3.472657
-3.038217
-2.528851
-1.980983
-0.887939
-1.678555
-1.599653
-1.120515
-0.821960
-1.236189
-1.016445
-0.713455
-0.116796
0.063356
0.113710
0.144519
-9.551331
2.968838
-0.813486
2.793247
-5.392680
6.411565
-8.679982
8.076097
-10.098555
12.312088
-16.079370
19.792015
-23.700001
0.000000
0.425506
0.168992
2.760526
4.521040
-0.075528
-1.545638
-0.873051
-0.443214
-0.553881
-0.519421
-0.560004
-0.801737
-1.225446
-1.304723
-1.199251
-1.069265
-0.969209
-0.904252
-0.850874
-0.801432
-0.722634
-0.512424
-0.546624
-0.476134
-0.496770
-1.315670
-1.844838
-2.340348
-2.832870
-3.123105
-3.214513
-3.443689
-3.513181
-3.334857
-3.443603
-3.054169
-2.569106
-2.071980
-0.986392
-1.161140
-1.047953
-0.912498
-0.885032
-0.817033
-0.792512
-0.697689
3.150856
-0.360715
1.256085
-0.556083
1.797614
-1.480041
1.508737
-2.546168
3.336892
-5.880898
10.761883
-23.700001
23.018581
-23.700001
23.700001
-23.700001
23.700001
-23.700001
23.700001
0.000000
-1.345030
-1.684004
-1.737613
-1.591378
-1.453435
-2.077011
-3.098064
-4.163264
-5.852767
-7.468080
-7.703135
-6.658850
-5.497868
-5.005862
-2.790281
-4.745708
-3.127539
-1.985800
-2.987105
-2.609070
-2.354495
-2.035110
-1.750129
-1.669881
-1.180184
-3.533463
1.908227
-2.664083
4.645050
-7.387739
8.464157
-10.709378
12.565598
-15.467501
19.664894
-23.700001
23.700001
-23.700001
23.700001
-2.128664
-3.817202
-7.688030
0.000000
-0.500031
-0.420152
-0.352423
-0.876293
-1.562380
-2.156613
-2.761369
-3.229030
-3.682523
-4.047128
-4.078320
-3.727488
-3.864260
-3.751971
-3.316234
-2.440971
-0.036750
-0.215321
-0.666908
-0.706720
-0.637885
-0.641912
-0.545299
-5.178113
3.498209
-2.228267
4.817323
-5.511663
8.066176
-8.311361
6.477745
-4.857261
5.161255
-7.680330
16.303013
-23.700001
23.700001
-1.849026
-0.530878
0.314166
-0.424067
-0.343148
-3.255400
0.000000
-0.623907
-0.591607
-0.574486
-1.348152
-1.989993
-2.603813
-3.267393
-3.834676
-4.160277
-4.693402
-4.812870
-4.010117
-4.734855
-3.353071
-2.755443
-1.061386
-1.010863
-0.991040
-1.050497
-1.034140
-0.931091
-0.911346
-0.853633
3.046848
-0.346247
1.230356
-0.279975
0.627081
-0.755646
0.586847
-1.970806
2.560411
-3.901547
7.297318
-18.427752
23.700001
-23.700001
23.700001
-5.223645
-7.638121
0.000000
-0.429464
-0.269101
-0.107772
-0.041573
0.125842
0.878937
2.315071
0.867884
-1.415285
-1.649253
-1.868432
-1.485245
-0.782257
-0.536346
-0.546292
-1.692500
-0.623194
-2.191204
-2.997368
-3.675439
-4.222534
-4.403777
-4.281794
-3.858886
-3.592185
-3.283138
-1.326653
-1.861023
-2.235458
-1.930200
-1.655663
-1.717429
-1.514200
-1.375522
-1.234849
-1.236033
-1.102182
-1.027638
3.210052
-0.761086
3.589266
-5.293782
6.278717
-7.020980
8.228140
-6.700703
7.992548
-12.350843
18.594006
-23.700001
23.700001
-23.700001
23.700001
-23.700001
16.718939
0.000000
-1.108361
-6.057097
-5.016849
-1.359959
-0.772594
-0.563245
-1.158298
-2.482828
-2.672635
-2.117085
-1.739668
-1.472591
-1.328798
-1.087047
-1.018653
-0.954995
-0.875486
-0.844201
-0.678548
-0.289104
-0.409049
-0.348017
-1.177061
-0.683476
-0.855581
-1.613347
-2.157908
-3.339394
-4.007151
-4.517496
-4.702956
-4.338981
-3.936105
-3.632897
-3.355547
-2.221798
-3.300246
-3.074109
-2.197274
-1.914034
-1.019748
-0.332423
-0.455333
-0.525286
-0.586406
-0.542271
-0.563580
3.195307
-1.674822
3.706381
-4.445063
6.172474
-8.087565
7.001956
-6.124669
6.302959
-9.310295
17.282297
-23.700001
23.700001
-23.700001
2.586023
-5.323348
1.606420
5.986686
0.000000
-0.827970
-2.798410
-2.602846
-2.243621
-2.759910
-3.563807
-4.456381
-5.295189
-5.256546
-4.941185
-5.003736
-5.573206
-5.697085
-4.170761
-2.496943
-2.462324
-2.114316
-1.275756
-1.118529
-1.290943
-1.080477
-1.054975
-0.997060
-0.952292
-4.882329
2.162860
-0.831203
1.267173
-0.870024
0.824404
-1.019963
1.291252
-1.736261
2.235693
-2.718689
5.039685
-12.529484
23.700001
-23.700001
23.700001
-23.700001
23.700001
-23.700001
23.700001
0.000000
-1.478569
-5.795632
-4.077458
-1.235313
-1.036714
-0.833719
-1.241958
-2.493951
-2.716858
-2.501176
-2.268853
-2.012392
-1.788113
-1.546370
-1.290070
-1.001165
-1.095158
-1.076164
-2.591084
-3.684462
-3.645729
-3.343305
-3.059153
-2.984557
-2.753816
-2.574423
-2.398720
-2.226051
-2.023643
-1.775879
-1.428112
-1.216506
-1.207975
-1.418951
-1.496091
-1.201125
-0.691665
-0.517563
-1.011007
-0.728436
-0.556003
-0.504269
-0.206912
2.327506
9.342763
3.475919
1.339743
-2.678647
-7.183826
-6.397178
-3.473338
-2.938306
-2.106857
-2.133524
-5.143108
-1.911681
-0.948494
-1.096287
-1.561433
-1.919491
-1.954041
-2.025547
-1.946681
-1.924127
-1.807142
-1.758554
-1.341079
-0.896034
-0.460335
-0.469718
-0.425187
-0.309533
-0.481025
-0.867124
-1.256611
-1.296164
-1.474261
-1.624143
-0.327550
-0.990958
-2.444170
-2.391156
-2.748096
-2.655102
-2.653867
-2.738267
-2.653713
-2.253457
-2.027468
-1.854973
-1.697592
-1.670502
-1.638052
-1.503341
-1.151535
-0.745417
-0.419309
-0.318637
-0.533607
-0.761015
-0.786124
-0.840004
-0.485963
-0.416089
-0.291055
-0.180781
-0.051925
0.094043
0.215089
0.038542
-10.215405
1.735364
2.046021
0.228510
1.056317
11.139319
-0.767908
-4.044904
-4.835832
-3.469853
-1.013979
-2.363510
-0.639107
-0.899489
-1.041731
-0.993391
-0.835882
-0.579057
-0.410247
-0.387465
-0.332601
-0.435160
-1.215827
-1.661370
-2.047719
-2.390365
-2.742249
-3.122877
-3.553903
-3.556193
-3.148622
-3.345946
-3.410420
-3.153691
-2.276177
-0.207795
-0.138315
-0.196213
-0.188925
-0.343401
-0.180413
-0.429079
-0.262887
1.800149
-2.760375
4.947208
-4.763382
5.814738
6.892546
-1.168143
-2.878180
4.298719
-2.878418
5.579345
-17.621601
1.064210
-0.897584
-0.107567
0.269759
-0.461324
1.399969
-0.683846
-1.369660
0.181808
0.000000
-0.538907
-1.145622
-1.001705
-1.759779
-2.733054
-3.486162
-4.260491
-4.325702
-4.064965
-3.831937
-3.677704
-3.402412
-3.102604
-1.509045
-2.029998
-1.761529
-1.554049
-1.484830
-0.967717
-1.096037
-1.076543
-1.043229
-1.044324
-1.086594
-1.998311
1.531044
0.047724
0.250997
-0.444363
-0.112882
-0.269548
1.792876
-3.965275
7.930639
-13.977159
17.324598
-20.807545
22.149157
-22.713600
23.700001
-23.700001
23.451082
-23.700001
23.700001
0.000000
-2.113462
-4.813671
-2.082716
-0.818885
-0.706648
-1.068118
-2.596692
-2.957813
-2.507986
-2.287581
-2.110420
-1.817863
-1.613792
-1.480562
-1.370564
-1.206074
-1.091150
-0.946029
-3.934191
-1.487317
-2.393557
-2.962178
-3.478727
-3.671907
-3.367914
-2.992403
-2.672709
-2.350662
-2.152344
-1.972466
-0.753074
-1.414836
-1.402287
-1.020763
-2.055446
-2.014859
-1.539764
-1.382574
-1.165017
-1.229676
-0.922360
-0.223747
-2.559927
0.483751
1.573851
-3.370936
3.877213
-4.933363
8.223207
-10.253014
10.436165
-13.374187
13.582229
-19.565020
0.000000
0.175681
-0.441668
1.969580
3.840001
1.972653
-1.205752
-1.301499
-0.589377
-0.550497
-0.618051
-0.913975
-1.456655
-1.219995
-1.167120
-1.090060
-0.998792
-0.887781
-0.815512
-0.759129
-0.723698
-0.524752
-3.048815
-2.480553
-1.483193
-1.340581
-1.257898
-1.137000
-0.943676
-1.601534
-1.238885
-0.798938
-0.794538
-0.698405
-0.418867
-0.414858
-0.424486
-0.424262
-0.416675
-0.402125
-0.387217
-0.369964
-0.305823
-0.451766
-0.609105
-0.938782
-0.919809
-1.275981
-0.554419
-1.994842
-4.320157
-4.163100
-4.279522
-4.359759
-4.562374
-4.592052
-4.276945
-3.935524
-3.665910
-3.446681
-3.236070
-2.880282
-2.443962
-1.724132
-1.014263
-0.841709
-1.409853
-1.592588
-1.174151
-0.944026
-0.786716
-0.612934
-0.694408
-1.335058
-3.423121
-2.145963
0.184764
2.968289
1.854979
1.910647
1.876460
8.493992
5.629544
1.357478
-2.727530
-3.101804
-3.677155
-2.544052
-1.125193
-0.213628
-0.879156
-1.217891
-0.454897
-0.353689
-0.357883
-0.773857
-1.700822
-2.499316
-3.261638
-3.958503
-4.499290
-4.587473
-4.066807
-3.540837
-3.659890
-4.365047
-3.866052
-2.425853
-0.111106
-0.194424
-0.765180
-0.838588
-0.703240
-0.704768
-0.622533
-0.595916
-0.567469
-1.547878
3.121078
-3.984034
5.445170
-6.420446
4.949286
-5.850456
7.503337
-14.251407
23.700001
-23.405460
23.700001
-3.280590
-7.085971
-4.883339
-2.387406
0.000000
-0.626400
-4.301174
-3.478500
-2.178991
-1.644143
-0.860724
-0.803144
-1.171941
-0.864766
-0.638783
-0.600776
-0.203715
0.018497
0.039984
0.017008
-2.671275
-1.421109
-2.141081
-2.855200
-3.471772
-3.831025
-3.963340
-3.835940
-3.673172
-3.321460
-0.952511
-1.674549
-2.394820
-2.228502
-1.660012
-1.559696
-1.733671
-1.456879
-1.247658
-1.238087
-1.161162
-1.171390
2.803777
-0.877373
3.356586
-4.933489
6.088183
-7.413447
9.447160
-8.738153
10.675722
-15.106831
20.050102
-23.700001
23.700001
-23.165724
0.835062
-4.444522
0.000000
-0.603855
-0.535037
-0.471928
-1.205744
-2.226468
-3.046454
-3.947534
-4.628056
-4.590098
-4.665626
-4.507258
-4.306141
-4.039145
-3.512373
-2.914876
-2.201251
-1.880130
-1.559804
-1.305772
-1.255996
-1.163940
-1.148302
-1.091913
-1.002894
6.383586
1.579340
-0.848474
0.908215
-2.263771
2.228512
-2.537141
2.904182
-4.044393
5.965196
-10.149137
20.341949
-23.585560
23.700001
-23.700001
23.700001
-23.700001
23.700001
-23.700001
23.700001
0.000000
-2.194799
-4.511662
-2.252914
-1.026904
-0.836782
-0.685278
-0.821482
-1.758995
-1.917900
-2.198763
-1.789424
-0.974743
-0.704040
-0.501294
-0.804941
-2.110521
-1.730612
-0.738782
-2.752491
-4.281141
-4.064672
-3.825978
-3.853498
-3.917994
-3.866350
-3.901005
-3.567430
-3.350920
-3.382383
-3.292984
-3.368302
-3.708395
-4.142253
-4.840483
-6.206547
-17.556223
-23.700001
-2.866772
-1.334856
-3.345295
-0.188617
-0.375824
-0.392055
-0.072157
0.109960
-0.228408
-0.442838
-0.553690
-0.587005
-0.600326
-0.528756
-0.209429
0.078629
0.233076
-0.525533
-0.581450
-1.138663
-1.861522
-2.611628
-4.035577
-4.594589
-4.854671
-4.461822
-4.231107
-3.884780
-3.575964
-3.291320
-2.282012
-2.710266
-2.159314
-1.801778
-1.475742
-1.520229
-1.436431
-1.208985
-1.179966
-1.097089
-1.032087
-4.909431
-0.357340
3.444682
-5.483557
5.783679
-7.080223
7.701365
-5.749504
5.705390
-8.512825
13.739991
-22.014933
23.700001
-23.700001
0.465401
3.138752
0.000000
-0.790344
-5.519413
-5.157804
-4.659242
-4.406759
-4.347356
-4.384487
-4.609618
-4.686290
-4.387298
-4.118431
-3.860660
-3.656736
-3.232401
-1.666094
-1.824293
-2.415736
-2.108153
-1.164940
-1.069118
-1.046878
-0.345196
1.032522
2.458711
6.114170
0.400590
-0.763182
-1.060260
-1.386738
-1.846900
0.797424
-2.461741
3.712799
-5.240616
5.209262
-6.178068
8.196367
-10.371901
11.757345
-14.672001
16.939468
-19.444710
22.074755
-23.700001
23.700001
-23.700001
0.000000
-0.035529
0.267372
0.683523
1.204760
2.313939
2.156965
1.378889
0.401312
-2.272556
-2.952887
-1.948654
-0.723835
-0.786369
-0.790859
-0.800895
-0.790840
-0.739440
-0.738257
-0.477512
-2.178344
-1.652054
-2.299374
-2.579877
-2.598737
-2.489544
-2.412490
-2.272046
-2.081603
-1.926002
-1.783040
-1.647666
-1.473045
-1.217954
-0.943205
-0.689967
-0.483404
-0.325137
-0.201391
-0.338416
-0.396276
-0.501677
-0.207510
-0.106490
-0.072849
0.009035
0.116541
0.223983
0.260836
0.163894
-0.308457
-2.505776
6.611995
1.670951
5.329214
-1.047019
-1.538303
-1.750589
-1.987360
-2.207915
-2.357431
-2.439420
-2.741309
-5.298232
-8.388002
-6.173204
-4.045284
-3.080415
-2.308360
-1.537661
-1.193094
-1.217372
-1.122259
-1.294309
-1.577280
-1.666569
-1.659379
-1.617087
-0.535954
-2.271032
-1.752087
-1.791929
-1.705101
-1.405303
0.078805
-0.643162
-0.765639
-1.176350
-1.351182
-1.391091
-1.322901
-1.227594
-0.327319
-0.277196
-0.194416
-0.808623
-1.434172
-1.908070
-2.304930
-2.601722
-2.681700
-2.831781
-2.761107
-2.678754
-2.557908
-3.190557
-3.052385
-2.305251
-1.199826
-0.573656
-0.298928
-0.211426
-0.207180
-0.244243
-0.294164
-0.391237
-0.372825
-3.657968
1.893472
-1.098642
1.706350
-0.388775
3.352266
-1.432734
0.807610
0.372585
-1.927698
1.173974
-1.231490
0.914210
-15.112039
0.000000
-0.328817
-1.273704
-0.027021
2.542778
3.131872
0.318183
-0.478380
-0.679749
-1.019625
-1.114601
-1.123157
-1.101511
-1.057245
-0.966691
-0.777468
-0.618633
-0.567673
-0.525114
-0.398369
-0.602077
-1.103414
-1.391413
-1.715073
-1.973804
-2.281050
-2.273225
-2.156576
-1.824112
-1.577402
-1.324010
-1.838248
-1.279405
-0.684734
-1.048116
-0.884905
-0.820975
-0.680476
-0.632023
-0.581168
-0.507800
8.031768
0.845017
0.260455
0.124255
0.222784
0.314555
-0.629253
1.276056
-2.723716
3.227654
-5.914271
10.404712
-23.700001
23.700001
-23.700001
23.700001
-23.700001
-0.742099
-2.852917
-4.698086
0.000000
-0.534329
-2.117796
-1.844263
-3.076928
-3.146729
-2.949831
-2.747354
-2.553337
-2.387831
-2.187058
-2.021687
-1.829410
-1.587890
-1.398969
-1.242974
-0.942272
-0.750174
-0.745067
-0.845619
-0.825936
-0.747665
-0.262638
-0.206122
-0.186928
-0.202407
-0.124153
-0.160002
0.222817
1.583835
3.061351
2.676204
0.911144
-0.137787
-0.261700
-0.227629
-0.192416
-0.108170
-0.066552
13.722011
-0.631018
-3.992117
-3.533559
-3.360018
-3.374826
-3.718498
-3.776421
-3.498491
-2.641626
-1.438956
-0.663117
-0.438970
-0.401068
-0.295555
-0.607991
-0.891260
-0.963656
-0.836605
-0.509387
-1.259683
-0.699126
-0.721905
-1.758436
-2.215805
-2.647435
-3.008135
-3.256549
-3.376282
-3.450460
-3.459340
-2.021285
-3.076432
-2.556750
-1.835972
-1.253067
-0.974166
-0.672013
-0.510772
-0.608143
-0.667672
-0.634473
-0.612864
-5.098886
1.846884
-1.076013
2.695634
-2.450087
4.422503
-5.098881
4.017710
-3.745662
4.299779
-7.242281
15.294233
-23.700001
23.700001
-1.435120
-2.055543
0.161643
-8.157593
0.000000
-0.500510
-0.476553
-0.461003
-0.811402
-1.092474
-1.160576
-1.229337
-1.242181
-1.384458
-1.411112
-1.402277
-1.401916
-1.444354
-2.488817
-2.037517
-1.330540
0.154746
-0.050197
-0.018324
-0.040253
-0.032970
-0.125068
-0.050559
-0.084317
8.854270
-2.316285
3.244337
-2.926761
5.519254
-6.862701
7.248721
-5.263811
2.816942
-2.814395
3.648894
-7.602786
14.396849
-0.405664
-1.455202
-14.299189
0.000000
-0.321036
-0.348900
0.450244
1.679210
2.536754
0.981061
-0.939572
-1.134997
-0.754037
-0.844453
-0.823851
-0.742396
-0.860561
-0.803495
-0.803420
-0.790587
-0.476472
-1.121927
-1.368979
-2.847487
-3.619660
-4.135193
-4.224264
-4.173091
-3.874880
-3.721488
-3.652542
-3.405424
-3.224819
-2.788853
-1.432907
-1.513595
-1.195721
-0.839293
-1.238578
-1.079845
-1.030312
-0.895973
-0.788948
-0.702382
-0.645210
-0.590095
3.289640
0.617956
-0.365568
1.465352
-3.079701
6.118567
-9.882881
9.136644
-11.471594
13.009747
-14.954803
16.940449
-18.174517
18.556774
-21.568155
23.318235
-23.700001
0.000000
0.148271
0.796849
3.095927
4.304622
-0.073454
-1.674306
-1.021317
-0.356588
-0.445496
-0.395558
-0.420792
-0.615482
-1.023544
-1.462714
-1.245719
-1.213166
-1.094352
-0.989303
-0.902803
-0.543507
-0.454198
-0.448839
-0.439978
-1.432196
-2.292988
-2.844729
-3.343154
-3.651202
-3.528814
-3.578282
-3.583438
-3.501424
-3.237305
-3.018906
-2.412211
-1.918609
-1.601389
-1.443326
-1.121649
-1.025665
-0.917682
-0.895646
-0.835782
-0.781903
-0.651623
1.166875
-0.423210
1.237206
-0.423862
1.422734
-1.410521
1.011697
-1.792830
2.585264
-3.660309
7.329076
-18.664339
22.966202
-23.700001
23.700001
-23.700001
23.700001
0.000000
-1.388922
-2.669245
-1.539279
-1.449962
-1.261296
-2.504064
-3.451204
-3.893759
-4.106249
-4.256841
-4.274480
-4.041612
-3.620729
-3.168770
-2.803009
-1.086994
-1.135114
-1.998387
-2.142073
-2.441893
-2.296871
-2.181941
-1.455644
-1.491189
-0.991919
-0.950384
-0.871642
6.539145
-2.473110
2.624511
-4.056452
3.024349
-1.841699
0.000000
-0.445890
-2.627970
-2.426026
-2.496782
-2.645509
-1.834580
-0.953759
-0.747619
-0.728104
-0.773053
-0.823706
-0.923850
-1.045429
-1.306743
-1.471928
-1.642138
-1.727219
-1.781049
-1.475667
-0.217340
-2.388122
-3.097748
-3.786310
-4.247857
-4.042735
-3.046713
-1.999013
-0.860877
-0.794208
-0.878663
-0.856511
-0.773857
-0.333538
0.394113
0.842577
-1.314317
-1.274493
-1.695093
-1.827704
-2.267707
-2.734699
-3.187329
-3.508346
-3.475606
-3.224101
-3.035764
-2.748881
-2.713522
-2.521273
-0.566024
-0.589905
-1.533484
-1.679863
-1.549209
-0.811366
-0.573508
-0.925496
-0.993206
-1.018151
-1.040778
-1.009538
0.952799
-0.227233
0.256097
-0.852553
3.298606
-2.403120
1.428225
-1.155066
0.792444
-1.751477
3.449052
-9.493469
23.700001
-23.700001
23.700001
0.000000
-2.108088
-1.850277
-1.870545
-1.524562
-1.222554
-0.959208
-1.747784
-2.613765
-3.559678
-4.120854
-3.714119
-2.857601
-1.879609
-0.886754
-1.036450
-1.130490
-1.214541
-1.282971
-2.934959
-2.797572
-2.523677
-0.901028
-0.159888
-1.208743
-2.139888
-2.428868
-1.905448
-1.369688
-0.884656
-0.559621
-0.639211
-0.721534
-0.830755
-0.952016
-1.008013
-0.986906
-0.849501
-0.808151
-0.746944
-0.671992
-0.679855
-0.855629
-4.974363
-4.540407
-4.150545
-3.892851
-3.895875
-3.927716
-3.853909
-3.726676
-3.606553
-3.249788
-0.651914
-0.962663
-2.120464
-1.822687
-1.736660
-2.031209
-1.428147
-1.359537
-1.212508
-1.252006
-0.886892
0.286559
-3.287992
1.416066
-0.763003
1.040882
-1.548056
3.730560
-7.405109
10.414851
-10.436815
10.501070
-11.330402
12.389813
-12.547403
13.086126
-12.665434
14.457503
-14.781700
0.000000
0.090507
-0.364170
2.761848
6.780806
-0.075499
-0.411013
-1.560486
-1.428529
-1.962820
-3.622520
-4.147439
-3.341907
-3.181100
-3.137090
-3.020770
-2.699161
-2.363873
-1.789517
-0.946887
-0.891644
-1.128087
-1.716523
-1.762519
-2.462891
-2.432945
-2.915064
-3.436915
-3.835417
-3.770269
-3.590897
-3.320420
-3.046422
-2.711502
-2.430662
-2.074538
-1.807377
-1.082031
-1.250041
-0.939093
-0.605335
-1.476955
-1.067930
-0.923617
-0.738178
-0.663953
-0.566326
-0.487071
-0.380738
-0.305570
-0.216522
3.576013
-0.417949
3.496978
-5.072350
5.692525
-6.579168
5.394727
-5.704290
8.935423
-13.038170
0.000000
-0.316709
-1.097557
-0.208862
1.413215
1.645109
0.035793
-0.502105
-0.979506
-0.991302
-1.218496
-1.229120
-1.176565
-1.109107
-0.664990
-1.654669
-1.144602
-1.948967
-2.148726
-2.018676
-1.937102
-1.784001
-1.675489
-1.498673
-1.336600
-1.190716
-1.053906
-0.929965
-0.811181
-0.712031
-0.601334
-0.344102
-0.448439
-0.345242
-0.308410
-0.252242
-0.204227
-0.163770
-0.181834
-0.134886
-0.116423
-0.046689
-0.004969
0.587594
0.136770
1.630689
0.502467
3.130360
0.132201
0.289962
8.077402
-2.354974
-1.596474
-1.705452
-1.810274
-1.957601
-2.121814
-4.751873
-9.353625
-9.527003
-9.707275
-10.739469
-10.951341
-10.645576
-6.844733
-6.801144
-4.965352
-1.292393
-2.514963
-2.392254
-3.000875
-2.322379
-2.275683
-0.952259
-0.600651
-0.652940
-0.948689
0.078570
-2.127392
2.824333
-6.119946
7.256778
-10.470287
12.809693
-16.623022
20.413282
-23.260979
23.700001
-23.700001
23.700001
-23.700001
23.700001
0.000000
-2.244758
-1.859731
-1.835333
-1.401641
-1.170159
-1.461664
-2.491738
-3.612931
-4.547926
-4.918641
-4.550261
-3.463871
-2.323684
-1.178987
-1.006244
-1.047183
-1.132967
-1.203463
-1.215944
-1.229300
-1.236343
-3.062929
-1.875018
-2.176392
-3.577204
-4.259188
-3.712278
-2.457949
-1.268573
-0.578749
-0.563776
-0.555827
-0.759874
-0.193671
0.272765
0.391635
0.885828
-0.840215
-1.010227
-1.035091
-1.876033
-2.338186
-2.909325
-3.402830
-4.009475
-4.305096
-4.233834
-3.977459
-4.013293
-3.872278
-3.492599
-2.008123
-2.055053
-1.822601
-1.707942
-1.591974
-1.256257
-1.413074
-1.165154
-1.126527
-1.048587
-1.020542
-6.567074
3.402761
-0.941067
1.494446
-2.390482
3.109665
-2.934266
2.579718
-2.830883
3.545452
-6.482307
14.255702
-23.700001
0.783731
-1.117932
0.000000
-0.569828
-0.510998
-0.470723
-0.378814
-0.825603
-1.364221
-1.919748
-2.508931
-3.367514
-4.207935
-4.545562
-4.313186
-3.706121
-3.246863
-4.066844
-4.428627
-3.603899
-1.692935
-1.011377
-0.714336
-1.087978
-0.361257
-0.425358
0.036765
0.132416
-1.852757
-0.780719
1.767014
-1.651616
2.871634
-4.748255
6.629692
-6.539407
5.951379
-7.972998
13.271488
-23.700001
23.700001
-7.850407
2.040243
-6.973124
2.990965
-4.688231
-1.917303
-1.580189
-1.587670
-6.095776
0.658019
0.000000
-0.886834
-4.621840
-3.877942
-1.755352
-0.539462
0.171619
-0.188386
-0.888696
-0.448641
0.708244
0.439338
-0.126066
-0.313877
-0.797270
-0.887990
-0.826776
-0.725315
-0.778910
-2.393395
-1.773545
-1.688875
-1.454948
-1.197295
-1.054211
-0.875361
-0.702239
-0.725662
-0.959017
-1.274608
-1.244327
-1.502854
-1.506391
-1.403489
-1.137559
-0.598539
-2.905470
-1.919700
-0.686362
0.261191
0.653050
-0.008966
-0.554213
-0.882249
-1.476105
-1.836011
-2.124953
-2.345546
-2.256791
-2.181501
-1.729466
-0.407295
-0.278728
-0.108440
-0.011829
0.047004
0.038798
0.035691
-0.027840
-0.082547
-0.119139
-0.166984
-0.217784
-0.318814
-1.246954
-1.755277
-1.551862
-1.280615
-1.206906
-0.795475
-0.130776
-0.098895
0.350957
0.336337
0.305358
0.347917
-5.159744
2.725434
-2.357506
3.170562
-3.882702
5.404622
-5.494529
2.922480
-2.956942
3.350795
-5.511342
10.985407
-23.700001
23.700001
-23.700001
23.700001
-23.700001
23.700001
-23.700001
23.700001
-7.617110
0.000000
-0.267408
-0.447025
-0.444960
-1.116405
-2.111405
-3.188567
-3.967896
-4.515575
-4.550977
-4.357906
-4.165452
-3.820656
-1.508153
-2.640684
-2.390410
-1.989250
-1.591127
-1.418250
-1.197651
-0.948887
-0.879418
-0.872570
-0.850606
-0.826865
1.438213
1.274035
-1.347900
1.324921
-1.431209
2.693130
-4.166886
6.239663
-9.591734
14.523152
-19.815239
23.646763
-21.971613
23.015760
-23.700001
23.700001
-23.700001
13.193241
-23.700001
-9.580044
-5.846585
0.194049
0.000000
-0.802656
-3.075077
-2.957688
-3.043769
-3.110280
-2.664296
-1.749365
-1.091338
-1.348724
-1.840711
-1.399154
-0.806836
0.142301
0.292892
0.430975
0.424453
0.400299
0.308921
-4.272316
-4.387311
-3.806782
-3.593580
-3.407067
-2.539881
-1.025617
-0.732147
-0.934428
-0.705892
-0.316752
-0.137570
0.022028
0.033439
0.024244
-0.058506
-0.177794
-0.304137
-0.391008
-4.254277
-4.090943
-3.766186
-3.610754
-3.572658
-3.477340
-3.220968
-2.184685
-1.003888
-0.690343
-0.610276
-0.699001
-0.367813
-0.126215
0.003639
0.058999
0.049010
-0.013706
-0.062189
-0.118484
-0.248259
-0.483542
-0.845559
-4.200125
-0.234301
-1.900186
-2.653561
-3.079381
-3.001354
-2.650015
-2.268990
-1.999408
-1.830098
-1.604460
-1.479287
-1.734389
-2.378323
-2.763358
-2.459502
-1.729428
-0.745114
-0.377416
-0.225496
-0.102161
0.093739
-0.014598
-0.062667
2.787559
-0.984714
3.873192
-4.448723
7.308432
-7.998013
8.790405
-6.832777
4.738242
-1.828071
0.000000
-0.614198
-0.509821
-0.410071
-0.352350
-0.923057
-1.157830
-1.239067
-1.102979
-0.924311
-0.621559
-0.444118
-0.367369
-0.426345
-0.318962
-0.344608
-0.581882
-0.612781
-0.622611
-1.332354
0.091695
0.132219
0.211640
0.219432
0.262714
0.279419
0.303447
6.643396
-4.444249
4.408165
-3.862974
1.730907
0.000000
-0.458155
-4.590569
-4.692795
-4.677085
-4.750141
-4.781065
-4.980553
-5.142505
-5.354712
-5.124304
-4.705504
-4.517671
-3.962992
-3.040650
-2.397333
-2.236965
-2.382962
-2.017896
-2.800488
-2.026155
-0.647169
0.137645
0.173252
1.549357
1.114754
1.439564
1.957189
2.187498
2.472929
1.434057
2.216773
1.735030
1.134113
-0.970845
-0.934191
-0.032095
-0.225258
-0.987601
-2.168486
-2.717872
-2.449127
-2.181174
-0.085145
-1.977851
-0.578404
-2.514395
-2.678970
-2.918311
-2.575665
-2.081854
-2.025189
-2.038949
-2.547882
-3.629417
-5.539149
-8.904816
-15.203252
-19.992218
-9.567434
-1.368158
0.663850
0.883580
0.819122
0.263860
-0.200399
-0.140189
0.060508
0.099250
0.043248
-0.002687
0.263513
0.301290
0.263176
0.250859
0.346326
-2.305677
-4.604235
-4.391891
-4.303985
-4.332450
-4.398234
-4.172444
-3.988492
-3.647488
-3.275623
-2.919951
-2.631775
-2.009854
-1.584784
-1.496450
-1.512764
-1.575289
-1.660772
-1.778617
-1.781313
-0.457892
-0.318784
-0.241561
-0.253259
-0.486729
-1.452529
-7.168271
1.500269
9.453557
6.588180
1.684862
0.111422
-0.241976
17.510431
-0.844787
-2.708369
-3.895557
-4.039749
-4.021513
-4.299280
-4.300611
-4.093865
-3.695832
-3.282241
-2.932612
-2.627889
-2.328405
-1.042275
-1.754875
-2.306855
-2.000680
-1.741665
-1.552496
-1.968490
-1.446385
-1.366469
-0.620853
-0.260515
-0.141217
3.636583
-0.468301
4.295336
-6.856653
6.002953
-6.188331
7.019028
-7.253100
7.667924
-10.971958
12.011402
-19.060543
23.700001
0.000000
-2.367254
-4.974144
-2.504650
-0.895073
-0.768235
-0.654659
-2.161330
-3.580065
-3.068431
-3.119155
-3.013574
-2.721953
-2.484347
-2.299090
-2.040646
-1.367266
-2.888124
-1.290047
-2.395601
-3.557703
-3.752231
-3.514519
-3.127879
-2.809131
-2.486205
-2.253904
-2.017998
-1.894213
-1.763276
-0.903469
-1.497312
-1.898860
-1.573142
-0.805398
-0.329037
-0.152582
0.062415
0.297827
0.661244
3.142590
0.207915
3.408584
-3.638735
-11.076740
-11.516315
-8.923928
-5.506066
-1.455197
0.729314
2.189784
0.000000
-0.711090
-4.394049
-4.273791
-4.195896
-4.293915
-4.524757
-4.732510
-4.698645
-4.607672
-4.217560
-3.980430
-3.726054
-3.164253
-2.461376
-1.997718
-1.122153
-1.720782
-2.068483
-1.448076
-0.433775
-0.370911
-0.399347
-0.383640
-0.371130
-0.386895
-0.544814
-0.856816
-0.076511
0.813708
1.259709
1.374706
1.175216
1.098961
1.206608
1.377136
1.589125
2.078681
-0.042712
0.889039
3.493003
3.678088
-1.664443
-1.178745
-1.938606
-2.248511
-2.746542
-3.577537
-4.409201
-4.999897
-5.252323
-5.310533
-4.992611
-4.635747
-4.291888
-3.911356
-1.157247
-2.069046
-2.534230
-2.596710
-1.990710
-2.756879
-1.477363
-1.118047
-1.110401
-1.102408
-1.101885
-1.093811
4.603243
0.296422
-0.004450
0.844221
-0.670207
2.370370
-4.433421
2.963243
0.202694
1.798226
-3.801137
7.101523
-2.345923
1.318938
0.000000
-1.086420
-4.157401
-3.283862
-1.635886
-1.100570
-2.166420
-10.109259
-7.759071
-5.695507
-13.982643
-1.153798
-1.216315
0.766513
3.291954
1.861448
-0.874195
-1.281390
-0.607346
-0.687879
-0.929025
-1.274487
-1.623773
-1.317586
-1.251584
-1.140135
-1.097956
-1.126207
-1.105927
-1.069825
-1.036300
-1.007028
-0.987414
-1.013102
-0.531013
