-0.256332
0.879849
1.680688
1.684218
2.151638
3.294986
4.014545
4.843627
6.796002
16.951620
20.060095
19.767082
20.060122
20.059416
-0.000005
-1.636971
-2.419002
-2.276858
11.286027
0.000000
-16.807217
-17.527979
-14.759560
-14.221400
-3.582528
4.191483
8.129416
11.937325
3.530003
-5.942396
-6.183194
-4.379956
13.179751
10.017349
8.994802
2.801391
5.760887
-8.388114
-8.702972
-6.646928
-3.628853
-1.291119
0.913706
3.416074
6.067418
12.955752
-19.413502
-18.033964
-16.480225
-5.298253
-2.702775
1.204555
-3.538153
-4.624483
-3.743216
-3.182046
-2.974808
-0.770820
12.833514
13.580633
9.870056
4.739385
2.071618
-7.780371
-6.408504
-4.781986
-1.794953
0.934365
2.418292
4.599801
6.744825
3.409860
-18.289347
-12.738415
-6.337344
2.569853
2.846405
1.547558
3.946553
3.486238
-4.501030
-12.966644
-11.107105
3.810661
12.975291
12.624810
7.971725
5.233832
4.185848
3.835096
-6.116765
-2.368369
0.033550
2.072454
3.847508
6.420712
-2.044697
-19.479376
-16.518393
-4.277806
-5.105971
-0.306269
5.790463
2.863639
2.104812
5.492266
3.016090
-8.831159
5.418503
11.479415
9.754431
2.566842
4.936154
3.487346
2.472785
-8.881026
-5.480948
-3.270936
-0.989297
1.966196
5.235822
9.546529
-10.274562
-18.075588
-10.840169
-2.830519
2.576379
5.866653
3.760217
3.475422
0.880764
-3.438519
-0.716410
4.365090
9.999624
13.300176
4.469628
6.131545
4.626489
3.515595
-7.695738
-5.078415
-3.201471
-0.726675
1.599675
5.222718
8.138686
-10.859625
-16.895535
-11.807944
-6.422648
0.604285
6.822537
5.303379
1.805224
1.319847
-3.950464
-1.116464
6.757901
9.031821
10.404663
3.995511
3.810529
2.862854
-6.110616
-9.289322
-6.717493
-4.961493
-2.166304
-0.158728
3.221548
6.416101
-8.514755
-17.086483
-11.836579
-5.483530
1.556944
7.082168
8.438936
5.501338
5.482822
-2.203642
2.930516
4.535965
6.335881
11.042266
3.009180
4.750880
3.245154
2.727876
-7.817385
-5.388423
-3.683423
-1.373483
1.259147
4.620602
7.670022
-8.967288
-15.189965
-14.056577
-6.105709
-0.374307
5.492116
5.048235
4.431117
2.074646
-1.674888
1.955528
3.120449
7.954953
11.641688
4.620381
4.634015
3.214777
2.721146
-7.364814
-4.761462
-2.908100
-0.882421
1.867014
5.159330
7.468199
-11.653255
-16.129501
-13.139850
-5.833297
-0.323285
6.292047
6.442159
5.034422
2.159138
-2.319596
3.098499
4.434299
8.883442
10.421759
5.248854
5.100070
3.618798
4.295997
-7.222203
-4.703837
-2.902031
-0.970996
1.961608
5.307551
7.665985
-12.472053
-17.703163
-12.448441
-7.031394
-0.696161
7.175204
7.279863
3.675571
1.593868
-3.244999
3.576803
7.686271
9.557063
10.047622
3.856877
3.593540
2.483754
-7.622411
-6.845401
-4.542388
-2.675054
-0.810510
2.053352
5.285511
0.074183
-9.853045
-18.234835
-11.519642
-5.861685
0.215527
6.412180
7.425984
4.499200
5.483638
-0.114131
2.498070
5.662297
6.169785
9.320232
5.653167
5.265396
3.880059
4.668748
-7.547845
-5.020305
-3.229188
-0.931130
1.694828
5.035970
7.926897
-7.751866
-16.431906
-15.615967
-7.865658
-1.277539
5.993365
7.344300
4.928464
-0.340926
-1.856463
2.958727
4.813177
9.812236
9.622871
4.320758
4.003413
2.684981
-7.133999
-7.409052
-4.555925
-1.718586
0.161084
2.905952
6.403671
-0.626060
-11.874077
-17.863962
-10.299609
-7.455135
0.387246
9.250676
8.598890
4.018683
3.222277
-3.667827
1.876462
7.516335
8.524864
10.192440
3.883519
3.314841
2.346425
-6.070168
-8.313418
-5.647862
-3.810276
-1.307471
0.937222
4.255018
7.138554
-7.059757
-16.795033
-13.970054
-8.718014
-1.077937
8.725421
9.116911
6.072239
3.198015
-1.871554
3.310498
6.617077
8.936837
8.199434
4.082335
4.184177
2.784894
-6.456917
-7.364050
-4.676591
-2.511740
-0.478434
2.423866
5.972329
-0.556174
-11.525801
-18.427782
-10.785604
-6.979299
0.388623
8.491186
8.297384
4.223238
4.557669
-1.345275
0.999746
5.195314
6.417572
8.766706
5.046414
4.952054
3.527805
3.121178
-7.764825
-5.192309
-3.271349
-1.197852
1.729494
5.127807
7.713445
-11.088271
-16.602680
-14.363909
-6.857063
-0.862887
6.936390
7.279821
3.711215
-0.064072
-0.605657
3.761986
6.995795
9.598181
8.049582
5.299197
4.596935
3.262238
-7.719594
-7.342113
-4.432720
-1.804826
0.108973
2.876912
6.511680
-0.790225
-10.226951
-17.779711
-10.855645
-7.865088
-0.282999
9.117902
8.912132
4.284633
3.510094
-3.158946
3.245464
6.880376
7.395117
9.597883
3.049907
3.861764
2.762068
2.935394
-8.362339
-5.463666
-3.322594
-0.962986
1.566460
4.823680
7.927995
-7.049980
-15.708451
-15.082117
-8.917406
-1.601873
7.918504
8.871179
5.897316
1.361298
-1.179256
4.604227
6.323373
8.617450
7.506779
4.683035
4.874055
3.404293
2.824879
-6.979632
-4.270765
-1.980468
-0.048348
2.900423
6.553513
-1.022304
-11.173545
-18.480028
-11.778845
-7.100528
0.805491
8.375130
7.156037
3.429224
2.826768
-1.490685
2.587455
5.610957
8.074450
9.750716
3.926523
3.573490
2.628288
-6.620283
-7.824610
-4.947253
-2.865332
-0.475407
1.830487
4.945631
8.187539
-9.010071
-17.646852
-13.736770
-8.122163
-0.870376
8.544261
9.936234
5.415071
2.526220
-2.317300
3.739196
8.291096
8.188194
8.178420
4.006394
4.329662
2.905839
2.982608
-7.799603
-4.854175
-2.578290
-0.570635
2.405584
5.661314
3.729532
-10.659405
-19.035564
-12.923302
-8.227227
-1.599768
7.831421
8.357459
4.024179
4.499244
-0.072352
0.750290
5.510398
6.821138
10.232604
4.158402
3.663853
2.544338
2.484596
-8.183311
-5.162307
-3.041902
-0.671299
1.880731
5.089303
8.063766
-7.301572
-16.984966
-15.891751
-8.737368
-1.447839
7.551076
8.471094
5.072728
1.630761
-0.894360
3.801205
6.543285
7.888548
8.160305
4.691935
4.732530
3.355299
2.878307
-7.140971
-3.995392
-1.860999
0.089201
2.944467
6.675078
-0.846026
-10.881341
-18.307981
-11.661962
-7.797475
-0.367827
8.612762
8.102588
3.196187
2.924116
-3.280894
2.329510
6.418251
8.350287
9.947733
3.278810
3.650002
2.622825
2.531502
-8.506129
-5.144167
-2.957777
-0.462443
1.993109
4.988707
7.777078
-6.434301
-16.396999
-15.553345
-9.322232
-1.928877
7.791737
8.870953
4.822528
2.759729
-2.173482
3.550756
8.976943
7.783309
7.910387
4.550347
4.062106
2.810577
3.589506
-7.806218
-4.501570
-2.380763
-0.179402
2.524699
5.735275
7.917206
-11.345860
-18.631371
-13.036640
-9.058862
-2.301215
7.942422
9.444054
4.028068
