-0.126961
0.115429
0.434017
0.355530
0.085813
0.031101
0.819795
2.067865
0.016257
-0.057967
7.114242
6.408908
6.000998
9.479341
5.479947
0.447859
-3.804786
-7.651111
-15.104376
-10.054774
-7.626351
-6.482628
-5.693453
-2.542925
-2.064040
-0.779836
0.834331
2.609744
2.880209
2.744281
2.694032
2.838009
3.749120
3.528468
1.243971
3.771725
5.024631
3.043075
3.010387
3.753675
2.189538
-2.946695
-1.323759
-0.977662
-1.751089
-2.714185
-1.879727
-0.689572
-1.881293
-3.879668
-0.329631
-0.577677
0.455187
0.328593
0.591037
1.553219
-0.305308
2.271663
3.099994
0.806825
-0.975471
-2.656176
-0.008935
-1.409525
-1.240971
-0.072545
-2.137861
-2.662208
0.837968
-0.014279
-2.974254
-5.311956
-6.938151
-3.834806
2.044148
2.503115
0.054087
-0.960078
-0.373702
-0.374670
0.853834
1.819859
2.978948
4.021571
1.783539
0.368053
-0.179523
-2.002049
-1.928388
-1.703430
-1.370118
-3.442667
-3.323421
1.492153
3.533252
2.464841
0.142405
-4.535996
0.099718
4.169351
1.824385
-0.480900
-1.825810
0.649466
1.520428
1.807761
2.443728
4.821558
6.283227
6.219656
-1.078716
-0.830490
-0.920237
-1.605368
-1.588435
-2.213618
-2.382649
-2.871952
1.066686
4.068333
0.530158
-0.529113
-0.651610
-1.060678
-0.916597
1.179279
-2.170772
-3.701657
-1.821946
-0.846862
0.461583
0.824138
0.090643
4.101480
0.352093
0.641946
1.013384
-0.268280
0.074319
0.336099
-0.049011
-1.155802
-1.328285
2.584375
3.397706
-0.732212
-1.678739
-0.537718
-0.299787
-0.071493
1.784078
-0.575704
-2.897599
-1.363267
-0.959244
0.585246
0.975200
0.668988
3.148872
1.589507
1.449375
1.346347
0.788524
1.188447
1.270113
1.044861
-0.387390
-0.791957
0.640479
5.984923
-1.204773
-1.334833
-0.729970
-0.507466
-0.945636
1.260640
-0.746669
-3.442113
-2.005922
-1.165449
-0.899422
0.754296
-0.466209
1.627828
-0.600145
-0.232532
0.476455
-0.636567
0.148294
0.491430
0.249503
-0.959927
-1.303099
2.268713
4.550457
0.758948
-1.304342
-0.533247
0.058899
-0.338923
1.160992
-0.183799
-2.879417
-2.196649
-1.426789
-0.326684
0.165279
-1.714944
1.042412
-0.550948
0.222855
0.739881
-0.182339
0.465932
0.884998
0.760789
-0.639000
-0.558801
3.638492
5.330976
0.870519
0.584421
0.055155
-0.512379
-1.331933
0.992510
-0.082105
-3.021139
-2.757709
-2.268922
-1.201834
-0.437063
-1.617593
-1.669872
-0.793667
0.412299
0.350855
-0.412867
0.501178
1.131043
1.260060
-0.086402
-0.000655
4.599114
5.488336
0.799080
0.624093
0.272172
-0.354021
-1.289139
1.264922
-0.290918
-3.056195
-2.649162
-2.729919
-1.166083
-0.453489
-2.183169
-1.323277
-1.173563
0.008895
0.448925
0.091640
1.017321
1.616700
1.503202
-0.054178
-0.126300
4.436885
5.539382
0.949887
0.914219
0.746430
0.908321
-0.578894
1.388930
-0.186765
-2.792086
-2.124461
-1.529059
-1.863722
-0.312615
-0.906846
-2.461501
-0.434911
0.372168
0.262444
-0.627910
0.390671
1.258051
1.429539
-0.040980
-0.255688
2.699981
4.408450
-0.122242
-2.171381
-1.092542
-0.123348
-0.510167
1.037600
1.012510
-2.464092
-3.197272
-3.256087
-1.811741
-1.798526
-3.296740
-1.980390
-1.815776
-0.359461
-0.398725
-0.717859
0.140550
0.747408
0.908067
-0.310158
-0.531601
3.614173
5.739253
1.170767
-1.075203
-0.059082
0.953355
1.929067
1.429161
0.033987
-2.580172
-1.817559
-1.736940
-1.095104
0.492588
-1.133964
1.457727
0.060611
0.167100
0.768736
-0.081252
0.519065
0.988888
0.685211
-0.734987
-1.077926
1.220025
4.291216
0.294718
-1.460249
-0.816904
0.019344
-0.412288
0.776048
-0.342982
-3.089232
-2.279923
-2.127476
-0.675286
0.024423
-0.928584
-1.983741
-0.396269
0.696439
-0.031756
-0.833511
-0.002892
0.593606
0.726119
-0.253271
-0.311426
3.966014
5.721793
0.992419
0.839101
0.844537
1.254401
1.573752
1.703888
-0.537659
-2.673394
-1.992553
-1.497856
-1.574245
-0.152678
-0.758114
-2.150181
0.056129
0.108172
0.053967
-1.099304
-0.204057
0.445289
0.636690
-0.504163
-0.530571
3.851231
5.389585
1.066441
0.764623
-0.138740
-0.241804
-0.736170
1.230512
0.559144
-2.431498
-3.291047
-3.003458
-2.046674
-1.987581
-3.564965
-3.471254
-0.951334
0.411962
-0.283084
-0.491387
0.443850
1.176690
1.516559
0.263414
0.046699
4.325063
5.881821
0.842063
-0.083371
0.421899
1.086940
1.312929
1.466278
-0.247853
-2.510511
-2.045887
-1.976149
-1.605979
0.162839
-1.589268
-0.173552
-0.132333
-0.091054
0.425817
-0.328986
0.546701
1.321055
1.505271
-0.043639
-0.540655
2.095843
4.775059
0.435417
-1.589546
-0.862312
0.055221
-0.326352
0.665014
0.219883
-2.385362
-2.624374
-3.017066
-1.464546
-1.188017
-2.322707
-3.410147
-0.693206
0.512514
-0.024967
-0.837855
0.185345
0.988937
1.365398
0.217822
0.251330
4.821795
5.943326
0.756509
-0.777388
0.076960
1.100846
2.105320
1.296699
-0.581458
-2.580856
-2.151890
-1.660822
-0.844469
0.016797
-1.288771
0.155648
-0.358267
0.121120
0.721452
0.015905
0.748275
1.420334
1.464023
-0.238961
-0.899975
1.135554
4.332537
0.214466
-1.082106
-0.516203
0.069968
-0.437714
1.164097
0.249290
-3.150597
-2.711715
-3.019229
-1.415037
-0.847724
-2.360673
-2.933750
-0.952177
0.369758
-0.232908
-0.902069
0.139478
0.962406
1.217859
0.108309
-0.158967
4.142962
5.675817
0.950291
0.894160
1.152016
1.549407
0.448035
1.558484
-0.213221
-2.486677
-1.826474
-1.322384
-1.553239
-0.238384
-0.072853
-0.127948
-0.247719
-0.122044
0.234227
-0.602598
0.183272
0.904022
1.024438
-0.510071
-0.968627
1.452819
4.445404
0.116671
-1.575901
-0.597880
0.278439
-0.142438
0.922457
0.069266
-2.732549
-2.746614
-2.790000
-1.434620
-1.061395
-2.671333
-3.143667
-0.818129
0.606687
-0.216856
-0.910527
-0.094390
0.638976
0.825230
-0.299375
-0.370318
3.987023
5.765992
0.822143
0.246976
0.247185
1.131876
2.207641
1.516308
0.132836
-2.504090
-1.972470
-1.488784
-1.647749
0.154609
-1.262143
-0.066548
0.196747
0.382223
0.596322
-0.298962
0.463328
1.220927
1.321087
-0.412426
-1.120058
0.751087
4.016000
-0.004673
-1.565148
-0.495166
0.401377
0.053294
0.865950
0.064640
-2.829726
-2.356850
-2.400820
-0.951357
-0.177271
-1.151824
-2.628620
-0.497086
0.857392
0.221435
-0.634690
0.197148
1.010294
1.189803
-0.104357
-0.477740
2.719522
4.876345
0.357759
0.145242
0.365769
0.205157
-0.472845
1.624028
0.169842
-2.741153
-2.296587
-2.602831
