0.494823
1.139242
2.199548
2.796740
4.041370
4.562911
4.226103
4.443122
6.117691
7.044893
5.255761
3.220483
-0.050448
-1.620346
-2.177976
-5.579447
-9.822498
-13.656536
-10.563294
-9.799575
-7.496213
-6.153198
-5.369315
-0.688728
0.019878
0.671032
0.491104
-0.581520
-4.243750
-6.493193
-4.769207
-1.422864
-9.333799
-9.432514
-7.271191
-3.706224
0.862333
2.373734
3.689614
5.315857
4.456775
6.855818
6.931511
5.073753
4.489421
4.440536
5.525615
4.786806
4.848734
12.773162
11.218204
2.981901
-3.505363
-4.891024
-3.035821
-3.996952
-13.363428
-15.083126
-16.029118
-12.539679
-9.144984
-6.906822
-5.047904
-6.163204
-1.731722
0.926756
6.727241
7.118279
11.017133
11.052380
9.885995
7.907804
7.767873
6.055020
6.737372
11.868131
11.073433
5.236994
-2.051944
-7.143159
-13.393697
-15.814099
-14.364834
-12.515897
-9.566442
-7.355417
-5.880822
-5.992655
-5.636004
-0.871819
3.136042
3.958453
3.674650
11.280075
10.424605
9.776752
8.671200
8.092250
4.983334
11.535885
9.129055
3.797549
1.164479
-3.032461
-5.547166
-7.492938
-8.937858
-9.774273
-9.092019
-7.671947
-4.491768
-4.439851
-6.768112
-7.093866
-1.985283
1.458215
2.640718
2.554512
1.370782
10.972296
10.948943
10.557949
7.857737
6.185661
6.026933
16.888556
13.910141
2.907715
-5.024382
-8.442733
-11.573535
-8.607965
-10.240082
-13.540940
-9.172223
-7.947782
-7.239973
-7.770585
-6.821221
-1.384114
1.526295
2.747815
2.977798
1.781624
11.627531
11.502687
10.696671
7.617912
5.523439
7.609658
11.188993
8.171640
2.734357
-4.480226
-7.730864
-9.804564
-5.742041
-7.492767
-10.311693
-8.382330
-7.209197
-6.279795
-5.938759
-5.474373
-2.929344
0.885638
2.701482
3.417989
2.407635
3.454619
12.659337
11.073666
7.333480
5.487380
5.677895
14.333681
9.792771
1.437142
-6.627096
-10.532785
-12.125179
-7.275700
-5.898406
-10.174981
-7.003273
-6.202650
-5.657128
-6.060929
-6.054638
-2.224127
1.143156
2.738621
3.264288
1.850471
11.289754
11.320105
10.655743
7.427595
5.276927
6.121663
16.566946
13.285579
3.747450
-6.420633
-10.723860
-12.460305
-7.594279
-7.935677
-11.359203
-9.112176
-7.606184
-6.829348
-6.543517
-5.919255
-2.531581
1.297272
3.109200
3.478208
1.921540
11.478266
11.612471
11.476578
8.103199
6.056586
5.792166
15.223379
12.162793
3.273860
-6.444477
-10.696033
-12.307934
-6.334727
-7.010674
-10.861418
-9.430075
-8.077256
-6.836438
-6.248100
-5.770594
-3.149167
1.088618
3.158180
3.756367
1.793689
10.989779
11.074924
10.101098
7.652670
5.802356
5.679817
11.456735
8.010139
2.630729
-5.872662
-9.607553
-11.141085
-5.241928
-5.633415
-9.406320
-8.682522
-7.507359
-6.699692
-5.903238
-5.242006
-4.120937
0.626869
2.990228
3.839833
1.673501
11.429646
11.559580
8.085532
6.339821
5.420285
5.790116
11.918952
7.803658
1.583924
-6.996545
-10.872045
-12.577474
-8.692060
-5.913229
-9.040600
-7.748690
-6.595755
-5.809869
-5.229757
-5.396669
-2.836905
1.316600
3.466473
3.895079
2.443601
11.272851
11.352707
10.925294
7.476825
5.543025
5.994670
15.198353
11.735022
4.564044
-6.069324
-10.788270
-10.806260
-6.044035
-7.882697
-10.793774
-9.605891
-8.223403
-6.969548
-6.410060
-5.627921
-3.869293
0.917144
3.115800
3.199810
0.820805
11.204472
11.306601
8.192596
6.428864
4.986110
8.644846
6.041051
3.623608
3.104077
-4.582443
-8.258749
-9.926359
-5.530716
-5.821890
-9.351377
-7.709288
-6.664089
-5.953839
-5.502723
-5.259474
-3.464334
0.840968
2.508087
3.261496
2.189075
11.851053
11.886427
11.190603
7.522964
5.495560
5.483550
11.308007
7.906966
2.769516
-5.865337
-9.907844
-11.434230
-5.503509
-6.461226
-8.753748
-7.745019
-6.581405
-5.467694
-5.316323
-5.161047
-3.278770
0.972752
3.099799
3.551843
1.173995
11.204862
11.302984
7.858381
6.287021
5.097836
8.376410
8.624507
5.366334
2.321998
-5.843519
-9.796354
-11.599464
-8.133937
-6.733854
-8.707520
-7.309853
-6.276518
-6.156763
-6.261650
-6.272529
-2.468847
1.100927
3.205663
3.840448
2.092940
12.151890
12.309299
12.623200
8.689400
6.621372
6.364789
13.591786
9.549869
4.218562
-6.072132
-10.158278
-10.459597
-5.883536
-8.065555
-10.056447
-9.837741
-8.429726
-7.419609
-6.868945
-5.819512
-3.729164
1.112176
3.285753
3.326124
1.001225
11.610135
11.813978
8.407700
6.506994
5.242549
8.269203
6.961382
4.052158
2.631930
-5.587130
-9.310555
-10.975133
-6.357487
-5.541418
-8.748330
-7.306350
-6.399995
-6.235468
-6.100852
-5.919398
-3.507169
0.563054
2.594543
3.159156
1.674118
12.233018
12.366597
11.818420
7.998833
5.826657
5.816652
12.741399
8.342417
3.481622
-6.277141
-10.459141
-11.292249
-5.155905
-6.809881
-9.324255
-8.455557
-7.310212
-6.401374
-6.352734
-6.012190
-3.273477
1.148696
3.606478
3.905316
1.943710
11.215208
11.412601
8.061769
6.233283
5.010484
9.124040
7.515919
6.456344
4.037317
-4.685629
-8.979085
-11.033401
-7.123625
-6.594937
-9.349936
-8.479602
-7.056574
-6.396137
-5.612916
-5.221171
-4.016619
0.792723
2.833924
3.401086
2.137159
11.752202
11.890249
10.947657
7.342048
5.564852
5.728969
10.613202
6.525918
2.679442
-5.570478
-9.355741
-10.387009
-4.685182
-5.691743
-8.599113
-8.189549
-7.241185
-6.237089
-5.980627
-5.736566
-3.906867
0.425531
2.769115
3.347631
1.366612
11.293345
11.472751
8.424707
6.321868
5.202844
6.948386
8.640937
4.537776
2.396334
-5.915241
-9.918837
-11.493704
-8.529192
-6.529184
-8.453260
-7.015985
-5.809811
-5.529046
-5.383178
-5.596782
-3.155648
1.122264
3.183072
3.420716
2.078434
11.892501
12.131452
11.496369
7.873930
5.836723
6.174152
12.706078
9.070401
3.743110
-6.026970
-10.182188
-11.436511
-5.902325
-6.992846
-9.139702
-8.862293
-7.705163
-6.493699
-6.285767
-5.906395
-3.677931
0.732888
3.035112
3.446559
1.554125
11.154806
11.393252
8.096711
6.245514
4.931741
9.232623
7.108481
4.543656
3.887938
-4.468164
-8.643657
-10.540636
-6.704191
-5.963974
-9.028114
-7.890200
-6.719509
-6.287681
-6.077274
-6.042192
-3.603928
0.738824
2.733306
3.158005
1.980503
11.819806
11.985058
11.307757
7.757233
5.629414
6.535627
11.949407
8.232278
3.186744
-6.132401
-10.118531
-11.312110
-5.966261
-6.223999
-8.035649
-7.932454
-6.966246
-5.841019
-5.468112
-5.214292
-3.616042
0.675002
2.522329
3.140734
1.739884
10.996325
11.211123
10.250085
7.535512
5.809634
5.620887
7.170051
3.590017
3.276323
-4.342039
-8.427942
