0.000796
0.003662
0.008986
0.015905
0.024217
0.034226
0.046016
0.059276
0.074104
0.090371
0.107475
0.124817
0.141867
0.158701
0.175314
0.191703
0.208303
0.225232
0.242221
0.258987
0.275524
0.292184
0.308906
0.325764
0.343068
0.360742
0.378479
0.396042
0.413417
0.430764
0.448471
0.466384
0.484662
0.503878
0.523914
0.544551
0.565271
0.586227
0.607235
0.628282
0.649402
0.670939
0.692919
0.715390
0.739025
0.763943
0.789808
0.816132
0.842820
0.869697
0.896136
0.921984
0.947312
0.972424
0.997494
1.022460
1.047556
1.072682
1.097670
1.122914
1.148682
1.175008
1.201353
1.227784
1.254396
1.281184
1.308412
1.336178
1.364486
1.393473
1.423076
1.453012
1.483482
1.514523
1.545856
1.577191
1.607640
1.637361
1.666846
1.695935
1.724442
1.752696
1.781239
1.809971
1.838593
1.867520
1.896890
1.926393
1.955780
1.985514
2.015539
2.045663
2.075830
2.106262
2.137446
2.169591
2.202334
2.235591
2.269070
2.302304
2.335000
2.367364
2.399220
2.430670
2.461923
2.493150
2.524201
2.555643
2.587251
2.618625
2.650039
2.681522
2.712891
2.744195
2.775619
2.807148
2.838546
2.869898
2.901502
2.933809
2.966977
3.000843
3.034858
3.069062
3.103549
3.138009
3.171845
3.204877
3.237504
3.269926
3.302047
3.333709
3.365352
3.396616
3.427705
3.458908
3.490319
3.521671
3.552868
3.584294
3.615929
3.647511
3.678863
3.710279
3.742446
3.775576
3.809372
3.843349
3.877482
3.911867
3.946048
3.979891
4.013184
4.046129
4.078877
4.111509
4.143713
4.175897
4.207977
4.239719
4.271275
4.302871
4.334445
4.366002
4.397504
4.429145
4.460681
4.491966
4.523319
4.555368
4.588437
4.622063
4.655714
4.689440
4.723468
4.757474
4.791042
4.823995
4.856603
4.888961
4.921229
4.953288
4.985286
5.016893
5.048297
5.079597
5.110966
5.142259
5.173399
5.204632
5.235989
5.267204
5.298161
5.329223
5.361004
5.393661
5.427033
5.460578
5.494268
5.528278
5.562470
5.596116
5.628923
5.661347
5.693496
5.725422
5.756828
5.788112
5.819053
5.849758
5.880511
5.911501
5.942505
5.973407
6.004416
6.035583
6.066617
6.097408
6.128356
6.160074
6.192682
6.225905
6.259233
6.292735
6.326540
6.360469
6.393890
6.426555
6.458845
6.490866
6.522685
6.554054
6.585273
6.616146
6.646787
6.677362
6.708120
6.738907
6.769623
6.800406
6.831367
6.862213
6.892831
6.923610
6.955132
6.987516
7.020620
7.053943
7.087463
7.121255
7.154915
7.188239
7.221076
7.253593
7.285902
7.318053
7.349723
7.381238
7.412382
7.443264
7.474043
7.504942
7.535842
7.566673
7.597426
7.628245
7.658983
7.689601
7.720455
7.752080
7.784564
7.817417
7.850402
7.883717
7.917346
7.950839
7.983962
8.016591
8.048907
8.080939
8.112872
8.144712
8.176570
8.208071
8.239261
8.270240
8.301219
8.332214
8.363126
8.394063
8.425161
8.456127
8.486817
8.517641
8.549253
8.581735
8.614936
8.648312
8.681831
8.715684
8.749715
8.783264
8.816039
8.848449
8.880696
8.912445
8.943598
8.974542
9.005093
9.035433
9.065786
9.096369
9.126958
9.157473
9.188026
9.218729
9.249434
9.280188
9.311253
9.343126
9.375820
9.408835
9.442030
9.475557
9.509229
9.542613
9.575752
9.608667
9.641263
9.673672
9.705995
9.738076
9.770019
9.801800
9.833174
9.864293
9.895381
9.926451
9.957478
9.988403
10.019442
10.050380
10.081075
10.111870
10.143407
10.175859
10.209005
10.242262
10.275573
10.309135
10.342779
10.376019
10.408809
10.441265
10.473516
10.505590
10.537165
10.568585
10.599614
10.630387
10.661027
10.691771
10.722512
10.753167
10.783845
10.814659
10.845429
10.876226
10.907326
10.939212
10.971917
11.004968
11.038212
11.071808
11.105639
11.139223
11.172539
11.205449
11.238062
11.270431
11.302696
11.334844
11.367002
11.398886
11.430405
11.461650
11.492823
11.523962
11.554996
11.586112
11.617393
11.648629
11.679760
11.711083
11.743163
11.776095
11.809871
11.843915
11.878094
11.912545
11.947074
11.981077
12.014325
12.047219
12.079955
12.112122
12.143705
12.175055
12.205959
12.236582
12.267181
12.297941
12.328682
12.359378
12.390151
12.421123
12.452110
12.483159
12.514525
12.546684
12.579685
12.612983
12.646383
12.680097
12.714049
12.747751
12.781196
12.814333
12.847162
12.879800
12.912349
12.944707
12.976916
13.008888
13.040495
13.071788
13.103020
13.134190
13.165279
13.196400
13.227660
13.258859
13.289907
13.321117
13.353118
13.386007
13.419601
13.453263
13.486940
13.520887
13.555036
13.588713
13.621778
13.654481
13.687021
13.719210
13.750818
13.782219
13.813125
13.843723
13.874264
13.904910
13.935505
13.966028
13.996670
14.027499
14.058356
14.089300
14.120594
14.152705
14.185662
14.218946
14.252408
14.286235
14.320180
14.353845
14.387287
14.420277
14.452966
14.485360
14.517577
14.549306
14.580875
14.612210
14.643194
14.673974
14.704803
14.735653
14.766463
14.797194
14.828063
14.858878
14.889510
14.920307
14.951908
14.984408
15.017578
15.050796
15.084101
15.117680
15.151210
15.184359
15.217221
15.249761
15.282116
15.314334
15.346028
15.377539
15.408589
15.439379
15.469992
15.500678
15.531365
15.561982
15.592654
15.623484
15.654291
15.685102
15.716182
15.748025
15.780718
15.813879
15.847116
15.880605
15.914361
15.947870
15.981087
16.013998
16.046589
16.078978
16.111238
16.143333
16.175438
16.207317
16.238840
16.270048
16.301188
16.332272
16.363260
16.394262
16.425428
16.456547
16.487526
16.518681
16.550648
16.583517
16.617096
16.650803
16.684551
16.718578
16.752697
16.786364
16.819427
16.852152
16.884672
16.916838
16.948383
16.979731
17.010601
17.041168
17.071650
17.102303
17.132956
17.163525
17.194185
17.225042
17.255907
17.286812
17.318031
17.350044
17.382896
17.416149
17.449512
17.483208
17.517038
17.550585
17.583921
17.617022
17.649790
17.682320
17.714737
17.746916
17.778946
17.810814
17.842266
17.873419
17.904516
17.935581
17.966576
17.997606
18.028811
18.059927
18.090878
18.121965
18.153847
18.186657
18.220184
18.253809
18.287432
18.321297
18.355232
18.388737
18.421766
18.454443
18.486937
18.519356
18.551319
18.583107
18.614420
18.645380
18.676161
18.707018
18.737862
18.768644
18.799431
18.830370
18.861273
18.892088
18.923126
18.954935
18.987621
19.020916
19.054241
19.087740
19.121466
19.154940
19.188091
19.221045
19.253687
19.286139
