-0.006880
-0.018920
-0.020301
-0.014258
-0.011431
-0.009102
-0.000460
-0.011557
0.009644
0.021280
-0.024726
-0.007517
0.005481
-0.037103
-0.038782
0.035905
0.119896
0.191743
0.239524
0.195411
0.145029
0.120867
0.118769
0.096904
0.088993
0.080973
0.079547
0.062694
0.036065
0.015832
0.040888
0.051363
0.096782
0.151999
0.246993
0.221879
0.163716
0.159773
0.137905
0.099832
0.004253
-0.086482
-0.171725
-0.239632
-0.302986
-0.361411
-0.324622
-0.310028
-0.291251
-0.284235
-0.267121
-0.254936
-0.253091
-0.263156
-0.276674
-0.273140
-0.222870
-0.267592
-0.307667
-0.267104
-0.163002
-0.100793
-0.199662
-0.208200
-0.209195
-0.211547
-0.234771
-0.267756
-0.317283
-0.336553
-0.324475
-0.249935
-0.171727
-0.154543
-0.160671
-0.165936
-0.191347
-0.206175
-0.234390
-0.312951
-0.321309
-0.373152
-0.449818
-0.516400
-0.412404
-0.345681
-0.313919
-0.328367
-0.321603
-0.319623
-0.335079
-0.345344
-0.363080
-0.413912
-0.428988
-0.459297
-0.412545
-0.299159
-0.287286
-0.286538
-0.268036
-0.255523
-0.288849
-0.294746
-0.295546
-0.301139
-0.298085
-0.332739
-0.405478
-0.408005
-0.265645
-0.196109
-0.215559
-0.218201
-0.210921
-0.208113
-0.225859
-0.247029
-0.303974
-0.312746
-0.329303
-0.347906
-0.261904
-0.205764
-0.175878
-0.193437
-0.225793
-0.267670
-0.270847
-0.289042
-0.267235
-0.249802
-0.248934
-0.291333
-0.179731
-0.114106
-0.067841
-0.085223
-0.087825
-0.082346
-0.093540
-0.099631
-0.100774
-0.154642
-0.184718
-0.195296
-0.218486
-0.160454
-0.113323
-0.092142
-0.103247
-0.113910
-0.171620
-0.178342
-0.175741
-0.178231
-0.170612
-0.191941
-0.243613
-0.151306
-0.086811
-0.035041
-0.056004
-0.060377
-0.048707
-0.057387
-0.058428
-0.058413
-0.086204
-0.129412
-0.138144
-0.168211
-0.105934
-0.058401
-0.034503
-0.056695
-0.078899
-0.142006
-0.150276
-0.160053
-0.186423
-0.174935
-0.187040
-0.209411
-0.110557
-0.048205
0.000058
-0.016571
-0.019979
-0.014280
-0.031335
-0.036110
-0.035942
-0.094684
-0.131435
-0.140580
-0.154920
-0.102576
-0.064820
-0.039790
-0.059190
-0.096414
-0.147966
-0.153197
-0.169568
-0.169367
-0.143150
-0.130866
-0.153395
-0.063896
-0.007333
0.032430
0.013943
0.011990
0.020547
0.006337
0.000082
-0.010589
-0.080631
-0.113803
-0.112998
-0.131049
-0.063933
-0.016860
0.012572
-0.008245
-0.048484
-0.107301
-0.114918
-0.129046
-0.133186
-0.120509
-0.096564
-0.099645
-0.035202
0.006605
0.038919
0.023012
0.022396
0.030903
0.013730
0.008479
-0.003390
-0.080866
-0.116568
-0.115021
-0.123223
-0.060563
-0.017780
0.006240
-0.013342
-0.031326
-0.095420
-0.104315
-0.100708
-0.105047
-0.096435
-0.094886
-0.099862
-0.024838
0.023677
0.055934
0.036174
0.036570
0.038395
0.022417
0.017202
-0.001612
-0.081388
-0.118017
-0.114553
-0.076852
-0.019969
0.014224
0.038916
0.019148
-0.007707
-0.066236
-0.075162
-0.086899
-0.108879
-0.108592
-0.113233
-0.082610
-0.026708
0.018496
0.069104
0.053777
0.052038
0.061434
0.045891
0.039292
0.030008
-0.034796
-0.083427
-0.083132
-0.100633
-0.066152
-0.034104
-0.010001
-0.025785
-0.059532
-0.125307
-0.136525
-0.130385
-0.117539
-0.123402
-0.103547
-0.117961
-0.049268
-0.015001
-0.005863
-0.023648
-0.021333
-0.013685
-0.031807
-0.053898
-0.093607
-0.171354
-0.199975
-0.197533
-0.131538
-0.081908
-0.053558
-0.042891
-0.047334
-0.053243
-0.113899
-0.122748
-0.118820
-0.140651
-0.125676
-0.144835
-0.189011
-0.101038
-0.040622
0.003759
-0.013548
-0.015050
-0.005580
-0.017998
-0.026035
-0.032929
-0.079019
-0.115759
-0.117308
-0.134446
-0.081501
-0.037633
-0.011594
-0.027886
-0.041608
-0.112338
-0.123125
-0.123375
-0.131543
-0.130965
-0.118363
-0.112903
-0.055473
-0.017815
-0.000330
-0.014827
-0.013721
-0.005309
-0.021433
-0.040376
-0.069881
-0.145974
-0.176198
-0.172582
-0.128901
-0.070388
-0.039756
-0.024535
-0.034362
-0.050056
-0.106571
-0.114639
-0.117626
-0.138668
-0.141964
-0.151624
-0.125195
-0.069867
-0.014473
0.039763
0.025048
0.025036
0.036140
0.023414
0.005483
-0.012461
-0.091475
-0.126999
-0.125034
-0.148254
-0.087825
-0.046579
-0.018115
-0.034640
-0.067655
-0.130485
-0.139680
-0.127501
-0.100290
-0.091614
-0.077137
-0.054055
-0.005726
0.022444
0.027949
0.010469
0.013159
0.021879
0.005468
-0.017950
-0.054517
-0.134940
-0.165727
-0.159141
-0.109523
-0.054696
-0.024376
-0.008069
-0.017091
-0.026807
-0.088332
-0.096067
-0.092025
-0.113230
-0.104217
-0.113086
-0.126958
-0.051964
0.009220
0.059094
0.041831
0.040481
0.050478
0.036453
0.017727
-0.000228
-0.059968
-0.098968
-0.094641
-0.112140
-0.066901
-0.030302
-0.002469
-0.016629
-0.038952
-0.111152
-0.121702
-0.117171
-0.104324
-0.103176
-0.078828
-0.057916
-0.010573
0.012502
0.009734
-0.003831
-0.003201
0.005485
-0.010700
-0.030278
-0.060603
-0.139024
-0.167252
-0.161131
-0.104944
-0.053833
-0.026829
-0.018564
-0.021242
-0.041894
-0.101536
-0.109429
-0.122060
-0.135235
-0.115808
-0.116668
-0.130088
-0.051217
0.006300
0.052198
0.033894
0.032324
0.042325
0.028770
0.012175
-0.002304
-0.054149
-0.094337
-0.091699
-0.116875
-0.065541
-0.027818
-0.004197
-0.020843
-0.027219
-0.101498
-0.115146
-0.111151
-0.113689
-0.113758
-0.110510
-0.096615
-0.040194
-0.007607
0.014835
0.000185
0.000385
0.009675
-0.008253
-0.033228
-0.061580
-0.139129
-0.168409
-0.164095
-0.132220
-0.076193
-0.044087
-0.021791
-0.038137
-0.045879
-0.101265
-0.110572
-0.114754
-0.135153
-0.137595
-0.148270
-0.149835
-0.072956
-0.013199
0.040501
0.023305
0.021354
0.031974
0.020270
-0.001714
-0.019871
-0.075964
-0.112497
-0.108239
-0.127787
-0.082970
-0.045370
-0.018345
-0.033217
-0.055363
-0.124623
-0.136416
-0.135311
-0.130055
-0.126927
-0.110233
-0.084306
-0.034177
-0.009046
-0.000791
-0.016442
-0.014568
-0.004301
-0.019237
-0.046509
-0.075806
-0.152803
-0.178968
-0.172950
-0.123106
-0.066042
-0.038211
-0.029971
-0.033241
-0.038980
-0.097051
-0.106574
-0.112253
-0.134342
-0.121211
-0.133306
-0.159297
-0.078858
-0.021007
0.031772
0.014297
0.012023
0.023167
0.011851
-0.011926
-0.027515
-0.076258
-0.109001
-0.106801
-0.125214
-0.079393
-0.039806
-0.013441
-0.027629
-0.041504
-0.110028
-0.120960
-0.117307
-0.128820
-0.124565
-0.128860
-0.103241
-0.047005
-0.011252
0.012656
-0.002694
-0.002846
0.007618
-0.007489
-0.034212
-0.055438
-0.120231
-0.152287
-0.149826
-0.159656
-0.098881
-0.055885
-0.033665
-0.050010
-0.052339
-0.113966
-0.127329
-0.122207
