0.939433
0.976317
1.018086
1.066450
1.116016
1.164898
1.185542
1.198893
1.209278
1.216803
1.262140
1.370811
1.480627
1.581635
1.675965
1.740234
1.771068
1.792454
1.710903
1.540514
1.407113
1.339713
1.275972
1.205250
1.162396
1.144047
1.123873
1.080471
1.016718
0.951035
0.959212
0.969463
0.967394
0.947342
0.918485
0.902379
0.925710
0.992301
1.053203
1.132979
1.226363
1.337541
1.430990
1.503118
1.544864
1.604161
1.663503
1.696394
1.650671
1.518257
1.337069
1.155746
0.995746
0.882860
0.812598
0.873956
0.916301
0.949851
0.968960
0.969400
0.961366
0.932734
0.956593
1.074397
1.189845
1.284910
1.365083
1.419946
1.444915
1.456393
1.471916
1.508611
1.573396
1.600061
1.473625
1.262191
1.066421
0.937784
0.863058
0.834208
0.921510
0.995695
1.062917
1.119044
1.144883
1.155367
1.147337
1.163487
1.258356
1.294399
1.280788
1.259271
1.235022
1.183105
1.127553
1.116511
1.175758
1.280885
1.342708
1.270569
1.142207
0.985347
0.853495
0.752151
0.668503
0.596391
0.465006
0.514536
0.601554
0.678542
0.743124
0.796388
0.846576
0.994786
1.101945
1.140238
1.139587
1.117368
1.061005
1.002479
0.992680
1.010990
1.012039
1.011425
0.967806
0.887031
0.778245
0.685841
0.608152
0.558977
0.651492
0.737676
0.817676
0.882665
0.927293
0.956729
0.963407
0.964597
1.080058
1.142481
1.164944
1.177919
1.180977
1.145851
1.090693
1.070285
1.073999
1.062375
1.030754
0.952411
0.850172
0.744032
0.657291
0.586900
0.522796
0.552162
0.650668
0.743430
0.823711
0.876738
0.911922
0.924591
0.932218
1.065187
1.144456
1.182913
1.204141
1.216472
1.198510
1.165772
1.167343
1.182210
1.156154
1.096919
1.000851
0.896374
0.788277
0.702490
0.632244
0.567656
0.510708
0.610043
0.704720
0.787379
0.851264
0.900415
0.929169
0.954493
1.082257
1.146835
1.165092
1.167994
1.161473
1.120532
1.061160
1.032016
1.024270
1.003499
0.967416
0.900441
0.820585
0.749128
0.690944
0.636654
0.582149
0.658763
0.742514
0.818255
0.879473
0.926413
0.957108
0.965241
0.969373
1.087536
1.146795
1.166071
1.175148
1.172246
1.133596
1.077246
1.050771
1.047400
1.028815
1.001592
0.940558
0.862013
0.791133
0.731856
0.675394
0.618673
0.691293
0.773882
0.847563
0.905981
0.950316
0.975722
0.979050
0.979788
1.095373
1.148300
1.167241
1.178296
1.179847
1.144355
1.090561
1.060158
1.050954
1.031193
1.005136
0.938807
0.854976
0.780597
0.720481
0.665556
0.610716
0.653706
0.742671
0.821637
0.884739
0.933559
0.963972
0.972105
0.983955
1.097510
1.142635
1.157869
1.166441
1.165608
1.131723
1.083986
1.059531
1.053690
1.028678
0.997714
0.932667
0.855748
0.789306
0.737868
0.690045
0.639052
0.586648
0.641542
0.730654
0.806957
0.869912
0.914811
0.938905
0.960872
1.091838
1.158750
1.177946
1.185234
1.184800
1.155794
1.116569
1.093492
1.082762
1.056049
1.009291
0.929055
0.843127
0.769826
0.710091
0.653661
0.641199
0.738733
0.819075
0.887950
0.940230
0.977384
0.996279
0.995504
1.013911
1.120772
1.160316
1.169541
1.173420
1.168284
1.129700
1.073648
1.040938
1.033798
1.023328
0.999861
0.923406
0.833682
0.756321
0.691970
0.636789
0.583826
0.529234
0.630421
0.724578
0.807768
0.866302
0.908507
0.929221
0.946417
1.074008
1.131898
1.150746
1.156582
1.155465
1.124114
1.075669
1.058087
1.063559
1.049109
1.008091
0.928233
0.840620
0.765733
0.706104
0.652058
0.598388
0.637468
0.726752
0.805949
0.870569
0.921147
0.951958
0.963536
0.975623
1.096252
1.151138
1.167032
1.171886
1.167141
1.128554
1.072783
1.039515
1.029766
1.010217
0.984799
0.915390
0.833805
0.763443
0.706313
0.655120
0.602824
0.550124
0.604946
0.700250
0.784065
0.855081
0.909384
0.943919
0.976802
1.109890
1.176849
1.190115
1.188465
1.173404
1.128350
1.070789
1.036698
1.028211
1.013069
0.988338
0.924802
0.843347
0.771546
0.711181
0.651408
0.665139
0.762533
0.842443
0.910214
0.962012
0.997253
1.011363
1.005619
1.029925
1.135402
1.179234
1.190267
1.195307
1.189887
1.152304
1.097789
1.068757
1.064856
1.044273
1.010546
0.930317
0.839924
0.762084
0.698132
0.642410
0.587586
0.529473
0.621463
0.715890
0.798551
0.865237
0.915692
0.945635
0.972725
1.102067
1.164426
1.172431
1.168313
1.157385
1.124396
1.081294
1.063732
1.069164
1.053804
1.010167
0.928885
0.840326
0.766771
0.707748
0.651425
0.601295
0.700932
0.785630
0.859767
0.917869
0.959779
0.981234
0.984567
1.002814
1.118082
1.179859
1.198485
1.206053
1.200176
1.159640
1.101367
1.070325
1.066126
1.051761
1.024769
0.947733
0.851777
0.768654
0.705141
0.650114
0.595133
0.603666
0.696484
0.780615
0.851280
0.905761
0.943431
0.959150
0.971468
1.095821
1.152419
1.164148
1.167383
1.165436
1.141045
1.103330
1.090818
1.097950
1.076208
1.030589
0.947199
0.856658
0.774426
0.706216
0.646270
0.589133
0.633779
0.725506
0.806792
0.872884
0.924793
0.957083
0.970432
0.983881
1.104988
1.160283
1.169617
1.170091
1.164139
1.127787
1.070877
1.039880
1.034310
1.012495
0.985346
0.917944
0.838757
0.769813
0.711498
0.659899
0.608062
0.557097
0.581677
0.677930
0.761548
0.830927
0.884181
0.917728
0.949125
1.083407
1.157156
1.170502
1.169250
1.160353
1.129378
1.087029
1.070141
1.075182
1.058198
1.017501
0.939710
0.852172
0.774487
0.711870
0.652923
0.598871
0.698608
0.783254
0.857447
0.916055
0.959010
0.981464
0.985220
0.998578
1.112341
1.169957
1.184026
1.190347
1.187298
1.150111
1.090904
1.057537
1.049329
1.031041
1.004319
0.929011
0.835279
0.754342
0.688714
0.632908
0.578899
0.524671
0.623780
0.717437
0.799293
0.863601
0.911524
0.939368
0.964430
1.096368
1.166407
1.176894
1.174647
1.167644
1.138942
1.095932
1.083053
1.091251
1.075105
1.030738
0.947957
0.855205
0.773493
0.707714
0.649025
0.591795
0.616613
0.710843
0.794579
0.862868
0.916392
0.949695
0.963052
0.975992
1.099210
1.159911
1.170636
1.171606
1.167592
1.137260
1.088027
1.065263
1.066490
1.047998
1.016922
0.943131
0.852699
0.770816
0.702406
0.643958
0.588253
