0.001712
0.004950
0.009274
0.011830
0.012729
0.011588
0.003301
-0.002223
-0.005121
-0.012706
0.011650
0.032184
0.054840
0.103053
0.142087
0.152606
0.146925
0.122160
0.082483
0.088602
0.088568
0.063875
0.044660
0.029350
0.005217
-0.027178
-0.061016
-0.089003
-0.103862
-0.115426
-0.130579
-0.153787
-0.174368
-0.186761
-0.256273
-0.330256
-0.370490
-0.364794
-0.304549
-0.209372
-0.123476
-0.070959
-0.040222
-0.027923
-0.012260
0.004131
-0.007101
-0.027058
-0.041643
-0.054792
-0.069406
-0.092173
-0.111213
-0.133501
-0.162619
-0.188409
-0.196884
-0.193712
-0.164940
-0.140589
-0.186798
-0.308820
-0.392242
-0.391010
-0.305979
-0.185095
-0.087158
-0.007395
0.047292
0.065098
0.111454
0.135002
0.113154
0.103687
0.132957
0.160363
0.132633
0.087522
0.040070
-0.004053
-0.034692
-0.051058
-0.052000
-0.038113
-0.077118
-0.118883
-0.126026
-0.105237
-0.068885
-0.024472
0.028824
0.066491
0.077550
0.079133
0.068998
0.079372
0.084109
0.044065
0.038332
0.059068
0.059783
0.062574
0.045081
0.030165
0.018478
0.005546
-0.006663
-0.002824
0.026741
0.099079
0.098337
0.057085
0.043817
0.040669
0.057435
0.095077
0.120523
0.131755
0.135147
0.130097
0.126653
0.132906
0.131478
0.119119
0.113215
0.105658
0.076532
0.028485
-0.011112
-0.044303
-0.061996
-0.068955
-0.075325
-0.024784
-0.011833
-0.044156
-0.058984
-0.041406
-0.012323
0.022610
0.068236
0.097243
0.106965
0.101190
0.089250
0.073414
0.070291
0.080463
0.084144
0.086293
0.088547
0.083675
0.051418
0.024877
0.005195
-0.006574
-0.002739
-0.001502
0.019090
0.002563
-0.034153
-0.041108
-0.007017
0.035591
0.086101
0.141583
0.173071
0.186940
0.179845
0.177048
0.155078
0.156301
0.171962
0.183487
0.190777
0.193516
0.181474
0.143799
0.109416
0.084088
0.063553
0.058677
0.049620
0.096853
0.115933
0.102859
0.099799
0.116423
0.139619
0.164915
0.190123
0.194959
0.182552
0.162220
0.150685
0.126143
0.109429
0.111752
0.118145
0.122839
0.121855
0.106312
0.070061
0.041347
0.021905
0.013775
0.015775
0.006419
0.026417
0.025414
-0.002462
-0.013058
0.002865
0.029598
0.066547
0.110843
0.133223
0.136052
0.133901
0.136296
0.117497
0.114240
0.125900
0.132842
0.138710
0.144115
0.127369
0.085951
0.049449
0.022074
0.007262
0.006022
-0.005211
-0.018293
-0.049352
-0.078939
-0.082027
-0.056961
-0.023006
0.018478
0.064804
0.090283
0.096060
0.098771
0.105091
0.086791
0.082360
0.092881
0.100292
0.106946
0.114203
0.110437
0.073434
0.039298
0.011140
-0.005483
-0.004007
-0.008398
-0.002273
-0.017315
-0.040686
-0.041989
-0.017956
0.012353
0.049272
0.088534
0.108260
0.111260
0.115057
0.123453
0.105145
0.104681
0.116078
0.132976
0.148034
0.159618
0.158395
0.131071
0.106049
0.089562
0.076220
0.070066
0.063019
0.032029
-0.020687
-0.063932
-0.076488
-0.050330
-0.010225
0.041362
0.098048
0.128044
0.136084
0.129818
0.131672
0.109271
0.089741
0.096697
0.108137
0.113766
0.110537
0.097483
0.055474
0.016744
-0.015947
-0.028615
-0.029854
-0.036938
-0.032999
-0.045193
-0.062062
-0.059277
-0.036073
-0.008389
0.023380
0.058937
0.074068
0.071345
0.070839
0.073462
0.058863
0.049046
0.048697
0.062623
0.076754
0.084278
0.086408
0.060278
0.036096
0.019290
0.007870
0.014797
0.017481
0.034486
0.029715
0.002682
-0.001918
0.023118
0.053985
0.091316
0.132498
0.151666
0.156641
0.148363
0.147386
0.127008
0.111732
0.115426
0.123572
0.128750
0.128357
0.124560
0.087991
0.055477
0.030094
0.016431
0.018712
0.015114
-0.001702
-0.034373
-0.055460
-0.052315
-0.025489
0.005903
0.040291
0.076043
0.090635
0.088172
0.087070
0.089881
0.072074
0.068615
0.070318
0.081052
0.094541
0.102009
0.103852
0.078607
0.056401
0.042855
0.033951
0.031733
0.029863
0.008673
-0.039467
-0.085108
-0.100150
-0.073754
-0.035730
0.008993
0.062301
0.092509
0.100986
0.103644
0.107888
0.088907
0.080042
0.085088
0.089475
0.091324
0.089422
0.075372
0.032291
-0.007257
-0.039633
-0.050943
-0.049508
-0.051846
-0.074853
-0.116700
-0.140489
-0.137012
-0.107693
-0.072837
-0.032754
0.015380
0.041979
0.048653
0.055516
0.064547
0.051531
0.049674
0.055290
0.071392
0.086548
0.095822
0.099388
0.073954
0.050388
0.033798
0.022742
0.028629
0.029567
0.036029
0.021155
-0.009173
-0.015848
0.009612
0.041912
0.079841
0.124463
0.144889
0.146730
0.137943
0.137813
0.115844
0.096829
0.100950
0.112220
0.118023
0.115760
0.109029
0.070545
0.034848
0.005201
-0.006030
-0.003940
-0.008784
-0.038970
-0.084851
-0.107326
-0.098554
-0.066639
-0.029974
0.007752
0.050340
0.071582
0.074529
0.077948
0.083667
0.068869
0.062222
0.063144
0.077911
0.092987
0.099001
0.097975
0.069022
0.042999
0.026651
0.017414
0.023222
0.023377
0.032286
0.015790
-0.014715
-0.020156
0.003800
0.034476
0.073840
0.121651
0.145378
0.150700
0.141429
0.142481
0.122527
0.108529
0.115512
0.126428
0.132276
0.132257
0.130045
0.093680
0.058425
0.030021
0.013347
0.014452
0.011837
-0.004522
-0.035229
-0.052017
-0.046375
-0.017731
0.014970
0.047965
0.083159
0.096239
0.092195
0.089828
0.091694
0.069678
0.061452
0.066819
0.078940
0.089833
0.097354
0.102434
0.081018
0.062021
0.052563
0.046250
0.043732
0.043401
0.052387
0.038069
0.002614
-0.012281
0.008345
0.041217
0.081989
0.131440
0.154723
0.157995
0.148039
0.146172
0.122302
0.103724
0.107972
0.117112
0.120940
0.116624
0.108165
0.069745
0.034689
0.006966
-0.003252
-0.001422
-0.005672
-0.033692
-0.080488
-0.111780
-0.113060
-0.086715
-0.051129
-0.011666
0.035294
0.059360
0.064155
0.067909
0.072672
0.055512
0.051160
0.050466
0.063111
0.077513
0.084187
0.085230
0.062111
0.040530
0.029159
0.022043
0.027971
0.029903
0.037629
0.019946
-0.016205
-0.028042
-0.003379
0.032613
0.074244
0.125977
0.151602
0.156027
0.144926
0.142101
0.118493
0.102962
0.110134
0.120299
0.125078
0.122327
0.118356
0.085357
0.055806
0.033170
0.019957
0.024191
0.024458
0.005816
-0.035619
-0.065384
-0.067592
-0.041090
-0.005486
0.034507
0.080667
0.102494
0.105099
0.099868
0.100969
0.080028
0.070238
0.075944
0.080236
0.082548
0.086136
0.085525
0.055939
0.024882
0.001288
