-0.000772
-0.001200
0.002167
0.006554
0.009078
0.009239
0.009727
0.021335
-0.000709
-0.103761
-0.233363
-0.399993
-0.690501
-0.863000
-0.863000
-0.862994
-0.862993
-0.862998
-0.863000
-0.863000
-0.863000
-0.844365
-0.775799
-0.689605
-0.576463
-0.456141
-0.347865
-0.254149
-0.179224
-0.121986
-0.071489
-0.027820
0.021939
0.065380
0.084074
0.114612
0.174191
0.227406
0.210899
0.185818
0.167450
0.139957
0.115495
0.104951
0.093170
0.065544
0.015694
-0.006898
0.011761
0.065334
0.117480
0.134405
0.130041
0.117163
0.101510
0.087889
0.074462
0.059799
0.070443
0.061661
0.021778
-0.023992
-0.031086
-0.035694
-0.050299
-0.063801
-0.080959
-0.103270
-0.108367
-0.101748
-0.118306
-0.158747
-0.292458
-0.435839
-0.442068
-0.342800
-0.250950
-0.183197
-0.125145
-0.090323
-0.077800
-0.084647
-0.097180
-0.099790
-0.118620
-0.152641
-0.179237
-0.195307
-0.209929
-0.218166
-0.220954
-0.231447
-0.254703
-0.257919
-0.231447
-0.203133
-0.212292
-0.352340
-0.453235
-0.401726
-0.324748
-0.234996
-0.162042
-0.093964
-0.038498
0.003888
0.027991
0.041301
0.071040
0.099373
0.049939
0.000844
-0.012990
-0.024022
-0.029695
-0.043572
-0.066317
-0.091327
-0.096837
-0.065675
-0.046051
-0.046798
-0.077851
-0.127862
-0.126071
-0.076082
-0.036035
-0.017332
-0.003391
0.005078
0.011786
0.011085
0.000040
0.012852
-0.000817
-0.018964
-0.027152
-0.025207
-0.026213
-0.020164
-0.020465
-0.034350
-0.056223
-0.061418
-0.034219
-0.027134
-0.041374
-0.064089
-0.082902
-0.075058
-0.044677
-0.013525
-0.004981
0.006727
0.014454
0.023040
0.032412
0.031741
0.047510
0.053186
0.048225
0.042376
0.045534
0.046524
0.054545
0.055621
0.045382
0.026820
0.013256
0.033579
0.030390
0.012757
-0.006539
-0.031325
-0.034082
-0.007048
0.026130
0.038919
0.054376
0.065229
0.069215
0.074859
0.070113
0.079946
0.069135
0.056367
0.051786
0.054928
0.054875
0.060544
0.057956
0.042192
0.019744
0.015162
0.051118
0.070409
0.063272
0.044607
0.034233
0.036680
0.059429
0.077176
0.073734
0.071422
0.069349
0.066169
0.061983
0.046489
0.045845
0.037375
0.030359
0.032703
0.041836
0.046812
0.057515
0.060252
0.047845
0.030097
0.038066
0.086181
0.113224
0.118241
0.099948
0.079479
0.081295
0.108225
0.122957
0.112616
0.099923
0.085596
0.071132
0.058964
0.040280
0.027508
0.020925
0.021823
0.026337
0.035178
0.041245
0.055815
0.062204
0.052932
0.037791
0.051166
0.103008
0.130002
0.137450
0.122356
0.104626
0.112636
0.134998
0.145729
0.128809
0.112107
0.090663
0.073179
0.062511
0.046812
0.041705
0.035924
0.033716
0.037244
0.047563
0.056930
0.075146
0.082945
0.074279
0.059686
0.074543
0.127884
0.156811
0.143190
0.120691
0.104087
0.120915
0.154325
0.176671
0.171933
0.167171
0.158834
0.145809
0.132438
0.119200
0.102928
0.097699
0.103872
0.109606
0.117772
0.122948
0.137623
0.142376
0.129843
0.110790
0.109956
0.147882
0.163002
0.145587
0.126296
0.119303
0.120774
0.132179
0.137482
0.112744
0.089287
0.062510
0.042419
0.023177
-0.002124
-0.014782
-0.024243
-0.028035
-0.025860
-0.019674
-0.015064
-0.001501
0.006990
0.002194
-0.009132
0.006866
0.061474
0.092814
0.079043
0.056636
0.049610
0.071668
0.090863
0.107452
0.100268
0.094681
0.084429
0.073206
0.069894
0.058684
0.060819
0.056387
0.044893
0.037948
0.039838
0.039971
0.050061
0.054674
0.047239
0.032470
0.029788
0.065020
0.082540
0.071428
0.055398
0.042680
0.041559
0.053380
0.068901
0.061440
0.056289
0.046750
0.038565
0.033653
0.020988
0.007137
-0.000657
0.000510
0.002196
0.006518
0.007317
0.016985
0.022376
0.016385
0.005865
0.023472
0.078093
0.107911
0.101428
0.081518
0.068392
0.090296
0.116248
0.135424
0.130642
0.127277
0.120476
0.110741
0.098660
0.085360
0.067604
0.060877
0.058916
0.057485
0.061025
0.061032
0.069752
0.073506
0.064969
0.051256
0.064108
0.115748
0.142678
0.146043
0.129653
0.115421
0.118250
0.135881
0.139487
0.113138
0.087194
0.058499
0.038680
0.021883
-0.000799
-0.023232
-0.032204
-0.027349
-0.019714
-0.010991
-0.002813
0.014847
0.028093
0.027085
0.018778
0.038681
0.096373
0.126402
0.117048
0.099954
0.091275
0.110577
0.129276
0.143005
0.132651
0.123612
0.109736
0.095394
0.088925
0.076455
0.071653
0.068944
0.062467
0.058572
0.063388
0.066761
0.080110
0.088216
0.082248
0.067986
0.069166
0.109901
0.131906
0.120223
0.104147
0.096584
0.094759
0.103398
0.111595
0.092539
0.074662
0.052306
0.037328
0.024670
0.005516
-0.016380
-0.024877
-0.018623
-0.009993
-0.002562
0.002541
0.015314
0.028798
0.029502
0.023365
0.045976
0.104854
0.133371
0.120236
0.101719
0.094858
0.113056
0.130870
0.143060
0.132997
0.123844
0.112675
0.100283
0.093509
0.079252
0.074740
0.070552
0.063588
0.061968
0.068632
0.073556
0.089071
0.097195
0.090336
0.074192
0.069585
0.104716
0.123036
0.112011
0.094448
0.081329
0.083403
0.096883
0.110785
0.097068
0.084838
0.065403
0.048839
0.037603
0.020924
0.004177
-0.006322
-0.004651
-0.002674
0.002477
0.005044
0.017225
0.027419
0.023961
0.013966
0.031545
0.086287
0.115440
0.108911
0.085295
0.071812
0.088862
0.116726
0.139127
0.135398
0.133201
0.127877
0.118167
0.105094
0.092824
0.090203
0.085581
0.081375
0.078252
0.082102
0.083419
0.093261
0.099072
0.091130
0.075517
0.074202
0.112077
0.130508
0.117952
0.097133
0.085341
0.084442
0.097542
0.109958
0.095213
0.081342
0.061920
0.048078
0.034813
0.014008
-0.008622
-0.023071
-0.019980
-0.013645
-0.006978
-0.003746
0.006920
0.016872
0.013492
0.003741
0.022033
0.077795
0.106534
0.101322
0.079342
0.070176
0.089734
0.109191
0.126311
0.119652
0.113706
0.105503
0.093486
0.086344
0.074632
0.070005
0.068327
0.063264
0.058272
0.061364
0.062780
0.073495
0.081472
0.075734
0.059715
0.054019
0.087324
0.102540
0.090673
0.072114
0.060739
0.059369
0.071437
0.088621
0.080458
0.074735
0.062848
0.052244
0.047725
0.036346
0.020159
0.008276
0.011411
0.016798
0.024012
0.027061
0.039166
0.049036
0.045214
0.032931
0.039121
0.083168
0.104589
0.105996
0.090782
0.074675
0.083249
0.102040
0.113138
0.100471
0.089562
0.072069
