0.000000
22.621601
22.231352
21.617775
20.512651
19.113102
17.550623
19.792011
16.110878
12.022204
1.370406
4.698666
-17.691643
-9.677510
-2.875106
-2.239398
-2.117132
-2.224317
14.008846
10.448511
7.368295
-0.356427
-4.888031
-5.285755
-4.891627
-4.477446
-3.886574
-2.696831
-0.085503
2.804254
4.935147
6.193633
6.209538
4.869255
3.547874
8.153262
7.738552
2.746112
0.000000
15.124347
16.769558
17.817488
19.030085
20.329376
21.344284
20.847321
4.159458
-2.389450
-7.365788
-10.259935
-8.915425
-5.408711
-2.852830
-1.022333
0.431252
2.262470
4.970901
4.728308
4.872610
3.384906
2.432160
3.856840
9.250504
-0.002238
0.000000
13.742484
14.850192
16.230061
17.099831
17.879807
-3.278151
-2.035239
8.966559
2.367931
-6.575008
-9.467426
-5.634488
-3.658216
-3.429228
-1.539333
1.026457
4.176261
4.776842
1.584174
3.209878
2.822806
6.132287
6.921247
2.484970
0.000000
10.594748
13.445311
8.092687
15.988686
16.779842
18.022142
-4.743927
7.894653
-6.762552
-7.498503
-1.986278
-2.759007
-2.427359
-1.265608
1.404905
2.274520
2.488521
2.000187
-1.970107
0.893412
0.593152
6.178718
3.346482
1.119251
0.000000
15.252726
12.771537
13.568169
14.590080
16.128878
17.852327
18.090126
-5.755039
-2.375550
-6.810475
-4.493236
-3.547720
-2.143712
-0.135321
2.137478
2.693647
1.655981
-0.898087
0.932862
0.904805
2.604830
6.807397
3.177726
1.160256
0.000000
15.032238
4.628504
-2.350493
15.067260
15.671783
17.816660
16.582062
-7.562376
-3.965829
-4.875411
-1.858847
-2.228495
-0.637507
-0.560739
1.621405
1.957965
2.288153
-2.773178
-2.437784
-0.495037
2.472426
6.899043
3.398595
1.010257
0.000000
17.413471
6.402874
-1.904329
13.975853
14.886297
16.171291
10.011693
-9.061855
-1.987855
-2.978079
-1.691551
-1.910186
-0.510888
-1.006876
1.311925
1.506670
1.695205
-1.980662
0.360164
-0.045429
2.253184
6.898385
3.136290
1.311103
0.000000
15.012057
1.464276
-2.300621
14.718307
15.937901
17.796900
16.461063
-8.944458
-4.366259
-2.658014
-2.095661
-2.144526
-0.933009
0.022811
2.084449
2.380693
1.586928
-1.689477
0.873004
0.515427
2.845677
6.904579
2.859610
0.776208
0.000000
14.306779
2.219419
0.348153
14.897761
16.188736
17.950773
2.138632
-6.489871
-4.383343
-4.189642
-2.948306
-2.088776
-0.950948
0.060562
2.348928
2.628908
1.928365
-1.556419
0.167045
0.840797
3.274985
6.496857
2.773500
0.717656
0.000000
14.587183
1.146031
0.936586
15.108170
16.486479
18.275923
2.086462
-7.374974
-4.953003
-5.498691
-1.473515
-1.164717
0.036228
-0.363790
2.048044
2.240574
2.071287
-2.478592
0.017133
0.073242
2.764089
6.484461
3.053042
0.611170
0.000000
13.868782
2.655548
5.782967
15.005903
16.320009
18.058331
-9.253883
-2.638248
-0.728771
-4.859466
-1.781453
-1.647533
-0.301484
-1.112952
1.451223
1.588172
1.395663
-2.476786
-0.010780
1.023962
3.444484
6.723166
2.608965
0.792570
0.000000
14.894410
2.008643
-1.634628
15.123712
16.325451
18.105623
15.315975
-10.836519
-3.900301
-2.107882
-1.321746
-1.663715
-0.303502
-0.085010
2.126522
2.771119
1.150318
-1.831695
0.515095
0.503331
2.719650
5.635862
2.812148
0.539812
0.000000
15.191659
11.306275
14.309816
15.470232
16.742851
18.489721
-9.146295
-2.431872
-2.583008
-4.738223
0.058028
-0.328438
0.085862
-1.183332
0.997413
1.518124
1.930107
-3.113416
-1.105980
-0.681380
2.402338
6.849782
3.197743
1.061562
0.000000
16.994637
6.348531
-2.789710
14.709017
15.519779
17.354160
12.947388
-10.623138
-3.519106
-3.083162
-0.887553
-0.383521
0.378759
-0.055184
1.542798
1.796747
1.798112
-2.036079
-0.022317
0.063683
2.707695
5.834695
2.428752
0.614696
0.000000
15.182765
9.412475
12.950785
15.124850
16.509710
18.297289
-9.580588
-2.037584
-2.212263
-5.663348
-0.227886
-0.856314
-0.031448
-0.935480
1.231253
1.607699
1.842875
-2.648885
-0.406176
0.644022
3.121735
6.807132
2.650611
0.837579
0.000000
14.381566
9.874249
4.984811
14.569640
15.903930
17.719513
10.952129
-8.937583
-4.493824
-3.708221
-2.011708
-1.056780
0.313012
0.351234
2.379244
2.757433
1.018162
-1.691703
0.655765
0.698308
2.996028
5.374523
2.472791
0.231869
0.000000
15.142875
12.926646
14.171199
15.316191
16.607773
18.415508
-10.332427
-2.469740
-1.862030
-4.792245
0.330325
-0.251805
0.099227
-0.907182
1.218596
1.557582
1.870327
-3.090217
-0.851059
-0.398825
2.419548
7.014002
3.120937
1.060499
0.000000
15.172168
10.807302
3.832991
14.558350
15.738404
17.463057
9.336501
-11.154737
-3.935753
-1.997262
-1.235895
-0.600895
0.456934
0.384730
1.911691
2.174056
1.420604
-2.003088
0.062946
0.470967
2.904531
5.467959
2.978261
0.592909
0.000000
14.381049
13.017241
14.178435
15.258140
16.626995
18.467857
-10.318399
-2.475040
-1.782763
-4.469396
0.538732
-1.097394
-0.845781
-1.104062
1.246975
1.562327
1.518617
-2.462353
0.181451
0.398685
3.022304
7.025465
3.036858
0.765759
0.000000
15.906314
9.838164
1.360856
14.984927
16.069420
17.676542
5.085914
-9.380243
-3.256327
-3.516392
-1.181197
-0.983281
0.221794
-1.049263
1.390439
1.608289
1.671452
-2.270292
-0.104804
-0.192458
2.449033
6.150687
3.179734
1.206205
0.000000
14.846158
12.628170
10.897216
15.068084
16.518785
18.267921
-8.001307
-6.234282
-2.073994
-5.907862
-0.569837
-0.152170
0.583184
-0.742906
1.301024
1.612293
1.637702
-2.226835
-0.538106
0.163570
2.381655
6.610210
3.034133
1.056045
0.000000
15.000889
12.733637
3.986348
14.798048
15.984328
17.636457
9.191335
-11.112289
-3.993426
-2.534572
-1.578385
-1.365726
-0.115843
-0.239572
1.936716
2.146766
1.405961
-1.801012
0.601799
0.675951
2.947329
5.562027
3.084859
0.678099
0.000000
14.403049
13.501740
12.656588
15.465840
16.849165
18.542377
-10.467948
-2.954123
-2.439763
-4.989676
0.267498
-0.696195
-0.314375
-1.217766
0.968759
1.484741
1.917398
-2.972045
-1.712270
0.031333
2.276514
6.912023
3.663012
1.399490
0.000000
15.104782
12.728610
2.449701
14.908698
16.043730
17.735331
12.811927
-11.629304
-4.257503
-2.411441
-1.093305
-0.989827
0.145905
-0.385275
1.788569
1.828482
1.825716
-2.481324
-0.234965
-0.057062
2.518645
5.951877
2.835016
0.883116
0.000000
15.413535
13.257028
6.129523
15.412902
16.662031
18.326683
-3.274415
-8.319004
-3.835340
-6.349155
-0.833086
0.421956
0.891598
-0.997292
1.417632
