0.000000
2.854734
2.851092
2.851932
2.855223
2.860255
-12.800612
-0.840757
-0.191339
-0.498130
0.946995
0.591173
-0.529367
0.657790
-0.271634
-1.764528
-0.743392
1.436425
1.356842
0.825100
1.506572
0.478828
11.693444
12.411961
8.888916
6.430769
0.000000
8.333323
9.003925
8.137165
1.844765
-1.696178
6.000805
-1.383826
0.106210
0.106676
-1.761691
-3.235033
-3.027555
-1.851876
0.799736
0.945691
0.990210
1.009753
-0.440371
-2.377551
-3.581577
-2.675324
-1.935274
-3.136621
4.981028
2.443890
0.000000
8.247819
9.150256
8.768657
7.528983
13.981314
10.600952
-4.150786
-0.196099
0.108448
-1.058311
-2.082185
-2.558775
-1.815135
-0.081294
-0.050297
0.727406
0.817686
-0.739270
-2.946383
-3.242741
-1.475400
-0.602323
13.872339
6.511112
0.000000
13.778975
14.987988
14.712934
12.989133
7.738095
2.068213
0.677712
0.145534
-0.860120
-0.735224
-0.408210
-0.511907
-1.902983
-1.289907
0.023729
1.581466
0.645444
-0.687013
-2.741304
-4.452304
-1.938296
-1.000903
-0.816476
13.797642
0.000000
3.445343
2.571962
5.585761
5.836735
9.780875
6.643509
-4.759163
0.106880
-1.823147
-1.727591
0.168888
0.248569
-0.749434
-0.175862
0.476445
2.062935
1.114385
-1.325411
-2.949687
-2.836293
-2.639231
-1.988501
-2.202380
20.686245
0.000000
6.731593
5.185922
6.093175
4.345272
-0.595813
-1.077249
0.106719
0.106630
-3.027237
-2.417522
-0.285286
0.521856
-0.868718
-0.909599
-0.504236
1.497749
1.317972
-1.094684
-2.495212
-2.247966
-2.315770
-2.023231
-1.804280
9.032545
0.000000
6.965799
1.860479
5.213048
4.111805
3.213089
0.827430
0.106630
-1.491494
-3.460024
-1.785213
0.360691
0.828178
-0.517712
-1.108989
-0.979335
1.093592
2.725830
-0.198255
-1.841088
-2.090180
-2.151424
-1.986932
-2.036514
8.123648
0.000000
7.973053
3.244575
6.447793
5.479607
0.461415
-2.753727
0.106731
0.106774
-3.272774
-2.214701
-0.075634
0.558574
-0.503368
-0.887916
-0.601006
1.463926
2.128570
-0.746905
-2.513659
-2.127340
-2.143205
-2.051337
-2.221752
9.371825
0.000000
5.606468
2.905210
5.106136
3.301018
-0.395549
-3.078381
0.106714
0.106617
-2.686590
-1.563263
0.220287
0.590429
-0.736561
-1.103108
-0.498388
1.721463
1.850795
-0.720447
-2.036532
-2.254516
-2.411087
-2.108669
-2.066894
9.943015
0.000000
4.695560
1.769510
4.589225
3.285241
-0.284330
-2.347274
0.106723
-0.761559
-2.522997
-1.277992
0.618048
1.003455
-0.590593
-1.097749
-0.607607
1.761847
1.710445
-0.769207
-1.942600
-2.152282
-2.463539
-2.152654
-1.856237
7.789037
0.000000
5.493554
0.882164
4.228083
3.929092
-0.264063
-3.257126
0.106765
-0.807284
-2.497049
-0.878126
0.847387
1.383530
-0.287336
-0.997359
-0.623258
1.802839
1.602095
-0.780410
-1.397266
-2.045088
-2.486351
-2.369286
-2.132812
7.811034
0.000000
6.856462
3.073590
6.945663
6.400099
-0.448838
-1.809360
0.106850
-0.397118
-3.532980
-1.769455
0.393391
0.662630
-0.702409
-1.296328
-0.939745
1.317968
2.238968
-0.176362
-2.041035
-1.834795
-2.061369
-2.014475
-2.186133
7.654635
0.000000
4.635939
0.557288
3.777951
3.469620
-0.193730
-3.485593
0.106892
-0.532843
-1.866907
-0.678610
0.907732
1.371269
-0.557249
-0.999119
-0.338012
1.867026
1.446527
-1.443763
-1.999216
-2.125110
-2.156176
-2.010120
-1.667535
-1.287180
0.000000
6.375315
1.813096
5.675279
6.382039
0.861220
-0.891110
0.106719
-0.990891
-2.767490
-1.377378
0.633585
1.193015
-0.389769
-1.025260
-0.749048
1.228716
2.236636
-0.120556
-2.114284
-2.185084
-2.118444
-2.052211
-2.039134
7.088636
0.000000
6.068317
1.031704
4.069537
4.122271
0.016027
-1.909268
0.106901
-1.214620
-2.344107
-0.971682
0.904388
1.429289
-0.348817
-0.894527
-0.374300
1.904362
1.442469
-1.359541
-1.699845
-2.101983
-2.322850
-2.300971
-1.931344
8.236954
0.000000
5.864763
1.938064
5.821881
5.931870
-0.499548
-1.529594
0.106651
-0.573336
-4.015649
-2.058134
0.318699
0.794414
-0.564018
-1.003088
-0.519410
1.613976
1.633783
-0.930804
-2.210846
-2.006161
-2.246199
-2.071551
-2.085222
9.834760
0.000000
3.801226
0.301150
1.685425
1.760845
-0.004790
-1.730294
0.106524
-1.511232
-2.085285
-0.620869
1.090261
1.501700
-0.554375
-1.069281
-0.465113
1.858235
1.427012
-1.391563
-1.717681
-2.002538
-2.115232
-2.150857
-1.935304
8.378376
0.000000
5.385278
1.454129
5.141140
5.825244
-1.399528
-1.954750
0.106748
-0.914236
-3.294283
-1.629448
0.559887
1.127653
-0.411100
-1.132424
-0.845781
1.208856
2.100785
-0.268757
-2.081552
-1.931160
-2.041327
-2.082870
-2.213847
7.872995
0.000000
5.145059
0.759742
3.024337
3.033322
0.096495
-1.510322
0.106706
-1.603662
-2.126026
-0.643690
0.917208
1.398118
-0.396426
-0.989428
-0.417785
1.867749
1.290146
-1.657217
-1.956497
-2.022364
-1.963981
-2.141051
-1.853498
10.302914
0.000000
6.222295
2.556321
5.726736
4.407525
-0.335952
-2.516465
0.106808
-1.026998
-2.478514
-1.128677
0.733736
1.301832
-0.521595
-1.238760
-0.957051
1.156246
2.383705
0.062741
-1.825268
-2.004613
-2.172579
-2.131506
-1.961620
-1.229200
0.000000
7.066474
1.912945
5.222749
4.536616
0.180579
-1.905341
0.105854
-1.180293
-2.525904
-1.239815
0.718529
1.544268
-0.335539
-1.036526
-0.588884
1.741274
1.503289
-1.073286
-1.695514
-1.866972
-2.297085
-2.206618
-1.923717
7.668260
0.000000
6.350161
2.193784
6.323032
6.321020
-0.166246
-1.003579
0.107329
-0.159656
-3.766124
-2.114729
0.138823
0.887860
-0.528537
-1.197584
-0.821695
1.235648
2.254986
-0.221411
-2.050718
-1.908090
-2.036142
-2.063989
-2.141743
8.097851
0.000000
5.941963
1.212955
4.527086
3.457073
0.183843
-1.726510
0.106541
-0.813658
-2.920275
-0.941113
0.749636
1.406055
-0.556551
-1.067809
-0.448673
1.833629
1.550892
-1.293806
-1.728291
-2.010059
-2.059834
-2.003941
-1.854083
-1.307227
0.000000
6.871829
2.811351
6.588933
6.216784
-0.761298
-1.207883
0.106943
-0.641612
-4.083279
-2.000425
0.228292
1.105337
-0.538620
-1.227865
-0.904540
1.051693
2.439603
0.031659
-1.977869
-1.909916
-2.067793
-2.086811
-2.116487
8.127934
0.000000
6.083763
1.418582
4.694771
4.564010
0.081261
-1.730655
0.106583
-0.703971
-3.290224
-1.384533
0.621651
1.479858
-0.394364
-1.096726
-0.668809
1.501838
1.970132
-0.671964
-1.865906
-2.051016
-2.356733
-2.115036
-1.558043
-0.938568
0.000000
6.842577
1.431137
