0.000000
34.409668
32.745823
32.646618
31.897091
28.664335
28.643024
27.949766
24.748596
11.726790
-0.106697
0.933645
-0.106926
-0.105731
-0.817672
-1.727141
-1.669886
-1.723614
4.032248
8.060797
2.805627
0.072729
-1.102920
-0.493732
-0.791738
-1.175703
-1.620730
-1.607720
-1.634029
-0.481831
0.730433
1.340724
0.091458
0.278253
0.651175
3.524435
2.511479
0.707181
0.000000
35.549999
35.549999
35.549999
34.578602
30.533876
25.921507
16.811426
-0.353247
-2.590981
-2.793497
-2.753141
-2.641062
-2.309395
-1.785269
-1.134020
-0.941164
-0.643434
-0.124438
0.343054
0.385410
-1.219780
-1.678874
-0.495507
2.736558
12.093694
0.000000
35.549999
35.549999
34.765163
31.787889
28.299768
-0.499508
-3.058971
3.056892
0.167629
-3.346683
-3.333514
-2.989206
-2.607603
-2.751987
-2.810984
-1.829010
0.408287
2.318016
1.791754
0.230577
-1.076297
0.626354
1.101723
-0.037002
0.000000
35.549999
26.680538
17.959641
32.532749
29.529285
24.905106
-2.736520
1.326359
-3.179186
-1.986526
-0.191886
-0.568756
-1.865982
-1.829923
-0.770439
-0.490198
-0.046917
1.737394
1.629960
0.526132
-1.361953
0.454623
0.449318
-0.362230
0.000000
35.549999
27.092495
20.994036
35.549999
33.394070
27.186605
20.982601
-3.105703
-0.951567
-1.161583
-0.087594
-1.453343
-2.376983
-1.602969
-0.359044
0.238677
1.074500
0.593297
0.537124
0.709766
-0.300491
1.273759
0.580238
-0.462312
0.000000
35.549999
8.202553
0.412177
35.549999
34.348801
27.245928
22.485643
-3.251597
-0.515562
-0.191936
0.674403
-0.324197
-1.277341
-1.451728
-0.325636
0.288032
1.388827
0.351217
0.134531
-0.063827
-0.345019
1.378522
0.666777
-0.215852
0.000000
35.549999
11.848424
0.802793
35.549999
35.549999
30.873100
25.253069
-4.125169
0.301991
0.570257
0.995122
-0.391975
-1.236565
-1.776284
-0.707221
-0.352661
1.078614
0.352988
-0.028862
0.596254
0.046862
1.652297
0.326962
-0.332146
0.000000
35.549999
5.481890
0.467202
35.549999
34.882629
28.183411
23.307531
-3.919991
-0.715454
0.641679
1.139118
-0.661957
-1.485899
-1.307466
-0.271145
0.170683
0.944249
-0.204303
0.061045
0.491939
0.275516
1.666216
0.331955
-0.449414
0.000000
35.549999
7.633561
5.871089
35.549999
33.729137
27.312445
9.128630
-2.921935
-0.974119
-0.105285
0.808247
-0.516750
-1.464608
-1.460262
-0.352881
0.232735
1.216010
-0.149074
0.105677
0.211471
0.562304
2.062110
0.349514
-0.440506
0.000000
35.549999
5.795848
6.034647
35.549999
33.656193
27.088930
7.529908
-3.082212
-1.504061
-0.468972
1.035313
0.246104
-0.824060
-1.528825
-0.389014
0.321182
1.436234
-0.176549
-0.139726
-0.181849
0.273093
1.742323
0.225178
-0.343167
0.000000
35.549999
7.180888
12.305670
35.549999
33.397984
27.054836
-4.922529
-1.179791
0.160475
-0.146798
0.956347
-0.039904
-0.790913
-1.643501
-0.576710
-0.330617
0.710918
0.037239
-0.003202
0.410508
0.885597
1.728998
0.371174
-0.430006
0.000000
35.549999
6.458899
3.277894
35.549999
34.194756
27.600452
22.629370
-4.678462
-0.523399
0.871641
1.510194
-0.164400
-1.047435
-1.372696
-0.389269
0.605520
0.917022
-0.462094
0.103630
0.031321
0.468299
1.750035
0.193372
-0.473711
0.000000
35.549999
20.155243
28.870174
35.549999
31.798979
25.576996
-4.715813
-0.674433
0.124353
0.206129
1.390412
0.968876
-0.496476
-1.708174
-0.679513
-0.110716
1.296489
-0.105520
-0.630568
-0.285245
-0.285405
1.506503
0.621185
-0.217768
0.000000
35.549999
13.050292
2.079166
35.549999
35.458557
28.909843
23.696999
-4.719241
-0.287737
0.596213
1.500772
0.749826
-0.621853
-1.456143
-0.658122
0.022610
1.170786
-0.183124
-0.117871
-0.154748
0.555762
1.884320
0.277513
-0.438577
0.000000
35.549999
16.710356
21.725679
35.549999
32.752258
26.233671
-4.588904
-0.618976
-0.342896
-0.289483
1.284525
0.487565
-0.689240
-1.685464
-0.649543
-0.267140
0.913123
0.219015
0.029503
0.357221
0.578133
1.613004
0.335361
-0.457291
0.000000
35.549999
14.856023
10.385442
35.549999
33.954849
27.426069
22.680450
-3.948491
-0.918888
0.204950
1.207964
-0.015615
-0.828188
-1.317966
-0.189570
0.696360
0.985479
-0.356986
-0.161466
0.052070
0.890184
1.449663
0.110173
-0.557113
0.000000
35.549999
21.314754
26.115267
35.549999
31.936049
25.457073
-5.028010
-0.800078
0.330648
0.081172
1.477458
1.051206
-0.441327
-1.623393
-0.638269
-0.118017
1.323672
-0.061390
-0.526573
-0.064358
-0.048346
1.716282
0.572254
-0.274150
0.000000
35.549999
18.731064
11.312526
35.549999
34.263565
27.917089
22.548132
-4.969633
-0.554373
0.926499
1.592371
0.590436
-0.547565
-1.237751
-0.477194
0.337120
1.152492
-0.382697
-0.392306
0.014023
0.885067
1.827957
0.048296
-0.484674
0.000000
35.549999
19.330307
23.012238
35.549999
31.909657
24.908539
-5.104863
-0.676999
0.156279
0.291246
1.682737
0.469541
-1.001885
-1.714708
-0.591679
-0.090801
0.894156
-0.294846
-0.394249
-0.040088
0.115257
1.749638
0.607880
-0.322220
0.000000
35.549999
18.374670
8.565922
35.549999
33.679276
27.650202
18.266172
-4.059822
-0.253450
0.516219
1.387864
0.685301
-0.470035
-1.740364
-0.678048
0.132424
1.187612
-0.308094
-0.414041
-0.329442
0.456038
1.980404
0.585081
-0.254565
0.000000
35.549999
21.185991
19.852942
35.549999
32.785595
26.363361
-5.227465
-2.570189
-1.623523
-0.483415
1.214893
0.959110
-0.266409
-1.532321
-0.568835
-0.266925
0.693184
0.227115
0.072744
0.237925
0.071821
1.456242
0.492287
-0.304172
0.000000
35.549999
21.300583
11.275290
35.549999
33.749126
27.447929
22.345081
-5.235800
-0.580139
0.815405
1.463705
0.361184
-0.764134
-1.458392
-0.454162
0.220314
0.946515
-0.411799
-0.216681
0.091960
0.958649
1.847027
0.132373
-0.448020
0.000000
35.549999
23.374987
20.692968
35.549999
31.836000
25.272982
-5.296355
-0.954227
-0.156763
0.046883
1.556623
0.878248
-0.590102
-1.676350
-0.573829
-0.200942
1.136895
-0.136830
-0.160416
-0.041209
-0.149695
1.580496
0.755221
-0.162795
0.000000
35.549999
24.325356
9.775730
35.549999
33.559490
27.562700
22.584232
-5.510264
-0.696741
0.838321
1.550071
0.676810
-0.569131
-1.460278
-0.467876
0.160712
1.239100
-0.196705
-0.470925
-0.238286
0.677180
1.727660
0.472564
-0.314135
0.000000
35.549999
23.798344
13.510445
35.549999
32.595356
26.195183
0.959816
-3.447186
-2.059851
-0.656372
1.171386
1.193143
-0.046029
-1.634913
-0.626001
