-0.372580
-1.266787
-1.519019
-0.823033
-0.234207
0.079189
0.188358
0.191905
0.145449
0.082714
-4.199630
0.557799
-0.222227
1.195931
1.459777
1.190417
8.661091
-5.849857
6.438550
-4.448621
1.666374
1.040048
-0.460729
-3.654382
0.561943
-2.433211
0.871020
-0.803919
2.341451
-0.697306
3.968448
-0.465432
6.085618
-5.480011
5.899691
-3.587456
5.331188
-2.969962
4.741573
-2.785262
5.978714
-1.967840
1.148401
-0.056988
-2.007633
-0.979357
1.207823
2.218305
-1.692004
-7.608951
1.206854
3.007903
0.484633
3.605829
-3.684063
7.682203
-6.505644
5.056975
-13.408996
5.224702
-2.002879
10.176897
-5.879557
19.751917
-18.110971
22.817554
-12.435222
9.773558
-2.152221
0.633245
-2.460245
-3.557103
-3.494706
-2.058907
-1.492978
-0.089569
-5.046233
3.482456
-6.980826
7.370208
-12.378235
9.830227
-6.123910
7.753802
-10.370428
7.714502
-7.378814
11.855493
-12.274364
14.215694
-10.057548
16.064030
-8.133287
21.283588
2.775102
-0.781552
0.381227
1.478820
0.583013
1.090253
-1.136269
-4.430535
-18.228596
0.226228
-5.062433
3.936579
-6.335098
0.235815
-1.049779
3.444490
-3.589562
0.414501
-5.604145
9.427979
-24.143120
15.332082
-25.411648
18.369833
-10.263771
12.845053
3.162717
7.859628
1.201770
1.068780
-1.258529
-0.845227
-0.400768
-0.026332
0.459059
4.099811
-3.956715
7.301373
-12.174011
7.570088
-13.978530
6.560153
-12.197155
6.278815
-8.585873
4.747911
-6.853506
4.782902
-6.714675
11.589081
-24.521069
22.604784
-15.053829
6.517518
2.555444
4.161021
-1.392148
-0.753865
-1.162758
0.417206
1.386878
0.684302
-0.816266
3.832455
-5.505662
10.625168
-11.131489
9.350324
-8.617729
6.363354
-8.142813
6.184956
-8.198187
7.660000
-15.559349
12.764281
-17.624743
19.399023
-7.556353
0.385404
0.641638
3.536239
-1.637361
-1.032192
0.602104
2.621346
2.009922
-8.438807
-3.214937
-0.805228
0.476705
-0.165757
4.302289
0.205804
3.518794
1.305717
3.595468
-2.175076
5.097832
-5.017805
11.010791
-13.456917
26.187298
-14.920398
8.513709
-5.103978
0.995546
-2.839094
-3.266050
-3.462847
-0.823809
0.831242
1.922427
-6.331556
-2.217980
0.547875
-1.227976
5.646282
-4.560641
7.610800
-4.165734
4.104455
-3.153906
4.008863
-3.372733
4.500622
-8.002811
11.361799
-6.718797
14.234013
-0.476315
-0.608031
1.940851
-1.683016
-1.245078
-2.383328
0.356281
1.996448
2.003199
-8.016946
-2.709537
-1.305449
1.107212
2.569589
0.851122
3.926472
0.434351
3.054894
0.792487
1.442526
-0.436559
3.765095
-5.081424
18.789618
-14.887505
5.993996
-1.573356
-11.001260
0.029606
0.242945
-2.433503
-0.871641
1.115423
3.297401
1.340194
-10.632111
-3.217140
-1.282970
2.184964
2.990052
5.664776
4.042730
5.941533
4.704449
3.311819
3.855644
-0.206537
5.810903
-0.884203
14.472878
-10.400641
1.076477
-21.786175
-4.244077
0.623980
-2.639209
-2.205890
-0.636753
1.457534
1.532179
-19.191599
-12.279555
-4.076567
0.343279
1.885162
9.268562
3.286812
11.174211
7.590451
8.368587
5.286657
4.755281
1.954412
5.639269
3.383593
12.488357
-7.821893
0.400771
-22.321287
-1.572494
-0.035854
-3.066525
-2.236920
-0.500191
1.971223
2.262676
-15.160225
-12.273132
-6.949718
-0.887090
0.928295
7.984522
4.715560
8.753303
7.185683
6.015463
5.496303
3.415779
2.351915
1.537905
7.788017
8.791118
-7.311775
-0.137893
-22.395975
-1.662416
-6.331515
-2.721846
-1.839350
-0.625852
1.781632
1.624420
-11.610239
-16.094223
-10.033998
-1.785316
-0.266703
9.407590
5.791278
10.313173
8.763224
7.558982
7.689699
3.583989
3.999773
-0.687544
11.949407
-2.220489
7.963861
-0.586324
-22.987246
-0.039878
0.085636
-2.513759
-1.783319
-0.050434
2.469906
1.494152
-15.003180
-12.248527
-4.532187
-1.383291
4.029500
6.241457
7.035243
8.553957
8.265062
7.847093
5.411128
2.404964
5.156869
0.734715
22.383265
-10.500007
2.299385
-23.669586
-17.470655
-0.440544
-0.326024
-3.360838
-1.378309
0.520539
2.374676
-0.077968
-13.029472
-7.655309
-0.613846
-0.252964
5.177787
7.181133
7.736956
9.232141
8.878645
6.926380
5.554375
1.547176
6.799045
2.422737
14.682039
-8.494493
1.637801
-21.661882
-4.110220
0.610554
-3.793858
-3.351348
-1.245344
0.921207
1.058547
-14.618645
-14.320661
-5.671993
-1.521146
2.351795
6.513817
6.899295
8.380831
8.261093
8.250621
5.108429
4.335947
0.734012
6.870996
6.941065
10.115107
-5.035513
0.170991
-20.736956
-0.660530
-1.833585
-4.050487
-2.635086
-1.091085
1.625136
0.715918
-14.712739
-12.440095
-4.715641
-1.618987
1.229390
9.450584
5.535278
11.047428
7.617479
8.260400
6.131940
4.852212
1.023357
5.384582
2.906695
12.015320
-5.738470
0.002754
-21.582245
-1.650411
-1.334869
-1.511877
-2.828616
0.158364
1.759364
1.093026
-14.680984
-13.687922
-5.542965
-1.776960
4.312253
6.769378
7.818879
9.435077
9.440230
8.962606
6.158495
2.400686
5.553555
2.990951
21.352900
-11.170382
5.501453
-12.555801
-19.218321
-1.743570
-1.509769
-4.266524
-2.628885
-0.538862
1.391067
-0.062427
-12.850390
-9.262316
-4.843983
0.515672
2.309767
8.040455
5.525045
8.654307
7.849218
7.959408
5.010002
2.191593
5.076796
1.718375
22.792253
-10.629047
2.699291
-22.879707
-0.338576
-1.204782
-2.010118
-4.404190
-1.913185
-0.107961
1.851139
-1.006597
-11.745115
-8.315491
-0.188207
0.718416
5.441729
6.774884
7.013302
8.585319
6.526152
5.795154
5.320377
1.486201
5.488377
-0.164651
12.494183
-8.809079
0.378411
-23.263924
3.628970
-1.887067
-1.809253
-3.856147
-0.755062
0.683394
1.377143
-14.172410
-12.628714
-7.653852
-1.278608
2.160296
5.175848
7.249488
6.862267
7.872693
7.253045
5.347939
2.025501
3.252518
3.083817
18.883123
-11.120984
3.860048
-7.472685
-21.067816
-1.211332
-2.012985
-3.642880
-1.735409
0.121201
2.232292
0.065645
-13.424657
-8.885092
-4.277136
1.315446
1.385875
9.856134
4.597978
9.256400
6.854170
5.928444
4.504115
1.058795
5.862579
0.396641
14.197474
-9.209356
0.838580
-22.033222
-0.259607
-0.707272
-3.749638
-2.964123
-0.888810
1.321518
1.463491
-18.536057
-11.978996
-3.362274
-0.553035
2.228336
8.440665
4.700103
10.497589
7.475344
8.873319
5.100432
2.899201
3.595556
4.821915
18.303156
-9.555178
2.678050
-23.782036
-18.616056
-0.659042
-0.666677
-3.358833
-1.498421
0.085380
2.203440
-0.123277
-12.772929
-9.717920
-3.886390
0.735258
1.077833
10.848144
5.085146
11.020596
8.161754
7.648175
5.250632
2.580019
6.671353
3.654042
15.066624
-7.753657
1.379245
-21.690184
-3.686194
-0.724687
-3.497251
-3.843430
-1.443596
0.725856
0.863606
-16.707033
-12.936673
-6.113219
-0.062287
0.854751
9.513110
3.867906
11.195195
7.580208
7.817292
6.462668
5.231928
2.577920
3.485681
7.863092
9.896570
-6.576205
0.443277
-22.781792
2.154147
-7.399218
-2.191878
-3.752834
-0.751802
0.720236
1.238867
-10.549206
-15.939320
-8.312962
-5.455788
6.856313
0.678079
11.533157
6.414927
10.451147
8.082170
6.771627
2.013809
4.040130
1.092866
20.803028
-11.847687
4.546360
-10.524187
-21.301323
0.127399
-2.107964
-3.566736
-1.881563
0.174294
2.021513
0.675323
-13.447578
-9.290589
-4.901825
0.601842
2.953000
7.592418
