0.004158
0.011990
0.142436
0.304920
0.469080
0.634267
0.793638
0.959499
1.129163
1.300039
1.477833
1.617555
1.716780
1.789868
1.833961
1.819380
1.776064
1.746641
1.736016
1.713484
1.683240
1.642136
1.625665
1.623166
1.619823
1.673933
1.701972
1.775266
1.775493
1.806381
1.747459
1.775523
1.789160
1.878228
1.861543
1.987572
1.995949
2.152993
2.180856
2.310506
2.243810
2.254168
2.221128
2.235711
2.277569
2.319232
2.302429
2.302685
2.268908
2.279929
2.252029
2.234379
2.231848
2.250975
2.235960
2.241278
2.185678
2.191225
2.257685
2.255105
2.294593
2.347552
2.377504
2.410882
2.468781
2.601410
2.638455
2.655954
2.594835
2.616734
2.580456
2.543102
2.501747
2.467692
2.425177
2.367420
2.368738
2.347734
2.335339
2.329620
2.309629
2.340414
2.296889
2.367279
2.330531
2.480824
2.468936
2.491723
2.440322
2.418219
2.403866
2.484540
2.566301
2.548850
2.565409
2.610345
2.633804
2.608948
2.610533
2.623142
2.546001
2.539416
2.507147
2.504394
2.476213
2.481604
2.454933
2.486532
2.450963
2.476856
2.513799
2.584431
2.659686
2.721304
2.701533
2.741979
2.690636
2.792578
2.833193
2.889275
2.816436
2.870694
2.827462
2.783486
2.759570
2.758749
2.758397
2.724283
2.716784
2.705461
2.699787
2.703968
2.673285
2.699595
2.692539
2.681253
2.677535
2.717561
2.726031
2.815920
2.893238
2.988697
3.035111
2.978365
2.970331
3.027540
3.100288
3.100402
2.898035
2.991627
2.922146
2.914073
2.875270
2.870621
2.856283
2.813980
2.792739
2.771429
2.766646
2.769450
2.726209
2.774925
2.757557
2.786499
2.826216
2.826238
2.895590
3.081573
3.099787
3.109228
3.057089
3.131761
3.199150
3.171707
3.045360
3.085725
3.055805
3.074561
3.060052
3.039660
2.992761
2.921192
2.922614
2.884710
2.901260
2.869675
2.905750
2.855162
2.915633
2.938411
2.977198
2.992212
3.082311
3.216174
3.257985
3.208580
3.290315
3.354416
3.432906
3.333656
3.254033
3.185154
3.273978
3.231022
3.198358
3.178119
3.078468
3.059947
3.023878
2.993678
2.911851
2.959173
2.883909
2.909366
2.915534
2.981211
2.949201
3.000859
3.002577
3.169726
3.221332
3.194346
3.198870
3.295484
3.351531
3.296903
3.263773
3.201419
3.277730
3.246637
3.240019
3.235860
3.151490
3.146446
3.100427
3.069260
2.994547
3.043993
2.981263
3.008946
2.992533
3.078488
3.067125
3.104055
3.134480
3.320773
3.324229
3.287868
3.291674
3.374353
3.401264
3.353775
3.234061
3.293406
3.254566
3.290656
3.247680
3.239001
3.154033
3.155413
3.111217
3.083940
3.068014
3.066509
3.068416
3.089075
3.084872
3.146194
3.126356
3.200077
3.311385
3.412131
3.338305
3.343703
3.369073
3.444957
3.442510
3.378686
3.346369
3.331882
3.346092
3.289578
3.299623
3.268022
3.207514
3.181015
3.123187
3.100275
3.081762
3.125268
3.065338
3.141228
3.141847
3.182106
3.160262
3.227449
3.337835
3.443021
3.370461
3.381495
3.406482
3.481442
3.446784
3.405023
3.366314
3.364348
3.370623
3.315066
3.317505
3.248105
3.230284
3.214082
3.146370
3.105073
3.082474
3.115606
3.050606
3.095792
3.137207
3.177178
3.151227
3.187014
3.323435
3.405060
3.357158
3.351072
3.384890
3.462089
3.423002
3.388599
3.373335
3.359932
3.346879
3.252277
3.221629
3.164122
3.145283
3.131288
3.074026
3.049267
3.032206
3.064742
2.999378
3.045301
3.085775
3.120189
3.103392
3.137336
3.285856
3.357274
3.324602
3.306257
3.360684
3.428438
3.401145
3.337839
3.333791
3.321918
3.329531
3.278841
3.279714
3.208056
3.205979
3.175590
3.111063
3.073428
3.068986
3.087305
3.032816
3.089962
3.144719
3.131785
3.177175
3.226460
3.395149
3.362931
3.362342
3.369731
3.442318
3.465255
3.436132
3.315994
3.358003
3.310981
3.321814
3.266683
3.279123
3.189554
3.195996
3.153057
3.098381
3.079386
3.079388
3.084343
3.091180
3.098955
3.163877
3.143536
3.204121
3.305250
3.411943
3.346055
3.364370
3.399571
3.485902
3.480645
3.409751
3.366780
3.375813
3.389254
3.328429
3.323501
3.302391
3.230029
3.228042
3.174072
3.111964
3.120194
3.104865
3.111240
3.130830
3.165371
3.197994
3.179817
3.236942
3.376370
3.426001
3.371539
3.381820
3.405503
3.474662
3.427351
3.342077
3.381031
3.352411
3.349766
3.295460
3.288459
3.217308
3.220947
3.183342
3.120559
3.086303
3.078963
3.102651
3.058500
3.095990
3.131427
3.168649
3.149717
3.192329
3.320262
3.402309
3.343611
3.358432
3.391984
3.478131
3.419053
3.373696
3.343535
3.365313
3.300713
3.275420
3.261668
3.196912
3.198328
3.163920
3.104863
3.068427
3.067630
3.081418
3.038972
3.094640
3.144358
3.139678
3.182281
3.222868
3.389539
3.367750
3.363023
3.351246
3.402076
3.449327
3.413453
3.284538
3.327859
3.289722
3.300188
3.239894
3.242001
3.155976
3.159541
3.123178
3.059573
3.046164
3.037565
3.066638
3.021063
3.078643
3.122951
3.115567
3.171952
3.224961
3.383426
3.352900
3.355011
3.368922
3.440530
3.454645
3.419567
3.267276
3.335499
3.284294
3.296989
3.248605
3.254846
3.168901
3.176998
3.133947
3.083180
3.064725
3.058720
3.058325
3.049710
3.092993
3.152433
3.123955
3.170116
3.259328
3.387800
3.336255
3.349752
3.382096
3.479384
3.465848
3.406335
3.373023
3.394526
3.365042
3.350524
3.324497
3.287899
3.264431
3.247849
3.177154
3.117764
3.118860
3.092475
3.096953
3.118306
3.164092
3.185209
3.186175
3.234523
3.404984
3.404185
3.382383
3.372648
3.425478
3.473588
3.429511
3.281083
3.337797
3.307481
3.323072
3.270195
3.286108
3.196646
3.206562
3.172871
3.117611
3.103248
3.092574
3.112431
3.106522
3.122650
3.182924
3.160153
3.213916
3.313290
3.423242
3.362593
3.379627
3.411883
3.499394
3.494574
3.408678
3.355389
3.364141
3.374998
3.321509
3.330319
3.297169
3.244155
3.222552
3.175121
3.136500
3.131253
3.159638
3.099481
3.164143
3.206204
3.207628
3.228511
3.279853
3.457000
3.425622
3.418958
3.418770
3.469991
3.512248
3.471658
3.361441
3.388863
3.349612
3.354898
3.292700
3.316298
3.238143
3.244639
3.207397
3.145437
3.124706
3.115146
3.134444
3.124979
3.148976
3.215600
3.188406
3.235477
3.326207
3.450643
3.392513
3.405926
3.436251
3.520204
3.517032
3.450919
3.390366
3.419297
3.415060
3.341167
3.339679
3.309597
3.250994
3.232317
3.170397
3.125886
3.109711
3.148252
3.081024
3.121685
3.160604
3.210742
3.175869
3.215686
3.301843
3.427167
3.376656
3.377248
3.405773
3.492738
3.450819
3.411047
3.386723
3.402201
3.354356
3.308192
3.268380
3.233464
3.206141
3.186908
3.119210
3.054770
3.080062
3.030367
3.051192
3.065992
3.112716
3.136013
3.133623
3.188998
3.354742
3.349973
3.334315
3.333846
3.404942
3.442017
3.397675
3.275275
3.322750
3.309551
3.308843
3.247529
3.248004
3.164759
3.169043
3.129889
3.070880
3.050457
3.045182
3.068439
