1.418671
1.324111
1.797740
1.803602
1.806381
1.806726
1.805235
1.803862
1.803848
1.804868
23.471737
-5.377908
2.070242
-0.890327
-0.642830
1.332151
-6.154628
10.207510
-6.695318
8.245736
-4.153567
5.139801
-3.334646
5.567071
-6.404586
7.124688
-7.366619
6.184067
-5.121561
1.046979
-2.936502
2.423052
-7.305975
8.621354
-7.594944
7.833492
-8.382841
9.373411
-9.292427
8.348559
-7.604975
7.431956
0.000000
-13.336082
-17.544617
-16.016357
-17.182085
-15.294481
-15.842835
0.582339
-0.685057
-4.005183
-1.275767
-3.512586
1.390989
-6.693696
5.634376
-5.578143
7.379510
-8.031921
5.751951
-5.938368
6.562874
-9.906547
14.253717
-13.065362
12.919242
-11.284441
-3.060266
0.000000
-23.700001
-23.700001
-21.678074
-19.606113
-18.923325
-13.990109
0.843102
-3.104239
6.011831
-10.433063
5.695724
-6.896657
4.169011
-7.011078
8.380403
-5.653703
6.652635
-10.133028
12.051167
-10.927611
11.618918
-11.890663
12.437635
-13.274719
-4.330440
0.000000
-23.700001
-23.682472
-21.097809
-19.005959
-14.817210
-11.401203
11.906903
-2.826427
2.008429
-7.150916
5.792048
-5.584517
3.784409
-3.836944
4.938085
-0.450227
2.581978
-7.344622
13.672216
-13.418406
13.590960
-13.846475
5.211126
-1.012833
4.860932
0.000000
-18.410862
-23.700001
-14.363440
-5.658861
-10.361386
-1.704143
2.350970
-3.763945
3.009949
-8.566341
8.167686
-10.559927
9.165825
-9.174679
8.169764
-8.005365
7.046628
-5.035343
4.423110
-5.466786
3.824973
-8.573176
15.441001
-17.570183
4.248747
-3.735830
-23.700001
0.000000
-12.784004
-14.291461
-10.837249
-5.301081
-13.833440
-3.318738
0.647103
-3.940269
3.548917
-10.040733
8.923157
-10.177921
6.844836
-5.357331
4.955861
-4.238447
5.022786
-5.909191
7.130945
-10.917040
7.436380
-14.747900
-0.012731
-1.139918
-23.700001
0.000000
-10.325831
-16.205309
-15.853181
-14.337353
-19.276051
2.914091
0.707754
-1.508365
-1.997720
-0.122865
-3.785961
0.820976
-2.998559
0.435579
-0.984550
1.750978
-1.683701
4.057659
-6.806097
10.323180
-18.299648
5.967634
-3.059456
-0.708159
-23.700001
0.000000
-8.276910
-12.943913
-19.399513
-22.361740
-21.038774
-1.061117
1.838102
-2.587224
0.213179
-5.792534
4.631730
-8.230289
4.841345
-3.361460
2.773209
-1.848455
2.837951
-3.270186
3.189258
-7.770042
2.891537
-10.173057
-0.550115
-0.744709
-17.513418
0.000000
-5.078598
-7.322170
-14.196173
-11.614637
-13.447614
0.300183
-0.022078
-1.471658
-2.298995
-2.094955
-0.431699
-3.192336
0.664974
-1.245857
0.546417
0.120228
0.763016
-2.176544
1.783680
-11.013478
8.063116
-5.998592
-0.792026
-0.563042
0.000000
-7.291915
-6.896015
-11.570736
-14.361616
-7.610480
-10.655227
-0.833463
-2.869629
-1.420849
-1.645424
-0.926718
-2.740469
-0.101395
-1.648908
0.391485
0.015979
0.119337
0.496905
-2.453709
1.436171
-9.453110
7.058653
-1.327933
-0.915559
-0.109838
0.000000
-7.516119
-10.008109
-17.209768
-15.720689
-7.816281
6.432472
0.304510
-1.879274
-2.350092
0.404455
-4.520440
2.132627
-4.326792
0.801982
-0.695141
0.718086
0.040124
-0.380795
-2.230011
-0.559856
-7.305768
5.585463
-1.163345
-0.984750
-0.288441
0.000000
-6.495998
-8.492140
-16.674721
-14.512100
-7.491410
6.536697
-0.933586
-1.865427
-2.591947
-0.008580
-4.003973
1.066731
-2.518903
0.020627
0.235140
0.264033
0.375538
-0.177523
-1.483829
-3.914922
-5.186535
4.640936
-1.150611
-0.981381
-0.317443
0.000000
-5.764751
-7.658702
-19.237116
-16.467834
-10.185527
6.075963
-1.192072
-1.227537
-2.054571
0.545778
-4.354361
1.583093
-2.244249
-0.035678
0.171918
-0.021098
0.620511
-0.866111
-0.203731
-6.214854
1.128172
-5.956453
-0.815267
-1.077742
-10.358792
0.000000
-4.733563
-8.752905
-17.116619
-16.007858
-12.849063
2.358715
-1.587097
-3.858063
-1.212446
-2.160035
-1.673393
-0.705055
-1.420430
-0.250577
-0.339591
0.697161
0.313949
-1.828871
1.159273
-12.277363
7.076752
-1.973343
-2.486999
-0.105086
0.000000
-11.883670
-11.076497
-14.518871
-18.827614
-10.134334
-9.583160
-0.651312
-1.709053
-3.308461
-1.140078
-2.138962
-1.743301
-0.624254
-1.330875
-0.023456
0.133316
0.387422
0.082880
-2.145186
0.679968
-8.451103
6.744541
-1.415493
-1.044787
-0.126279
0.000000
-7.800478
-9.764530
-17.946436
-16.691843
-8.850695
23.700001
7.491714
-4.175905
-1.721513
-1.008131
-2.354967
-1.461749
-1.284851
-0.372257
-0.472625
0.725746
-0.051647
0.567360
-3.137969
-2.631216
-5.169209
3.628010
-1.290346
-0.982356
-19.200407
0.000000
-8.084302
-11.784654
-19.676849
-15.691278
-11.184999
1.873467
-1.886518
-3.801250
-1.281526
-0.144708
-4.400829
1.164068
-2.760510
0.201090
-0.122319
0.344953
0.011801
0.507859
-3.326955
-1.235331
-7.188687
2.940514
-1.229194
-0.914148
-10.688914
0.000000
-6.801510
-10.123849
-19.706697
-18.374304
-12.020709
1.274361
-1.902889
-3.652634
-1.228767
-2.305952
-1.680614
-0.674687
-1.364288
-0.389304
-0.357973
0.694804
0.441430
-2.232741
0.877241
-10.366165
7.853537
-4.207077
-1.510164
-0.494849
0.000000
-10.802078
-8.818487
-14.198954
-19.072617
-15.045946
-11.923664
0.387177
-2.940634
-1.801802
-2.364376
-0.037313
-3.725456
0.464268
-2.030365
0.029636
-0.576532
0.873178
0.171345
-1.929826
1.168930
-11.932396
7.276438
-2.022899
-1.687063
-1.150398
0.000000
-8.318120
-9.626044
-14.471682
-17.765924
-10.108945
-10.889410
-0.383756
-1.555462
-3.843155
-1.122064
-2.034380
-1.754886
-0.820269
-1.020438
0.481615
0.153280
0.250741
0.092667
-2.236907
0.883971
-7.602099
6.082769
-1.349433
-1.091281
-0.149480
0.000000
-6.104808
-5.938716
-14.951248
-16.079416
-8.491522
5.132095
-1.225485
-1.828985
-2.233212
-1.283829
-1.374325
-1.777191
-0.286132
-0.454671
-0.128435
0.564848
0.509723
-1.227303
-0.591674
-9.630604
7.674068
-3.479141
-1.338538
-0.567883
-23.700001
0.000000
-6.502481
-11.712931
-17.540833
-6.585401
-8.979055
1.486303
-3.128803
-1.956015
-2.851093
1.359419
-5.449010
1.813641
-2.673666
0.774254
-0.158201
0.556006
-0.126503
-2.321719
0.858577
-8.757142
6.351208
-1.335217
-0.962477
-13.318581
0.000000
-8.360115
-9.671199
-16.994530
-16.021475
-7.917654
6.091506
1.628496
-3.461250
-1.520376
-1.157434
-3.914601
0.912472
-3.419886
0.521349
-0.984074
0.961849
-0.086182
-0.787188
-1.274017
-9.176129
6.986486
-2.253847
-2.293070
-0.123574
0.000000
-11.810127
-9.960058
-13.789791
-18.736856
-6.388052
-6.733430
0.646662
-3.235168
-1.690550
-2.363898
1.008157
-5.707871
2.184335
-3.062775
0.822346
-0.371815
0.713873
-0.462890
-2.141058
0.095819
-8.430450
6.095215
-1.305112
-1.014271
-0.248855
0.000000
-8.672404
-9.869203
-18.996731
-16.921444
-9.404036
2.765211
0.399120
-1.839670
-2.484620
0.349915
-4.845613
2.140285
-3.789000
0.437513
-0.225504
0.308156
0.177014
-0.445554
-1.145376
-3.372787
-5.405821
4.778797
-1.179337
-1.081932
-0.339326
0.000000
-5.250532
-4.826743
-15.430376
-15.645838
-7.432672
5.377256
0.445282
-3.315117
0.453381
-5.252831
3.264849
-4.846582
1.555992
-1.378841
0.302765
0.216229
0.829875
-1.505464
0.480742
-10.801744
7.865133
-3.940222
-1.074983
-0.499078
-23.700001
0.000000
-8.128939
-11.964183
-18.586405
-13.509601
-11.572559
0.162141
-2.920012
-1.735682
-2.298670
-0.570500
-3.126929
