3.414148
2.675671
11.176583
14.098273
14.067924
13.819654
13.529107
12.883230
11.939255
10.918466
9.590073
3.266889
4.186623
3.236847
2.079505
-3.195735
-3.513754
-3.726090
-3.718756
-3.729527
-3.710153
-3.624980
-3.492264
-3.469165
-3.340465
9.669173
4.139263
-0.052310
-7.132186
-3.145469
-2.650555
-3.400437
-1.466323
-2.153643
8.897934
-8.197870
9.021006
-7.996888
9.018091
-7.346548
4.351100
-4.017306
2.577944
-2.137452
-1.229887
-2.262241
0.078277
1.205587
1.977326
-2.209859
5.836909
-5.229081
9.011725
-9.432791
11.216448
0.000000
-4.616550
-4.185220
7.378929
3.026920
-1.951631
4.067291
0.447162
1.774463
0.624084
-8.877475
9.167230
-9.460642
5.786775
-5.324024
1.476799
-3.876367
0.184925
-3.115980
8.842093
-4.980999
5.836895
-3.830332
7.306753
-9.482744
15.035712
-18.185045
0.000000
0.729473
3.489326
8.222921
-1.299688
-1.531071
-1.690277
-17.989815
-6.290620
1.408682
-0.967949
-0.631242
1.926342
-1.608008
-4.586695
0.076774
-3.765837
7.864624
-3.137198
2.504801
-0.814529
0.903536
0.995249
2.293764
-3.944880
17.055267
0.000000
9.503214
11.410270
14.124897
9.308438
5.051400
-0.620727
-5.664798
4.002654
-8.142363
10.431216
-12.835814
10.131441
-9.415451
7.723801
-10.499824
0.077327
-6.275270
6.462488
-0.939848
2.450526
-0.242730
0.518350
1.180848
-4.379555
10.039706
0.000000
-1.928448
-1.544626
9.991734
8.370270
9.191823
8.484004
14.153918
1.449405
1.346958
-0.158376
1.352737
2.636683
-12.270023
14.977804
-17.161959
0.079178
-9.300756
4.808414
-6.091758
4.143152
-1.672548
3.131914
-1.284078
1.976795
-0.009844
-3.443633
0.000000
9.941940
0.413122
7.294450
9.201996
11.743680
11.565209
15.282125
-0.317155
1.625824
1.275947
5.551033
-13.642195
17.127489
-19.764772
14.612717
-7.315354
6.661165
-6.004966
3.537270
-2.333584
4.438178
-4.928873
7.226411
-8.134903
9.038305
-8.764206
0.000000
4.474746
4.735543
9.876562
12.914905
12.012156
9.705070
0.224601
0.913105
0.617963
-8.714224
11.954479
-14.517148
10.675211
-12.344091
0.078777
-6.963697
9.259045
-4.694421
2.987388
-1.858174
4.091455
-3.901946
8.956495
-9.370615
0.000000
23.700001
6.765415
6.697921
7.816552
10.084378
12.915071
10.562141
2.240039
0.659571
3.138393
-3.280066
2.125765
-13.577840
15.931288
-16.648344
0.077084
-5.975838
8.969673
-4.752779
2.413410
-2.063420
4.158884
-4.623678
8.063526
-8.053846
9.330444
0.000000
4.474823
6.186299
8.324085
11.161545
13.564303
-8.633169
1.757920
2.487990
0.508738
-0.755550
-4.094790
8.108101
-18.654306
12.343582
-7.119560
6.448780
-0.850311
-3.263647
1.224464
-0.480882
1.070673
3.896335
-8.876729
10.142049
0.000000
5.057839
3.036194
7.878129
11.003758
8.529343
4.576999
-5.669428
1.305483
1.174120
0.341080
-4.797424
6.629007
-16.076851
17.449757
-14.880366
5.067518
-1.860929
3.136818
-1.589451
0.619669
-1.051663
4.732265
-6.638322
8.576243
-9.048826
0.000000
11.275256
0.008840
9.172983
12.380173
8.360377
7.726467
-0.951956
0.654078
1.759027
0.431059
-3.289191
1.787510
-11.169466
16.608213
-14.225745
5.789654
0.662712
-2.287018
-1.672413
0.106628
-0.811579
5.793583
-7.563395
9.267984
-8.844563
0.000000
7.236880
7.101605
8.938281
11.947706
9.825924
13.210463
-2.330091
1.390163
2.047574
-0.030876
-3.189972
0.080378
-3.492776
11.219266
-17.525311
4.637136
0.734908
-2.486287
-1.521278
0.369909
-0.223443
4.330365
-7.135206
8.986948
-9.153593
0.000000
11.181387
7.757047
9.516139
12.511298
11.167857
13.048855
-2.394669
1.341133
1.866437
0.547677
-4.597075
4.920014
-14.618053
17.064318
-14.335289
6.097567
0.493243
-3.985488
-1.628496
1.569159
-1.491734
5.955718
-7.101937
8.908522
-8.394320
0.000000
4.959959
1.996585
10.527697
13.110304
5.780334
-11.470331
0.930645
0.763099
-0.812774
2.526325
-10.264019
10.774656
-17.007547
16.827688
-8.808990
8.151968
-1.273399
-4.316872
0.270941
0.455610
-1.733323
6.439248
-7.181319
9.373302
0.000000
5.580527
3.643160
7.974308
11.184640
7.142617
6.182377
-5.731144
1.369417
1.290629
-0.222551
-4.559211
4.728399
-14.905220
17.286789
-15.023539
5.556387
-2.495904
4.278091
-1.747314
-0.094601
1.011818
-2.833211
6.723394
-6.883751
9.788478
0.000000
6.626955
1.664051
9.426550
12.695536
8.751753
6.217652
-1.426584
1.395588
1.014241
0.606286
-4.645285
6.187014
-16.114738
17.022860
-13.057611
6.603397
0.688620
-6.282117
0.291262
0.414259
-1.144365
5.662748
-7.585346
9.402368
-7.993220
0.000000
9.405075
7.745298
9.802252
12.601780
10.895096
13.368936
-5.743258
1.861750
1.439491
-1.280474
-1.899965
-2.298394
5.151481
-17.372959
10.266035
-7.805379
8.437433
-7.204760
0.650248
0.319214
-0.890389
5.940868
-6.932015
8.820234
-7.943045
0.000000
4.949183
3.080694
10.174792
13.140486
5.194176
-12.222548
1.144836
0.918985
0.976978
2.422475
-10.843662
12.713415
-18.097094
17.379248
-9.534708
7.703856
-1.847980
-3.876114
0.048574
0.681566
-2.751702
6.931932
-8.565270
10.306798
-8.052449
0.000000
4.144866
3.585094
10.962943
13.042093
4.151889
-12.294607
0.671326
0.384123
-0.876528
2.637579
-12.408425
11.618658
-16.715235
14.036992
-8.816103
8.491787
-2.351384
-3.689860
0.559565
0.195231
-0.027623
5.542152
-7.351779
9.781625
0.000000
12.351748
7.000920
8.742908
11.588109
9.078085
11.142587
-6.234652
1.666565
1.301508
-0.640980
-2.607313
-1.863843
5.839726
-17.896362
13.700766
-7.951014
9.739119
-9.844213
1.955605
-0.915230
0.961266
0.905774
3.478141
-7.771113
9.693272
0.000000
6.255588
4.826738
9.251973
12.417236
7.874892
-11.519189
1.283827
1.391924
1.216831
1.006771
-8.004950
11.974275
-17.801781
17.086111
-11.350331
7.563765
-1.136163
-4.145647
-0.108971
0.367641
-2.700358
6.706333
-8.198257
10.687821
0.000000
5.631854
3.080330
7.952346
11.088336
7.454882
7.155514
-5.917045
1.360600
1.472999
-0.608786
-3.291230
0.972515
-6.642627
13.061014
-14.550489
5.938496
-1.650198
1.614128
-1.523176
0.235909
0.071715
1.971040
-5.487833
8.731049
-7.509117
0.000000
5.199322
2.148006
10.174461
13.035236
6.129096
-12.515425
0.774031
0.622658
0.773241
0.879066
-7.172041
10.933480
-16.735828
16.400410
-11.181153
7.702656
-1.141323
-4.487455
-0.275486
0.126316
-2.019597
6.155828
-8.029655
10.918424
0.000000
6.338048
4.498099
8.002398
11.343743
7.181118
8.952274
-6.065690
1.339759
1.438097
-0.544671
-2.633954
-1.050679
-2.444797
-0.181946
-9.155451
6.316038
-1.077223
1.002466
-2.037308
-0.024345
0.336077
1.504903
-1.820884
8.131578
-8.965989
0.000000
7.630267
7.110403
8.785664
11.720042
7.982005
13.334575
-2.293978
0.986658
1.900869
-0.714575
-1.567605
-5.212112
11.205895
-17.916918
16.783974
-8.212263
9.891336
-10.410138
2.051062
-0.437117
1.660480
-1.726096
7.372175
-8.529106
10.216423
0.000000
6.016317
4.518954
9.076626
12.209634
7.897170
-11.249115
1.584524
1.733256
1.804395
-1.098875
-2.659956
0.415147
-5.722858
12.437070
-9.263494
7.365149
-0.861091
-4.365651
0.374744
-0.115946
-0.625779
6.792280
-8.120224
9.978857
