-0.000000
2.961121
6.383519
10.181991
2.709814
3.321064
-4.425139
-10.953851
-10.772237
-5.234502
-1.687158
-1.422614
-2.595828
-2.759623
-0.993359
0.628293
1.763161
4.038515
5.385779
5.372652
5.808845
7.074564
11.413015
8.905960
5.267897
14.219251
20.059891
-0.106779
-0.129842
0.197609
1.503189
3.481586
5.681961
8.044802
-1.327940
-17.491064
-18.543224
-13.667785
-11.478387
-10.193217
-9.219063
-6.081428
-5.330966
-5.127287
-2.452819
-0.911603
-0.045319
7.179445
13.907467
19.346506
16.516956
3.597329
5.078111
3.961977
3.679089
3.979852
4.005445
5.064747
6.195195
4.597519
-9.566724
-6.559528
-7.363510
-9.318690
-12.565366
-13.806921
-11.995627
-6.715271
-2.092319
2.660033
2.070439
-4.839942
-11.413086
-7.522682
3.814257
14.692142
17.124384
0.176116
1.264873
2.573150
2.639175
3.021913
3.694609
4.825981
7.157545
9.532612
9.917776
11.447869
-1.355493
-13.536958
-16.653009
-16.710884
-15.510081
-12.596075
-9.029824
-7.263769
-6.210876
-3.428335
0.778947
7.940466
12.386879
17.058851
17.416445
4.438419
6.486321
8.258739
9.524299
11.155086
12.236927
14.887572
18.749979
0.000000
-11.721472
-14.657253
-9.098422
-6.463579
-9.939457
-13.080803
-13.822133
-11.216341
-8.390263
-5.537467
-1.681553
2.831823
4.971106
6.458861
9.300264
1.264567
3.512434
17.482716
16.816427
20.059998
5.478043
8.728955
12.538972
-0.000000
-0.000000
-7.735018
-14.674788
-10.594585
-10.698375
-10.140084
-9.377699
-7.062774
-4.724248
-3.885015
-3.005329
-0.034094
1.911343
2.858155
2.691647
4.211666
9.767598
18.912813
-0.780197
1.398112
2.070154
5.584515
8.777829
11.751740
-0.000000
-0.000001
-0.000126
-17.234892
-19.917221
-18.155396
-15.208398
-11.745828
-7.597653
-5.765549
-5.203462
-5.324183
-3.289757
0.629483
3.416428
9.366457
16.716679
18.323603
-1.072221
1.237477
2.860120
3.109524
5.096954
8.701275
11.621059
14.987034
19.351551
-0.000001
-14.539164
-18.498495
-17.816797
-14.808637
-10.927129
-7.302798
-3.925961
-2.350716
-1.971983
0.892534
4.934673
2.897655
-0.257570
10.522769
17.552217
-4.023284
-0.209643
1.240735
1.864054
4.279727
7.422241
11.397773
14.934925
19.591200
-4.843134
-11.632501
-13.566121
-13.906235
-13.742124
-10.360156
-6.201169
-3.243508
-2.141646
-1.490039
0.104553
0.338630
-1.508353
1.890985
10.504845
11.942588
8.247104
18.294186
20.055262
2.232496
4.335371
7.314356
3.557185
0.000000
-0.000002
-0.000372
-12.208934
-16.502480
-12.894961
-12.215764
-12.364595
-10.070003
-9.024402
-8.193576
-7.209900
-4.710222
-1.008510
1.821059
12.247051
18.153379
-5.476797
-2.025187
0.944184
3.037902
2.997202
4.289431
6.503302
9.401174
13.159949
17.613358
19.829519
-2.386430
-17.446589
-17.645687
-17.171408
-16.945322
-13.841011
-10.808805
-8.153214
-4.117529
0.024117
3.939749
4.946597
5.904788
14.738824
14.701115
-1.196656
2.106604
4.677466
6.214530
7.172839
9.423867
13.227263
17.461969
0.000000
0.000000
-9.853636
-15.032134
-16.181936
-14.935995
-11.348205
-7.366709
-4.837255
-4.256654
-3.236025
-0.614793
3.230727
2.589850
2.250977
5.565312
4.244864
7.194944
19.206438
19.856752
2.795600
5.240205
8.624036
13.740720
0.000000
0.000000
-0.000000
-10.565287
-15.287925
-14.728323
-13.503296
-11.611330
-8.199702
-6.472819
-5.227386
-2.723982
0.599538
4.188298
2.746751
0.198564
6.964118
11.881910
19.373339
-0.296418
2.025352
2.428520
4.552603
7.439044
11.455385
15.904858
-0.000000
-0.000000
-1.387922
-11.835047
-13.890745
-17.093365
-14.842237
-9.633135
-5.789410
-3.772634
-2.190183
0.328314
2.487681
1.964276
-0.919897
5.499352
7.953465
18.132395
-0.985192
2.767951
3.390966
5.556329
8.767125
13.315997
18.044188
-0.000000
-0.000000
-10.195674
-11.839880
-12.256460
-12.384665
-9.199923
-5.976181
-3.371082
-3.882107
-3.730907
-1.613139
1.173014
-0.688830
1.414258
5.245479
4.216720
6.970841
18.450167
19.940823
1.425963
3.745160
6.640150
11.367023
-0.000000
-0.000001
0.000000
-6.151635
-14.979849
-12.772505
-13.779573
-13.341664
-10.404510
-8.641580
-6.718702
-4.008683
-0.590751
4.032346
3.288998
3.047376
9.013721
16.609053
-2.669068
1.116131
2.285371
2.575281
4.590782
7.312353
11.143703
15.628251
20.060019
-0.000000
-0.836670
-12.037534
-17.255659
-16.583807
-15.906575
-11.349622
-8.198627
-5.834232
-3.393275
-0.519629
2.152432
2.262380
1.036566
8.876310
11.186981
17.726891
-0.081183
3.475991
4.236566
5.822220
8.347409
12.356811
17.000891
0.000000
-0.000000
-8.211817
-13.523693
-13.889246
-13.100266
-9.679050
-6.382919
-4.609881
-4.677464
-4.183440
-1.766777
2.042541
1.992440
-0.345881
4.309688
6.315084
8.846066
19.385391
-0.637591
-0.535114
1.383848
3.997108
8.519020
12.447114
-0.000000
-0.000001
-6.748099
-16.444733
-17.552359
-16.328487
-12.560964
-8.302319
-6.284659
-5.653157
-5.465564
-0.571301
2.010237
1.308838
6.131524
12.525694
17.684315
-0.941772
2.204072
3.822768
3.772089
5.258079
7.897196
11.621037
16.114704
19.986937
-0.000000
-9.625520
-14.395545
-16.184977
-16.234428
-13.705547
-8.932250
-5.603654
-4.526127
-2.802351
0.322213
3.810791
4.497284
0.345911
3.002507
9.731419
13.039500
19.856379
1.635283
2.508116
4.485677
7.536435
11.712351
15.848332
-0.000002
0.000000
-10.695678
-14.148367
-13.385081
-12.448302
-9.387423
-4.956551
-3.441090
-3.968783
-3.851243
-1.185874
2.270765
1.986975
-1.968892
4.160948
7.065830
9.611201
19.656734
-1.607837
-1.324002
0.478992
3.290212
7.692432
11.399575
16.724987
0.000000
-5.020984
-12.676459
-15.056106
-13.868458
-12.492353
-8.190257
-6.129231
-4.885911
-4.887706
0.850218
3.667307
0.002398
-1.582547
14.466878
17.510437
-2.677806
0.962434
3.454027
3.196638
4.487959
7.177039
11.222795
15.920970
1.575474
0.000000
-8.637660
-12.922192
-14.063767
-14.287842
-11.711007
-7.058928
-4.853489
-4.457695
-3.807167
-2.162608
3.001742
4.526166
0.960126
5.689656
4.657921
8.027390
19.280048
2.466826
1.401437
3.415113
6.737888
10.831563
-0.000000
-0.000000
-0.000002
-4.946026
-14.224087
-12.539216
-14.184800
-13.414176
-10.946032
-9.101954
