-0.000000
-0.000005
-0.000019
-0.000068
-0.000183
-0.000254
-0.000381
-0.000572
-0.000717
-0.000749
-0.000647
-0.000467
-0.000308
-0.000242
-0.000339
-0.000637
-0.001145
-0.001827
-0.002748
-0.003881
-0.005117
-0.006220
-0.007126
-0.008251
-0.009593
-0.010892
-0.012096
-0.013058
-0.013794
-0.014461
-0.015146
-0.015224
-0.014364
-0.013163
-0.012046
-0.011147
-0.010289
-0.009661
-0.009497
-0.009689
-0.010281
-0.011008
-0.011650
-0.012226
-0.012616
-0.012826
-0.012831
-0.013024
-0.013590
-0.014237
-0.015310
-0.016712
-0.018115
-0.019344
-0.020450
-0.021468
-0.022604
-0.023811
-0.024612
-0.025155
-0.026252
-0.027759
-0.029395
-0.031200
-0.033418
-0.035823
-0.038078
-0.040085
-0.041584
-0.043071
-0.045014
-0.047069
-0.049051
-0.051060
-0.053116
-0.055371
-0.058072
-0.061336
-0.064881
-0.068908
-0.073088
-0.076843
-0.080338
-0.083794
-0.087067
-0.090461
-0.093746
-0.097012
-0.100406
-0.103844
-0.107573
-0.111815
-0.116360
-0.121049
-0.125642
-0.129795
-0.133640
-0.137401
-0.141180
-0.144914
-0.148605
-0.152072
-0.155896
-0.160322
-0.165078
-0.170046
-0.175157
-0.179893
-0.183923
-0.187336
-0.190165
-0.192974
-0.195612
-0.198026
-0.200335
-0.203073
-0.206526
-0.210380
-0.214213
-0.217857
-0.220778
-0.223171
-0.225505
-0.227707
-0.229447
-0.231108
-0.232833
-0.234785
-0.237010
-0.239438
-0.242356
-0.245230
-0.247303
-0.248646
-0.249611
-0.250326
-0.251020
-0.251649
-0.252177
-0.253123
-0.254251
-0.255627
-0.257242
-0.258775
-0.260156
-0.260806
-0.261088
-0.261124
-0.261162
-0.261355
-0.261395
-0.261351
-0.261356
-0.261854
-0.262971
-0.264208
-0.265415
-0.266105
-0.266147
-0.265777
-0.264949
-0.263931
-0.262689
-0.261417
-0.260404
-0.259691
-0.259198
-0.258752
-0.258288
-0.257752
-0.256524
-0.255078
-0.253608
-0.252461
-0.251961
-0.251992
-0.252516
-0.253157
-0.254188
-0.255472
-0.256569
-0.257487
-0.257816
-0.257642
-0.257087
-0.256251
-0.254874
-0.253377
-0.252057
-0.250782
-0.249490
-0.248565
-0.247814
-0.246999
-0.245592
-0.243227
-0.240595
-0.238144
-0.235843
-0.233877
-0.232219
-0.230609
-0.229270
-0.228401
-0.228153
-0.227762
-0.226999
-0.225585
-0.223616
-0.221352
-0.218966
-0.216582
-0.214397
-0.212298
-0.210218
-0.208252
-0.206752
-0.205573
-0.204441
-0.203193
-0.201398
-0.199360
-0.197156
-0.194943
-0.192846
-0.190898
-0.189366
-0.188180
-0.187288
-0.186884
-0.186958
-0.187099
-0.186640
-0.185653
-0.184514
-0.183259
-0.182087
-0.181153
-0.180361
-0.179605
-0.179019
-0.179053
-0.179551
-0.180414
-0.181290
-0.181470
-0.181161
-0.180768
-0.180373
-0.180110
-0.180178
-0.180579
-0.181385
-0.182580
-0.184361
-0.186433
-0.188311
-0.189240
-0.189249
-0.188671
-0.187713
-0.186810
-0.186060
-0.185326
-0.184643
-0.184080
-0.184071
-0.184428
-0.184942
-0.185419
-0.184950
-0.183933
-0.182970
-0.182223
-0.181602
-0.180987
-0.180614
-0.180733
-0.181352
-0.182555
-0.184082
-0.185931
-0.187028
-0.187104
-0.186696
-0.186017
-0.185434
-0.185134
-0.184883
-0.184658
-0.184454
-0.184612
-0.185021
-0.185412
-0.185662
-0.185142
-0.184013
-0.182565
-0.181045
-0.179669
-0.178377
-0.177442
-0.176806
-0.176415
-0.176568
-0.177119
-0.177649
-0.177496
-0.176760
-0.175806
-0.174754
-0.173862
-0.173172
-0.172520
-0.171885
-0.171434
-0.171539
-0.172092
-0.172933
-0.173545
-0.173377
-0.172795
-0.172093
-0.171461
-0.171023
-0.170771
-0.170956
-0.171539
-0.172523
-0.174148
-0.175995
-0.177644
-0.178515
-0.178583
-0.178248
-0.177870
-0.177684
-0.177638
-0.177640
-0.177700
-0.177886
-0.178540
-0.179450
-0.180355
-0.181040
-0.180799
-0.180060
-0.179301
-0.178690
-0.178280
-0.177945
-0.177712
-0.177787
-0.178225
-0.179305
-0.180668
-0.182079
-0.182767
-0.182632
-0.182062
-0.181347
-0.180805
-0.180402
-0.180065
-0.179797
-0.179593
-0.179640
-0.179879
-0.180184
-0.180270
-0.179563
-0.178417
-0.177032
-0.175614
-0.174484
-0.173584
-0.173071
-0.172855
-0.172877
-0.173446
-0.174423
-0.175455
-0.175833
-0.175554
-0.175114
-0.174404
-0.173668
-0.173190
-0.172778
-0.172619
-0.172580
-0.173024
-0.173834
-0.174873
-0.175858
-0.176130
-0.175801
-0.175257
-0.174775
-0.174539
-0.174526
-0.174966
-0.175783
-0.176983
-0.178669
-0.180300
-0.181554
-0.182005
-0.181676
-0.180928
-0.180059
-0.179368
-0.178858
-0.178328
-0.177824
-0.177451
-0.177616
-0.178115
-0.178699
-0.178973
-0.178433
-0.177374
-0.176267
-0.175323
-0.174605
-0.174004
-0.173593
-0.173611
-0.174076
-0.175260
-0.176871
-0.178847
-0.180206
-0.180636
-0.180580
-0.180395
-0.180361
-0.180539
-0.180740
-0.180950
-0.181167
-0.181756
-0.182550
-0.183313
-0.183941
-0.183801
-0.183039
-0.181940
-0.180784
-0.179781
-0.178858
-0.178079
-0.177518
-0.177251
-0.177585
-0.178236
-0.178751
-0.178703
-0.178068
-0.177087
-0.175572
-0.173803
-0.172204
-0.170748
-0.169343
-0.167916
-0.166956
-0.166196
-0.165197
-0.163707
-0.161461
-0.158944
-0.156597
-0.154385
-0.152413
-0.151168
-0.150577
-0.150514
-0.150925
-0.152064
-0.153356
-0.154325
-0.154513
-0.153899
-0.152783
-0.151518
-0.150470
-0.149510
-0.148563
-0.147682
-0.146963
-0.146817
-0.147059
-0.147444
-0.147746
-0.147149
-0.146032
-0.144819
-0.143634
-0.142618
-0.141812
-0.141167
-0.140738
-0.140632
-0.141181
-0.142238
-0.143576
-0.144346
-0.144305
-0.143833
-0.143059
-0.142278
-0.141761
-0.141341
-0.140925
-0.140562
-0.140580
-0.140865
-0.141196
-0.141407
-0.140880
-0.139806
-0.138457
-0.137027
-0.135702
-0.134581
-0.133581
-0.132876
-0.132533
-0.132925
-0.133672
-0.134311
-0.134355
-0.133806
-0.132908
-0.131534
-0.129965
-0.128554
-0.127270
-0.126000
-0.124798
-0.124160
-0.123480
-0.122497
-0.120974
-0.118649
-0.116034
-0.113567
-0.111402
-0.109583
-0.107908
-0.106596
-0.105878
-0.105734
-0.106413
-0.107540
-0.108552
-0.108839
-0.108195
-0.106985
-0.105618
-0.104417
-0.103308
-0.102210
-0.101205
-0.100302
-0.099869
-0.099847
-0.100016
-0.100164
-0.099597
-0.098484
-0.097172
-0.095846
-0.094788
-0.094044
-0.093413
-0.093016
-0.092963
-0.093499
-0.094506
-0.095650
-0.096314
-0.096281
-0.095950
-0.095204
-0.094415
-0.093931
-0.093523
-0.093215
-0.093017
-0.093254
-0.093831
-0.094582
-0.095258
