0.900000
0.902296
0.937817
0.993262
1.049942
1.107178
1.163962
1.217953
1.268575
1.318321
1.368534
1.420666
1.475140
1.529932
1.583881
1.634167
1.677630
1.712847
1.729100
1.728120
1.714448
1.717081
1.725544
1.722456
1.675732
1.571827
1.426173
1.274034
1.147667
1.053656
0.981010
0.941175
0.940613
0.962403
0.972275
0.955782
0.998267
1.049096
1.100430
1.144094
1.185373
1.230133
1.269318
1.297363
1.355148
1.424797
1.474479
1.503405
1.511602
1.484281
1.423574
1.326363
1.223616
1.121856
1.021031
0.962029
1.015727
1.053580
1.082575
1.104430
1.117625
1.128728
1.148513
1.181645
1.213115
1.243678
1.288920
1.333605
1.439883
1.537321
1.595943
1.604312
1.606825
1.627632
1.635170
1.608749
1.547293
1.454024
1.343410
1.218430
1.084685
0.966987
0.863271
0.751922
0.663230
0.637330
0.758562
0.882129
0.998114
1.100668
1.194064
1.272011
1.329138
1.369098
1.402114
1.418795
1.428956
1.485151
1.574300
1.649866
1.658822
1.595011
1.491702
1.366604
1.226618
1.075948
0.927938
0.795732
0.667136
0.562174
0.502250
0.575941
0.676414
0.765478
0.850275
0.944227
1.037289
1.126862
1.207987
1.278670
1.328448
1.351503
1.354535
1.386022
1.452668
1.481404
1.466365
1.403737
1.298127
1.165782
1.027680
0.888320
0.759005
0.656516
0.585226
0.531530
0.490660
0.491871
0.528155
0.608932
0.708667
0.791604
0.865097
0.929559
0.979342
0.998657
0.992500
1.086100
1.203535
1.288081
1.323224
1.323938
1.296612
1.234633
1.135667
1.014152
0.880774
0.767829
0.681914
0.605855
0.544724
0.507819
0.496605
0.514919
0.627840
0.747128
0.856324
0.950762
1.028742
1.098454
1.142901
1.143516
1.198713
1.318946
1.418417
1.453379
1.441281
1.375058
1.267984
1.137976
1.002234
0.867686
0.753141
0.675892
0.630435
0.604422
0.607790
0.618776
0.623714
0.630682
0.690043
0.773626
0.827030
0.863820
0.925379
1.024863
1.090339
1.129381
1.201110
1.265751
1.283560
1.298478
1.293025
1.243730
1.153718
1.026721
0.881604
0.735527
0.599071
0.493205
0.416127
0.344916
0.298764
0.286528
0.299195
0.407364
0.488954
0.549693
0.598673
0.651806
0.712049
0.781104
0.873931
0.959285
1.013548
1.041514
1.052611
1.043641
1.013388
0.954172
0.865942
0.763657
0.670446
0.586350
0.516163
0.445262
0.366903
0.317365
0.300021
0.311747
0.430958
0.533225
0.611007
0.657296
0.689848
0.725334
0.821436
0.927970
1.028109
1.107857
1.163316
1.203020
1.197690
1.149626
1.063047
0.946590
0.810661
0.679873
0.554500
0.449334
0.393830
0.366073
0.341749
0.337796
0.348612
0.454828
0.558525
0.629693
0.664358
0.684980
0.758578
0.869261
0.988674
1.103203
1.200650
1.263268
1.304764
1.305442
1.256671
1.168302
1.047035
0.907951
0.767328
0.635000
0.529146
0.462655
0.402804
0.360904
0.356316
0.414312
0.552534
0.661314
0.749159
0.804665
0.847804
0.870497
0.960636
1.065724
1.151499
1.207559
1.225575
1.231123
1.211002
1.159096
1.075934
0.962446
0.835094
0.715877
0.609819
0.524254
0.436678
0.358987
0.312207
0.288993
0.299386
0.413355
0.506783
0.576606
0.616959
0.687898
0.760720
0.861861
0.970017
1.061467
1.119212
1.150308
1.166439
1.152143
1.106819
1.035848
0.939355
0.824928
0.712777
0.611994
0.529260
0.471927
0.424722
0.392852
0.385202
0.453089
0.604318
0.706322
0.773358
0.806187
0.840681
0.915379
1.013416
1.119499
1.208546
1.263748
1.274890
1.283474
1.269220
1.212580
1.116761
1.000013
0.869679
0.736995
0.615869
0.525350
0.457384
0.389608
0.343892
0.321769
0.400169
0.548148
0.635942
0.701625
0.752374
0.785432
0.843048
0.924476
1.020821
1.109548
1.170488
1.195861
1.197147
1.175381
1.126493
1.049682
0.944032
0.821625
0.711311
0.616432
0.536717
0.446404
0.373222
0.337950
0.327471
0.437418
0.558627
0.662222
0.738240
0.781868
0.815777
0.830393
0.922694
1.043513
1.146353
1.204258
1.229943
1.239475
1.212546
1.151996
1.066924
0.950773
0.824815
0.700982
0.588381
0.500734
0.446628
0.411517
0.382543
0.372841
0.372725
0.465800
0.556275
0.620896
0.648762
0.725608
0.797163
0.900924
1.020749
1.134418
1.211321
1.249924
1.275941
1.274450
1.233851
1.155191
1.045652
0.915085
0.779317
0.653215
0.553924
0.491515
0.430957
0.383895
0.366441
0.430438
0.562952
0.674198
0.758758
0.808231
0.844582
0.855812
0.930252
1.045557
1.141653
1.199214
1.212017
1.219773
1.206608
1.160812
1.083012
0.969023
0.847188
0.726856
0.610387
0.520336
0.452019
0.390078
0.335204
0.303798
0.286954
0.335093
0.416419
0.505119
0.619173
0.748068
0.865651
0.954749
1.017162
1.097180
1.168046
1.203246
1.225935
1.219379
1.174819
1.091090
0.966149
0.826953
0.689647
0.561566
0.461176
0.397006
0.333722
0.287698
0.273410
0.276963
0.406510
0.511667
0.590329
0.633517
0.661016
0.721926
0.818777
0.933297
1.045256
1.133280
1.183445
1.210152
1.211121
1.180266
1.114025
1.016616
0.899490
0.774200
0.654979
0.559965
0.497421
0.434363
0.379550
0.349961
0.377547
0.538399
0.635464
0.709109
0.755831
0.787342
0.823730
0.916987
1.022843
1.110648
1.167499
1.182197
1.191986
1.182980
1.144166
1.072286
0.962250
0.841130
0.721664
0.608977
0.518654
0.452826
0.405773
0.369598
0.345313
0.344521
0.381058
0.470137
0.571980
0.683426
0.809547
0.924794
1.011442
1.083669
1.166703
1.231986
1.272730
1.302650
1.303681
1.260711
1.175231
1.050712
0.895858
0.735787
0.586068
0.466893
0.383636
0.303261
0.247976
0.231223
0.262249
0.404847
0.519028
0.607388
0.667909
0.709739
0.745246
0.841592
0.957165
1.063536
1.136177
1.164543
1.176392
1.175793
1.148789
1.089149
0.996859
0.882202
0.769042
0.668628
0.581368
0.504867
0.429700
0.378805
0.357962
0.434263
0.564206
0.678479
0.760775
0.811816
0.854011
