0.000000
8.241278
19.191772
20.126385
18.767227
19.375574
20.834482
22.383060
23.099955
23.160074
18.096128
12.470884
6.631852
1.712636
2.509207
2.467953
2.308478
2.248834
0.320004
1.303000
1.745094
-0.660136
-0.877668
1.005208
-0.540968
-0.348752
0.075853
-0.840562
1.250961
1.246548
-0.095275
0.859005
0.155444
-2.930454
-2.235468
0.787630
1.714325
-3.632233
-5.274310
-8.665752
0.000000
12.690977
10.445900
-13.616222
-4.452263
-7.910590
-9.444044
0.145458
-0.847676
-2.129514
-5.048225
-2.636616
-2.588602
0.639970
1.891385
2.913658
5.718492
0.964082
0.875579
1.253587
20.832747
12.791434
13.375940
9.548468
4.109512
0.000000
-12.375741
0.560140
2.632549
0.223449
1.554600
1.177306
0.767465
3.703045
3.433329
2.871761
-0.549818
-6.517596
-8.610353
-9.507973
-2.696483
2.640160
2.754672
2.303407
-0.102806
-6.035831
-2.558239
1.450199
23.700001
23.700001
18.356747
10.771882
6.903320
0.000000
-7.133484
-11.594986
-6.260317
-0.581755
-0.035910
-3.273799
-2.013779
0.430547
-7.011527
-9.976500
-9.272573
-8.164156
-4.690738
-1.395028
2.233907
3.126056
4.554153
4.080733
4.370903
6.091130
-1.924089
-6.398633
14.877932
14.967511
0.000000
15.246490
9.154776
-10.540724
2.908524
2.409950
3.477228
-3.976407
-3.713391
-2.140223
-2.829258
-3.302719
-6.044557
-0.888060
4.298214
4.453369
1.720770
2.076894
1.688897
2.745961
4.956028
-4.237629
-4.097117
-6.633335
-7.798940
0.000000
-23.700001
-22.569038
-19.142765
-6.563408
0.526102
-0.956746
-2.448560
-2.764318
-3.289855
-6.433221
-6.818164
-9.636780
-6.851975
-3.891999
0.155303
2.933187
5.454817
5.915101
7.085506
7.961432
4.638427
-4.108468
-2.620182
-9.480396
0.000000
-23.700001
-23.700001
-23.700001
-22.620516
-8.942432
1.508952
-1.506971
-3.196589
-2.460071
-7.524172
-11.474137
-9.369159
-4.206294
1.264283
0.013168
1.154324
3.222969
4.045705
4.061725
5.783087
7.189539
8.416902
0.238533
-0.201259
0.000000
-23.700001
-22.939987
-10.905921
-6.687672
-3.658630
-5.578506
-5.412544
-3.587688
-5.982504
-7.541653
-8.061228
-6.292509
-2.302184
1.308845
1.233181
-2.129904
0.107599
3.567850
5.823779
7.967402
11.049707
7.230425
4.664174
1.850645
0.000000
-23.700001
-23.700001
-23.700001
-23.700001
-23.700001
-20.227577
4.968430
3.488084
3.211599
2.762228
1.198220
0.450519
-2.125529
1.602788
1.711590
-0.415986
1.055234
1.405451
-0.227157
1.554004
3.748799
1.729944
-6.009185
-12.363767
0.000000
-23.700001
-22.841940
-23.266371
-18.325678
-11.137640
0.620076
0.095925
1.632464
-3.226632
-9.036345
-10.424277
-10.408363
-8.887711
-1.537211
-0.767859
-1.500448
-1.088680
-2.615103
-0.873315
4.627314
7.259618
5.975245
-2.056697
-9.969123
0.000000
-23.700001
-22.427542
0.948580
4.180449
-0.801825
-5.585801
-4.004476
-1.830134
-4.460012
-7.699345
-8.737007
-8.375208
-6.642347
-1.748362
0.531501
-2.272792
-1.681312
0.614777
2.913582
4.775195
6.849344
4.423230
-0.619146
-10.899666
0.000000
-23.700001
-23.700001
-23.700001
-23.700001
-18.032560
-7.605746
-3.811440
-2.999301
-2.808312
-3.949375
-4.916595
-4.531563
-3.783206
0.989552
1.606126
-1.563911
0.684084
0.247921
0.421742
2.612256
4.485919
1.777847
-5.286527
-8.665595
0.000000
-23.700001
-22.784378
-23.168959
-15.184080
-5.647754
-1.775714
-1.041063
0.353732
-2.367837
-6.199908
-8.583785
-10.441072
-6.815164
-1.594386
-0.187963
-3.157651
-4.405902
-3.550246
0.885509
3.142904
7.295147
1.875600
-2.356113
-11.064088
0.000000
-23.700001
-22.989208
-6.182178
-1.068712
0.356184
-3.921370
-4.335899
-2.110120
-4.100656
-6.796601
-7.016749
-7.376367
-5.358750
-0.978235
0.419828
-3.209859
-2.091838
0.518115
2.771510
4.450425
5.983665
2.948535
0.908088
-2.403231
0.000000
-23.700001
-23.700001
-23.700001
-23.700001
-16.662920
-2.295161
-0.492617
0.379355
0.712287
-1.084892
-2.740687
-3.314991
-3.401814
0.977216
2.276497
-0.834821
1.521739
0.375952
-0.992990
1.295748
0.060880
-2.606485
-6.703600
-13.043014
0.000000
-23.700001
-22.382433
-23.389130
-15.123367
-7.794590
-1.301355
-0.794990
0.226304
-3.301062
-7.350335
-9.023425
-9.744898
-4.377018
0.247303
0.337580
-2.250496
-3.269654
-3.467031
0.967058
3.545369
5.953987
4.947327
-4.143992
-12.305618
0.000000
-23.700001
-22.956083
-23.326298
0.639081
-1.350225
-5.005659
-3.547483
-2.058390
-3.515735
-5.922276
-6.897581
-7.118143
-6.016629
-1.126330
0.985279
-2.409616
-3.463422
-0.362790
1.462637
3.161677
4.981661
2.973612
-2.152616
-10.369056
0.000000
-23.700001
-23.700001
-23.700001
-20.103117
-15.543841
-6.269336
-4.672378
-3.231033
-3.718676
-5.363674
-5.447524
-6.049622
-3.025586
1.283821
2.434772
0.098597
0.641018
3.396976
2.315117
3.225594
4.828476
5.839378
-2.819684
-3.219120
0.000000
-23.700001
-23.574839
-22.051239
-12.163952
1.741641
-1.648506
-1.426373
0.333062
-2.917947
-8.866167
-10.531504
-11.348753
-6.861168
-0.742911
-0.276254
-2.472006
-2.733165
-2.306586
2.648653
5.322956
7.634469
6.921532
-0.588102
-9.795763
0.000000
-23.700001
-23.517040
-23.700001
-8.041889
-9.692424
-5.675240
-4.095365
-3.779521
-4.070964
-6.230879
-6.038980
-6.627799
-4.399959
-0.952037
1.082798
-2.012654
-0.963165
1.859505
1.066613
2.623266
5.253601
1.534182
-2.044623
-5.489169
0.000000
-23.700001
-23.700001
-23.700001
-23.700001
-21.129377
-9.409027
-3.624973
-2.583026
-3.078161
-5.502126
-5.958390
-8.222538
-5.371359
-0.121316
1.448895
-1.324884
0.056566
0.852188
1.619402
4.113471
6.948598
7.917124
-0.920358
-5.720964
0.000000
-23.700001
-22.767405
-21.420004
-5.534971
3.601705
-4.356554
-2.234084
-0.637533
-3.345897
-7.316187
-8.415576
-9.584763
-7.232171
-0.838193
-0.049179
-2.860814
-3.562946
-1.661369
3.307796
5.980993
7.729920
9.746347
1.314876
-3.427314
0.000000
-23.700001
-23.700001
-23.700001
-19.495651
-14.239781
-4.312681
-4.195702
-2.454938
-2.142890
-4.632553
-5.512527
-3.990732
-4.185941
0.064039
1.229658
-0.022520
0.633323
2.047322
-0.313831
1.854387
1.968732
0.888020
-4.039244
-10.714054
0.000000
-23.700001
