0.000000
3.575112
-5.923976
-7.701211
0.041920
4.033814
2.991823
-2.423325
-5.525596
-3.305423
-2.310187
-1.542253
-0.544931
0.697353
2.199383
3.417029
2.161788
0.775679
1.454548
2.218205
0.103761
0.128622
31.160994
0.000000
2.773205
2.661949
2.537173
2.401972
1.357137
2.118178
29.004269
-0.823741
-2.300761
-1.312648
0.160511
1.318939
1.068340
1.066984
1.470410
1.307527
1.254207
0.378226
-4.448937
-3.701000
2.397490
-0.104328
26.846632
26.946957
0.000000
1.477455
2.323583
5.402565
2.345011
2.218296
1.996105
21.579992
17.173553
-4.498448
-6.265919
-3.652221
-0.616247
0.711040
1.917840
2.520838
2.699334
4.826028
5.032359
-2.142271
2.800834
14.565975
5.752533
3.717955
1.105214
28.467281
24.015131
20.205378
0.000000
2.823105
3.483962
8.889812
9.788257
0.358020
-0.987300
-8.055254
-0.199954
0.567575
-0.294196
-0.361469
0.913118
1.738398
1.672120
1.436002
2.066452
1.006742
-1.777821
-5.029539
-4.221044
3.013108
14.031193
30.539474
27.022398
23.605261
0.000000
22.701565
19.532288
16.137281
4.609016
-0.461543
2.346264
-3.628086
-3.401219
-3.628408
-4.156313
-2.113646
-0.289481
-0.742463
2.990302
5.185696
5.269601
4.022384
1.662060
0.384020
6.887564
9.809264
4.750196
26.898018
21.403238
0.000000
17.739882
13.833374
15.513219
-1.889925
-2.153394
13.733442
-2.941009
-2.272585
0.223733
-0.195013
-0.927166
-1.441416
-0.335384
0.427842
0.314780
1.852279
2.531580
3.962511
2.843560
2.072007
9.571870
4.065158
2.704645
2.935896
0.000000
12.154022
9.888107
10.639974
-0.372910
-0.353022
16.291101
26.640068
26.641720
-5.035638
-4.037563
-1.990118
-0.190976
-0.680916
-0.207752
1.155039
5.751074
7.990371
7.339670
30.556206
31.486794
25.827253
22.346996
19.224295
13.897445
0.000000
1.647213
15.021811
8.969604
-0.481111
-0.061090
-2.310822
1.393738
0.576584
-3.613811
-0.244129
2.416251
3.150538
2.686659
3.386385
5.811331
6.488272
2.645059
0.979190
-2.042356
-1.777122
3.884392
1.220553
-0.092687
25.286329
0.000000
17.210974
9.576547
4.922280
-0.738884
-1.054406
2.196740
-4.067442
-2.343906
-1.384174
-1.336612
-1.215083
-0.877376
-2.050480
-2.723693
-0.935343
2.814008
4.256249
4.292724
1.567475
1.466918
8.273211
0.487720
15.085087
25.373363
0.000000
12.235010
12.254088
9.674706
0.030947
-0.271107
26.023867
26.640137
-3.473164
-1.881121
0.214636
1.459711
1.091740
-0.538526
-0.308320
0.592643
2.439082
4.126765
3.131299
2.139332
5.845030
0.970663
21.469116
20.161097
13.258051
0.000000
15.018703
9.254637
1.033910
-1.305253
-1.220738
-9.904888
-0.485683
1.324841
1.722079
1.453025
0.932085
0.034450
0.754496
0.521976
1.011577
2.372381
2.022064
-2.602005
-5.516249
-1.555726
13.001136
3.963483
0.533285
28.187542
0.000000
22.308920
16.943569
10.650313
-0.256002
-0.566610
-8.484307
-1.868422
-0.529623
0.094705
-0.838030
-1.582073
-2.080406
-2.357136
-2.288435
-1.013007
1.572957
2.513733
2.259767
1.144116
4.703633
6.952460
0.272709
32.118267
24.954439
0.000000
17.483513
12.300828
11.660018
-0.361232
-0.505313
25.919575
-1.862945
-1.923615
0.401212
0.887228
0.193543
-0.656320
-1.836061
-1.473783
-0.265291
2.492994
3.540213
2.728354
2.277132
3.403736
4.222167
2.449858
33.336704
25.433281
0.000000
16.089258
11.868491
8.691896
-0.463477
-0.461748
-6.109387
-1.637985
0.938021
1.116217
1.945176
1.789771
-0.656529
-1.950547
-1.676017
-1.216722
1.160203
2.047870
-0.151103
-2.113955
1.200339
7.043655
5.664425
1.340987
28.214132
0.000000
16.987316
18.129505
11.377392
-0.163151
-0.420565
-4.174029
-1.735694
-0.368074
1.008826
0.688616
-0.662252
-1.730539
-3.394650
-3.099724
-1.564758
0.785980
1.941782
2.777431
4.275964
4.251393
3.897009
-3.629744
33.642570
26.410570
0.000000
15.222601
13.569805
8.284144
-0.391688
-0.319629
26.248755
15.771093
-3.090000
0.250940
2.511068
1.923312
0.766199
-1.151560
0.586627
1.991816
3.636005
3.718629
2.583357
0.544820
3.038290
5.447317
-0.106710
27.062094
22.371361
0.000000
14.838655
7.234924
4.712341
-0.735556
-0.697989
-8.981966
-0.372801
1.590128
1.620859
1.354489
1.749513
0.988594
-0.316371
-1.522831
-0.415569
1.587926
1.874035
-1.480003
-3.527294
-1.534469
8.291900
5.028850
0.448494
30.859406
0.000000
18.674419
19.275812
11.725399
4.655045
-0.267207
-6.906615
-2.126280
-0.308271
0.567282
-0.203225
-1.291768
-2.200545
-2.846423
-2.529942
-1.213038
1.578343
2.212545
1.908214
-0.076025
3.071348
8.658761
3.281401
0.268864
21.712120
0.000000
18.494400
12.419107
9.534920
7.117445
-0.306806
26.175198
-2.233806
-2.772966
-1.182034
1.102063
2.002426
1.293943
-0.849751
-1.700412
0.151847
2.429812
2.665400
2.795128
3.590923
6.741207
0.350338
34.334686
29.028322
21.307783
0.000000
13.643815
6.534339
7.313026
4.414358
-0.393030
-7.205928
-0.175703
0.846218
0.851054
0.773756
1.381605
1.364011
0.305306
-0.553231
-0.336136
1.599674
1.417958
-1.092648
-3.302467
-1.441587
5.266067
8.879703
-0.106663
31.953753
0.000000
17.498047
18.260555
13.931752
6.168679
-0.475888
9.648460
-3.698893
-1.907772
-0.371265
-0.734831
-0.779600
-1.243819
-2.307253
-1.850825
-0.054696
2.035473
3.157947
2.465947
1.252521
3.286278
6.005910
1.879972
-0.106663
23.935574
0.000000
16.296179
12.568090
8.405758
6.916725
0.189931
5.387410
-2.159659
-3.082634
-0.371651
1.424292
3.090578
1.584463
-0.609761
-0.492680
1.045458
2.259646
1.158780
0.229567
-0.887438
2.330963
9.246393
0.793174
0.264014
29.068066
0.000000
16.755898
14.766886
12.619950
5.211863
0.001253
-7.055071
0.107544
1.391889
1.230943
0.918640
1.243549
1.295492
-0.321038
-1.014085
-1.196436
0.396756
1.679035
0.040477
-2.432106
-0.766200
5.595414
4.827103
0.082321
30.156923
0.000000
20.506756
16.607550
10.457129
5.256798
-0.544430
25.918556
26.640175
-3.822554
-0.056612
1.434176
2.021118
0.809286
-0.920604
0.370996
1.623988
3.126664
3.671668
