-0.000000
-6.205421
12.900169
26.928886
27.768333
20.868439
9.764162
-9.981382
-24.924337
6.465662
3.737395
2.631823
-1.984282
-8.204593
-13.441962
13.904009
25.241079
27.060059
26.069792
10.291739
-7.918901
-25.205383
5.312693
4.408165
1.893412
1.290728
0.846545
-2.920720
-4.022882
-1.041702
-5.905246
-8.120757
24.998043
33.170189
26.468227
15.694580
0.457818
-5.294710
-21.724915
-19.620667
-20.550716
13.299890
4.053655
4.783261
5.493904
6.586421
7.268021
8.064500
8.594833
8.918569
9.997068
10.692589
9.804099
10.008504
9.366468
8.890170
7.386547
6.683764
5.007337
4.884142
3.482919
1.457943
-1.251405
18.193710
5.290305
8.160560
-0.970651
-3.633723
-10.529566
-4.154454
-7.740391
-14.273085
-9.305666
-29.713251
-10.633775
-27.376205
-24.370008
4.822002
7.059140
7.495052
6.499411
5.860199
7.609190
3.890423
-18.379509
10.993613
9.655841
10.011500
-1.556472
29.092844
-21.622683
5.833967
-29.086720
3.811505
-27.985832
-11.980123
-21.329905
-24.643326
-26.481251
14.393810
12.823046
6.785441
6.881852
5.921030
19.646225
-21.859634
-6.514874
12.768461
-2.897817
13.528517
25.934093
1.318203
-0.482351
8.646852
14.278825
-25.385601
-6.105077
-19.535835
-19.190397
6.950047
8.095421
8.631571
7.301121
7.276072
7.599727
4.726086
-22.106670
-6.152270
27.532347
0.835804
19.551987
10.018631
8.334709
-27.420650
10.220659
-14.714253
-0.982308
-22.867985
-9.528070
-19.586506
-25.329603
1.405685
11.402866
8.070233
5.726157
7.141912
5.449523
-8.298593
-13.202752
21.678577
21.005474
16.382467
23.320192
-11.802973
-3.034320
-17.694283
6.519773
-21.130617
-6.852258
-17.356045
-11.275932
-28.056427
-17.932470
24.303301
10.312801
8.029337
7.613317
7.542299
13.011246
-16.106730
-5.081604
29.096935
-5.539463
20.199154
24.778122
-2.280855
4.501252
-13.935301
11.320796
-28.111044
-12.135008
-19.406555
-19.641823
-27.075588
-0.635392
9.867562
7.991787
7.565979
7.119843
6.954200
-11.293948
-10.023674
28.965481
14.516425
11.295325
25.985888
2.012523
-16.857597
10.656205
-18.401548
-1.573522
-22.016230
-7.785477
-15.884529
-28.602898
-25.627256
17.805588
9.250977
6.623081
6.483658
19.537231
3.427637
-18.118958
24.918148
25.122967
-4.085348
29.343216
5.464041
14.497910
-15.869075
13.792100
-29.891045
-1.777206
-27.453794
-18.473923
-28.545942
-26.135578
13.133112
9.674852
7.114922
8.118490
7.815038
-6.325696
-5.473247
11.323564
30.104595
16.977530
26.996950
-3.920917
1.799788
-23.294970
6.215409
-24.842596
-7.556159
-21.315596
-17.452093
-28.755594
-26.264709
22.512697
10.069548
9.572028
6.548772
7.903214
7.109990
-10.314961
-11.472960
28.472898
13.803925
8.798615
27.582771
-2.273666
-1.412311
-17.256348
17.393751
-28.969723
-9.849524
-17.558317
-11.558881
-27.940063
-18.071644
11.298175
10.272325
7.805775
8.058801
7.127607
6.014927
-15.316875
-4.845279
29.633671
-2.276939
17.969891
28.368574
4.145785
0.653488
-17.958410
13.508876
-27.715008
-6.273561
-17.183323
-14.524187
-27.927126
-18.891829
16.803856
8.930078
5.936085
6.771835
6.927325
-1.055551
-10.926940
23.426968
28.398602
7.297388
29.904533
2.184262
9.782436
-19.954096
15.041771
-29.967932
-13.999905
-22.089907
-15.172088
-24.842304
-25.142475
7.923447
9.447876
7.362889
6.812025
5.964072
15.376834
-15.323343
-0.309919
29.776999
5.422331
10.845700
23.253168
10.161504
-23.358561
10.499263
-22.290625
-1.340520
-22.024174
-17.860577
-20.149416
-25.306803
13.746259
10.190214
9.748862
8.607387
8.343274
7.931697
-4.990574
-6.444833
10.199369
30.104385
-4.853057
28.769573
23.566730
-2.655536
6.284178
-25.666594
14.652317
-29.809523
-26.446127
-16.963421
-19.652544
-26.692007
-6.767333
10.517314
10.653616
9.136304
9.745391
8.211020
-12.244096
-2.493489
8.860882
4.775604
-2.722314
30.105074
23.444876
1.111505
-8.823212
7.045456
-24.442202
-15.228567
-8.338243
-7.909313
-22.806456
3.911402
9.732890
8.877799
9.638044
8.672843
5.072757
-14.981450
-9.896980
30.109598
17.770605
1.496330
20.412109
-15.162889
-2.548106
-22.302912
7.447681
-24.201277
-16.638823
-12.268846
-17.298069
-10.840927
8.950869
9.191274
8.174583
8.620616
6.147124
-9.390882
-17.849283
15.787562
28.052607
-12.564397
27.589987
6.304186
-1.222359
-17.350819
18.424253
-29.723078
-10.245648
-16.621700
-7.952524
-28.069864
11.379594
10.496222
8.708885
8.595913
8.490654
7.190864
-16.943663
-11.514637
26.528805
14.529353
6.838890
23.401484
-4.231742
0.909921
-19.901480
10.702158
-29.406425
-4.906131
-20.457783
-15.795462
-27.958242
19.004177
9.863985
8.021152
8.796993
6.899645
12.868677
-17.311598
-10.595215
29.957520
14.312510
-4.860666
29.499607
7.855182
-6.593657
1.768838
-24.386215
-2.303049
-24.764431
-12.430572
-17.081116
-26.961752
21.435904
9.219844
8.818336
8.863421
8.191665
6.182851
-15.070387
-6.117022
30.080595
-0.069487
7.070865
27.680161
5.873006
-16.843086
11.680655
-17.023287
-6.145433
-21.591101
-9.389123
-16.949387
-26.850531
22.744514
10.269064
8.027035
7.970512
7.271256
5.859658
-16.732943
-6.541157
29.627731
16.621401
12.685191
22.081081
-11.383459
2.921951
-24.955070
7.868109
-28.807411
-11.880233
-19.095680
-17.187130
-26.939331
0.077893
10.969054
10.201198
7.784645
8.585040
8.057540
-8.899777
-8.044243
27.101156
26.997221
-0.886281
26.452343
3.416501
2.882613
-21.363483
5.693226
-25.804594
-2.496577
-23.211023
-16.560200
-28.637032
6.981599
9.254123
9.535663
9.168978
8.632799
8.496860
5.564373
-15.307121
3.306180
28.207869
-2.884639
21.340359
13.325752
12.076468
-21.184805
16.294268
-28.631376
-13.728686
-21.263325
-15.106479
-18.399355
-25.100601
14.900064
11.807392
8.219824
8.551013
7.844840
4.869944
-12.065146
13.351612
29.653875
-5.776333
24.729443
7.748352
21.725655
-28.974697
0.585620
-25.007114
-0.239909
-22.510534
-12.427955
-26.107306
-25.234814
10.752704
9.631969
7.544650
7.109237
5.978260
14.671257
-15.230636
-18.251547
9.036070
-2.248965
-4.584451
27.463758
11.674730
-9.514106
-1.702030
8.326788
-6.483108
-12.672019
-6.355755
-9.713170
-21.345303
7.505668
9.814661
9.440526
9.125072
9.280382
7.120550
-17.344528
-9.793445
3.860986
-1.072394
-7.620517
28.110901
20.538282
2.328537
-24.133121
3.684102
-19.274508
-14.206010
-10.383263
-8.843790
-18.140333
-25.136385
14.733202
8.487043
8.745131
7.846708
7.338044
13.690829
-13.443320
5.069143
30.106031
15.724837
20.319513
12.834710
18.835051
-26.985310
10.804404
-27.963924
-4.357069
-25.755047
-17.882988
-23.334608
-26.293982
14.661303
10.051456
9.712179
7.052460
8.133427
6.019542
0.283362
-14.678779
13.423746
28.896519
-8.798869
24.462137
13.570675
9.413211
-22.725552
2.405728
-15.786689
2.000962
-21.782219
-9.863128
-5.807589
8.670812
9.729694
8.717496
6.827288
7.455614
-1.309248
-15.570697
-17.685034
14.819224
11.188042
-16.779232
23.439342
1.039770
-13.673240
-11.545901
-0.974430
1.115084
-16.178097
-8.542601
-1.072384
-11.351551
-24.345812
7.486135
7.743170
8.244337
8.042513
7.979242
6.012034
-11.207488
-9.589984
30.100462
5.034456
7.543913
24.836554
-0.851204
-10.559418
-5.923337
11.978089
-25.992641
-8.984776
-13.990640
-9.235989
-27.583841
15.977827
9.204778
8.837515
8.175759
8.378987
4.062033
-18.689816
-12.237935
17.999866
13.831054
-12.825213
30.127445
-4.672592
6.165587
-18.911167
11.463586
-29.886421
-11.205798
-19.320166
-12.469787
-27.766144
15.152935
11.056789
8.790173
10.013878
8.496587
7.063702
-15.984184
-6.429627
30.100403
4.602988
13.889936
15.174019
20.500782
-29.932575
12.265526
-28.181553
-8.141372
-21.489771
-13.130039
-18.734741
-26.742018
0.218039
11.051802
8.457543
8.361866
6.792680
17.210451
-11.279882
2.595592
28.140844
9.563981
-8.773694
30.122303
11.889915
10.278271
-27.613335
4.809272
-28.763832
-18.285841
-19.898367
-19.136084
-20.652357
12.175442
10.848237
9.463913
10.037928
5.279110
-13.033759
-12.869469
28.847763
19.402761
-3.735235
25.175468
5.747044
-8.221524
-16.484024
-2.122360
-23.367682
-9.397584
-4.248063
-9.835566
12.949651
3.187503
8.624914
9.784870
8.471664
8.687306
3.649430
-15.667316
-6.047359
30.025949
-8.894444
13.089977
20.350771
2.621937
-0.702687
-22.124756
11.896300
-29.768686
-15.756269
-19.592113
-18.720570
-27.021255
-7.847663
9.314018
9.130571
8.722772
8.816322
8.703142
6.542475
-12.541189
-1.539169
29.667183
-3.485235
13.301008
26.603525
-5.681405
-4.322241
-6.668795
-7.663491
-18.490158
-4.789432
-12.291209
-18.785362
8.061912
9.451272
9.636324
6.543889
8.054220
4.009384
-10.262531
-3.357228
17.431063
13.465414
-12.300341
27.753796
5.700714
21.228756
-23.141212
8.334010
-28.658611
-10.343980
-23.785307
-13.702098
17.885880
10.806808
11.003936
9.794432
8.923100
9.433966
4.282245
-19.508795
-17.646965
23.882360
-4.598710
-3.249722
24.114992
9.400989
-29.319002
5.903120
-22.958590
-10.347854
-17.701145
-5.460718
-14.007478
-4.825298
9.508431
9.531050
10.088156
9.097927
0.559059
-19.215574
-15.726428
28.178984
2.091822
-20.581209
12.670279
3.093697
-6.911394
-4.294472
-6.246822
-12.430973
-15.806153
-1.244603
-10.784398
-24.737974
18.424936
8.670887
8.788301
7.652416
8.657138
7.386680
-14.116206
-11.399376
16.515846
-3.813708
-1.841197
30.024406
-0.292100
-11.902747
-8.279484
-0.250236
-10.720045
-16.536409
2.477690
-11.340240
4.732042
8.466338
9.216603
9.803971
9.797883
9.595946
-0.383701
-12.572476
-6.099431
30.108614
12.639357
17.151697
-1.521825
9.639531
-29.706793
4.681019
-23.211449
1.488534
-21.879208
-20.146549
-25.543062
-26.730507
10.604143
9.710910
9.722778
8.925650
9.230057
8.584697
5.478296
0.366944
3.482381
29.664280
-5.030662
25.373907
-0.014003
5.642341
-23.129751
7.320926
-15.380181
2.709078
-23.399496
-12.117152
-18.552401
-27.044224
0.044740
10.442611
9.541856
8.869604
8.475774
8.160698
-13.980330
-2.081103
29.405931
13.232321
-2.696700
30.106560
10.114044
6.575773
-11.849292
13.959674
-29.350248
-12.331578
-18.285774
-14.381057
-23.338530
7.775055
9.227098
8.691661
7.571029
8.424040
6.835979
-13.736570
-0.206987
21.401178
-3.549970
3.158622
29.753622
13.264636
-15.528535
2.945922
-21.794333
-4.728349
-18.011705
-13.505113
-16.525826
-22.278570
-17.686119
11.375897
10.933448
10.964463
9.584865
10.454235
4.869854
-14.637079
-4.900634
16.909122
6.789875
-2.513080
28.273514
12.263167
7.170269
-21.037481
12.289211
-29.257929
-9.245838
-15.067334
-5.662013
-27.746887
21.782457
8.993150
7.642972
7.713725
7.080247
5.659130
-14.679172
-3.938377
28.910603
-13.758489
0.054096
29.595959
3.005517
-11.059693
10.718536
-22.154585
-18.113804
-16.747259
-9.978194
-16.030104
8.138097
9.643137
9.781341
9.825807
9.163526
9.570487
1.977766
-20.442102
-7.652424
24.330259
-13.386753
4.278715
29.744648
9.982660
-22.593136
0.635796
-19.189278
-11.472093
-12.173893
-1.699769
-12.353665
8.273067
10.425497
10.008012
10.550738
11.026194
9.930661
1.022934
-14.174325
-9.790528
30.111877
3.911319
14.197020
3.494659
21.465061
-30.026974
0.587098
-21.063972
2.871273
-21.594757
-9.753759
-16.129038
-27.512379
-10.678980
13.122967
10.140031
9.335710
8.360971
8.009089
7.973540
-5.836522
-8.634631
10.119658
26.627520
-11.244763
27.050894
16.117081
9.672713
-20.419827
15.749050
-30.109787
-19.882196
-23.639797
-13.609124
-22.507118
-26.017338
3.720263
8.541607
7.777069
7.737376
7.729190
-1.923701
-3.426878
12.928333
30.105974
-8.489141
25.950956
10.174978
10.590096
-20.824183
13.640378
-30.224583
-11.324730
-18.186232
-13.274191
-24.553177
-22.450661
10.915851
11.348024
11.049575
9.042537
10.419750
4.092276
-12.278027
-4.502070
29.001883
5.220321
4.683867
23.015547
14.985577
-19.362970
14.086397
-26.821325
2.327071
-28.409487
-13.219981
-20.220192
-28.008568
-22.735960
18.956469
10.698319
9.921501
8.343679
9.425101
8.505496
-12.441901
-0.506762
26.252960
13.199656
2.232012
25.613440
-5.431052
6.233850
-18.070538
13.772015
-29.705803
-11.750427
-18.182053
-9.069658
-27.713804
17.221302
10.711086
9.271164
10.414484
9.489786
1.739304
-19.508656
-4.413363
30.087145
-12.826841
3.420300
23.848545
4.851262
-23.894701
11.991427
-29.742462
-16.483027
-14.606737
-8.701324
-14.800890
-21.402365
16.723890
10.288688
10.546431
9.424876
10.144286
2.080656
-11.693038
-2.060393
21.496666
-9.880242
10.603591
28.938427
5.144165
-8.632550
-15.950718
5.778930
-15.512196
-8.427945
-17.183956
-1.147272
-22.403053
-20.648233
9.139555
9.278313
9.656889
7.812670
9.221348
5.415988
-10.510270
-4.271502
22.660280
6.187387
9.280293
24.357435
-6.919503
-1.082772
-8.881449
2.821180
-23.521109
-10.724996
-14.941350
-17.801598
-24.817656
7.100891
8.339415
8.296213
6.890915
7.379358
6.479213
-9.718054
-1.806407
21.316771
-3.619622
-3.050655
30.108500
12.479341
-12.934360
-0.362308
-11.156860
-3.511366
-20.711710
-9.431483
7.763751
-5.269023
6.930823
7.897988
9.513639
8.992213
9.104331
-3.798721
-11.818472
8.706838
29.244680
-1.700430
-5.733705
5.295248
-21.601101
-10.619267
-13.174221
5.858170
8.122511
-10.562860
-2.769492
-6.740176
10.051820
9.021959
8.872094
8.940527
8.413013
9.087340
9.053839
-5.463663
-19.286100
0.038260
20.009464
-21.508417
3.583147
13.341544
-10.215964
-9.449836
-9.056978
4.740157
4.381583
-11.870802
-6.306862
-11.231876
4.931467
-9.289871
6.176038
7.429988
9.020973
8.742932
9.992001
0.075281
-17.346317
-21.691463
-2.392769
3.396098
-5.683757
24.053341
14.452128
-4.817780
0.121507
-10.821142
-4.322427
-16.106785
2.901976
-12.243042
-9.609011
10.383345
10.394464
8.750424
8.276831
8.510404
7.301247
-18.046877
-3.979242
17.185812
-5.602382
14.141862
5.779861
17.871613
-29.759178
11.226323
-19.909140
4.316735
-29.113827
-14.442066
-19.694231
-27.969519
-16.922169
8.780831
11.429231
10.760429
10.251834
10.419914
8.787827
-12.391879
-7.027606
12.330767
3.991749
-4.286598
30.109028
8.486331
4.534548
-21.251554
8.921664
-25.355227
-9.594201
-10.269559
-5.841333
-18.736496
9.295721
11.563260
10.099327
11.761474
10.296555
0.162503
-13.613274
1.870962
22.592537
14.344516
-19.935059
27.814785
-29.591057
0.706560
-23.103903
4.677725
-17.583910
-8.335632
-15.814180
1.665118
-1.234512
9.882120
10.920965
11.856617
11.766894
13.134792
4.264225
-20.397314
-26.291943
0.213530
3.949758
-0.030627
24.218763
6.026177
-2.758728
-19.779348
13.070745
-28.834240
-9.923547
-7.296694
-7.994713
-28.039995
21.662962
9.977512
9.213632
8.354893
10.121625
5.679368
-19.432308
-5.843017
17.762497
-21.608883
3.802410
28.920832
-1.129366
-0.483482
-8.486809
18.566103
-29.823572
-18.422974
-13.646629
-14.756509
-26.148449
-19.392963
9.908969
10.656857
9.965677
9.830845
9.653559
6.993827
-15.420398
0.505441
26.915705
-12.287919
11.577538
9.420902
-2.588157
-11.918438
-7.556307
-5.054708
-8.438962
2.720344
2.061846
-8.304276
-9.844728
12.259115
10.858907
11.341846
11.523732
10.508404
6.852849
-3.791470
-8.090363
30.104643
7.435369
25.571684
-6.993887
3.018209
-29.954105
6.379575
-22.772722
-1.326844
-24.454990
-6.393249
-17.937000
-26.895790
-0.325235
12.332663
8.328015
8.149311
7.241523
19.118361
-14.854120
-4.318274
29.064707
9.730518
23.137863
10.145051
17.602142
-30.085815
7.593946
-28.448944
-4.800965
-19.105495
-10.949966
-23.416103
-24.394951
19.006680
12.376836
8.222496
8.523688
7.870558
4.867411
-14.669688
12.854759
28.947306
-3.465334
27.369654
2.407336
19.380787
-26.138025
8.796319
-28.268682
-4.786689
-25.931330
-12.522193
-27.800682
11.838973
11.724648
9.767777
8.410729
8.677393
7.728478
-4.933049
-8.903586
30.100502
16.221926
5.138582
20.509003
1.098061
-29.548912
8.152289
-21.050480
-0.841655
-21.004856
-4.747012
-16.202087
10.152259
11.094710
11.545860
9.814712
9.810551
9.559142
1.748355
-13.526693
2.110986
28.313183
-4.409475
-0.281737
9.667067
-0.325915
-25.742958
-18.086176
-8.919659
11.446703
7.348615
-11.970265
-4.079203
-16.765039
-22.925735
-7.531156
10.688690
10.410806
10.103506
8.289798
8.613301
9.267833
-6.948977
-4.939754
-4.760606
14.063559
-16.588482
12.859785
29.255291
13.982778
-5.832554
13.665099
-16.586916
1.608902
-26.800037
-14.581007
-23.068230
3.546072
9.388813
10.269472
8.228878
9.990755
1.229834
-19.840542
-2.619955
8.019955
21.452677
-0.737979
29.901287
-15.397100
4.167463
-23.967436
8.955276
-26.030403
3.266105
-20.429195
-12.105648
-27.950674
-11.919165
8.925699
9.819393
8.272346
8.661637
8.252872
-10.298583
-8.091484
29.583298
22.139080
1.823866
26.723101
-12.615600
1.348137
-19.116385
11.500245
-28.925516
-8.193059
-15.665224
-12.828920
-27.307074
-1.014871
10.498597
10.527824
10.464612
9.588563
9.984015
6.364933
-7.014864
-0.448403
29.436556
-6.738285
24.328819
-7.198374
4.128503
-22.269066
4.626983
-12.845421
-4.484633
-16.920340
-8.541881
-17.799816
-25.188425
15.348360
12.083070
11.910587
10.214335
10.571028
7.491509
-10.162126
1.027401
30.101156
16.513391
16.646847
26.853340
-29.891516
1.195292
-26.843319
6.117777
-25.851011
-8.709962
-21.845131
-25.903624
-25.173868
17.992188
11.391156
11.301155
9.790512
10.235635
9.026075
-5.927469
0.375881
30.108692
2.352678
15.107903
9.890384
17.118925
-28.441607
10.752131
-23.101425
5.185799
-26.173347
-9.651489
-18.519171
-27.960432
-19.859079
13.797720
11.236453
10.390324
9.598555
9.941751
8.315418
-9.644102
1.939469
26.691254
7.810131
3.272925
17.961010
22.477013
-28.650608
8.873090
-25.859585
5.699390
-27.953674
-9.868269
-15.584091
-21.513882
-23.985065
7.932999
10.266712
10.415752
9.597872
9.612939
7.084146
-4.272339
7.672585
26.482620
13.255380
16.281845
-4.932040
0.860363
-28.911030
7.575149
-18.168423
-1.841767
-22.194141
-4.789104
-19.890875
22.637793
10.481165
9.922892
9.902151
9.035237
7.996909
-16.360834
-6.762588
29.743279
-5.486621
-1.217381
29.024126
-1.709365
-11.506381
-4.641999
-14.462085
-12.640368
-16.158405
-5.001165
-13.249038
-20.531065
17.095654
10.313306
10.569150
10.814134
9.504022
9.235185
-14.814137
-7.553772
30.100847
23.965563
-6.539765
23.607801
-19.811529
-9.155361
-17.971621
1.349988
-12.520799
-5.377131
-14.886330
-4.184298
-25.091192
-22.540766
9.481956
11.148650
11.179363
9.641162
10.354979
9.062612
-7.764900
-4.958928
30.101353
2.731699
10.430193
14.553950
16.179361
-28.423574
9.260954
-15.646170
7.392660
-26.724104
-6.691851
-17.250624
-27.942490
-12.056340
11.747954
11.584481
11.201954
10.115892
11.507690
3.620737
-18.316431
2.898386
18.565275
10.331852
0.354345
24.475529
-9.576284
3.892137
-25.410685
11.521780
-29.730326
-12.234070
-14.628372
-7.719028
-23.267076
-21.474276
11.582247
11.479632
11.381665
10.689712
10.853201
1.886865
-8.716443
24.253164
22.642727
9.863420
4.652684
21.213509
-30.080574
3.723060
-28.987936
-1.996350
-22.327427
-3.802992
-15.374131
-27.919342
-4.994063
10.572047
10.638460
10.356487
9.402322
8.753834
22.817217
-22.083183
-2.985691
27.283398
-18.308638
5.840688
25.658224
4.903625
-14.763414
17.711739
-29.695133
-6.946516
-16.867363
-6.158471
-15.613072
-24.744036
20.806887
12.435207
10.182420
11.713016
10.121273
7.103528
-11.949807
1.894537
30.101105
-4.140987
28.130819
-1.059339
10.571839
-27.163046
9.014991
-29.599712
-7.718709
-20.788567
-15.164668
-24.752256
-22.683403
12.415012
12.052972
11.742595
9.836144
10.812657
8.977049
-13.479884
-1.185460
23.992823
0.824104
-0.835456
24.625687
12.097980
-11.937087
17.076210
-23.712576
2.075708
-29.264391
-12.372929
-19.488636
-27.916698
-20.497452
10.629786
10.428307
10.037568
9.474032
8.298635
6.589855
-7.609758
0.106545
28.256939
-10.660089
7.179413
23.999382
14.557644
-26.395138
8.263853
-17.036583
-5.056110
-17.410236
-9.757504
-16.343081
-26.463371
21.186403
12.048837
10.893840
10.591174
11.306768
7.421522
-16.028749
-1.635038
29.561081
-7.345973
5.603812
25.074440
-6.583738
1.429898
-22.832458
8.047135
-29.031197
-6.356406
-12.786220
-8.287467
9.732167
8.468344
12.223752
11.481778
11.695816
11.485414
6.459362
-17.237514
2.132617
29.968504
-23.081343
10.832450
9.353680
5.516445
-27.183619
6.677036
-29.456684
-19.952084
-5.360384
-13.665229
-10.783905
5.761061
11.869429
12.091091
12.777083
11.934236
12.037616
1.316351
-9.975985
-0.037695
26.503965
-15.499941
0.885023
14.451348
29.458750
-28.810589
5.225914
-26.962811
-1.268032
-22.567335
-12.545685
-23.567654
11.804349
11.685996
11.372006
8.152178
8.365131
8.487719
-7.174494
-8.849709
10.304398
26.845285
-21.560705
12.481845
11.411180
15.603971
-22.617426
8.057472
-29.099951
-15.085409
-20.327152
-3.510870
33.108276
9.963718
11.067364
10.217754
10.290015
10.295094
6.678330
-18.175108
-8.319494
24.650520
-12.446362
0.660361
25.611837
-8.286805
5.969436
-15.687297
5.205260
-29.220509
-11.108607
-11.673512
-13.124761
-25.041969
17.130264
11.368830
8.858479
8.799954
8.320114
7.381351
-12.318036
-1.017355
23.737911
-3.947586
-13.189408
30.120983
22.103500
9.150178
-10.340453
10.739624
-29.753925
-24.214390
21.051245
14.118520
-3.264496
9.347336
10.244632
8.251945
9.239594
-3.991535
-17.597406
9.548755
10.331142
15.604223
7.888254
1.304264
4.066138
3.182580
-2.572089
-2.772063
7.087308
5.969689
5.045037
4.994382
4.349657
4.181585
3.360886
2.370594
1.113822
-0.086578
-1.105214
-1.115003
-6.821652
-10.473728
24.740536
27.687696
26.040495
17.506842
-2.933085
-20.895906
6.612980
4.782423
3.884866
2.881067
2.155770
1.393334
0.992061
1.106526
-1.095676
-6.601658
-6.998165
-11.460375
-0.589450
0.073350
1.835690
4.023356
5.968002
7.300663
8.280747
9.251114
9.129284
10.435827
9.289145
8.424218
6.540267
4.855132
1.839842
1.133893
-0.984557
1.699734
1.135206
9.198371
11.656980
11.447277
7.057044
2.932691
4.537847
-1.627573
-1.020042
-11.408506
-7.161396
-9.962319
-12.328203
-24.935890
-1.406634
-17.475828
0.793803
-16.083323
-7.022385
-20.049112
-22.712130
-20.740015
9.798413
9.000264
5.026655
4.028913
5.047573
4.647522
-8.607764
1.258023
13.797528
13.419251
0.907610
28.306227
1.390520
6.661879
-25.542946
-4.339522
-14.040523
0.820024
-28.482264
1.779548
-7.361876
-4.000327
6.267771
10.673606
11.072555
12.204973
11.140831
10.586010
6.002350
10.171426
8.982861
28.665623
-11.591150
25.110651
-21.946283
-10.509315
-29.590729
4.032503
-20.873543
0.775851
-23.969021
-8.173637
-24.320911
-24.292536
19.161125
11.411651
9.346125
9.751467
19.841696
-10.675631
-8.167569
30.074974
4.696206
17.531431
17.114138
-17.123047
0.677559
-18.518141
11.261175
-22.584278
-4.477529
-15.791994
-11.231950
-28.696259
-26.146448
9.372243
11.664475
10.864452
9.590034
9.180576
9.168354
-2.156254
6.510318
27.946884
12.831266
6.687135
25.890163
-17.785727
4.515871
-28.753761
6.426626
-29.419231
-4.999196
-16.316456
-11.447946
-23.269936
-21.454969
13.954969
13.145349
12.500297
11.402592
10.209022
-13.729321
-1.375131
16.533060
10.811288
0.720459
28.660685
-20.340588
-6.205918
-14.958678
16.376163
-20.361668
0.913375
-15.755193
-5.203849
-26.406605
27.381374
11.301179
7.996301
9.000826
13.050816
14.620197
-14.436986
-15.601469
30.103626
-7.861563
11.722970
5.519018
13.285650
-27.527718
15.992082
-20.879000
-1.805243
-28.014004
-10.129656
-20.892033
-27.222775
25.030901
11.715914
8.443746
8.536604
8.103106
4.495127
-2.427377
-5.321520
25.624624
0.908743
13.378233
29.151684
-23.360958
6.487716
-24.952820
6.938421
-28.978907
-8.118186
-21.018776
-27.060591
-25.785992
17.555201
12.948312
12.233403
9.906171
10.062048
7.444193
-15.891417
-1.148710
26.389517
-1.095568
15.840710
21.614962
-4.517554
-1.734101
-19.502975
18.481730
-28.765688
-8.003077
-17.483828
-16.900034
-26.876270
-12.490075
12.726654
12.285900
10.223636
10.344546
9.784614
-0.290712
18.356258
-4.242320
27.761114
-1.488442
28.708509
-8.066059
2.033157
-24.540310
8.777436
-22.795214
1.761933
-26.765175
-12.764135
-27.923317
-21.940477
15.146948
12.069352
8.196172
9.160419
14.837484
12.273300
-7.226342
12.721074
25.442371
-2.745669
29.074331
-15.481269
-2.510016
-22.144087
4.945328
-19.621229
1.117389
-19.440180
-7.529527
-27.888014
-1.135077
12.912976
10.713841
10.215227
9.507783
16.666391
-11.447756
-7.495847
30.020380
18.371565
10.282100
8.796996
10.757721
-27.681732
12.580848
-24.360964
1.833739
-22.021563
-5.076941
-17.861050
-27.768248
-17.056086
8.520523
12.502844
11.079663
8.987091
8.872764
9.253409
0.709075
-4.477027
29.718868
4.926141
15.518716
1.379798
22.090834
-28.722849
11.856112
-27.590027
4.950196
-26.970808
-6.301929
-20.417147
-28.289587
-14.300182
14.396881
12.516353
7.646097
8.588657
19.918182
11.861149
-9.871387
10.537861
23.652542
-1.439314
28.643986
-5.007567
8.912882
-26.245850
5.433740
-25.005688
0.835609
-28.650696
-19.115391
-28.009144
-24.986431
13.079411
12.521312
9.563765
8.862074
8.609596
13.652117
-9.786372
-1.207106
29.977297
6.808687
11.866285
24.159723
-25.164902
9.078442
-27.967941
7.411149
-26.834326
-3.727388
-17.832661
-26.890944
-25.645557
18.238869
13.348284
12.843872
9.573767
10.744122
8.715845
4.961926
-2.909447
24.907406
-1.295214
17.717987
1.234236
23.667648
-28.669273
9.759008
-26.924717
9.282601
-27.150455
-16.012800
-18.125008
-27.822790
-25.341684
11.507791
11.557899
7.572291
6.924150
5.813445
19.553797
-0.391097
-4.904025
27.011147
-1.450627
23.513866
-2.878788
10.639808
-26.038784
6.147543
-23.651558
-1.578834
-21.798927
-26.201654
-28.268995
-25.472059
22.672251
11.122865
11.041124
9.837371
9.819816
7.412541
-4.502044
-0.886991
25.597322
6.290485
18.022051
15.590715
0.456646
17.432047
-26.753134
6.425326
-29.377853
-8.219090
-22.879026
-24.807676
-26.234108
14.686496
13.583970
9.721133
10.701388
10.574916
-6.566749
10.219529
1.885532
28.269548
-15.485384
27.001324
-1.332360
17.800125
-23.192215
7.363678
-26.644064
-3.076827
-23.781305
-11.062913
8.676273
13.283516
13.748605
11.442549
9.541509
10.266592
6.258485
-6.937359
-9.280103
21.342861
-10.481735
11.693642
-3.659654
3.131961
-28.576759
3.143709
-14.511811
3.556461
-20.321445
-8.935657
-18.705006
-25.531736
15.414886
12.411860
11.853312
10.878973
11.215839
11.105244
-7.538943
1.996731
4.635412
13.818736
-20.138935
26.547796
5.524266
8.017573
-16.423962
17.008507
-23.783356
-15.768684
-12.781415
-10.558119
-27.866062
-11.805279
12.514070
10.145468
10.661017
9.768557
9.276889
-11.558228
-1.908869
19.099533
4.875039
-4.048263
27.270834
1.327433
-1.543307
-16.223488
9.324946
-16.963411
0.125694
-23.249653
-3.719234
-20.867121
9.552394
12.290395
12.099901
10.570992
10.896976
4.894130
-5.089274
-10.741354
30.113560
-4.907645
14.219685
0.341069
7.584339
-27.230532
9.662421
-11.963229
3.990360
-23.360989
-6.659883
-19.644405
23.474493
11.808517
11.015578
8.355570
9.966363
9.162437
-15.559763
-10.149397
24.321699
11.762033
1.005080
23.575108
-27.120350
-7.622072
-26.489927
6.976532
-18.164488
-4.363345
-18.687931
-14.866160
-26.483498
0.009893
11.849494
11.266248
11.368885
9.718365
9.429495
7.692580
-5.048461
-3.008573
26.189632
-11.264651
16.723797
2.795029
11.413187
-21.381287
9.399327
-15.913827
5.650833
-25.223799
-5.370509
-15.402435
-26.732220
9.048822
11.441645
11.549260
10.245900
10.399627
9.256910
-8.126954
16.048918
17.534075
21.694607
-10.520858
28.232281
-21.384546
-2.265176
-29.959553
5.818235
-29.020981
-7.035512
-15.873371
-8.281255
-26.302563
10.527124
13.000697
11.525676
11.362337
10.831228
9.581057
-18.396406
-0.664303
29.752291
-18.104017
5.811397
14.653484
-1.845736
-11.528347
8.748647
-19.271126
-3.372718
-14.929388
-4.482580
-15.539655
-25.346891
12.259102
13.884518
13.640347
11.092208
11.424575
8.954640
0.731427
-6.978553
18.514929
1.210763
7.658503
16.389801
14.103689
-24.572016
7.989925
-25.945017
8.339109
-27.525797
-21.220753
-17.204544
-27.944986
-24.578850
12.055690
12.232412
11.728044
9.711201
10.371536
8.032747
-4.851119
-0.171824
30.058762
3.676499
10.772310
14.758298
1.733916
-23.682013
11.899501
-21.369137
-3.183839
-24.687634
-9.092957
-19.908314
-25.797085
14.465692
12.876690
12.987613
10.177970
11.838555
6.492070
-4.574614
13.909316
7.580781
17.964993
-13.564507
29.098549
-15.166897
1.307697
-25.752108
7.855780
-19.649128
-0.336328
-19.106190
-14.971620
-22.925682
2.518271
12.336175
12.311017
8.778545
8.747378
7.201838
10.510233
-15.952222
-11.391517
18.407970
1.803129
-9.941555
30.110680
7.641375
12.638151
-17.161608
10.994384
-21.128633
0.051530
-27.653831
-8.494735
-22.891581
11.378681
13.085258
12.134268
10.484775
11.538693
0.805417
-17.149797
-6.191179
24.221146
-3.011940
4.333875
29.161530
-29.095570
4.400301
-21.926638
5.796576
-28.029800
-6.005581
-15.090664
-22.250971
-24.114676
19.006792
12.821902
11.772841
10.626220
10.812447
7.325829
-5.033806
-1.733743
22.795124
-15.627569
20.469322
0.811507
13.092070
-24.009928
8.114595
-6.495947
14.398572
-28.069529
-25.104198
-2.861755
-22.932348
2.236876
12.215932
11.824661
11.485224
11.721332
9.403072
-6.142344
2.813547
28.287598
-10.660490
18.033285
-9.392254
11.518974
-29.889284
-0.955178
-10.661323
3.873552
-22.604294
-4.786098
-13.272243
-27.944670
-11.698503
12.662038
12.643962
12.561200
11.518577
10.371229
9.774096
-6.195951
5.741191
28.779325
-7.153412
28.339842
-13.750780
8.431646
-29.467829
-3.819361
-26.269220
2.124833
-10.909454
-4.200813
-19.491308
11.823372
13.729250
10.276895
9.765335
8.234554
17.568075
-11.138550
-3.075938
27.363573
1.261343
16.020187
-5.886256
4.469481
-29.699749
11.076216
-22.007511
2.593328
-27.646639
-10.579502
-20.044170
-25.502592
14.917482
13.015776
12.550092
9.571280
11.061824
9.174685
-0.274245
-3.189015
19.506168
-0.717079
6.597289
14.168690
16.961773
-27.598385
12.675499
-17.558212
10.914328
-28.629541
-5.070426
-19.661655
-27.053152
-10.884254
13.159362
12.756664
8.429154
9.888355
8.808047
2.730776
-0.269512
1.594609
26.303669
-17.576555
26.307175
-0.106229
17.692230
-21.848967
9.652337
-28.062153
-1.515064
-22.122398
-7.060204
16.097513
12.078524
14.250950
10.478775
8.677375
9.118014
5.967558
0.046217
-14.806734
24.630352
-4.447850
13.898742
-4.968400
1.058720
-28.923265
4.256925
-14.780239
7.487791
-24.144228
-11.286215
-19.693165
-20.861954
11.989587
12.007442
11.684730
10.384149
10.766211
10.260745
-17.859165
2.812184
-3.512569
11.276348
-13.422128
30.102039
-15.731377
1.951131
-20.168037
8.545842
-11.564230
-5.704773
-17.473330
-8.312892
-26.766874
-23.981113
15.978362
11.940474
11.760232
8.862885
10.239958
8.215235
-11.073253
-6.395263
26.809593
0.909740
16.336346
3.279386
6.751163
-26.774815
10.977442
-8.651980
-0.418006
-22.297396
-8.124576
-20.996586
-26.146519
14.091037
12.310755
12.113467
8.958300
10.144623
8.359738
7.375234
-5.972109
18.240253
5.452622
9.154244
13.182732
-20.255610
1.497802
-21.791681
6.896974
-15.069932
0.399697
-19.140417
-7.969140
-26.080063
-25.457018
18.372910
13.405454
9.123430
10.015385
15.214746
-0.621772
-2.744666
28.870829
21.742624
7.363828
28.404448
-29.229715
-5.789200
-22.028240
6.381623
-22.942144
-3.387474
-16.217428
-11.578761
-26.863874
-0.645124
13.412123
11.394582
10.109141
9.940441
9.268323
-10.071315
-8.679366
30.100300
-0.598176
15.460408
0.002708
16.278299
-27.390476
8.090162
-17.598772
4.137613
-20.495342
0.342459
-17.301411
-28.885698
16.378649
13.647600
10.336623
9.761921
8.873352
7.353402
3.923122
-3.585109
22.973715
-8.380120
14.622850
-4.287625
12.380259
-29.263111
9.974280
-16.805666
2.664733
-27.235567
-7.423706
-19.324162
-28.020906
-15.950071
13.754498
12.918797
12.309448
9.098022
9.235607
8.104622
-3.674947
-2.333617
15.277626
5.458771
-9.728857
25.246641
-3.508170
9.285947
-18.394896
14.372378
-25.660156
-5.039724
-22.876202
-14.384641
-28.662315
-26.014791
12.653580
13.607432
9.756464
10.514188
8.778526
7.966043
19.222858
-8.867815
23.960073
-9.573188
27.418047
-11.778345
5.828230
-22.952154
3.814687
-18.765356
2.866444
-21.223267
-10.387639
-28.628822
-26.077251
22.538065
12.378381
11.523480
7.724545
8.628533
18.422062
-0.528762
-9.274414
28.155581
3.920211
7.011612
20.458467
-17.259069
4.815389
-22.108736
12.863499
-28.592968
-0.147705
-13.614352
-6.530327
4.053770
11.617126
14.279860
12.344277
11.521907
11.396839
7.022405
1.792253
-9.545503
29.178587
-9.756432
12.106758
-7.303688
-1.050984
-29.596087
2.559650
-17.110765
4.860281
-21.808136
-7.032818
-17.086027
-22.773834
12.512327
12.367926
11.097728
9.814871
10.671775
6.135619
-15.915257
-8.193257
24.449986
-18.686522
2.475899
21.268442
-6.906890
12.360430
-17.596107
10.326634
-29.881519
-23.729240
-10.157221
-13.680002
-18.309378
1.545764
12.356483
12.431097
11.705212
11.409711
8.348145
-6.736623
10.672318
15.856261
-14.596088
3.868398
19.720961
-3.706449
-9.957119
-8.061379
8.023526
-16.576086
-7.780921
-10.930087
-0.194771
-23.732157
28.697008
12.255810
12.254622
10.330360
11.499044
6.398134
-13.217455
-4.649562
26.761360
-18.211981
9.316082
16.661633
-17.824245
6.938808
-15.546162
17.209770
-29.886915
-25.178152
-7.684186
-19.526188
-23.161009
11.664760
12.492722
11.408362
12.096702
10.994482
7.097234
1.972575
8.268814
19.954098
-22.972042
6.471051
10.001365
12.216120
-28.321175
12.877582
-16.737661
6.372793
-24.375820
2.608692
-15.927987
-28.093763
-12.242793
12.871321
13.117136
13.225701
11.770000
11.510498
-5.645173
12.355206
12.733101
19.812954
-6.387215
29.270063
-24.079210
-5.317804
-24.473289
10.401318
-26.113203
2.818433
-16.696957
-8.699778
-27.758337
-12.049747
14.210979
12.211832
8.399417
8.573611
18.510878
1.407512
-6.731698
14.650731
16.352638
-5.119334
28.203417
-9.237502
7.541480
-27.210182
5.739238
-25.437025
1.185850
-22.831821
-16.987957
-26.626076
10.610899
13.341289
12.307065
11.292114
7.569289
8.311364
6.761172
11.884296
-13.712034
10.186467
-7.664801
-1.181040
21.156763
8.810001
-25.619116
10.096604
-13.749864
5.571990
-26.489340
-8.677609
-16.671570
-28.094250
-12.788061
14.141048
12.972270
12.774468
11.638692
10.964840
9.313073
6.776936
-2.879349
21.436642
-7.457223
22.667931
-4.795240
15.309931
-28.629688
3.992973
-21.291466
11.561922
-27.135803
-13.710649
-11.229251
-19.680935
-25.357412
13.410190
12.046782
9.541629
9.788152
20.825701
1.822578
-3.719374
27.519699
10.240879
14.733720
-5.589605
2.582362
-28.710407
3.524484
-17.668068
6.577986
-24.295380
-4.892422
-18.723923
-26.923901
22.008415
12.513392
9.460067
9.466486
20.614046
20.961988
-14.988662
5.130023
27.863260
-13.047768
28.455397
-11.084429
1.860008
-18.004932
12.455488
-21.147940
-6.525052
-16.975344
-6.195146
-27.954784
25.536503
12.952951
10.709428
10.364429
9.849229
7.447263
1.942633
-4.900931
24.633165
-21.236748
13.627690
-2.098837
16.674541
-29.989483
11.126146
-25.323322
-0.064164
-24.178741
-1.414259
-16.808393
-28.466452
2.500024
14.131145
13.942854
10.867680
11.090525
9.424309
0.248840
-3.307544
27.605246
-1.646964
16.734516
-7.213019
7.790959
-28.254612
13.874972
-20.719566
2.441070
-28.005932
-6.850000
-20.296932
25.163889
12.170628
12.012330
8.233406
10.326460
12.503338
-8.689272
-2.005761
13.522017
10.597011
-21.518225
29.265911
-24.886795
-3.875143
-17.154642
13.201666
-25.697186
4.103777
-15.811854
-9.951689
-27.936361
-8.665216
14.316802
12.262662
8.280944
8.125647
18.577364
5.167069
0.147176
11.993138
16.727451
-10.489583
27.785023
-9.747531
8.812329
-29.197363
3.321131
-27.633739
0.348691
-23.618736
-17.625280
-26.902624
-2.401922
14.404774
13.699283
13.256419
9.595018
9.071782
8.689121
1.290365
-3.718259
7.592711
19.728228
-15.023981
29.906979
-10.511229
12.000272
-26.979948
7.598760
-18.961601
2.306763
-27.404715
-11.209869
-20.393970
-25.585991
15.056005
12.977506
12.831446
11.823230
11.756142
9.195925
6.027707
6.266912
24.366871
-2.864924
15.739241
-11.612283
3.775346
-27.754450
8.973860
-21.438423
6.577919
-18.915062
1.418464
-16.405371
-28.314703
-12.399894
13.435336
13.264301
13.165190
10.564695
11.307040
8.304851
14.800078
2.965767
21.673086
-8.456509
26.003220
-7.291150
11.359498
-29.824903
9.892510
-21.370865
4.886294
-30.238499
-15.450202
-22.646360
-25.982740
14.311948
12.750628
12.275743
11.094923
10.733302
7.154481
3.889206
-4.477614
22.102562
-16.423687
17.341078
-1.661019
5.363288
-21.270414
4.003007
-0.423451
17.131041
-27.928701
-13.367430
-3.511343
-20.329729
-22.432476
13.083850
13.244377
12.760440
12.657688
12.540382
9.362255
11.312054
6.465549
12.236291
26.051674
-9.158418
15.055946
-30.075775
-2.319950
-22.743546
5.391382
-24.876596
-1.052654
-16.585058
-28.885681
-26.028833
18.287956
13.300651
12.378348
10.324484
9.767578
8.564546
-14.485497
-4.129777
28.581421
-14.058774
16.093966
16.784395
2.898053
-20.355358
11.236605
-21.343315
-4.362986
-14.151084
-9.710682
-16.277256
-25.025595
15.553964
14.786572
14.552787
12.998199
13.480202
9.625192
11.225373
14.372557
5.052008
25.972425
-8.727208
24.532873
-30.140305
-4.953615
-27.508253
5.551913
-24.885168
-10.199482
-18.008648
-11.847135
-26.681450
-6.147635
14.589126
13.446572
9.669366
9.710509
9.804901
3.799771
9.263598
2.675948
21.096436
-17.472868
28.980694
-10.937466
6.430549
-22.081861
11.542449
-23.892977
-9.948099
-17.704435
-12.346904
-28.076382
-11.432975
14.110092
9.698585
9.809592
8.059512
17.042913
11.152697
-11.420146
27.707689
-3.859218
23.501072
-8.281363
2.989099
-20.980976
3.388017
-13.357184
4.990179
-17.623402
-5.230175
-21.917440
-21.151110
12.727860
12.535044
6.994356
7.125611
7.513979
23.308334
-8.840373
-18.951199
24.782501
5.427852
20.074957
-1.978797
11.131993
-21.821743
9.453602
-20.439409
-1.151930
-24.795452
-11.554529
-26.003492
-23.511381
12.569639
13.087357
12.614950
11.408037
10.899075
7.562791
-2.708833
0.622042
26.024206
-6.474351
21.632603
-2.715271
7.134772
-27.157309
12.133172
-16.612816
-1.563416
-23.404259
-8.374600
-21.609268
-26.015585
14.853519
13.215833
13.065117
11.720472
12.227607
11.313942
-7.577867
14.151196
11.479712
12.111908
-13.792061
17.279226
6.765698
-29.521868
6.054711
-17.539585
14.837170
-24.567602
-14.322183
-15.278160
-20.809278
-19.159971
12.993186
12.313944
11.667233
11.655102
9.867913
-11.291965
4.024827
7.425392
-3.403596
-6.391010
25.492838
-5.080551
1.066248
-17.767448
13.321636
-14.941695
-11.351480
-8.633691
-2.735008
-25.126505
-22.515940
12.783466
12.658830
12.712063
11.131883
11.357058
-6.695308
16.266769
0.836059
25.404942
-19.748772
28.891899
-13.938786
-1.530352
-18.769899
13.517477
-21.219406
1.862522
-24.066103
-8.176332
-27.640976
-11.930078
14.334258
13.891382
9.622122
10.779243
12.049794
12.995869
15.475558
-10.711028
29.232790
-19.735067
28.465828
-10.769896
7.845662
-26.279556
2.677972
-21.479967
-0.466340
-25.016817
-4.081311
-25.846922
12.662133
14.055015
13.130334
7.993491
7.721415
10.224512
12.389419
10.794994
-9.518786
15.980101
-30.052647
25.100290
-16.724398
3.462239
-15.939107
13.862198
-28.539742
1.461794
-16.456064
-10.365858
-27.806705
-0.702104
13.786427
12.965778
7.934599
8.173221
19.111959
23.814724
7.513552
-1.407458
26.670290
-20.494421
28.092216
-10.462367
3.752210
-28.026539
2.666314
-23.514307
1.266018
-24.317862
-10.425042
-27.885481
11.755286
14.002300
13.623343
10.311617
9.240133
9.193464
8.492108
-5.184051
-12.780340
20.893267
-21.275421
1.365674
8.273589
11.300626
-22.150419
11.254996
-17.519775
4.960542
-23.232077
-2.595518
0.953001
-20.451258
-12.706860
12.048615
13.367638
13.224092
14.468172
7.147697
-27.893074
17.212473
-4.888868
28.535492
-11.345865
17.882452
-30.160774
-18.335464
-28.848522
-2.001130
-16.584385
5.472711
-17.872553
-10.076792
-23.810297
-21.677284
23.888977
13.515402
8.482187
8.294140
7.586046
26.999819
3.504533
-21.526611
20.019085
7.505766
13.687437
0.075316
8.066815
-27.860874
8.630569
-12.315886
12.881933
-28.754648
-19.364929
-15.936654
-26.790169
12.265951
14.227142
10.733625
10.513344
9.530955
17.968618
24.146835
-19.996500
20.031521
0.616090
24.552893
-19.151419
0.586819
-23.783991
-4.671495
-14.138873
6.574585
-12.519882
-7.745179
-18.967066
-23.678209
13.384498
12.508692
11.413138
9.702352
8.848139
16.541307
8.116072
-17.383919
7.457339
-9.679477
-6.048210
24.964331
-9.375247
-3.376183
-6.889989
13.378597
-14.347565
-0.318014
-11.741891
-4.400033
-26.776531
-10.892851
13.673861
11.356066
10.141884
10.089273
15.436959
0.748839
1.279365
28.150877
-3.757721
20.850719
-15.922274
1.006009
-23.588013
6.774055
-17.519903
5.016420
-14.565778
1.395629
-20.872503
-22.136374
16.971643
12.749296
7.814862
7.531678
22.176146
29.502838
-10.360155
-14.936820
22.162535
-11.567721
24.846882
-11.297393
-2.188355
-10.537142
17.642754
-15.468569
-1.697299
-19.167398
-12.271886
-26.689201
-10.494875
15.902098
13.260766
7.764698
8.599547
21.179092
28.544336
7.288744
-9.416347
26.199364
-17.364202
26.962616
-13.584922
-1.096923
-22.290464
2.926108
-15.206968
5.170878
-23.714882
-4.114067
-23.361883
1.688502
14.131180
13.517047
9.664062
8.509329
8.494343
3.742383
17.633512
-10.554095
-4.933729
-19.696833
6.021616
2.714212
-7.740404
-4.499103
11.647655
-8.448879
0.670518
-17.690264
-8.827509
-21.802208
-20.045029
20.231125
12.970783
7.779605
7.993447
6.955649
24.941994
1.834415
-14.650937
18.556248
-0.909476
23.637867
-10.179105
4.793059
-18.499788
8.760776
-16.030180
-4.519137
-19.948738
-10.308867
-25.370008
-22.914829
15.841470
13.906737
10.009053
10.900562
9.117301
9.559097
-11.675170
26.297976
-4.234475
16.005260
-11.911345
10.368794
-24.993959
3.221678
-8.153438
7.534670
-21.784651
-2.129588
-13.112358
-23.182245
-24.372143
9.754520
14.195667
11.078368
10.816746
12.870048
17.489603
6.916859
6.311636
23.679771
-2.047146
26.147043
-29.467539
-6.172125
-24.183115
-3.461615
-23.470779
4.195522
-8.944632
-1.478632
-27.586994
-11.245684
15.645939
12.571801
10.756867
10.378416
19.879391
0.608473
-10.236241
27.846634
-1.279318
11.021775
-6.901141
4.867457
-19.814247
9.800570
-16.257986
8.387376
-19.721888
3.699703
-17.822691
-25.201403
10.414155
13.785788
8.613179
8.476118
11.764371
28.444729
9.529171
-21.140274
16.789951
-3.313929
15.608184
14.932112
-21.667109
15.016722
26.472998
26.492016
26.262810
9.796405
-17.473763
11.231571
4.546102
-1.611190
-9.061146
-10.225436
-15.542664
-17.262402
-0.401608
2.839638
3.846303
5.879322
7.060013
7.331200
7.434789
8.390435
9.025722
8.933854
8.776793
7.713718
7.613828
6.682164
5.927402
6.098653
4.104178
2.649658
17.768986
15.468616
12.453856
6.248652
0.672302
-13.033407
-12.722032
-12.982839
-3.494952
-23.503941
4.026378
-21.732733
-4.677102
-25.265537
-7.744112
-14.363276
-9.869223
-17.624495
-16.545353
10.610503
10.192909
8.834228
5.737568
5.899464
6.711734
6.924464
3.828526
21.917097
14.893534
-1.477680
9.918687
-7.617606
22.130545
-30.137863
-7.496018
-19.241129
7.084857
-3.374506
7.909832
-23.820820
-5.189604
-18.829687
13.209862
12.481325
11.892796
7.972509
10.821568
18.054502
1.715343
-8.255635
-18.581787
4.960014
-5.897083
9.239888
-15.469016
-5.490947
-9.724556
8.515815
-8.485985
7.206688
-18.398493
1.335176
-23.275660
1.232685
13.777055
12.413477
9.386652
9.902621
9.904570
5.869767
25.448311
-18.782343
21.180183
-21.408268
26.048975
-23.020060
-2.153847
-17.040699
9.684757
-20.867865
0.781742
-14.831992
-6.850709
-27.773275
-11.385950
15.470970
12.740999
8.043686
7.903651
16.518494
16.976473
6.706135
-7.356493
19.851915
-15.934744
25.342302
-27.385414
-2.148006
-18.976097
10.442529
-11.727509
2.153861
-16.257450
-6.597286
-28.048367
-25.518890
17.657724
13.331873
10.904525
10.616617
19.203747
11.952162
3.252340
19.417236
11.666444
13.250438
-12.248731
3.340810
-29.788383
-1.982675
-13.329432
3.420373
-19.318022
1.959547
-11.731100
-24.087851
-22.991550
22.730890
11.501269
9.029338
8.850014
15.920282
21.296135
-4.982452
18.832735
15.804516
17.597551
-23.582840
-5.241872
-22.699823
-1.738980
-13.806805
5.005998
-9.667425
0.247302
-18.486536
-24.777203
0.563153
14.086762
10.400979
9.624172
8.118994
24.312475
20.120646
-18.540720
20.080015
-11.488246
10.440449
-11.040670
2.921716
-24.585003
-1.718793
5.969899
10.271382
-21.659306
-7.110042
-16.213036
-26.784065
-10.416469
14.742594
12.678001
10.559610
10.007641
17.668917
20.304619
-1.901178
15.769681
13.000706
3.001748
8.353302
-28.745806
-4.376380
-25.693274
12.314067
-26.598463
2.520450
-14.878319
-1.874827
-23.495260
-24.920757
10.935553
12.575389
10.932560
9.855558
15.721520
5.125879
-21.230419
2.354845
-6.799836
-0.802408
4.878132
-5.601347
-4.266439
9.111846
6.175972
-8.052766
-0.363712
-8.655599
-19.396570
-21.308434
17.150425
11.430340
7.316416
8.006760
15.967852
24.196753
7.025365
-10.457149
22.302389
-7.168834
12.953002
-24.865911
-9.297070
-17.499710
0.886533
-2.427180
7.725927
-14.382874
-11.436564
-24.161306
-8.177937
17.754679
12.804899
11.173947
10.235000
9.221530
23.105801
21.185904
-30.161110
-4.630737
-14.133521
4.040012
3.656471
-8.451725
-7.203209
1.696171
3.433018
-8.548280
-10.459073
-1.721039
-22.950636
-21.427650
16.489216
12.280313
10.939679
9.819465
8.967693
24.200283
14.844098
3.190201
19.304348
-4.678871
8.916630
-12.421225
-5.881127
-23.115215
9.512552
-20.014891
-2.641028
-14.983954
-5.206958
-15.389480
-26.471779
0.164726
14.382473
9.135817
8.074112
6.684273
23.630499
22.555843
-21.562500
14.250313
8.841632
11.375525
-20.484613
-11.459046
-17.714476
-8.731548
1.487699
11.060229
5.792371
9.110627
-20.840580
-21.137024
-25.390715
-24.466604
17.288191
12.309979
9.266593
8.427865
7.318649
21.427593
28.048672
-17.631222
13.590272
-17.587572
6.285023
4.913198
-6.174450
-13.215487
5.802010
0.190433
3.757418
-17.834150
-19.645269
-28.572517
-26.296968
11.302364
11.910203
11.159577
11.030747
9.710487
20.515886
19.573702
24.627413
7.666472
18.235825
-13.927732
19.027899
-23.378723
-7.874887
-10.353609
-1.300410
-18.709728
4.155933
-12.200160
-5.035802
-28.581440
-25.760849
22.424751
12.576318
9.684224
5.187133
5.497831
15.712049
25.144480
16.807508
5.583472
15.686903
-2.689991
20.518877
-18.541372
4.102044
-22.315588
10.693899
-27.045095
-23.771721
-28.944490
-27.922544
-28.829430
-27.196041
10.986233
12.799340
11.734412
10.816519
13.090434
17.911896
11.651899
22.099777
9.550051
13.416540
-16.217743
-8.312253
-15.028162
-3.914810
-13.286829
1.514674
-3.171689
7.473221
-8.427131
-20.555187
4.215967
-17.078300
-21.464035
15.379601
9.511526
6.302857
6.047348
5.394220
15.570239
22.356398
20.328428
17.116505
19.355221
5.819073
-9.060902
-26.187445
-7.693804
-20.717957
1.387010
-1.888169
-1.958533
-21.994722
-9.212013
-27.920996
-27.161943
0.224170
24.437222
10.758944
9.913695
9.132540
7.925063
17.743517
20.155018
23.615955
17.784409
23.190411
-24.205517
13.825902
-25.856789
-8.939601
-18.710466
-14.222385
26.357498
-2.396836
-2.910133
-19.192215
-28.746637
-28.230663
-25.089832
-20.243114
1.250623
19.844154
9.271679
6.676204
6.296199
5.359826
21.042990
18.511093
21.959814
8.284731
13.977176
-1.620603
12.564554
-6.326918
5.475483
-18.184032
-3.052704
-5.473195
-1.555155
-0.494495
13.557963
5.331868
4.820719
-9.540096
4.216422
-21.292667
-28.354223
-11.511900
-15.426462
-13.315231
5.097638
4.639920
4.109223
3.683069
2.774440
3.632646
3.401879
23.899458
27.327129
25.025042
-24.840839
-17.745712
-12.873345
-4.725986
-4.207795
19.069326
11.693283
5.493234
11.689365
7.192573
3.929578
1.997787
-3.134750
7.087793
6.286677
5.826621
5.756014
5.552740
5.208006
4.784966
-1.097201
-7.417766
-7.993973
-11.459579
-0.026165
0.753187
3.164467
4.902693
5.815621
7.014135
8.060719
8.294331
9.262115
10.049643
10.266095
8.970937
8.463185
6.189629
5.560216
2.912641
0.911073
-2.224209
-1.162714
8.888218
15.637990
10.299413
1.006598
-6.204292
-18.650459
-12.527740
-19.012993
-11.936544
-22.311052
1.404888
-15.188512
-5.077621
-12.858196
-11.439544
0.295048
-14.088857
-16.385506
5.203594
13.984865
12.056961
5.879160
6.344780
6.242886
7.584445
6.819438
4.593295
18.264130
5.107046
5.688768
-16.013674
11.311110
-2.736395
8.278741
-28.911636
-15.012030
-18.411480
6.228236
-7.577082
3.746393
-22.452036
11.528891
-8.420392
-25.462578
-9.272785
13.263264
13.075661
12.273350
11.102080
18.120411
-4.781769
-6.950809
26.384579
-9.847878
-4.949305
-0.851327
-6.045023
-9.271181
1.071030
-5.787415
5.100388
-7.907338
2.089022
-14.767397
-27.950575
-11.459863
13.370369
16.150225
15.467120
14.598190
14.358508
13.553674
5.286016
24.219288
2.821457
15.934500
-27.508017
23.885210
-15.842703
-4.173596
-28.939423
7.216707
-13.677181
9.907671
-25.996735
-10.536980
-20.577991
-20.925968
-5.358517
14.384688
13.775495
13.266768
12.029408
11.937119
10.944599
9.418299
-15.205339
-6.837710
6.486018
-10.122681
-9.196806
25.737968
-1.301647
-5.429413
-11.129391
7.973133
11.172870
10.752486
-24.435940
-14.350393
-17.088978
-8.922453
23.820724
15.474299
13.301438
13.741775
14.836188
7.713783
-23.159018
-19.913054
-22.883957
-12.479907
-10.026283
7.970140
-7.565322
-6.275868
1.264408
2.789600
2.175699
-2.408535
9.879217
4.893120
-17.824762
5.394639
13.011166
13.026848
13.523685
12.295501
11.885952
8.988622
-16.173977
19.931509
2.828604
9.403728
-27.926966
20.661131
-29.966515
-10.816671
-15.327996
9.638532
-19.022463
-0.038124
-13.418280
-11.941522
-22.656855
-6.647385
14.767216
13.904792
8.170326
8.740723
19.622900
25.034702
-20.947491
-4.115084
15.292235
-12.398795
22.891577
-0.938361
5.971819
-19.869715
6.645020
-21.277718
-1.744700
-23.114056
-7.716564
16.519545
16.587013
16.264282
13.869358
10.787339
19.431610
4.109453
-13.185165
2.146438
-15.351132
6.593578
-22.221115
4.501888
-22.503756
-8.478554
-6.885517
8.613503
-2.519450
-1.261042
-9.248267
-6.634795
-21.008396
-5.150821
14.664908
14.063284
9.793641
10.778446
18.592201
17.558167
10.253849
-11.603611
24.081034
-23.958893
28.645935
-23.210661
-4.024603
-16.415049
7.528768
-18.723402
-6.129347
-11.738308
-8.040762
-26.602964
-16.649641
15.276455
14.544296
10.080814
9.205345
7.698682
22.811583
22.874136
-15.971847
17.421658
2.355446
21.172659
-25.609177
-5.239882
-22.150827
-6.093439
-18.654051
1.393065
-8.711900
3.852859
-12.637934
-17.344189
-23.304775
-0.163317
15.418734
14.099268
11.579113
8.958468
8.348195
29.570494
20.632532
-9.497164
12.350699
-3.867042
6.499362
-8.377700
6.095086
-24.247204
8.256783
-10.429935
18.019150
-28.746492
-1.646512
-16.642691
-28.832731
-25.652037
15.602964
13.849647
13.318750
13.353850
12.108522
7.858039
20.070578
9.173073
1.640414
-17.819542
12.726075
-21.685488
-2.142722
-18.547377
16.810938
-16.805172
-2.382168
-14.284967
-7.566562
-27.360664
-24.137129
19.034445
13.859733
12.106446
11.413016
9.185353
8.286518
-16.322113
-6.118109
19.946672
-16.729740
0.002258
13.541578
0.343632
-7.893709
3.090790
14.397803
-17.511061
-0.774907
-13.736628
-10.436705
-27.614344
-10.078045
16.071859
15.401533
13.113201
14.369553
12.266419
9.626461
21.023132
16.923407
2.655245
24.425173
-13.791499
16.638353
-29.872133
-7.214393
-24.708046
-0.739202
-17.015192
-2.419418
-17.752728
-6.617299
-26.707436
-24.271305
21.440899
13.954769
12.658912
11.398254
16.438225
-1.274201
-4.322380
12.840664
-15.306603
-9.830571
19.119528
-10.969416
-6.626352
-1.458642
-1.430615
-1.103862
-1.507566
-7.111224
-15.534442
-27.768888
-10.840835
15.623774
12.693346
11.206884
10.393437
18.183758
20.459917
7.030951
17.369909
-1.205483
24.973991
-18.785917
4.581659
-27.951967
1.901766
-19.235445
5.397906
-26.403269
1.701457
-14.886578
-27.761089
-19.819088
15.924277
15.495747
11.282696
9.994179
8.780873
22.969242
21.725721
-2.098757
22.974592
-0.598003
24.473978
-15.919550
-3.484450
-29.080925
-2.164380
-15.334219
9.608873
-20.686008
-9.540337
-15.593396
-28.802822
-25.958817
19.885681
13.081869
10.947364
10.887954
21.310013
25.847759
2.697282
13.122791
0.868216
15.691398
-12.895847
-1.862000
-23.702496
0.275736
-12.503429
6.634085
-21.374342
-0.984565
-16.740915
-26.412416
-11.825576
14.671431
13.790073
11.285213
9.781831
8.204412
26.448534
14.236709
-15.687419
21.593025
-14.456573
18.993301
-21.925400
7.582233
-26.473703
6.730668
-7.069757
8.551577
-26.333658
-2.740560
-15.849899
-27.365957
15.314877
14.362972
13.969762
12.703549
11.449387
9.793357
-5.733606
12.381779
12.092212
-7.598804
-11.197074
12.598880
-23.798244
1.269535
-15.777562
3.947443
-18.869606
-1.644150
-10.765297
-25.720461
-24.330027
18.034931
13.702322
10.508430
10.886762
17.646179
18.088898
-10.793625
21.201694
-18.797688
2.020588
-6.242346
-5.296386
-6.481192
9.218978
-2.952135
4.394704
-10.855358
-2.434515
-20.822615
-24.541954
15.882539
14.887753
9.683101
9.999065
19.681067
27.229836
7.612280
2.292114
23.894917
-12.525002
25.802280
-28.171885
-10.390314
-16.528584
2.480143
-11.786401
-0.846950
-15.187703
-6.238751
-27.551916
-25.002895
13.810496
13.907105
9.275867
9.049511
7.286309
26.030949
21.973284
-0.792771
23.445164
1.827415
22.125505
-30.145208
-14.749241
-24.402882
-3.577060
-14.346623
3.029479
-6.140402
5.402163
-12.076936
-24.775560
-23.361568
21.277727
14.461887
10.758506
6.432236
7.106282
30.105907
17.116661
-0.586777
-14.195255
8.179257
-16.666197
6.756721
-16.701288
-6.459544
-6.727758
5.663749
-1.804880
11.074535
-9.589339
-9.782009
-23.171837
-7.836874
14.728952
13.536164
9.201099
6.819413
9.764907
30.110319
23.421267
-6.654166
7.253620
-2.630276
5.652141
-19.130657
-6.731018
-23.237099
-5.438317
2.851122
6.547214
-14.788890
-9.192324
-17.036678
-27.389521
-10.841665
15.882279
13.810466
11.904434
11.099190
9.678102
21.403547
21.262941
9.990705
11.747667
22.867022
-6.924574
-0.070827
-30.039114
-10.993791
-22.452036
4.557745
-27.977957
3.580528
-11.401652
-4.891581
-23.425203
-24.543642
17.592062
14.109515
9.406472
9.712248
16.459930
19.274744
12.626319
-2.482118
19.262045
1.585066
7.040376
-24.443413
-10.756113
-16.418644
-5.243277
2.406389
16.309555
-12.508557
-18.580334
-24.614553
-21.953363
15.075371
14.159868
11.503463
10.607183
8.405943
30.110561
-13.214708
-10.909498
2.598307
-10.754253
-9.620259
30.105097
2.267123
-11.186209
-1.574572
4.818590
-2.851684
-12.598116
-9.779346
-15.785563
-26.167093
-9.318583
23.526337
12.870551
12.106123
9.886437
8.115784
29.429560
24.676825
-17.056557
1.075863
-12.370043
-1.962654
3.820010
-5.706794
-11.843126
-4.533144
4.884372
-3.440169
-11.400581
-5.816054
-13.769476
-25.358925
-8.920181
13.428246
11.978490
11.306333
9.312881
8.746712
16.428892
21.439287
14.726592
16.885946
15.696531
-3.307470
17.497677
-29.711624
-12.978378
-20.702736
-2.865524
-26.738642
-2.200215
-15.285964
-12.411180
-26.298840
-4.249118
14.864263
14.160664
9.437494
9.223813
6.999957
22.720680
22.132750
13.752287
18.836090
0.842201
19.021824
-28.460711
-13.604732
-26.321806
-0.386975
-13.654352
3.184727
-19.333649
-14.594138
-19.034630
-27.625057
-25.016340
18.843470
12.661032
10.880406
10.601620
8.780387
24.556211
24.819078
20.033588
17.424358
12.463260
17.253771
-24.737110
-9.278839
-27.107866
-3.923456
-2.329156
0.100098
-20.665106
-20.677362
-19.247272
-28.409376
-26.225376
20.409042
13.648689
11.518872
10.243460
21.057281
19.914236
23.462109
18.500912
18.131817
8.473799
21.221655
-29.995461
-11.498597
-21.868021
1.880482
-24.643585
-3.333653
-17.266739
-12.891859
-28.356142
-26.758509
12.760375
13.942533
12.878485
12.095308
10.193793
15.810138
21.183802
21.425745
17.861158
14.315413
10.393983
-29.346479
-11.042018
-21.050714
-9.238523
-22.613688
-8.404249
-4.229029
-11.576653
-8.425586
-28.092413
-25.993803
18.967257
12.657261
11.565077
11.458611
9.626754
7.919326
20.966967
23.547718
21.902168
18.248930
15.748980
5.601840
-3.363917
-29.941586
-13.745815
-21.674095
-2.752640
-7.692676
0.527996
-11.478032
-19.716785
-10.617415
-23.540045
-22.530949
13.454779
15.975724
10.350825
10.010668
7.987928
22.148474
25.404787
22.605621
1.613831
12.132442
-25.987589
6.736911
-6.402903
-8.991923
-4.864586
-7.640763
-17.063581
-10.966758
-3.390301
-14.651814
-26.901379
-11.174646
20.032480
11.238527
10.938390
9.451543
7.963686
6.975286
16.585888
11.214001
20.985172
15.877173
-17.933979
-7.912112
-9.874228
-4.517243
8.601594
-9.103704
-15.444379
-1.658443
4.828503
-6.200780
-16.437740
-24.191420
-19.384039
14.518273
9.241971
8.624071
5.858356
3.731799
4.494248
9.560488
21.043308
16.464584
15.767694
11.543068
-14.649830
-11.859680
-12.499040
3.290472
0.473388
-11.970308
-10.099614
-11.247237
-11.270118
-5.955945
-11.038968
-20.309875
-17.689779
-16.672680
20.021700
7.870969
6.012816
0.437586
-2.397102
-6.694530
23.459595
27.014517
25.349901
12.360846
-7.556670
-16.742247
13.643430
6.521337
6.192184
4.797152
-1.106696
-6.903363
-11.813213
-17.291121
-18.372095
18.549955
1.857211
3.313816
6.494826
9.607266
9.124781
10.004845
12.317805
13.369066
11.687267
11.120238
9.707587
7.747484
4.806202
1.698107
0.427295
-2.081294
1.097653
1.107876
9.922038
6.988736
2.160276
-13.865350
-16.225430
-22.102221
1.411912
-17.693657
3.265815
-19.846027
0.917498
-18.771675
4.161536
-7.246335
-1.321154
-18.048140
-16.724499
-0.720315
12.606676
10.973881
6.863182
4.391426
5.234932
8.353389
10.518097
19.482630
12.264571
-12.700098
6.243727
-9.885275
7.472435
-16.811457
-5.202231
-13.802208
3.564354
9.839334
2.104050
-26.133980
6.546472
-11.823678
-24.884356
-22.852501
15.277944
14.818997
11.139741
12.056889
9.882518
19.493387
13.768170
-11.091826
25.887266
-13.124733
17.144440
-22.523827
-2.396216
-18.314102
2.442107
-13.084701
9.042435
-14.865453
-1.453995
-20.977808
-19.862349
13.444763
14.013146
8.799253
8.671582
20.471922
27.605051
-0.858314
-24.112320
13.585733
-16.170563
20.299395
-9.671959
-6.914738
-11.518404
6.142509
0.697065
6.547476
-19.226871
-5.187438
-16.663006
13.708870
12.368110
15.394890
15.552309
14.980088
14.172779
19.665514
4.402373
5.533226
-21.242353
-9.114634
-22.248709
8.439947
-20.461023
-5.728590
-12.525793
3.837666
1.112831
11.914547
-12.142690
-0.150504
-19.947569
-18.589676
21.065289
14.405650
8.103186
7.955137
10.429651
30.119337
13.119099
-30.131649
0.159954
7.484555
2.778654
-6.015203
-20.332478
-6.261326
-16.473686
4.740434
6.196292
2.239207
-12.741696
-3.158560
-16.627340
-16.133245
-4.467167
13.938683
12.926113
11.454964
9.133909
8.976373
18.602425
19.805954
19.414944
-8.936627
18.952608
-16.323402
13.147530
-26.629711
-10.664829
-16.060932
3.178976
-6.017315
1.628297
-16.082985
-8.791892
-23.100819
-21.271692
23.066858
12.088964
7.438825
7.255862
23.142260
30.100483
19.266500
-12.784194
21.318794
-26.280617
18.509027
-28.498775
-9.628129
-16.431128
12.929481
-6.034370
2.204124
-17.809303
-12.593713
-26.857788
-10.823456
24.242788
13.618164
11.473515
10.247095
23.007906
13.999087
-11.227037
18.879456
-6.687710
5.660007
-9.185377
-3.648089
-20.788651
1.122151
2.221613
-2.419745
-14.978378
-4.771349
-14.367980
-28.649918
-26.227795
22.411631
14.693564
10.225187
10.322704
16.219568
16.384140
17.730005
2.875022
24.285379
-2.990112
12.472592
-29.462111
-10.895077
-18.171318
2.394886
-2.008451
-0.940362
-26.068239
-12.886372
-26.866055
-25.336769
15.511014
13.742866
11.443054
10.823915
18.956818
24.750626
13.163402
17.390577
18.067419
-29.146046
13.988598
-21.479807
-7.537370
-15.321763
1.711067
-14.590312
-2.051145
-11.205301
-9.154563
-28.508474
-26.259136
15.495594
13.924770
13.156173
12.421300
11.412825
8.925873
12.775564
23.392490
19.721937
12.928869
16.706913
-11.770272
-3.365235
-28.591070
-7.258698
-15.670746
0.726159
-19.156536
-1.662878
-17.277950
-15.567951
-26.447813
-21.491163
21.521875
14.122331
10.280752
7.986423
6.493830
29.187733
21.981846
15.206635
10.780052
-4.851779
-2.218518
0.211432
9.696497
-21.001043
7.518229
-15.830721
-2.686440
-28.330275
-20.804064
-23.143082
-27.308519
-3.213099
22.135763
13.298250
12.018806
10.855666
16.632002
29.417761
-5.598861
4.898499
19.642725
-6.606622
-7.506598
-20.795855
-8.162787
-12.445621
-5.896385
-9.510040
2.709332
6.817067
8.496602
-14.176510
-18.306780
-22.855301
-1.573176
17.306452
9.489961
6.144995
5.955796
21.507759
28.502911
21.035212
5.765197
22.963646
-30.148348
-10.718979
3.335444
-4.579127
-13.404760
-4.279607
-7.313091
-26.104870
-25.276287
-24.730837
-28.715202
-6.555323
23.294064
12.209875
10.993990
8.221139
7.801189
20.475307
28.176964
26.446926
2.196893
-21.665562
-14.635656
-10.245742
0.427007
0.282257
-6.117012
20.935692
27.932791
26.343889
7.287784
1.348919
-8.699698
9.252780
6.341978
4.037963
3.032017
1.796776
0.996054
0.419433
0.067208
0.303707
-1.107923
-5.307822
-11.053574
21.431694
27.387690
27.116413
21.458467
13.965972
1.950557
-7.045124
-13.411798
-18.646072
-23.295187
-2.242899
-7.444559
-13.294809
17.277819
20.603565
26.510252
25.474508
15.689666
2.554537
-9.307408
-15.946969
-15.525949
-19.703535
4.084332
-1.481437
-7.076321
-12.711487
-18.682417
-19.773344
4.489110
1.878042
4.152990
6.926381
7.892891
8.988205
8.413500
8.009184
8.753387
9.652821
10.371700
10.119795
8.840488
7.493363
5.474782
3.876261
3.273651
1.944017
0.559079
15.972716
10.603539
3.827918
-9.602721
-9.404252
-21.816280
-1.376739
-20.379997
1.872477
-16.712601
4.503259
-13.898070
-15.696086
6.689991
-9.396689
2.161213
16.239002
-7.909293
2.778264
13.295794
15.123110
10.397486
4.693931
7.544056
2.285003
-8.932378
-20.479759
-15.089499
-20.614428
-6.643923
1.518667
-8.624351
-3.679862
9.081897
-6.804056
-8.108505
2.442117
-4.014981
-2.208772
-13.046225
-13.325858
14.030107
13.109118
10.360419
5.348484
5.843317
2.497057
3.558162
19.333227
-18.891832
19.859161
-11.450670
-7.869042
-24.355639
-7.518302
-19.337360
-5.751167
-1.464054
18.661081
-7.235547
-15.407579
-18.773993
-14.171128
11.833103
12.685385
8.014145
4.447005
5.656877
24.806936
23.389194
13.210650
-30.101004
-13.403332
-18.942444
-6.056913
-6.455729
-3.913589
-4.355475
-1.637801
9.544057
-5.243930
1.381867
0.696207
-8.371542
-10.284890
20.768318
12.746819
12.064925
9.063760
6.518210
6.489662
15.179809
23.104441
-9.341217
-24.084320
-15.757265
-12.961420
-8.402438
-7.635900
-4.353497
-1.535887
2.176967
0.418308
1.740241
-2.075849
-4.479291
-10.407860
20.272333
12.110072
10.350901
5.553741
3.982559
4.080441
13.035368
22.900837
-2.516530
-15.952753
-0.783020
-18.140875
-10.161213
-10.225893
-6.898995
0.868246
7.335439
1.710601
-3.528634
-0.234655
-12.962492
-15.027085
19.374649
13.602627
11.502570
5.600749
5.514724
18.054245
25.857489
10.637818
-24.861853
-0.240385
-19.153187
0.519060
-15.224237
-5.943611
-7.325058
0.109890
3.044881
9.086066
-0.248210
-2.298216
-15.190977
-16.230936
-15.291550
11.384402
12.593530
9.571767
5.530723
6.252317
15.313703
24.300192
14.858798
0.179791
-0.657432
9.807109
-12.722627
-11.268292
-22.165131
-6.093437
-9.800817
6.232256
-6.296706
3.890963
-11.667992
-4.870177
-14.528946
-15.747561
19.666697
14.249372
13.372099
12.939883
8.766373
11.001401
17.180517
5.989691
12.933769
-29.980787
14.038106
-21.213354
2.363316
-17.558634
-7.431006
-15.749130
0.800842
7.337572
0.911865
-9.481650
0.904876
-8.399142
-20.672377
-4.950149
14.463099
13.635211
12.539644
11.340453
9.913823
13.220155
18.236744
-16.264240
19.086325
-20.957178
4.282190
-23.743835
-7.354180
-10.339483
5.839434
-9.151076
2.454262
-8.501173
-3.605844
-20.608706
-19.552256
20.168177
12.720428
10.177855
9.618245
17.307655
24.015287
1.489458
20.600994
7.044406
14.123447
-29.059662
-13.855065
-22.401455
-4.571794
-9.129409
2.914435
-16.695662
5.128969
-10.881550
-20.635706
-4.776017
15.081476
14.030079
11.316979
10.689103
9.000208
25.247768
21.602520
-7.879284
17.620094
-6.026884
9.672160
-29.738207
-10.022127
-18.122974
2.045781
-11.092797
-0.828134
-9.975479
-0.128026
-25.732748
-25.082161
18.606546
16.458033
10.716436
10.053398
7.972025
27.067808
21.960186
-16.883541
17.077078
4.393145
20.600742
-28.638708
-13.803946
-22.497236
-7.092093
-14.073161
2.482383
-2.904125
6.285686
-16.955521
-5.918026
-26.744471
-25.830936
14.170710
15.921919
14.381073
13.430619
11.700805
10.388227
20.210440
20.339037
14.309161
7.782899
20.103634
-11.717177
-3.701668
-29.195871
-10.629429
-16.482334
-0.867970
-10.769442
-0.129549
-9.626733
-0.073935
-22.041435
-20.100088
15.225417
14.252780
9.731261
7.899854
9.253313
21.445522
22.630051
-5.792995
18.492609
2.068145
11.063178
-29.973410
-14.007919
-23.852013
-3.577327
-4.860030
4.680203
-16.145208
-3.356696
-14.852304
-24.208527
-7.847915
16.183239
14.122201
9.868502
9.008470
20.433466
27.963083
16.631599
-6.676489
23.857895
-11.125831
16.056549
-29.969259
-12.694132
-19.680779
0.019453
-6.259864
1.982062
-17.847677
-2.954987
-25.979931
-24.707750
18.149519
15.385028
11.003430
9.825634
8.477690
19.408052
24.105595
2.337729
20.734240
2.284168
21.277859
-30.038523
-14.963268
-23.585815
-9.557494
-8.246031
1.796509
-7.877445
-7.418902
-13.511595
-12.437387
-24.249659
-1.010963
14.515393
13.036375
11.659378
9.946144
21.163509
23.567888
19.010000
0.879470
22.944838
-28.397240
9.686333
-27.989220
-9.420820
-15.819569
8.754818
-15.143538
-3.143805
-10.378136
-11.707796
-27.787350
-10.873925
23.444086
14.104908
10.618042
10.216844
16.017525
26.175976
5.500059
2.799864
6.951698
-7.532398
2.581775
-20.238838
-7.492386
-14.910925
5.391057
-5.535211
-12.195999
-8.865740
-9.035406
-25.351614
-8.911553
23.282555
13.575417
12.524255
10.436979
22.272093
26.931164
22.708942
-22.178293
5.460753
-25.021639
3.874035
-13.933687
-5.527039
-11.056641
-0.302134
1.744879
2.582988
-14.920772
-18.636534
-21.998457
-6.430097
22.694412
11.286180
10.235497
8.451914
7.906777
14.771308
28.049818
10.842914
2.367087
5.353827
-5.575341
-23.498066
-9.011043
-15.038368
-5.571143
-7.739228
5.222378
7.255670
-4.018462
-4.083059
-20.176003
-6.836951
-18.036173
-17.035019
23.155210
11.459358
9.108014
8.554285
17.769169
27.420422
20.630783
-15.058894
-2.658365
-19.254732
4.058229
-10.457452
-5.002706
-7.779759
-1.312806
-15.348619
-12.595511
-4.555739
-11.464977
-21.162918
-19.747740
20.695534
11.686409
9.960785
7.248492
20.679369
25.167433
22.765583
18.295336
-21.162214
-13.356281
-4.370844
-7.127806
-3.648569
-3.303734
-2.499639
-0.490498
-0.521796
0.162984
-0.463021
-6.882211
-2.623457
-13.991194
-9.814548
-9.410799
10.706567
9.339163
7.670686
5.693391
5.712144
5.613378
24.056210
23.800453
15.533308
18.893034
-17.228342
-18.120222
-18.622612
-10.029592
-7.889468
-4.674336
-4.455383
-3.537972
-0.527485
-3.181444
-1.216162
-0.026252
2.099312
4.911713
3.896850
-11.781131
-10.127693
-7.845964
3.035686
1.723351
1.159536
0.568626
-0.279855
-1.054120
-1.901162
-2.787452
-2.557396
-1.510369
-0.721987
-0.607174
0.498960
2.324259
4.853370
6.093735
7.643724
8.275503
8.851166
10.214022
8.454570
5.453108
5.005851
4.300943
3.252743
0.799901
24.798561
27.671227
16.712578
-0.147966
1.212367
-4.001090
-9.670771
-14.573884
7.604219
4.711369
4.495878
5.101638
5.107224
5.125120
4.935919
4.479672
3.427150
2.813700
1.409954
-0.907753
-4.476744
-5.342642
-9.081744
0.041538
-0.176164
0.602656
2.913879
4.932731
7.510389
7.818094
8.817227
9.130571
9.516866
9.073769
7.820598
5.859916
3.551146
0.868225
-1.627792
1.651290
2.448051
1.596512
9.092800
13.543299
10.405393
9.273909
-3.675369
-14.596214
-13.922112
-6.874148
-20.464958
4.013615
-13.691517
5.001064
-24.979822
-11.488616
-11.636065
-26.462276
-2.271112
-11.455781
7.092937
-12.639936
-12.506927
2.804125
13.530666
12.293095
9.978198
6.801650
6.748584
7.389110
8.806501
8.327717
9.362290
-2.993448
19.310268
9.147882
-6.721517
8.788630
-18.392960
7.305060
-28.520464
-11.190662
-20.038445
-5.422962
-9.786469
5.838241
-13.264240
5.345273
-6.019350
-11.068849
-11.562588
18.232637
13.463827
12.074688
11.513185
9.670701
-10.775373
-14.049334
-13.529297
-12.619201
-7.519585
10.640270
-4.730333
-4.887301
-0.592509
-0.023252
1.732602
6.645733
-8.883107
13.027697
-6.855975
-10.752206
15.333778
14.200774
14.394203
12.999893
11.455442
14.370869
4.452809
22.598728
-16.064825
2.357069
-7.152693
8.915797
-25.273647
-11.194303
-16.468296
-4.071340
-0.106345
7.104824
-12.067053
-3.189458
-12.837597
-12.143554
5.143806
16.283781
15.648884
11.122300
9.968490
12.784013
8.961930
19.312515
-30.131145
-14.344318
-20.684414
-7.449017
-5.758455
-6.565762
-6.059805
0.387354
2.802139
-0.718468
0.782846
7.420935
-14.642195
-14.167901
20.526215
14.895294
12.836352
8.623607
9.451606
6.903746
13.507977
11.047670
-28.182344
-0.345839
-19.507591
5.168217
-15.525779
-5.883680
-8.120011
-0.468896
0.996932
2.980786
-3.414442
-12.152822
-18.777397
6.399575
14.925680
12.691886
11.277159
10.238383
24.694008
22.202394
-0.955155
4.341416
-11.182252
-2.250960
-11.154281
-9.190738
-16.496113
2.953625
-5.833656
-2.154969
-6.837671
2.969575
-20.582335
-22.100965
16.614763
14.390375
13.342960
11.050313
9.110913
30.147781
3.453239
-13.691318
17.395012
-21.551891
1.999637
-18.403879
-3.718282
-12.076506
10.699325
-1.587903
-6.589866
-7.649259
-0.085958
-15.914509
-26.378738
15.083174
15.732412
15.111082
13.799811
11.763347
11.903610
-9.199421
20.507626
17.459244
9.393394
-17.795935
-1.445620
-22.698820
-6.423073
-10.930308
1.238923
-14.155128
-10.276579
-9.991073
-15.025744
-20.088802
4.519722
15.786981
11.875392
9.815514
22.920450
28.780226
25.392168
-23.040678
8.263088
-25.704813
5.985556
-13.194246
-8.042780
-11.919182
-3.961403
5.778613
-9.226071
-11.092475
-11.814537
-20.551666
-4.727519
23.619604
12.138703
10.733489
9.004951
15.628208
27.778002
6.997533
-11.525981
14.635660
-18.903471
3.257288
-16.339724
-6.934272
-10.425024
-1.348372
2.573241
-0.375029
-9.647564
-8.100743
-7.233672
-18.044216
-2.377600
11.286863
12.433923
10.834469
9.603769
14.780161
24.112305
11.504866
12.837896
-6.782882
-22.564253
2.342346
-17.803247
-5.765675
-13.577171
-6.655058
-0.737763
7.359217
-4.735598
-16.859032
-22.800407
1.983080
16.054695
13.695668
8.716367
7.273267
6.623663
10.135725
21.628321
16.341465
14.998540
10.100781
-0.581414
-21.883633
-16.957674
-15.730960
-9.284839
-6.561875
6.649325
-9.580224
-1.760790
-16.458149
-27.933968
-17.598352
22.290752
15.117106
12.324620
10.171350
9.337380
17.230186
23.921192
2.379735
17.836466
7.498443
2.893291
-15.995975
-12.849892
-26.179356
-4.833807
-5.204650
-5.888291
-18.974789
-6.828529
-13.001879
-27.057642
-24.667759
20.704962
13.758118
13.262526
11.768661
10.621842
15.613307
12.776264
23.249971
16.730970
16.767668
4.132349
-9.887132
-29.868933
-11.109454
-19.658220
-2.869916
-11.680518
0.622457
-4.960296
-15.548816
-24.421436
-25.080500
11.364951
18.687214
13.494311
11.753860
10.006431
8.849422
21.852283
24.481407
16.897619
18.687191
5.016781
3.436865
-29.900694
-10.910578
-22.214266
-2.535145
-11.304128
2.791277
-20.269924
-19.555183
-28.389812
-26.967281
3.193550
21.070707
12.894544
12.054321
10.153650
8.523988
14.702229
26.444815
20.512262
18.069361
10.449789
10.024945
-29.860292
-12.652374
-20.544113
-4.908495
-8.451253
-1.520677
-19.731564
-19.947611
-17.705379
-27.441175
-25.097456
18.778971
12.289484
12.614296
11.555478
10.665477
9.207093
15.861693
20.150549
23.362446
22.405781
11.289555
4.339792
-26.794842
-14.212096
-19.813517
-6.883083
-14.160918
-1.674243
-3.553172
0.986488
-8.325697
-5.399663
-3.532115
-0.225094
-8.457663
-5.518258
-17.456070
-10.470766
-10.012285
-9.196428
3.603804
13.261400
4.625805
4.055120
4.341622
5.043292
15.684027
12.860186
22.666943
28.320482
27.689837
-11.909217
-8.893499
-7.866287
-17.868277
-7.371815
-6.152885
-5.975690
-1.721136
-4.740959
2.836092
15.439345
6.685184
-28.029430
-24.657372
-9.211321
-10.463928
6.333342
10.008405
8.855107
6.840526
3.423220
6.318829
18.145100
24.138910
21.868202
17.762972
-21.492657
0.148106
-18.250004
-4.033261
-12.567326
-5.836787
-4.879738
-5.472867
-10.163192
-0.082420
-1.796384
-1.606713
-0.789677
2.551108
4.551973
6.355298
7.448724
7.263279
7.455281
7.978724
7.525390
6.301203
5.204546
3.541187
1.451862
7.292315
1.649651
3.810737
2.869661
14.831067
15.276677
12.330641
0.899466
-14.047240
-18.850809
-8.658134
-17.009499
5.427159
-11.162205
13.213513
-19.781506
-24.217739
8.143754
-20.908722
-18.855463
7.900902
-6.583756
3.498311
-0.283075
5.160789
14.221622
8.238105
8.765548
9.153413
9.825305
10.884922
10.029164
8.530467
-19.226629
-11.709032
-22.054140
-3.337197
-19.840946
-7.677560
-10.971230
-4.727436
-5.736419
-6.249103
-5.827996
-0.139193
14.795356
-4.810327
14.200615
11.309866
15.790527
15.418108
13.744469
13.130826
11.076077
7.333967
-15.116543
-1.841758
15.274852
-30.108482
-9.440586
-18.415689
-7.722559
-10.467148
-5.125452
-3.355027
0.200918
-7.836468
2.991312
5.758377
-14.250729
-11.289718
24.071302
16.256186
16.843401
15.562951
15.602946
15.454463
4.783550
-13.107941
-7.132682
10.705297
-30.393326
-2.467950
-4.546514
1.126177
-17.564192
-13.885195
-13.350363
0.278738
6.005868
0.068094
-5.308393
3.984415
-6.220530
-9.467666
15.789557
15.349284
14.605922
12.828102
11.757840
13.196351
7.861681
-11.274400
-20.980129
-11.529274
-17.164562
-7.661085
7.758294
-5.239313
-8.247978
-3.671442
-0.007166
2.376598
-0.070099
-13.727503
19.326134
0.133725
-15.495831
-0.895668
15.425749
14.999932
14.668610
12.174573
12.346460
8.700709
-4.328007
14.177922
-17.622225
-4.246874
-20.724266
13.455937
-19.513884
-6.719900
-13.384941
-0.640852
0.047800
-6.289109
-8.110721
13.742079
-4.392908
-20.087641
-19.173532
17.855232
16.447102
14.520700
13.053563
12.065545
21.270372
12.721667
21.734171
-11.867262
21.332987
-30.142956
7.035720
-26.726976
-6.556330
-12.832649
3.625412
-13.804119
9.970167
-7.851388
-11.697951
-23.197233
-7.272043
16.957840
16.570482
11.516019
10.752340
10.101969
26.511391
23.016140
-30.024248
-1.489937
-11.881092
10.086074
-13.905043
-2.505056
-18.039366
-5.466310
-7.211461
6.641023
-8.978957
-9.374362
-11.220345
-2.916446
-2.266504
-7.786200
15.773570
15.608837
14.581283
12.783461
12.927257
7.884455
5.359200
-1.359286
-9.858019
-2.226457
-26.265650
-0.580091
-16.734287
-6.669496
-5.435137
8.685983
-0.494861
-10.672606
0.910606
-16.508280
-21.417027
4.416801
16.798891
15.797805
14.038526
12.322249
20.541927
-10.222469
-10.523987
20.763296
-21.054342
-9.717206
-4.065301
-4.805437
-7.188835
-4.251623
8.323767
1.365020
-8.512158
-10.162848
-5.407206
-24.087994
-22.315512
22.085936
15.327455
13.793822
11.930793
16.000576
19.522383
1.990720
19.763491
13.823647
5.249236
-19.074923
-16.140240
-14.295660
-10.276063
-6.301544
-2.417063
3.213053
-6.516736
-9.619645
-21.550755
-19.899664
22.933445
15.319575
11.194034
9.173633
7.901805
29.783257
21.627625
3.152808
4.932619
2.577535
-16.618828
-1.927625
-22.246744
-7.950740
-15.339256
2.467536
6.487770
1.990720
-14.335551
-16.354834
-22.927841
-6.444728
24.066566
14.758649
12.581234
11.328051
18.070023
10.168285
-7.485917
12.637259
-20.310476
-7.399885
0.358030
-9.945294
-6.041965
-0.009159
-0.858010
-8.571753
-5.096692
1.783587
-13.434840
-25.362146
0.713498
16.312862
13.354437
11.820133
10.429710
15.964176
18.567129
19.652029
8.884624
21.943388
-5.994090
-8.229808
-27.169804
-8.969893
-18.366095
1.117589
-12.211755
-0.985624
-19.751217
-6.552712
-24.112070
-20.793154
16.598221
14.687586
13.376675
11.017481
24.106567
25.885429
23.075878
-15.438195
11.322129
-24.388880
-0.473525
-12.171310
-4.254022
-8.728503
-9.843946
-0.235485
4.550295
-6.503293
-17.696114
-20.722071
-19.635204
22.719896
13.392406
12.636210
10.523129
8.400265
21.386402
24.696531
-1.629740
11.576652
-27.206707
-8.507128
-11.683754
-2.027284
-7.743476
-7.862657
17.587706
-5.956829
1.012101
-5.809391
-27.332499
-26.300169
-4.277293
23.433207
14.392148
10.076124
7.946553
8.069954
6.282885
16.525486
20.346960
20.130449
18.559891
9.327179
4.936302
-20.469988
-16.769690
-8.125717
-18.523117
-5.563335
3.365757
0.862455
-15.125822
-21.552116
-22.799965
-22.020586
-19.330441
17.601866
12.509145
10.792433
10.198665
8.517974
7.167021
19.803051
16.088409
20.957699
13.072057
16.402172
-7.124528
-22.798517
-11.913754
-13.915107
-10.015638
-8.512856
-7.666756
-11.186996
-17.125309
-4.251040
-22.381495
-21.461184
12.998895
23.597223
12.542484
10.342192
9.177386
18.207075
19.880299
20.946974
21.257750
14.428339
18.426714
-18.652584
-13.516294
-18.182638
-4.596351
-18.031544
-9.320644
-10.298798
2.476540
-9.453062
-19.562828
-26.985102
-25.575462
-22.745955
15.829069
22.932943
14.530056
13.225404
10.409072
9.947230
9.330537
6.248621
19.490679
26.014826
16.547672
18.927168
10.947035
-7.762315
4.168384
-10.639133
0.456892
-17.945976
-6.755207
-17.117971
-0.059528
-11.827017
4.077391
-5.539544
2.390744
-6.233678
9.082165
-2.719453
7.110878
-23.460173
9.631990
-2.730038
-9.358763
-1.111727
-1.638998
25.560673
16.153866
23.107103
1.792733
-12.854369
-25.841743
6.170609
3.719698
5.852106
5.671834
5.416336
3.106314
0.421675
-5.609226
-6.853658
-7.949208
-1.222522
-6.768347
-0.254701
-5.184791
1.368819
1.597464
1.846125
1.818752
2.212186
3.624158
4.964257
6.322639
7.438991
8.004123
6.841380
6.964423
6.220501
5.382568
3.520775
1.439371
-1.330178
-4.257610
-5.662362
-1.276231
-1.895086
11.270499
3.867561
2.228113
-1.675070
-10.908463
-10.823812
-20.333868
-1.988560
-19.837038
3.687312
-3.770669
25.219358
20.468262
27.657145
-12.004363
-11.989160
12.678368
17.702032
6.586232
-13.828140
6.186563
-4.743416
-5.110380
-10.602911
10.760979
16.527967
20.854980
25.184071
15.603987
2.733202
-18.837107
4.756157
1.742808
-2.281251
-5.188140
-5.884198
-5.357650
-4.824520
-4.362475
-4.018151
-3.778389
-0.557902
-3.543469
-4.263591
-7.980289
0.665924
-0.767906
2.083208
4.531347
7.034732
8.104939
7.986681
7.468302
7.048903
6.713582
4.768533
3.854827
1.750670
0.445702
-2.605023
-2.553834
0.849384
0.730303
-0.955569
-1.781763
11.321489
17.506336
6.574804
-2.840596
-16.844824
-9.589344
-19.558273
-4.315242
-13.958439
0.617105
0.888013
16.270035
-2.551765
26.581425
8.205770
24.093391
6.652086
2.889997
-1.544412
-2.883028
-5.120716
0.041882
-4.735321
-10.732305
-16.389359
-17.900967
-1.408935
0.586531
4.096531
8.831762
10.836970
10.583097
7.758140
3.963219
3.151275
2.470217
2.418273
1.406040
-0.060563
-1.941188
-3.806939
-4.363027
-5.313716
-6.341877
-6.401407
-6.981520
-7.505055
-8.820454
-9.111441
1.261678
8.674954
4.026473
-10.558478
-15.949273
-1.348545
-9.095254
-14.678818
-16.449844
-17.374357
3.860915
3.299476
1.428887
1.387429
1.738725
2.398451
2.735364
2.595907
2.890683
2.649096
3.902425
4.413192
5.697406
6.416482
7.302365
8.627728
7.566154
7.231730
6.368607
6.809794
4.883779
4.437258
2.237604
1.334895
0.530784
12.870975
5.874725
12.930575
-4.096097
7.603393
-7.745603
-14.761966
-11.271139
-11.190440
-0.564866
-15.155084
28.355892
13.085174
8.893792
-1.526575
-7.104755
-8.920619
-8.049716
-7.815282
-9.951282
-7.805867
-7.870402
-7.596468
-7.407759
-8.128345
-12.293716
25.069580
27.860743
28.817575
19.842943
-9.514750
15.454376
13.708680
8.440322
2.971351
0.321429
0.609853
-0.214730
-0.371700
-14.867162
-5.963412
-3.033370
-2.237220
-1.047959
1.966798
3.879818
6.338214
7.916049
9.278728
10.299901
10.777794
10.427771
9.531325
8.669148
6.921988
5.270263
1.957838
-0.579916
-0.511768
1.874064
9.982911
16.409075
11.184617
2.807048
-8.993367
-16.631454
-21.151716
-6.601780
-19.442095
5.600372
-13.831581
7.534477
-30.098801
-9.520808
-4.878953
-5.221469
4.758029
-7.561295
11.906210
-9.217948
2.947508
10.694343
10.015391
9.637397
10.765300
12.312021
16.951578
16.488478
-6.614933
-30.135651
-8.524049
-5.218601
16.243181
-22.938303
-0.633778
-23.777237
-8.773467
-16.047024
-7.809560
-10.410290
2.308510
-3.094074
8.123891
-7.386272
1.229389
-7.925138
-9.516530
20.622656
13.112515
10.485780
8.861208
6.266937
9.552787
17.126095
13.222988
-15.762297
-19.653435
-8.445806
-15.994762
-7.378966
-9.222548
-4.721381
-1.235910
0.906006
2.281276
1.914864
0.543869
-8.943824
-9.162209
25.097740
14.381053
9.710997
5.351367
13.324026
14.122590
-0.382194
-16.426989
-12.136700
-15.963664
-9.725981
-10.049056
-6.491047
-3.733991
0.050311
6.616005
3.393128
-0.540205
1.038777
0.742320
-8.164979
-8.529979
17.135986
16.375101
13.990613
10.312419
10.904288
8.943337
5.820875
9.741758
-6.885787
-0.846324
-12.823583
10.601820
-16.221865
-9.026666
-18.176840
-4.992658
-13.348026
-4.300226
-13.273685
-1.194959
1.604600
1.462464
-7.985131
-14.141910
15.812873
16.265240
15.275260
14.463525
13.825256
11.004120
13.930185
7.933700
-19.904842
18.363741
-10.904837
-7.396095
-19.485424
-0.593422
-16.413162
-5.267757
-10.909705
-4.322924
-2.938594
-1.087175
-7.719489
13.365237
-14.348845
-15.304001
19.527138
14.388728
13.582783
12.416439
10.660321
13.307888
-2.115241
9.940133
-27.481373
-8.203044
-17.657600
1.233542
-10.801025
-4.667532
-4.128517
2.832210
-1.667997
-6.455820
9.046424
-1.976444
-20.822430
-19.419306
13.028512
16.781485
15.921679
14.296342
12.071629
10.256719
-5.570893
1.297792
10.336831
13.466026
-30.111546
-6.465508
-17.943235
-6.306190
-11.848757
-4.927526
-4.549977
-2.114706
4.639971
-5.388238
-18.436447
-3.031928
17.590498
16.190205
13.543490
12.066268
9.533430
-0.393960
1.326233
-12.747359
7.035902
-21.634237
3.349414
-13.151196
-5.095273
-6.792843
-2.268070
-2.929471
-7.777782
3.505650
-7.424109
-11.095932
14.979805
16.461708
15.090001
13.679947
11.578629
10.086021
-15.810278
5.790482
-17.982342
-10.679940
-13.161869
-2.264683
-8.721530
-6.000584
-8.318453
2.821836
2.958067
-6.694406
0.419394
-6.335133
-18.733030
-2.711355
14.238968
14.695707
12.798023
10.457452
20.262833
13.463808
-13.302002
5.781411
-7.400181
-11.498172
-1.298683
-11.727761
-5.138523
-7.263993
-0.290823
-8.188869
-0.861954
-2.233876
-14.274710
-15.540663
8.747364
15.704598
13.755354
11.152049
10.265834
16.797529
25.812567
6.057640
-15.213789
0.549708
-23.137573
-1.084172
-14.596909
-6.318669
-8.014550
3.565702
-5.081048
-7.303976
-3.083149
-10.958533
-22.675440
-6.738414
22.138283
14.580704
13.213985
11.263289
8.183299
26.694366
21.071444
-6.325418
10.746661
-24.151112
0.445620
-19.509899
-5.511077
-10.791244
-4.179478
-5.791307
-1.936499
-2.710850
-5.126097
-18.483824
-17.502476
17.441959
15.406107
12.330605
10.656088
9.139080
15.222370
23.463274
19.711510
-1.749892
15.751851
-3.892702
-5.279147
-24.291334
-9.129561
-16.835407
-3.730044
-11.137755
-3.152719
-16.944174
-11.218994
-18.539509
-17.210556
16.143103
14.786737
13.121704
10.506199
9.594121
22.687422
20.184742
21.361111
1.019185
21.243269
-30.023285
-5.290011
-19.714117
-6.090883
-14.984288
-4.081835
-0.726960
-14.729673
-6.067122
-10.495857
-18.742239
-10.046139
22.432995
12.731183
11.233481
9.482719
8.256379
20.152998
29.029818
-4.244862
-6.515033
-12.002886
-15.590204
-5.537264
-7.358915
-4.714450
-6.088407
-8.324757
-4.009231
-11.956159
-8.322630
-9.202145
-13.767737
-13.417084
22.850443
11.937519
10.873151
8.101785
21.718483
24.357571
26.028145
-3.905938
-11.726130
-4.608381
-5.818630
-10.265699
-5.603510
-6.212942
-3.348312
-0.917938
-2.125751
-3.829040
-3.644318
-5.872213
6.269533
-9.023410
-10.200844
-9.001156
-11.064560
17.643850
10.207133
8.983843
7.938449
5.655265
7.016522
19.307676
25.278671
22.178684
11.449308
-24.163433
-2.348730
-22.004944
-5.815102
-12.562212
-2.197555
-7.428295
-7.795596
-7.428761
-5.492169
6.982980
-0.533145
-0.624825
-5.197258
-10.569300
-13.240141
0.098551
0.257606
1.936659
3.613136
5.810014
7.674207
8.175911
8.744940
9.646225
8.987761
8.132373
6.584209
4.586663
2.144732
-0.511937
-1.572469
1.876422
0.272455
9.101553
14.528721
10.605962
1.356830
-11.924098
-12.688765
-20.200863
-2.035643
-13.730223
6.944196
-4.040790
-9.853361
-16.793568
-6.882049
5.137105
0.346068
-24.259808
-21.287483
-25.336561
15.501648
-9.632741
8.961674
-12.834951
-4.060558
20.336794
13.577461
6.866282
5.770775
4.523889
6.001343
3.433499
0.648367
2.671778
-13.296588
-2.919641
-12.095611
-5.058744
-8.073667
-3.864408
-1.873828
0.628202
2.680813
5.558357
4.366894
4.070450
0.028438
-7.430603
14.053510
15.657941
12.500150
7.192538
7.737673
5.874525
-0.522993
13.443188
-25.020376
-9.327741
-15.675772
-7.097711
-10.497402
-4.576142
-5.542347
-5.398543
-4.501885
4.093132
2.323134
5.290051
4.374861
2.914427
3.467591
-11.679322
3.026555
21.244965
18.458603
14.428843
14.065375
13.231897
11.201530
-20.955557
-9.562366
-23.303940
-9.817605
-13.592426
-5.170395
-6.474982
-2.584641
-2.336547
0.719018
1.807293
21.451183
7.198691
7.554620
6.748410
2.548560
14.831085
21.787140
23.149815
21.905787
23.009285
2.727248
-27.800070
-30.115587
-11.902053
-27.481497
-1.985559
-12.110347
-4.202370
-6.051581
-5.812415
-1.929057
2.484320
3.770519
8.948428
1.571719
9.471498
-12.042752
-11.855144
15.390377
13.061128
7.754682
8.043121
5.398280
3.416601
6.512969
-26.100372
-9.385988
-15.512359
-6.294198
-10.906497
-4.343275
-4.560111
-5.941619
-4.183282
3.316149
2.070927
6.088783
3.222055
2.060642
6.869489
-0.890085
-1.902657
-6.502584
4.477266
16.205118
11.445980
11.232453
10.276012
10.296141
5.888431
-6.561271
-16.874386
-8.393343
6.129122
-20.235483
0.268857
-12.387387
-4.449575
-12.847012
-2.702023
-1.275679
-1.595940
-3.171584
-1.817555
16.856167
-8.979702
-4.841772
18.311668
17.583477
17.685839
17.443172
16.050011
19.630962
4.550481
-30.117514
-5.819542
-15.625387
2.004608
-11.226325
-1.753565
-17.916370
-6.595025
-13.685118
-1.738549
-8.668754
-4.050488
-8.398583
-1.610949
3.597783
-2.422516
3.203026
-8.856822
23.465557
17.374619
15.210977
10.433592
10.935072
11.097544
19.071587
2.867675
-9.445550
-21.273252
-12.841969
-14.789129
-6.844243
-5.643532
-5.043487
-1.821100
-7.415461
-0.315009
-3.800838
4.654423
13.048548
-1.988286
10.026102
17.900459
15.804941
16.004032
14.396425
18.458429
4.503950
-14.501539
-26.536867
-15.274654
-18.738844
-4.919471
-0.150122
-5.677883
-4.815171
-8.571234
-4.908445
4.275823
2.974511
0.484424
12.647969
-4.240673
11.240377
-4.485569
17.488045
18.683126
19.053970
18.887194
14.320619
-12.012421
-30.158384
-6.818527
-30.133654
-8.662861
-12.867425
-4.958866
-9.270989
-2.960064
-8.532470
-3.225780
2.864635
6.775334
4.773962
16.352154
-2.831455
11.248023
-5.066944
-7.000766
12.215590
15.388762
10.737342
8.522866
8.037593
5.892529
3.107317
-11.202826
-23.331278
-9.781906
-17.466908
-6.433911
-9.583589
-3.103284
-2.840895
-1.461470
-2.189980
2.098188
8.897958
9.881070
24.064878
2.858314
20.360294
14.569174
23.945818
26.694702
24.359161
-3.625971
2.245489
-13.416502
-1.112437
-0.135094
0.107270
0.998754
1.778985
1.793009
1.812076
2.886663
4.021222
5.995643
6.979612
7.733700
8.059976
6.602090
6.257327
4.152629
1.876490
-0.884732
-4.248590
2.112685
-0.951875
0.368220
-0.754299
-1.454428
-2.316535
19.497929
13.974481
12.287351
4.530177
-11.816257
-17.104576
-7.271337
-14.648305
5.064563
4.581315
28.512308
-1.081001
5.650829
0.985555
2.166262
-3.298925
-3.905613
-4.987253
-7.086603
-10.782632
4.530190
2.297216
-4.072021
-9.879656
-7.965885
2.222336
2.995084
5.192521
7.059434
8.938663
9.575144
8.643840
6.176715
3.202846
1.839674
1.413981
-4.316922
-1.287433
-7.668757
-7.229160
-10.785010
-0.411545
0.511993
0.369821
1.807563
4.186372
5.631136
6.740952
7.103951
8.060997
8.988549
9.844625
9.905519
9.118346
8.453653
6.779016
4.989789
1.557806
-1.807647
1.589380
0.615126
8.778954
15.228053
11.023698
-1.262940
-19.103374
-23.966953
-7.400356
2.273078
-8.105475
6.949042
-10.331506
12.999514
-27.986652
-28.032389
6.597880
-23.654215
-17.779118
8.628612
6.799450
-10.722442
9.745863
-11.192164
10.526992
7.892464
5.878433
5.661601
6.382654
6.608615
7.333102
4.565760
1.998383
-19.799009
-8.087140
-14.943810
-6.974697
-10.079992
-4.540929
-3.584616
-2.506802
-1.177702
-3.841479
-4.695321
17.205242
5.909338
9.131887
12.712164
22.192095
22.835882
18.942467
17.890665
11.718420
-9.929562
-30.103464
-7.976232
-25.002859
-7.823836
-8.623531
0.496229
-9.678069
-3.627897
-7.373761
-2.886535
1.896968
3.523102
5.563169
5.645397
-1.747033
6.859168
4.183326
29.177162
21.016111
20.667978
19.721556
9.059297
-26.315022
-30.109449
-11.135062
-25.107056
2.788181
-8.534252
-7.600202
-7.548983
-5.312841
-7.849648
-4.386826
-4.882009
5.495317
4.240952
12.185390
-2.145595
2.805769
-16.879248
21.300264
-0.272808
16.145140
-7.550029
10.655496
10.543536
16.372227
8.515902
4.425560
5.069173
1.493386
-14.117180
3.745932
-10.456281
-1.726394
1.809354
11.941166
11.102036
3.695884
27.054117
27.018475
22.934319
6.083854
-9.788980
-13.060410
-10.538502
-1.391070
-8.913457
-15.770066
-21.427849
-22.368237
15.719321
5.852207
3.893125
5.927303
8.163094
7.860937
8.189133
9.279000
10.225363
11.342860
12.434778
13.568432
13.255977
11.540962
7.496737
6.512846
3.509134
0.986351
-2.650913
-1.461867
1.165209
2.302413
-10.237234
-10.758595
-25.721291
-5.980650
-23.885794
-1.548301
-14.656086
7.193125
-7.090863
0.628653
-21.453194
-6.507507
10.277093
-7.578968
10.053403
5.463507
8.357277
11.663170
6.734608
6.277384
10.959970
-0.952503
-5.268865
-10.941101
24.598581
27.570942
23.969135
19.695450
8.146344
1.291564
-5.504957
8.272903
6.948812
5.897194
8.467846
7.464578
6.074260
-1.174705
-7.217368
-13.544159
-19.124825
-15.037924
11.842082
12.503069
10.692911
7.636670
7.478247
8.925396
9.623286
11.473020
12.949324
13.131948
13.793601
14.303584
13.254074
11.040641
8.203580
4.851092
-0.102795
-9.555167
-10.885307
-12.538227
-12.999442
-7.581102
7.085205
15.360304
15.009760
7.136667
-15.566824
-19.605005
-6.024559
-18.797283
0.859806
-3.098298
23.656811
-3.094123
15.237882
-0.529093
-7.281801
-9.356452
-12.268767
-16.374769
-18.401197
-22.393167
11.567288
-0.491125
-0.986999
-7.776769
-3.666440
2.884231
2.497637
2.082307
1.528826
1.561787
4.529172
6.509420
8.095470
8.174068
5.443431
4.034692
1.707173
-0.304565
-3.414780
2.617818
-2.064784
-1.562096
-1.630281
-1.242464
-0.324839
-0.840124
-2.141332
16.925816
11.739010
8.438185
-1.751109
-18.681959
-6.181279
-13.733347
-0.606926
3.616159
29.537090
5.558878
12.743884
2.466100
-5.909327
-5.625325
-7.764128
-13.666937
-16.382761
-1.799628
-8.903621
-8.984932
23.302750
27.775911
26.417814
16.447803
3.448030
-20.620684
5.408545
1.568768
0.404113
0.650707
0.953329
1.406789
1.706736
2.334869
2.530868
3.031117
3.297412
3.826639
3.546762
3.870538
3.516993
4.055444
3.447955
-1.319866
-7.599139
-9.385390
21.354195
27.270391
24.294064
19.103161
4.924539
-1.466039
-12.845185
-21.052526
3.698953
0.867643
1.056985
0.333022
-0.348173
-1.488538
-1.105080
-22.501675
-24.139317
-24.650776
-7.635220
9.923562
6.244286
6.342555
7.953949
7.731512
7.908913
8.420215
9.128155
9.317109
9.457536
10.113176
11.488480
11.639561
11.808105
-5.469158
14.401328
28.737844
27.229719
13.173696
-3.339858
-16.020538
-24.612389
-0.864727
-0.821823
-1.096403
-6.498204
-11.754634
11.634444
16.541151
10.976961
7.872622
5.181314
7.596416
4.214772
1.283514
-0.876784
-1.405761
-1.413415
-3.371731
-5.351110
-5.764827
-4.987882
-4.855385
-2.076854
-14.801154
-9.116224
23.768269
13.579109
15.169079
8.661655
3.389350
-1.397024
-5.838518
-10.842664
-14.104648
-1.151181
-0.342432
2.082118
3.547114
4.121876
6.019701
5.987926
6.528451
6.973379
8.128662
7.460125
7.344312
6.055447
5.298348
3.508243
1.607060
6.894608
0.166044
1.326211
17.385109
19.548847
0.355109
1.097182
-9.155861
-6.948519
-4.890765
-25.910328
-9.555346
-18.665939
12.216010
-28.140209
-22.104412
-17.767900
6.030020
-10.526866
14.839331
-3.896015
18.172291
-14.383975
11.921530
1.604771
10.689360
9.320584
8.660453
7.562357
7.298642
-1.752453
12.099570
4.071658
23.988462
18.688829
25.062929
1.831311
-13.910084
-18.187704
6.547465
5.008583
-1.009969
-7.551533
-13.824194
20.854395
28.096205
26.220243
12.277796
-24.081106
7.278971
5.362065
4.549015
3.920736
3.875481
3.613135
-1.170690
-0.808334
-5.704648
-8.679764
23.016605
28.180939
29.724024
22.766214
15.149906
10.253350
7.302232
3.099950
-2.078497
-2.544897
-9.414709
-9.970317
24.570040
26.860863
27.062241
28.108849
12.532696
0.203786
-14.209685
-21.334339
4.341741
2.637696
-0.137500
-3.562841
-4.384482
-1.057904
-6.374089
-9.647773
-12.998168
-0.326947
0.654973
2.733388
4.634264
6.080708
7.240152
7.767351
8.813386
10.097780
10.318156
9.893883
9.130271
8.059207
5.960234
3.323838
2.503958
0.715263
-2.659599
9.894580
11.097087
7.726683
-2.292689
-9.634236
-18.522898
-15.894546
-22.890554
-1.867679
-3.973948
25.302843
-2.927714
-10.846412
-29.996462
17.691397
-29.850592
12.147058
14.960394
23.549179
-6.742876
27.924768
16.633545
18.242304
22.220812
24.470543
28.901825
0.434740
-2.185289
-8.753717
20.241821
26.800795
23.066130
9.166191
-0.778934
-19.850248
-27.759354
3.202010
-2.545643
-1.407916
-0.149978
-0.899074
-0.814702
26.955641
26.135412
16.388155
-5.998860
-20.566334
6.844568
3.809320
2.469731
1.582371
0.899688
0.222488
-0.696849
-1.656906
-3.579430
-4.921536
-1.572293
-7.916200
-18.592180
23.414988
27.437916
26.624603
20.222340
13.888247
-0.828924
-6.078482
-10.101431
9.895994
4.353854
3.145874
3.926910
-0.803372
-5.873057
-6.094549
23.396442
27.057278
27.160883
16.908195
-2.237864
-22.363157
3.543505
4.633841
2.471905
1.926578
0.086572
-0.584303
-0.948105
-1.068121
-6.421541
-6.648854
25.526358
26.950962
28.279085
21.775661
-5.743485
-26.466885
-9.468627
12.733393
5.109912
4.650233
4.790789
4.908940
4.918864
6.125413
8.218453
8.761168
9.852387
10.216687
10.153255
10.719580
9.311236
7.662593
5.413498
2.550045
-1.106758
-4.076874
-5.544110
-0.164574
4.859957
11.599352
10.034447
2.113134
-10.474233
-16.524435
-23.559288
-20.469107
-8.695277
-11.099599
16.952307
-7.266283
-25.734140
-19.930296
-4.078815
5.533381
-27.486715
16.178804
-11.660834
11.826475
9.109617
20.652285
16.467770
13.127645
14.508903
14.251096
9.420135
-29.597607
-19.822079
-28.925991
-6.568270
-13.736615
3.475265
2.810992
-19.074251
-20.370403
-16.772743
0.459557
3.232829
6.966008
9.131195
9.129666
9.312134
9.835573
8.142292
7.362983
7.420433
7.876931
8.040805
7.809901
8.086958
6.384689
0.133106
-3.468778
-4.212890
-6.113866
-7.003201
19.876888
23.305935
9.423716
-11.436182
-1.238507
-11.976248
-3.278856
13.188231
0.632669
-8.667476
-30.166735
-24.257528
-28.655746
-20.321238
-23.056650
-28.300549
-26.293104
18.174076
26.170219
7.881859
6.518582
5.032909
4.629600
15.997915
-3.997101
-0.285722
-0.319283
-6.951000
24.401937
29.073944
26.737165
7.653672
6.988915
1.724257
-2.370562
12.061581
-1.735953
-7.948695
-7.963180
-11.891541
2.421737
0.485858
0.524466
2.166663
4.742253
7.544432
8.595227
8.809340
8.278223
6.658535
5.141989
4.302553
1.117155
-1.132937
-3.656141
-5.753430
-2.583994
-2.039134
-1.817463
-0.069092
2.329973
3.505394
-1.318135
-5.256886
-11.407248
7.977574
4.323651
-1.636490
-8.514584
-11.818007
11.793071
6.053497
16.312759
9.530321
15.035439
17.252518
16.308331
-9.176389
-20.286823
2.667563
1.778515
-4.301717
-10.787419
-15.224801
1.157995
2.780337
7.549834
10.689938
10.591669
12.232245
13.202340
10.661181
8.491606
8.490777
8.344173
8.670799
6.931247
5.742206
5.607195
3.354865
0.544349
-2.749830
10.525945
2.844991
12.934476
-1.008844
3.594618
-10.314227
-15.287055
-26.697170
-4.392573
-26.623171
-8.459302
-22.816038
-6.379005
-14.891819
6.489878
-20.145191
-25.798155
-25.231339
14.208627
6.374841
6.074483
5.916469
9.122096
30.007719
10.501532
6.724046
-9.701266
-9.599334
-12.270921
0.525792
-0.492127
0.713715
1.503412
1.646863
2.353233
3.473497
5.514167
6.860253
8.207621
7.791874
7.281728
8.290962
7.768755
6.588018
5.094836
3.363349
0.591117
-1.943829
3.920925
2.762965
4.942900
12.848015
6.540508
-1.739185
-9.953285
-11.491895
-18.151775
-6.235362
-18.142683
1.724086
-14.982217
2.963373
-24.118652
-16.722002
9.324720
6.722563
-13.511250
0.718062
-27.670094
7.520832
16.837067
13.513382
13.355464
12.938621
13.058590
9.677756
10.258803
8.993782
7.502775
1.942913
-20.309505
-5.489221
-1.893229
8.268926
-17.165047
2.095507
-20.197071
-10.156432
-19.001270
-7.306329
-13.242967
-3.162579
-8.867644
10.426479
4.029025
14.119177
3.695513
16.114349
15.436481
23.343809
23.703478
23.543894
22.617865
18.196894
-17.815802
-30.096327
-21.738569
-30.080347
-8.081347
-13.449006
6.148180
-2.737546
9.332330
6.174836
19.891697
-14.276027
-13.766607
-16.607214
-13.871897
2.343505
-0.852169
-0.421302
-0.120502
-0.199988
-0.279998
0.178647
1.167668
2.119863
2.881442
3.462193
3.817470
4.373433
4.064209
5.148029
7.209897
9.446495
-0.483224
-4.139310
23.659426
27.476898
21.933779
4.010520
-5.637947
-25.609285
5.034533
2.324399
-0.139004
-3.085870
-5.381586
-4.089832
-4.895106
-5.002559
-5.006715
-5.216918
-5.407581
-0.966197
-6.317747
-6.662133
21.491222
26.931849
25.599411
16.923288
-11.563603
-27.471313
-8.073475
2.247967
3.040805
4.667931
6.746539
6.536789
7.862846
7.328888
8.254010
9.158311
9.086660
9.707824
8.888767
7.328015
5.505050
4.230843
3.470653
2.268684
-0.280913
13.004097
13.607033
9.208987
4.360076
-10.249372
-13.179873
-16.826654
-4.840354
-16.381098
10.688485
-3.011032
4.458628
-23.116190
-5.626544
-24.788624
-3.652550
10.224566
-26.893755
-18.343782
-22.279793
21.050785
-22.890083
8.017497
22.500795
30.115461
29.937174
9.610812
11.244601
16.528061
24.293829
28.366777
-9.919995
-5.024971
-10.637332
-21.079514
-12.476818
-29.201044
-5.968267
-22.999826
-4.035347
-14.687541
5.104972
-0.588762
30.120457
18.973001
-3.846042
-4.885567
-8.386494
2.652884
4.559085
4.991153
4.529584
1.190489
-0.862163
-0.703861
-1.258013
-2.056918
-1.538164
-4.084000
-6.207086
-0.559717
-2.770377
-0.403381
3.858813
1.692211
2.041606
3.190845
4.397873
7.645596
9.319304
7.551546
5.810418
2.962538
-0.314498
-4.818948
-8.700289
-2.789939
-3.540077
-4.005369
-4.766936
-5.162602
-5.590302
-5.414787
-7.447375
-8.833552
-8.340282
0.491985
3.215286
1.769971
-2.640594
-2.164608
0.590450
0.201186
0.697931
0.321256
0.033977
-5.260806
-5.625088
-9.909126
-0.644479
-1.022598
1.634988
3.728552
5.700519
5.908519
7.177080
7.478624
7.956360
7.271756
6.412422
4.805250
3.223151
1.544399
-1.122597
2.165947
-1.489147
-1.551599
11.114103
16.429623
10.699102
15.289905
-3.253890
-2.752477
0.028111
9.052630
-6.945955
-8.327929
-11.793707
9.022550
5.890812
7.288700
7.871140
7.940737
6.634638
4.795861
0.490890
-0.351065
-5.249689
-4.005729
-7.991371
-0.107523
0.672566
1.515498
2.158165
1.990740
2.983316
3.947671
5.761715
6.142162
7.601229
6.944863
6.653329
5.591522
5.675790
3.222516
1.478739
-1.357180
-4.171618
0.580358
0.228472
-1.050133
-1.192449
13.049734
13.493129
5.992512
-4.294827
-3.701155
-12.753913
0.593787
-12.311465
-2.713829
-8.545798
28.259514
2.591809
19.241936
9.188925
5.745260
1.963918
-1.281808
-11.105655
-15.017897
-17.762402
-18.323223
0.985581
-2.670236
-8.699490
-14.048605
-15.318334
4.100304
3.734634
3.445242
4.181500
4.826773
6.703895
5.646807
4.206809
2.553707
1.330835
-0.024054
0.192208
2.323873
0.987674
0.269278
1.962740
4.354962
6.230074
6.423413
5.540467
4.560147
5.357390
3.483528
2.392635
-0.021249
-1.667910
2.472629
2.359015
1.719279
-0.113615
0.576671
20.104242
19.341248
12.485911
7.196874
-1.481318
-7.758654
-13.756256
-5.798662
-23.983688
-0.260191
-29.470745
-13.509299
-24.557840
-9.521405
-28.368574
6.053199
6.993298
5.663235
4.063841
6.065796
6.574481
-6.100975
1.598138
-0.320575
-9.585224
-5.314387
-2.769176
-0.463102
9.472387
9.786324
0.706577
0.774758
-6.089313
24.598345
29.162954
27.659483
9.115213
2.389469
-19.210777
11.395422
10.121521
9.143866
6.585631
0.921431
-1.252917
-3.205554
-9.278181
22.124979
28.600126
26.894464
22.265987
4.908478
-7.919215
-20.355314
6.329806
4.373207
2.601878
2.542942
2.298580
-3.462207
-12.621780
-13.068597
21.839245
21.782272
25.771036
24.166220
23.841280
15.374892
4.649206
-4.663330
-11.415640
6.009284
4.805953
3.899033
3.197707
5.262900
4.510106
4.189081
3.751118
-1.119286
-6.913465
-13.462737
20.797932
27.823767
27.272789
25.909033
10.077867
-8.278861
-24.842836
5.550273
4.007561
-1.131299
-7.089515
-12.345112
-16.580183
2.006732
-2.845630
-0.397607
1.382406
3.103906
6.025028
8.517339
10.363856
10.570171
12.807330
12.431285
12.470607
10.111659
6.935614
4.999660
2.603751
0.841591
-1.218683
-3.969693
-2.182665
15.241864
14.157506
11.238116
-4.216971
-13.147398
-17.344349
-12.211378
-17.063126
-3.453869
-4.808785
15.253568
-13.185231
-27.141592
-24.279099
15.903350
-24.743670
5.866624
-26.804518
22.958153
-5.729316
20.082088
2.516391
12.454576
10.312146
10.765137
10.320708
11.488194
11.640172
4.312425
-25.202072
-12.499562
-16.420815
-5.566553
-9.174612
-8.065599
-5.888595
-1.372010
11.367634
5.344485
8.390652
16.053886
11.090204
27.444822
-11.349789
19.660532
30.168098
28.990578
23.177700
14.486451
6.628079
0.254808
-2.357179
-9.043338
24.215250
28.280170
26.394636
6.045907
-6.787788
13.590008
9.665701
-0.614114
-0.462785
-0.829092
-1.135936
-2.340505
-3.257926
-3.006334
-4.231441
-4.397638
-5.214268
-4.961977
-5.924659
-6.933241
-7.649280
-0.563347
-6.295050
0.341955
-4.828704
0.277919
-0.570196
0.296594
1.807130
3.481915
4.445264
5.268293
5.715235
5.865394
4.593292
3.906975
2.300518
1.057964
0.436747
0.220936
0.339554
-0.756201
-2.808213
-5.350868
-0.638407
-2.156311
20.030499
26.349360
-4.448028
-9.945159
-18.850870
-10.703207
-19.211466
-0.915360
-10.688622
7.422500
9.072495
30.146345
17.968554
1.987737
-5.717532
2.894117
16.794502
-6.331935
11.526438
-12.024041
12.043448
-12.526544
-0.524520
-5.993937
-1.662468
-3.823587
-5.621230
-4.181550
-0.919019
0.672902
1.082572
1.276768
1.888083
4.818688
9.118898
9.946802
10.269376
10.486662
11.077285
10.790156
9.747302
7.882756
4.708318
1.848282
-0.522358
-0.780220
-4.333884
0.444058
6.355037
9.438836
10.248221
-6.287588
-12.123684
-16.944984
-17.105913
-23.794430
-3.560386
-19.178757
11.200015
11.159860
12.578595
4.508298
-2.099544
0.204438
3.842911
5.384687
1.450575
2.049987
-5.556954
6.170778
5.108649
4.243149
3.442874
2.816805
2.400625
1.874132
0.581316
-0.431758
-3.338390
-0.752059
-6.362140
-4.036554
25.973669
27.328386
24.544558
13.431950
-4.585677
-12.167130
-13.749516
6.508087
5.632405
3.937240
3.051374
2.488626
2.065172
1.699048
-1.095965
-7.401327
-8.866702
22.429478
27.315203
25.676367
9.728248
-7.714522
-19.278481
2.696835
