-0.000000
-0.047523
-16.668453
-30.129457
-9.866441
1.006696
16.436815
26.251417
24.545540
0.531860
0.093068
0.156827
-0.459465
-1.650029
-1.205327
-15.753306
-20.746426
-5.320930
1.229766
25.542658
30.101967
26.902830
12.022096
4.399423
-0.347457
-0.317900
-0.551542
-0.387692
-0.176860
-0.602356
-3.789820
-3.210904
-19.426167
2.809339
2.097576
19.455477
29.205858
-0.223289
-1.575780
-1.906321
-2.704878
-0.879901
-1.347990
-1.415632
-1.134056
-0.947497
-0.694346
0.345247
3.188780
5.791971
3.272308
-0.512682
-2.164125
-2.756310
-2.451257
-2.611389
-3.392324
-4.037975
-5.478024
-2.937373
-5.878439
-1.307388
0.622305
6.215871
3.630331
-3.921137
25.837963
-14.320006
20.644592
-10.917773
14.983788
-2.139284
-1.447073
1.308099
0.872324
-2.412993
-0.626612
-0.773852
-2.010880
-2.912585
-3.988845
0.594435
-3.798391
7.119151
-4.904796
-4.957250
3.807294
-7.090364
-2.647076
-2.597395
4.319199
8.047166
-5.487301
6.021759
-3.549445
3.157571
5.577687
4.354313
3.554916
3.155509
3.033987
-0.403480
-3.814359
-14.094131
12.324006
-11.986026
25.221737
-15.725777
23.338984
-13.917081
17.604488
-7.139837
1.676136
-2.181520
3.826539
8.835191
7.175442
-0.999480
-0.561425
-0.219029
-1.818844
-3.634389
-5.561390
0.874281
-4.154389
-0.340428
0.672347
-5.184360
1.441725
1.369042
-0.102315
-8.816220
15.758307
-5.361995
8.059502
-13.393545
4.319985
-1.772459
5.884260
-0.324398
-1.338667
-1.239628
-2.183059
-3.469460
-6.569384
-9.574490
12.147243
-15.049354
18.148354
-19.181366
24.132502
-17.843878
16.403812
-20.508141
11.445276
-4.892988
8.707736
-6.750176
-3.369429
1.515835
0.882548
0.514513
-0.323147
0.679305
-0.542830
-2.445265
-4.746983
-5.277586
8.876387
-11.250769
20.143942
-17.736410
21.269693
-13.677634
15.701542
-14.054041
8.157679
-7.517392
4.800921
-13.400024
2.908043
2.285608
1.454207
0.473148
0.195040
-2.426181
-3.007820
-7.489790
-6.062154
1.357839
3.293561
-7.005395
18.746201
-16.911808
18.455822
-15.131427
16.521173
-7.210536
7.187700
-14.039886
5.518954
-11.763959
-2.699250
-0.228245
-1.086556
-1.273864
-0.033335
-0.430027
-3.636329
-10.253269
7.757063
-10.157088
19.370638
-16.958353
27.347704
-20.666723
24.020880
-16.535686
18.708284
-7.494623
8.596827
-3.385805
8.786299
0.342786
-0.285041
-1.096982
-2.236318
-1.902252
-4.677759
-0.496758
-7.617032
4.085687
-4.650271
3.729737
-11.810099
17.933735
-18.515413
15.648881
-20.329849
15.767355
-7.453400
6.711016
-9.115053
4.001335
2.310722
1.514424
1.043047
0.393510
1.444803
-0.305349
-2.365294
-4.786980
-3.952476
1.511979
-3.233799
6.702336
-12.406161
23.906097
-16.326826
16.531921
-13.069955
11.754807
-3.155474
8.663440
0.219315
-2.297536
0.986161
-0.230252
-0.454698
-0.695783
1.300571
-2.029106
-0.660809
-8.095724
-1.334914
5.870987
-8.529919
8.124645
-15.092360
24.033438
-19.478556
23.685530
-18.514624
7.393442
-10.352635
4.937536
-11.074200
-6.383647
-0.743558
0.291781
-0.467677
-0.068151
1.369884
-0.995406
-4.784602
-5.713817
5.814090
-8.270838
11.716188
-10.243266
23.535288
-18.144102
24.637596
-16.218315
17.529884
-12.432556
6.880240
-12.619124
3.359823
-1.658673
-0.962797
-1.199931
-1.923014
-1.192081
0.747804
-4.340141
-7.540991
4.907657
-8.659112
11.420012
-6.891939
21.059752
-15.974474
23.348186
-19.354538
22.287682
-8.139750
10.132491
-12.176958
8.398309
0.563803
-0.302894
-0.722365
-1.414274
-1.068887
-0.906365
-7.380492
-8.617184
0.875488
-5.798812
8.502281
-7.572845
7.390913
-12.579036
23.645304
-19.759481
26.953917
-17.889769
11.726452
-6.005879
7.857137
-10.610654
0.709135
-1.315778
-2.221428
-2.653583
-2.317709
-1.177487
-4.258637
0.455520
-4.210964
2.927044
-3.668853
4.962403
-6.548773
9.899384
-8.734938
12.101525
-11.315472
8.426922
-1.121449
8.134825
-6.906218
2.922226
5.212495
0.255854
-1.315892
-2.829608
-6.142092
-5.789282
-5.757782
4.092513
-9.728701
7.316263
-11.439407
15.880274
-18.619303
12.515658
-5.054960
7.681009
7.734536
-1.348985
10.926723
-5.118590
2.003384
3.728385
-0.646356
-0.850006
-0.894023
-10.286264
-3.562841
-4.928879
-1.179526
3.612206
-6.879843
3.174367
-10.302853
17.221794
-12.211570
11.132911
5.172097
-1.989958
9.446961
-9.746406
-5.562070
-1.025196
-0.605689
-0.890394
-0.793101
-3.061481
-5.174161
-5.890460
-0.237640
-8.155289
11.296743
-9.040240
12.183225
-15.540018
18.539623
-15.941416
16.701559
1.459006
-8.161839
8.559980
23.983467
8.550714
10.718659
1.254115
-0.330978
-0.411128
-2.770177
-5.118588
-8.365766
-0.377183
-7.813216
10.604096
-12.047536
19.719492
-20.526106
18.580811
-12.567143
10.646119
1.813327
6.312889
-3.120514
9.143279
2.219957
3.670117
-0.633617
-0.593165
-1.467711
-2.720763
-9.616904
0.357221
-5.107083
0.885664
-0.158012
-7.235077
13.914881
-17.619682
15.183858
-11.221646
10.978033
-1.673199
10.651519
-10.124763
7.152743
-5.904231
0.656651
-1.388383
-1.080903
-1.908092
-2.144302
-7.335615
-2.729742
0.442163
-9.515440
12.418466
-11.279864
20.743021
-19.490927
19.237932
-15.917215
12.595071
4.032510
-9.881342
7.678094
2.983591
6.482053
1.349784
0.539974
-0.858880
-0.296209
-3.290502
-2.266128
-7.118145
-1.897443
-2.737421
3.574478
-10.838840
18.482758
-21.277548
19.056520
-16.365549
14.266843
1.581852
-2.970047
9.037383
-2.749810
-0.760210
-0.105228
3.865463
0.123926
1.443274
1.039673
-4.005733
-6.070976
-6.880828
-0.892668
3.268231
0.136817
-0.015411
9.057190
-9.355158
23.628502
-18.058275
18.519550
-7.886532
9.417850
-10.995661
4.773790
1.502420
1.104228
0.974180
-0.353953
-2.074090
-13.518154
-3.856532
-5.363984
1.657623
-5.964904
13.306849
-16.289782
19.156996
-19.208441
11.724322
-17.572714
13.377180
-5.150408
4.951858
-2.590486
9.086863
-5.594397
4.310511
4.371417
5.677158
7.126745
6.642425
-4.676697
-7.153847
-7.664569
-5.190033
2.506421
0.894761
2.470611
12.665097
-11.395969
22.195910
-2.092122
5.550744
6.898874
-0.807362
0.040591
-0.596130
-0.143632
-2.915272
-4.340137
-3.201793
-4.042054
-6.929425
-0.769360
-3.883564
2.050486
-2.421271
-0.714168
-6.988932
10.004597
-11.672461
16.179901
-14.488783
10.356160
-4.571905
6.756349
-12.453888
5.645177
4.811772
-0.498521
-1.948600
-2.267573
-3.791059
-5.575457
-8.580933
1.850609
-2.331794
1.512787
-3.572271
-2.482516
2.374126
2.049762
-2.313204
-5.855271
21.578539
-6.460704
10.073451
-8.947552
6.628906
6.319458
3.501555
2.481703
1.785829
0.756548
-1.743171
-8.073383
-3.931561
-7.664966
4.830584
-10.835615
6.666370
-14.916950
17.460588
-19.235905
11.813249
-10.650881
10.207373
-2.531574
6.610095
0.702753
11.154463
-1.894703
-0.729758
2.763173
3.487738
2.375013
-4.113068
-2.580846
-8.891430
3.384333
-7.221827
6.672735
-11.907342
13.175968
-10.864971
8.904428
0.504898
7.913630
2.926256
1.340496
4.522130
3.396293
5.045164
-0.303874
-2.299716
-2.739165
-3.275913
-5.511721
-10.437438
-0.868497
-2.368469
0.196278
-0.706758
-5.738753
-0.769952
3.298611
-2.126137
0.443077
1.057132
7.066229
-0.947841
9.373015
3.677350
2.261809
4.838426
0.950161
-0.519437
-0.592673
-3.127978
-7.692521
-3.010867
-5.348154
-3.620546
7.460080
-9.313692
9.964238
-15.978556
17.180334
-12.499631
9.813443
8.971577
-5.749820
9.751431
2.434425
7.569203
9.354057
0.569680
-0.975296
-1.589654
-4.150256
-6.578527
-8.019679
0.978970
-11.442270
9.724981
-12.072585
15.169587
-19.570103
16.855082
-15.547547
18.248743
-5.021723
10.029275
-12.374698
9.079156
-3.860717
3.360331
1.545655
0.713668
-0.574102
1.474559
-5.376750
-4.563266
-6.684291
-0.370146
-5.246507
13.871054
-25.762297
30.499765
-24.409803
20.001047
-8.220197
10.385414
-1.255326
9.518982
-4.661569
-2.197113
0.154426
-1.130901
-0.957287
-1.679020
-8.365273
-0.860224
-7.176236
0.273116
-0.549682
-1.740425
-4.338443
12.259689
-14.107039
10.993872
-2.586488
6.843329
2.193999
3.519995
3.088130
1.556371
1.090921
-0.273352
-0.633007
-2.548965
-4.443368
-8.303762
2.997022
-6.877111
6.781906
-10.546445
9.045671
-19.648191
19.206091
-15.192680
12.462529
-4.897920
6.188097
-5.198719
7.322070
3.658335
8.502445
7.901035
0.065504
-0.450849
-0.752447
-0.880455
-8.242749
-1.616015
-4.063294
-2.526244
0.946719
-1.166057
-6.135048
4.410023
-5.265438
11.214825
-5.515268
7.419328
1.576446
5.720244
4.280947
-7.464202
-1.065047
1.836168
-1.114976
-0.762666
-2.722757
-5.982751
-3.281135
-3.217099
0.177656
-2.457831
-2.207386
-6.165721
17.449953
-20.510147
17.415361
-11.578690
9.285507
-0.993689
10.121744
-0.943749
0.395673
1.506392
3.760011
3.599909
4.144331
0.382058
-5.074924
-6.796021
-5.750816
-3.785475
5.912564
-10.282709
8.885311
-8.853858
15.769358
-8.808074
12.217432
1.310608
10.796662
-6.155456
13.540554
1.985659
3.460997
-2.053075
-1.566541
-3.899551
-7.498487
-7.218649
2.919016
-10.680030
7.646798
-11.046339
13.758164
-20.684139
13.926208
-4.897812
10.180604
11.954947
9.480069
2.426954
4.048238
0.231018
0.462466
-2.651154
-3.357765
-2.809820
-0.795490
-15.826865
1.300365
-8.565796
3.530854
-6.605501
-0.378687
-9.285695
14.708295
-11.281316
15.711806
-5.744719
3.449539
3.192355
-0.824261
8.364976
5.631399
0.381223
-2.259857
-3.262992
-4.882618
-8.453794
-10.057668
0.915542
-1.106380
-0.663070
-3.360822
-7.719527
1.029846
-3.891330
5.278830
-12.291024
16.685324
-2.545144
11.613353
-1.927673
9.951688
8.591075
2.014708
1.215899
0.471110
-0.821035
-1.967900
-13.328981
-1.638811
-3.545804
-0.708216
1.244679
-4.020728
-3.918395
3.985111
-2.738486
0.934589
-14.024851
18.465086
-5.235363
6.765092
-6.607470
6.216246
2.703273
10.072781
2.707358
1.696025
-0.176573
-0.216412
-11.027101
-4.362245
-0.999739
-4.639211
4.978543
-8.426330
13.653380
-18.479311
22.941858
-19.139643
21.685122
-1.731716
1.844331
7.223135
-0.847661
3.233067
1.216379
-0.088287
-1.095176
0.413395
-2.855808
-7.811015
-4.415175
-3.206003
0.327453
1.265102
-4.850036
-1.359080
3.788888
-2.276524
6.648880
-4.577878
6.506706
9.319565
-6.297613
5.540410
4.959270
3.870456
-0.851400
-1.424619
-1.009907
-3.366910
-3.650959
-10.367523
-3.963181
-2.253966
-1.043926
0.993485
-5.978779
-5.026031
4.721600
-7.519948
6.531281
-11.313918
9.858170
-4.090240
7.865994
-5.526447
8.457993
11.401727
5.036278
0.847831
0.692268
-4.697349
-7.583838
-11.231318
1.725983
-10.612319
7.061567
-12.069564
16.126291
-20.416384
17.757072
-7.573145
9.791598
7.582996
11.066296
-3.707909
-2.857533
-0.157991
-2.098106
-1.418919
0.424604
-1.656355
-2.735306
-8.895364
-0.245894
-3.481274
-2.429536
-0.315915
-6.978647
0.416593
-0.972649
2.482898
-0.556344
10.839755
3.366388
7.399493
-4.401870
3.294168
3.623908
0.337169
-2.073259
-2.794845
-4.580096
-7.267233
-9.985401
-0.868223
3.844757
-8.961832
4.583218
-11.527076
4.953615
-16.150190
14.187334
-15.417996
17.599085
-1.532786
9.749333
-2.163491
8.935962
6.732223
8.722263
7.841393
8.034943
6.705238
5.263486
-1.106108
-6.343770
-19.311327
-1.300821
-13.025727
4.788753
-12.881657
13.908182
-23.282646
23.077915
-20.932455
24.455563
-6.064254
-0.293837
7.947432
-3.301523
2.506484
-0.199581
-0.618193
-1.224514
-2.109209
-2.599488
-8.011717
-5.406851
-0.800211
-0.707179
-0.645409
-0.917406
-3.793083
5.351843
-2.643312
8.787939
-9.597589
14.733131
-5.116757
8.763996
3.195193
8.805714
5.157223
1.211351
0.342307
0.010594
-2.282659
-3.830396
-12.664742
-3.644837
-3.360490
0.415995
-0.134332
-8.276152
0.890967
-1.689821
-1.440202
-10.109031
15.776451
-4.541312
10.541182
-4.644896
7.288526
6.098868
4.639750
3.065665
2.564574
1.811876
0.084180
-2.521459
-9.770550
-3.993005
-1.475041
-1.985575
3.544199
-7.929317
2.232225
-2.067170
7.946310
-11.341299
11.275008
7.383889
-5.479463
8.312702
2.880272
8.615705
11.246795
3.726853
-0.377017
-1.681959
-6.214212
-7.587881
-7.557961
1.113186
-9.360163
6.446401
-12.048342
15.223420
-19.066608
14.519860
-6.677614
9.028884
2.659203
9.034771
7.869474
9.091810
6.512138
0.901171
-1.620352
-1.809244
-3.808021
-5.800660
-12.032541
0.614040
-7.662477
3.913900
-9.705061
4.959062
-20.366419
16.069263
-12.601961
7.635900
1.198213
3.038123
-0.679684
6.008812
-3.526735
9.471189
1.300228
0.523924
-0.074348
-1.979413
-2.027122
-5.613029
-8.041965
-0.813720
-1.226350
-0.161903
-1.513683
-5.192574
10.984972
-17.036291
14.984920
-6.706321
7.786216
4.734722
-2.847852
9.048835
-6.007302
8.655970
1.045262
0.292400
-0.351792
0.557925
-1.836456
-12.866222
-5.497395
-4.503195
-1.155487
-0.689778
-5.489566
2.132603
-2.124303
10.498375
-14.152732
14.849966
4.975331
7.718569
2.297808
8.394377
7.270508
1.736623
-6.146231
-6.840424
-7.085546
-6.278393
-7.080181
1.863652
1.879149
-6.115660
-1.203613
-11.203403
3.568592
-8.847220
5.120605
-2.598921
1.660343
4.484366
-3.834453
1.025485
8.794310
-3.165891
21.911179
22.991360
6.339589
0.880806
-0.791671
-9.191922
-1.717767
-8.945986
0.066480
-11.949442
1.578396
-13.681123
4.637146
-10.718886
5.031991
3.700325
6.599689
0.911761
3.295024
3.273774
11.302323
0.304330
8.849574
1.670365
-2.769360
-3.219370
-4.042514
-6.484316
-8.319833
-0.125723
-2.462153
-0.093560
-5.903859
1.377862
-10.656424
0.454320
-6.423091
-0.243848
2.684745
7.181492
7.455372
0.541098
3.597936
-8.651091
-3.733737
0.135305
0.503029
-0.450271
-3.286538
-5.459260
-7.606418
1.625707
-11.174601
12.570173
-8.996608
11.210811
-13.281698
19.370426
-16.527143
21.641760
-3.545816
9.457407
-6.239058
8.107617
2.415976
2.659556
1.191078
0.402456
0.449094
-1.359605
-1.846511
-5.645738
-1.917942
-1.874392
2.441313
0.105816
1.299600
-6.181462
12.883605
-11.585080
15.764904
-14.513273
8.174755
-3.680547
5.546551
1.471204
9.877968
2.197435
4.224914
-2.136410
-3.315244
-7.094913
-8.144761
-2.788641
5.047328
-11.878417
8.071644
-14.659119
19.380713
-18.930824
9.904773
3.942712
1.853790
10.251637
-0.655639
10.312313
-0.998928
10.838524
6.514348
2.595593
-1.282218
-1.712842
-8.376676
-8.354956
0.340617
-0.979253
-3.050471
-3.314579
-3.125127
-10.387650
1.417930
-6.601817
3.226331
1.792190
9.808686
1.433827
10.728585
-7.541663
-3.115618
-1.006660
1.796975
0.748259
0.094401
-2.561074
-10.525143
-0.401064
-12.826405
10.254585
-12.646544
18.640272
-22.306438
23.210917
-16.676979
16.545786
2.355252
10.761921
2.615568
7.624473
-9.719945
4.196737
-4.030153
-3.205148
-2.595636
-2.265660
-1.368881
-4.575236
-1.558480
-4.938178
-2.544710
2.045333
0.433182
-8.688356
9.358565
-11.923239
14.191652
-8.276443
6.431094
5.314144
5.276543
-0.560368
-2.939582
-7.720655
-2.439507
-2.810387
-3.849195
-5.036020
-7.180664
-8.835403
-1.104824
5.755951
-10.414033
11.343105
-16.032887
16.802967
-21.931599
15.169897
-12.469893
16.243702
-4.251778
10.947908
-9.865188
7.153453
-1.702441
8.229182
3.245562
3.476806
1.669344
1.227158
-4.071070
2.263646
-24.218702
21.464834
-20.197775
23.062410
-20.311691
23.084616
-16.795670
14.227509
-2.761315
-4.484231
7.014501
1.674791
4.800802
2.464050
2.593589
2.479877
1.580060
-0.043029
-5.686054
-2.823043
-10.058008
7.429274
-18.340349
17.425964
-15.344032
20.265238
-18.917225
14.573789
-17.812096
11.810532
-5.127529
6.945018
-6.165836
-4.086254
6.481435
4.683118
2.965342
2.386381
0.982854
-4.173532
-7.095872
-1.528594
-10.054300
10.261694
-10.455319
10.552898
-14.218405
15.171022
-9.921179
11.462267
-1.268208
9.896368
-5.560242
17.562237
2.373698
6.316902
0.221029
-0.154405
-2.268725
-4.015791
-11.239512
-9.312993
3.692086
-14.670466
16.213127
-19.863533
24.283131
-20.143772
14.198097
-7.570695
13.122755
0.601771
-18.722178
7.977395
7.720989
9.770366
10.255276
4.230339
3.918059
1.439914
3.787047
-0.169283
1.362237
-9.853342
-5.289321
-10.377081
-2.383069
-1.986138
-1.460540
-9.842801
12.404798
-17.447405
13.995759
-13.450184
8.401709
-1.056709
5.526961
-1.367700
9.743398
8.210967
5.143253
2.499801
-0.393990
-4.499591
-9.547580
-1.730925
-1.359777
-2.948802
-1.548455
-5.812829
-7.040812
-0.810518
-3.816998
-0.452551
-8.530943
9.403825
-7.897069
5.313647
19.698812
6.712192
9.876540
3.690035
3.209609
2.365794
-0.047561
-3.247880
-11.954792
-2.029790
-14.492328
16.173750
-14.387648
18.299313
-18.959604
15.057928
-11.077797
5.975806
7.387249
-5.959437
8.972016
-6.283038
13.147794
2.423495
1.598028
-0.071470
-0.996211
-3.639570
-5.827552
-11.072518
-0.840864
-2.289949
3.577699
-1.934227
-6.973516
16.216234
-17.607441
18.596334
-15.006024
14.369796
-3.421156
6.295955
-9.518057
8.449296
5.871143
2.870075
1.062406
0.805403
-0.655964
-2.213329
-15.100051
0.382293
-7.531180
7.682805
-13.902080
15.638326
-23.022127
24.280258
-19.070372
18.906366
-10.614176
9.715078
-3.423184
9.571746
-5.361797
8.243771
0.912336
0.802904
-1.382115
0.083415
-5.575868
-4.965049
-2.195764
-0.255844
-2.912470
2.357990
-9.038683
3.431111
-2.252121
-1.132454
-11.336465
18.085503
-5.060714
10.795784
-4.147071
7.702561
4.141953
3.952955
2.069543
1.965554
1.162730
0.704910
-3.502505
-5.625761
-1.192448
0.127902
-1.649385
6.535738
-9.510033
5.960587
-6.408579
15.181212
-13.483759
21.124233
-5.998900
8.859066
-3.983212
14.790417
-7.285300
2.359529
0.211604
-0.328868
-1.131675
-2.218840
-5.909570
-9.800817
-1.297197
-2.238519
1.283859
-4.539552
-4.378825
11.045446
-19.181681
13.635885
-7.784681
13.470282
-0.480423
9.584370
-3.452069
11.433580
3.088829
5.288071
0.663996
-0.108682
-0.580415
-13.257021
-3.484636
-3.278706
-5.902763
7.199724
-10.650693
15.403689
-19.322807
16.859795
-8.345951
9.151689
8.199363
6.302596
-0.334831
2.754349
5.381629
1.051830
-3.384508
-3.009485
-3.687899
-5.216469
-8.487502
0.148794
0.124441
-3.916672
1.870045
-10.918403
9.709221
-17.330830
10.835383
-7.803287
4.449765
7.147305
-2.703271
7.535997
-5.405576
9.838287
2.766145
2.060685
0.757377
0.032339
-0.269030
-4.873046
-9.988628
-3.449373
0.352539
-1.730944
3.938238
-9.530170
11.613489
-16.536158
15.613192
-14.511512
20.048935
-4.550797
8.701552
-5.826852
10.646385
6.597856
2.958541
1.227085
1.070307
0.537428
-1.970027
-4.180623
-10.222196
-4.152928
-1.357937
-2.640172
4.880437
-7.988990
0.301328
0.250537
1.217824
-2.448771
0.673983
8.168700
-3.058552
7.915185
3.837193
6.834371
2.829499
1.322672
-0.366723
-1.017032
-3.459554
-13.777247
-4.311316
3.489616
-3.867547
4.015122
-11.166979
7.331615
-19.441309
13.115296
-12.659596
13.536203
-5.545975
8.618741
-2.197179
7.941475
5.410094
5.332264
3.538505
3.124139
2.021145
0.402112
-3.368985
-3.157970
-8.496499
6.136894
-11.816586
9.641047
-14.432570
20.775356
-19.754534
17.678793
-12.569134
11.790258
3.217987
7.896195
2.524700
8.313187
-5.756065
0.366526
-0.452434
-0.940650
-2.077982
-5.248303
-9.963409
-6.759887
2.370446
-11.176328
10.328724
-12.061886
18.500994
-18.884705
18.648048
-14.753226
13.810835
-4.507120
8.660044
3.669511
9.843842
3.712970
2.992484
2.252408
1.593760
-1.150362
-2.703151
-15.990924
-4.854327
-5.572851
2.889239
-2.175306
-6.562953
5.348865
-9.940624
17.759090
-17.220835
17.520826
-0.105506
10.789350
-1.983542
8.242038
3.285197
3.571899
1.359879
0.749542
0.702027
-0.171680
-1.371326
-3.203043
-5.526243
3.091476
-8.237286
8.407181
-9.274931
14.027808
-15.697461
19.117546
-18.233656
17.895191
-1.153216
9.109073
-12.067708
6.650223
-3.116065
3.432307
-1.910486
-2.039226
-1.702356
-4.898655
-10.203835
-3.710129
-8.372414
9.455462
-12.838648
12.390773
-17.044588
18.390036
-11.977354
17.901232
-6.312633
10.714251
-0.811545
9.163324
-3.526754
2.192594
3.589544
-0.454697
-0.848868
-2.897742
-4.147008
-12.097795
-2.113134
-6.440472
9.097267
-17.122807
17.696100
-23.725079
22.666021
-13.897958
9.764671
11.204069
0.933025
10.707494
-5.768022
5.571706
2.532847
-0.896210
-1.376369
-1.306561
-3.733309
-8.379450
-8.699982
1.276506
-5.453436
4.115283
-6.831232
-8.828829
8.250858
-25.121033
16.415777
-15.467699
13.292014
-1.882353
7.227491
-0.403295
10.630417
-3.014328
1.535913
4.118199
6.609158
2.814184
-2.714633
-2.950374
-7.427155
3.797526
-13.511250
12.711677
-16.083733
17.851400
-18.220322
14.610206
-3.552347
10.287576
0.361754
11.903616
-4.369584
-1.797090
6.531624
1.450601
-0.025898
0.164734
-3.328274
-2.381057
-10.536963
4.636634
-15.445861
10.855769
-13.658919
13.325200
-20.136301
17.206272
-11.873854
8.321920
7.513845
9.072213
6.710352
-6.889274
1.485214
1.615822
-1.302977
-2.202895
-1.807103
-4.899644
-6.134176
-10.982491
0.400921
-12.526624
10.121270
-13.467382
17.556816
-21.433350
18.519035
-12.231990
14.662315
3.223807
3.068611
10.206271
-0.103579
1.836413
-1.484469
6.636994
5.272909
1.296733
-9.124088
-2.397221
-5.211462
-0.740103
-5.491874
0.248369
-1.982596
-3.528724
-3.813492
-0.367153
-0.516472
-1.424686
-2.627737
-3.970135
-3.979241
-3.263602
-2.554265
-2.537109
-1.112114
-0.516759
0.853876
1.474295
2.034085
2.427713
2.943846
0.447502
-0.138664
-1.528151
-2.655028
-2.644569
-6.520261
-10.124569
-9.115645
-7.822304
-9.441236
-9.015102
-8.332273
-7.619946
-7.088587
0.470180
0.233463
0.504364
0.330135
0.641948
-0.710828
0.369625
-0.191723
-0.159409
-0.730245
-0.933239
-0.663037
-0.415757
-0.714524
0.420624
-0.743228
-2.752858
-3.829541
-3.471853
-3.378819
-2.325905
-1.679399
-5.725481
1.411994
1.308882
3.071864
1.663831
3.170576
3.820325
7.943250
-4.339472
13.476978
-4.892066
14.757486
-3.504679
2.449041
-1.955105
2.247212
-8.313576
7.145341
-0.557743
-2.418788
-3.364646
-2.903451
-3.655673
-3.736056
-3.406589
-1.141444
-0.350505
-2.391485
-2.482893
-11.396345
4.346508
-6.857169
12.507718
0.585994
17.010750
-8.461996
15.394405
-6.584525
6.766840
-1.625131
6.631962
4.118069
14.072704
-1.791695
-0.473360
-2.932323
-3.772871
-4.824928
-5.757689
-7.525341
-5.778734
1.929102
9.304358
-11.516279
14.480258
-24.926933
23.748920
-21.843269
14.442142
-10.581046
14.461634
-4.748908
12.276352
-4.043090
8.890148
1.078881
8.596480
1.673383
0.978703
1.082416
-5.774830
-5.187436
-10.578350
5.210866
-12.061221
18.748339
-20.119938
21.109892
-17.295013
14.475845
-16.316305
7.305487
-5.149566
8.296577
-2.813812
2.489477
0.214441
-0.676138
-1.662252
-1.865484
-0.653305
-1.122871
-6.569578
-6.376994
-0.653315
3.765817
1.298079
4.126553
-11.913871
20.499914
-13.994427
19.108715
-16.838900
10.561388
-4.888272
6.498497
0.876543
4.060970
-0.066557
0.086326
-1.449580
-1.455842
-2.967644
-7.987434
-0.154784
-11.900681
17.107742
-22.722870
27.246929
-21.268368
25.084879
-14.647425
18.037054
-11.214838
10.619841
-1.906878
7.268324
3.506546
-3.284810
-0.796209
-0.948987
-2.937528
-3.359769
-3.191828
-6.264250
-8.428634
4.345787
-14.765318
23.415920
-14.668621
24.865135
-19.735588
22.482695
-16.331072
18.279797
-2.730167
10.738565
-5.760371
1.605248
-7.058008
0.382882
-2.548042
-2.191502
-2.429624
-2.031894
-5.766160
6.519681
-15.974587
20.843809
-15.364581
20.797821
-16.849024
21.508472
-12.725835
17.251722
-9.473264
7.961113
-9.907105
5.647477
-12.308503
4.575081
-0.375375
-0.198507
-1.878173
1.091701
-2.837002
-6.566786
-3.787090
-2.948716
6.973294
-5.317559
1.684836
6.066978
11.468184
-13.772317
17.178396
-11.594815
6.272708
-6.047406
7.195751
-3.989088
5.707120
-3.856782
-2.070108
-2.263016
-1.768763
-1.800137
-12.032072
-3.642350
-4.240069
2.574180
-0.630812
8.271649
-10.125385
15.498079
-19.466595
14.006593
-16.429724
14.967197
-4.906983
8.579812
-2.780866
-0.823816
5.353425
2.149640
1.304673
-0.058239
-0.900889
-5.412611
0.930267
-9.519263
9.323977
-15.096272
13.955361
-12.489282
19.661915
-16.235580
13.821511
-15.160953
10.408924
-3.936232
9.508012
-3.873292
-2.983979
4.600105
2.808355
1.291787
-0.482746
-0.122758
-5.278799
-5.738035
1.478122
-9.394577
15.116172
-12.949325
20.151829
-18.225756
15.618663
-13.462813
14.237818
-5.540164
9.831553
-7.714467
4.911713
5.494810
1.915036
0.296469
0.600851
-0.695417
-0.720806
-3.268796
-5.930109
-9.117672
-1.014521
1.174167
3.355018
-8.741145
7.428630
-2.812264
3.709046
-20.122063
20.796581
-6.082429
10.793807
-5.903392
6.644227
4.287510
3.967896
3.094904
2.209277
1.097746
-0.322067
-11.697569
2.737138
-15.094841
12.468369
-18.925875
17.888292
-14.810122
19.862766
-20.263863
15.045613
-19.430248
12.696605
-6.697565
7.720589
-3.906221
-0.802095
0.714532
2.198107
2.692871
0.799318
1.813539
-2.746347
-2.931746
-5.448597
-2.170086
7.299319
-9.117763
11.570930
-16.774839
24.037529
-15.278539
15.321008
-7.656273
8.285827
-5.690698
10.305528
-11.684535
4.779806
1.364920
1.207854
-0.438498
1.077784
-3.704559
-10.231786
-5.000707
-1.535521
0.295217
8.218197
-11.746284
10.342930
-14.843720
17.586443
-19.710505
22.149303
-10.058316
13.546195
-2.082128
8.477673
-5.288758
4.042421
4.114671
3.156443
1.513966
1.857263
-3.355518
-4.005482
-11.778903
7.961323
-15.267340
12.244744
-9.863419
17.084763
-17.250589
16.186485
-15.934229
12.765660
-4.382118
6.573256
-7.449533
9.829772
6.195731
1.423028
-0.624483
1.402289
-1.446104
-1.549130
-12.641747
0.040001
-5.965596
7.963716
-8.772280
9.393731
-15.369599
18.315140
-16.705444
14.683436
-9.574284
6.020826
-6.218519
3.196554
0.612429
-3.261917
5.187080
1.045879
2.004406
-0.030817
-3.553366
-4.717834
-7.242599
6.881842
-17.257063
14.326758
-12.212152
19.749922
-20.127241
17.184540
-16.602020
12.250442
-2.274047
8.198924
-0.230136
1.826865
2.900342
4.503519
4.484849
4.093488
0.929843
-2.573760
-5.332428
-9.909596
11.403316
-17.351780
11.416290
-13.189732
13.950417
-7.474013
5.024338
6.854794
-2.368804
8.913787
-8.634369
10.803366
2.099676
2.504732
0.593880
1.509865
-0.739098
-1.418129
-8.658417
1.087675
-6.561282
5.482803
-12.797744
12.032508
-11.184463
15.295257
-16.726431
14.945315
-8.776496
11.848772
-1.036555
9.264300
-4.376693
4.253834
7.196940
2.195501
1.133219
0.094626
-3.210079
-5.676175
-9.080588
-0.686594
-11.104328
7.381942
-12.568811
6.095421
-9.481917
11.571563
-11.997251
9.785922
1.990804
-2.973608
7.152441
-1.708032
11.877454
2.782923
5.659857
0.697216
0.050757
-4.425111
-5.698387
-5.397413
-1.872674
-0.129835
-0.466154
-7.704087
13.112919
-17.050367
12.584467
-10.264361
11.809635
-0.640625
8.681762
22.902988
15.991611
0.091016
5.058547
-0.982118
-1.033181
-3.443638
-3.629766
-5.945609
-3.992715
-0.790436
-2.445697
-2.513190
2.204321
3.810229
-3.495566
7.576420
-9.327088
9.929784
-3.086771
8.099843
-8.494711
9.339150
1.797643
2.203490
0.096097
2.547808
-1.942374
-1.387677
-14.592924
-3.123756
0.667690
-7.817025
12.731447
-12.680146
18.709427
-16.220921
16.296064
-15.642080
14.055922
-5.664031
3.577164
-7.507277
8.762015
1.664114
-0.487243
-1.858775
-1.800888
-0.419322
-2.830990
-6.782161
2.935122
-2.373219
6.788407
-9.678385
11.156739
-11.268207
15.659743
-13.428704
15.360600
-11.323425
7.904551
-3.753536
8.798051
-10.991242
-7.278572
10.608363
0.812694
-0.307169
-0.504238
-5.935982
-6.493957
-11.523463
8.077230
-17.258972
20.016523
-16.032509
22.497047
-17.431597
14.409080
-2.392329
9.059236
4.426704
5.331432
-13.093574
10.919437
4.636643
2.194773
-0.064592
-0.174967
-1.614772
-4.728959
-14.065245
-3.492347
-6.121909
8.413379
-15.508463
9.839880
-14.135383
13.938303
-15.927847
12.944979
-15.774606
5.977293
7.406610
-2.175525
7.907493
7.561487
5.424252
2.943645
2.888109
1.153006
1.707976
-3.158331
-9.042049
-2.050765
-4.101607
5.553312
-10.800676
13.433839
-18.248869
19.536396
-16.655912
15.198955
-7.032880
-0.663340
7.183763
-6.890578
3.920030
2.344934
1.592134
-0.505218
-0.957994
-2.066323
-4.291463
-11.176664
-1.776228
-2.341829
0.544766
-0.180326
-1.416800
-13.733074
13.912065
-16.128111
13.423423
-10.113448
12.646324
-1.043671
10.484344
-3.610071
14.777559
7.801656
9.217408
9.406352
8.509554
6.540063
0.467184
-7.541378
-23.225235
2.160476
-18.713215
11.190471
-14.143357
11.381086
-17.590332
15.438365
-15.657547
12.601603
-1.184968
-3.373312
5.221350
-0.930991
7.484463
11.922897
5.179420
3.423443
3.469181
-1.349169
-6.217941
-9.161036
-7.721731
1.519804
-7.175562
-0.915388
-3.787656
9.569226
-5.996113
12.963147
-4.640640
10.082653
-5.690236
8.375385
-10.583376
5.051279
1.698530
2.074029
0.419920
0.425697
-5.232351
-8.018699
-9.625340
-4.187243
3.350181
-3.018456
-8.509550
18.639685
-16.531912
17.088284
-14.125195
17.118811
-1.171433
8.482916
-2.431087
9.330320
-6.122017
-0.533080
-1.992651
-3.077147
-4.734951
-4.307625
-8.159086
-1.214792
-2.368570
-0.593396
6.635036
-10.977155
8.688216
-7.866153
15.171361
-13.631474
15.078862
-2.195780
5.665006
-2.773323
6.691744
5.468455
0.181909
-1.265612
-0.988254
-1.615575
-2.152921
-6.137811
-10.328809
-8.210278
7.709498
-14.985138
18.613350
-14.306490
20.160082
-17.314041
14.655956
-16.356230
9.561963
-9.365295
14.665995
15.116825
11.700563
-1.966627
-0.615321
-1.335441
-2.042875
-4.785869
-4.196412
-11.410605
11.828772
-19.087563
24.579201
-18.176876
27.833817
-16.920088
21.041866
-13.584784
15.368189
-2.280215
9.815893
-6.152852
15.376242
6.282034
2.136241
0.233757
1.912929
-0.610719
-0.788509
-11.893410
-1.363561
-6.973038
4.236140
-5.479617
5.587635
-12.033317
13.758307
-13.397506
10.132542
-5.014672
-0.869477
10.654074
-3.992462
7.860081
0.183915
6.044700
1.810881
2.053449
0.667351
-0.516736
-5.066900
0.088339
-12.552211
10.183470
-19.037184
13.624192
-13.422672
16.562080
-18.211967
12.224665
-15.303037
8.435616
-5.273540
6.067620
-6.541967
13.096442
16.393805
5.134718
4.111143
2.960067
-1.452143
-7.259677
-12.016291
-2.934466
-15.932113
20.102505
-24.993984
22.015543
-19.306099
16.743443
-13.012245
13.504781
-1.812769
8.290957
-3.824156
10.027994
8.857930
4.306027
0.167617
1.096390
-1.880038
-1.623076
-11.930360
-2.378221
-6.103464
1.085683
-4.106104
0.782023
-8.474611
10.397329
-13.907219
13.692961
-11.803488
10.093550
-3.802618
5.624469
-10.530869
8.902212
6.527339
0.977592
1.202884
-1.093798
0.395934
-4.440920
-6.468433
-6.302235
-3.918149
-1.670951
7.212195
-9.170070
17.983263
-15.476693
15.583121
-13.226919
15.826492
-2.666960
6.815701
-9.306149
5.120849
4.669285
1.371628
0.479023
-0.745106
-1.442568
-1.988911
-12.247229
-2.472304
-5.967720
6.020161
-6.583169
10.048702
-12.711790
15.237631
-13.467066
11.020237
-14.371805
9.320588
-5.262224
5.022984
-7.214987
3.104489
-9.482722
2.653545
-0.939792
-0.137146
-0.727552
-2.772521
-1.621980
-6.894776
10.257093
-17.468082
26.016777
-18.520353
26.416359
-15.353839
17.860661
-10.363886
8.637205
-4.823670
8.070068
-1.534322
5.197363
1.717386
1.788100
1.854661
0.928538
0.391500
-5.568453
-7.948051
1.079467
-14.380754
18.131025
-12.733240
19.822502
-14.834225
16.433998
-14.748323
16.392027
-5.249610
5.621886
-7.383708
4.808793
-13.709594
-6.921875
-0.795141
-1.186851
-0.500814
-0.625139
-4.950357
-7.694363
0.883306
-18.441938
24.248493
-16.939447
25.570557
-17.820210
21.048021
-14.739287
18.326490
-3.527548
7.969254
-9.720633
8.974508
5.557857
1.755515
0.416792
0.937566
-0.151082
0.340529
-3.584750
-5.487990
-2.122463
-3.222760
0.764050
5.977985
-12.675581
12.945435
-14.111262
14.509497
-13.243293
11.488670
-0.853924
-4.034238
6.440636
-4.476771
4.745533
1.166439
0.980491
0.478614
0.086062
-1.211843
-8.384900
-2.015335
-5.446063
6.770731
-14.101512
11.861270
-12.514326
11.636817
-14.918148
10.094282
-14.726769
11.398720
-4.408730
7.088047
-4.063624
8.451013
8.058434
4.416100
3.626887
3.007062
3.588186
0.368338
-8.122740
-2.436634
-4.135499
3.528996
-5.933936
12.033950
-14.189459
19.017443
-14.036324
17.591354
-15.620782
7.476946
-5.811781
5.721857
-4.558584
12.649425
-4.258790
2.129978
-1.915919
-1.781458
-5.078841
-6.462080
-10.580273
9.933526
-19.866932
21.527176
-22.639158
24.468102
-20.034866
20.364878
-9.086001
16.583820
0.854556
10.773697
-2.558658
11.059200
-4.788627
14.342915
2.975582
3.532885
1.776106
1.963545
-12.659922
1.760915
-21.931183
10.759802
-21.238005
20.081663
-26.049070
23.624800
-21.211290
22.812822
7.202744
16.259029
3.196012
10.256266
-3.092087
-0.867501
-6.276016
-5.957035
-6.471402
-5.115170
-10.168397
-4.109521
3.195920
-4.612783
4.220505
-9.358882
3.980799
-10.942864
4.059165
-7.289541
2.087235
0.680531
5.228781
-0.167693
7.210295
-4.850075
10.824802
-2.149305
0.259442
-1.248181
-1.463922
-3.117557
-12.166983
-0.020943
-11.859739
13.246934
-18.100582
22.082136
-22.863552
22.982117
-12.344512
13.137664
2.679872
13.390249
-0.305084
10.393372
13.359859
1.322900
-1.578297
-2.390708
-2.295070
-4.819317
-7.193195
-0.760123
-3.251228
1.763841
-12.531557
10.031256
-14.310360
3.438534
-5.729918
1.458115
-5.411707
13.445973
0.413571
8.739517
-0.977078
6.690034
5.459966
1.845031
-0.832804
-1.181662
-2.001156
-4.220021
-13.529216
-4.227154
3.875204
-8.301371
10.031904
-16.425097
13.196689
-20.013565
12.921644
-9.707058
1.986820
5.674854
-4.979268
8.429674
1.603274
-2.485344
6.071140
3.118143
1.824669
1.809872
-0.548274
-3.881227
0.259123
-16.583675
15.285530
-22.805828
16.242834
-14.012278
16.529047
-17.820177
12.848758
-16.528574
8.390366
-4.843663
6.116507
-4.366605
9.854784
4.168736
4.959274
4.335204
6.678976
4.873178
2.349863
-9.401339
-3.511966
-6.480419
6.304485
-6.870600
4.254241
-4.343263
13.003877
-9.518395
13.101346
-5.327857
-2.040587
6.932791
-10.049372
3.121232
4.595455
0.795463
-0.497924
-0.434734
-0.624399
-1.237037
-5.188101
-10.992059
-3.366547
-5.945236
8.558080
-12.028388
10.528140
-14.015493
14.113636
-12.572329
7.886189
-9.827025
0.703945
6.417053
-3.173535
7.899977
7.615878
1.897641
6.573923
0.288535
-0.672564
-2.169023
-4.219624
-6.119451
-2.547582
2.461004
-7.487311
8.792198
-19.254459
16.587763
-12.192879
7.899314
2.175354
-0.902400
9.292516
-1.179899
9.906589
1.318958
8.256371
1.466825
1.358445
-0.702245
-7.550067
-5.228933
-5.334158
4.788350
-14.955049
15.972584
-16.468018
19.028688
-17.790682
13.046371
-14.212645
8.824008
-3.995703
9.111690
-5.986462
2.493231
3.923094
0.514660
0.394424
-1.020892
-1.939592
-6.305420
-4.920714
3.165000
-12.070448
13.514685
-12.297351
10.554099
-6.975361
9.276182
-12.763154
16.553900
-3.124413
6.922691
-4.751133
6.032570
-11.761652
-0.751171
-1.116250
-2.092530
-1.470515
-3.737487
-11.968091
-1.989802
-6.664577
15.091833
-20.567503
25.925888
-20.375191
22.510160
-10.612619
9.002972
2.459491
-0.395738
10.670921
0.357331
3.891896
-6.042362
3.944946
-1.295391
0.432333
-1.988950
-2.392068
-2.924676
-2.811058
1.142279
-2.888347
11.665910
-12.338472
14.843601
-13.249896
13.211458
-9.066270
5.933266
-5.392933
7.979448
-12.333629
-5.182162
2.360622
0.806294
-0.533399
-0.510422
-0.877908
-5.310838
2.325955
-13.771410
15.211241
-19.235411
17.021027
-12.044006
19.136410
-14.909906
16.208923
-15.802356
7.546584
-4.155430
5.953334
-4.295572
9.219966
3.723697
4.506361
4.370276
6.226292
5.217086
3.824395
-17.970432
-3.442245
-17.438852
13.886158
-23.041107
12.267194
-12.916631
16.393322
-17.100700
15.937050
-14.934031
8.290963
-6.027967
4.244779
-4.590980
10.214007
0.188052
-0.043240
-0.789310
-0.432513
-2.172914
-2.601216
-8.928392
-0.921695
-3.674899
7.851680
-11.656361
11.865870
-11.986718
10.472439
-5.462894
0.661961
8.586262
-2.389158
7.632424
2.418680
13.049167
7.363455
1.475784
-0.376799
-0.416783
-1.471750
-2.010051
-6.252955
-8.757214
2.133786
-1.063814
4.361872
2.314989
-12.484266
19.853584
-24.040916
19.724468
-15.313437
18.795464
-0.923302
10.450339
-1.974436
8.468861
3.243731
2.757562
1.119590
0.839985
-0.499501
-1.016531
-13.259215
-3.377533
-7.551578
9.416217
-10.778983
9.207298
-13.899396
16.374662
-11.501757
9.619457
2.021434
-0.147920
5.478632
-1.890692
9.901189
-1.269878
-1.032362
-2.483741
-3.292551
-4.779188
-4.985686
-11.670177
-2.881149
-1.264338
-2.084686
5.408504
-9.671474
11.450433
-25.678614
21.224663
-14.990248
14.504488
-4.449059
9.382070
-4.410686
7.476961
-11.181564
6.412213
3.452061
5.041072
2.738528
4.669955
-1.770393
-6.383906
-4.369259
-11.245116
11.202878
-17.743740
18.435015
-18.125597
22.937378
-18.705435
18.419210
-2.810984
-1.783589
4.525320
2.120160
5.855845
1.774916
-0.760093
-1.976731
-1.533442
-2.277546
-4.247163
-10.054375
1.233516
-7.765820
11.128038
-16.181259
12.261401
-18.709145
18.854145
-17.158266
17.496344
-12.304587
11.702064
-2.870403
10.315798
-4.319468
5.383297
3.260748
2.861820
2.459341
1.459789
-0.101998
-4.115626
-0.405156
-6.888658
7.927485
-17.388134
11.483650
-11.522364
13.147484
-16.009176
10.789244
-14.009735
11.769043
-3.337605
8.284842
-4.693606
0.499497
2.677699
2.723507
1.058717
-0.149753
-1.359394
-5.023050
-9.406194
4.777377
-15.034676
14.449360
-13.109078
16.043116
-17.181440
12.590137
-13.238511
12.023639
-2.217743
6.346808
-3.612320
9.070434
13.620996
15.149106
6.259266
5.257567
5.239383
-0.215262
-4.768818
-25.928940
7.325034
-25.762205
19.123604
-14.695531
16.925497
-16.967428
9.680997
-10.754598
9.235243
-3.730280
7.058747
-7.634402
11.092991
1.384318
1.269481
0.951633
-0.133661
0.914271
-3.780782
-7.955178
-2.257658
-6.296234
8.809195
-14.073309
13.853982
-17.015120
17.781042
-12.359686
9.605607
3.511387
-2.079803
9.214808
-5.415517
4.592016
2.987797
1.426046
-0.319059
-0.198439
-1.730045
-2.551264
-12.220639
-4.896241
-2.708349
-2.049524
11.014081
-18.225500
15.760300
-20.563211
16.517319
-10.413202
12.978359
-1.639786
10.134043
0.757914
11.119567
-3.509767
6.100010
0.111089
-1.838383
-2.034410
-2.542702
-9.829076
1.151692
-7.645405
9.838307
-13.407718
11.317643
-7.785797
15.594274
-12.892555
15.369264
-5.690480
8.734626
-0.435600
7.005682
-10.874828
8.072453
2.779520
-0.919269
-1.381394
-2.483123
-1.990441
-15.925684
-6.407684
-0.318928
-8.039879
9.055472
-13.860903
11.208839
-18.456020
14.578058
-12.867018
3.374960
3.500530
-4.576919
7.743190
-5.130586
-1.692623
5.682631
2.138669
0.383579
-0.427529
-1.178852
-7.173683
1.105444
-9.789664
10.068116
-17.063675
12.862041
-13.787051
16.705044
-20.402493
14.335809
-14.986248
10.201342
-4.044543
9.032894
-2.868793
-1.323190
5.669141
3.148401
2.041222
2.133914
1.039087
-1.338916
1.753912
-14.564553
15.698592
-22.261166
14.716687
-15.151028
15.301706
-11.729924
9.328202
-10.496696
6.866049
-7.131632
5.597157
5.941366
-0.962582
2.497361
1.047794
0.857687
1.022366
0.135714
-3.066566
2.629711
-13.079009
13.707524
-20.820963
14.334414
-11.153566
20.256561
-20.842916
12.755114
-18.488428
11.244669
-3.335010
8.081421
-1.606883
1.665380
2.867292
5.274208
3.348047
5.077957
3.912344
1.322163
-5.105453
-12.386698
7.484807
-18.763170
14.445956
-9.687110
13.323479
-4.655182
11.183977
-7.902315
9.367122
-1.405366
6.002018
-5.034615
15.327106
-6.209620
7.164194
-2.045447
-3.108551
-5.800204
-8.719195
-6.880547
6.383084
-2.674200
4.378414
-12.862999
6.118196
-16.685310
10.862407
-14.451019
4.821830
-8.314072
3.546925
-4.407554
4.645907
-8.187162
-6.428254
5.145773
8.762732
2.821615
2.708491
3.082738
-0.964605
-3.311903
-9.451320
8.011259
-16.911091
19.360432
-10.541395
21.622616
-15.269971
15.068122
-13.219336
16.349573
-5.101176
8.046750
-3.696132
7.784294
-3.519176
5.880086
-1.042739
-1.215868
-2.410882
-3.957348
-6.799168
-6.345126
4.917020
-11.876026
11.562648
-12.780498
12.516881
-17.172113
12.597836
-13.105824
11.734278
-5.494849
5.237852
-0.835369
7.146754
5.984206
6.008737
3.305819
5.315508
3.694914
4.023938
-8.572493
2.215114
-10.317446
6.595068
-11.438490
11.217790
-6.140573
13.481194
-9.625378
11.742497
-8.981084
0.356176
-5.180221
-0.448412
-13.470665
4.335575
-3.257184
-1.919287
-2.033005
-2.949745
-3.149479
-5.381263
-9.623560
7.497365
-17.265633
22.476931
-17.544268
17.953876
-11.659822
12.088458
-9.046093
10.094157
-1.216388
8.610261
2.612815
8.677582
3.755096
4.667334
3.973195
3.153944
2.570894
-11.457632
1.941887
-13.226943
9.620905
-18.787155
14.715593
-11.527719
15.690723
-12.792420
10.230684
-10.573035
4.250048
-5.352815
1.930880
-11.096626
-2.151695
1.012773
1.590786
0.836895
1.253425
0.333465
-2.999372
2.612227
-12.545866
10.331687
-17.024565
13.823322
-10.557584
19.471998
-21.029961
11.406775
-19.948256
13.514006
-3.238276
8.342836
1.596990
10.175755
-3.002778
4.782684
0.978980
2.156139
1.501410
0.960263
-4.468348
1.634498
-22.647675
23.958982
-14.556713
18.256941
-8.196617
16.203188
-2.988401
6.545873
0.468711
1.030828
-1.354519
-8.340727
3.455347
-0.733934
0.203733
-1.343619
-2.178161
-0.900558
-4.775397
-3.741231
-14.137337
11.170956
-17.542063
16.368412
-12.983397
19.892971
-13.192432
11.124238
-12.260184
7.722440
-4.372829
5.948545
-7.710289
2.295782
-0.297299
2.507408
-0.280904
2.134068
-2.065195
-8.544572
-2.214712
-3.756437
4.940343
1.337382
-5.261874
9.638369
-2.401466
5.453999
-10.357882
11.079504
-5.888388
1.175152
-6.994364
1.420665
-13.279770
1.625304
-0.791395
-1.324667
-1.372726
-1.253979
-8.770057
-0.671065
-9.247586
13.669263
-17.806356
17.951275
-15.173284
17.575378
-12.707925
11.652370
-15.164234
0.719606
-10.632213
5.244923
-5.990888
-3.401638
2.808118
0.935757
-0.215330
0.697671
0.363583
0.305016
-10.539553
4.175028
-19.237938
27.318268
-21.569586
28.454184
-11.462721
16.103189
-10.511642
9.474384
-2.947428
5.915545
0.962295
7.079322
-5.419176
3.768924
-1.355656
-2.422933
-1.480613
-4.234249
-2.617964
-16.630411
14.419644
-18.258116
20.735180
-18.975685
26.426878
-11.795827
14.324786
14.910039
0.624865
-1.136192
-8.340338
-16.518606
-18.748438
-18.016962
-18.288265
-16.572399
0.383640
-0.679780
-4.670576
-4.132089
-3.965827
-0.548848
-1.013026
-1.360321
-1.517719
-1.502351
-1.230333
-0.393879
1.865358
1.648335
0.730999
-1.788761
-2.428567
-2.300411
-2.306566
-2.033902
-2.613508
-9.159620
-5.021644
-0.201735
3.574090
7.010641
9.950249
-2.463103
24.484774
-11.640806
23.008993
-11.054867
12.341497
-1.393271
0.377589
3.753022
1.279552
-4.666854
8.685143
-2.863383
-3.372627
-3.519613
-3.090395
-2.122956
-1.606601
-3.863547
-2.841664
-10.099624
1.514167
-11.263150
17.916298
-13.352114
12.049032
-9.083042
14.063168
-10.621313
12.636660
-3.803322
9.475210
2.766890
8.224702
0.410908
11.395027
17.489574
9.664891
3.659394
0.926484
-0.109643
-3.884443
-9.452243
-10.872980
-0.238702
-26.965673
14.180775
-20.541306
16.574774
-13.098923
7.505919
-8.952180
3.620435
-3.017363
4.645232
-6.890549
16.371326
-3.598667
3.415710
-3.252130
-4.579813
-4.120726
-6.188964
-0.932167
-6.717536
13.687448
-17.441729
15.958819
-14.671756
13.732596
-12.322917
7.405413
-9.679250
6.064771
-4.402668
6.137548
-7.043435
-8.529166
-4.142021
-0.013331
-0.610439
0.087201
-0.349390
-2.758463
1.573592
-14.600512
19.941975
-17.160252
20.815475
-8.817156
21.872309
-8.749394
12.488422
-6.866037
7.314545
-3.389729
4.748046
-6.037523
-0.220527
-3.802536
-0.275498
-1.175139
-1.344941
0.348029
-7.454687
0.997449
-7.963469
10.083259
-14.365063
19.428764
-9.363065
19.336123
-9.692538
6.328990
-0.763648
-5.157502
3.965139
-3.874289
0.693477
-13.624447
3.692308
11.867543
-1.603874
-3.287721
-3.399602
-3.704727
-2.803935
-9.737109
16.909634
-19.881247
22.797678
-13.827223
14.144074
-6.443645
0.348853
-0.098126
-7.414217
3.412189
-1.024838
1.772456
-6.925208
4.801303
-0.580476
0.711200
1.086324
0.294089
-2.086642
-6.921882
7.220607
-12.361652
26.189829
-13.094521
24.772957
-12.757556
17.149952
-9.256495
12.184678
-1.063202
2.971326
-4.504564
4.599822
3.001702
0.259625
-1.198683
-1.301911
-1.396762
-2.124427
-11.132959
2.374041
-8.979838
11.389069
-15.245146
17.193640
-9.378765
19.949530
-13.363402
12.191009
-13.661168
4.495546
-4.651677
4.321410
-2.370592
11.411810
-6.015681
-2.971513
-3.601929
-4.785687
-4.031679
-7.382449
-3.951151
-13.239423
29.595659
-19.307375
27.525093
-12.355865
14.720576
-6.213481
6.676678
-3.139712
-0.431437
-1.592609
-4.998130
-7.103698
-4.793701
3.906042
-2.949059
-3.480381
-3.445352
-5.010950
0.150822
-8.568113
18.117176
-19.035778
22.161966
-11.776464
21.199417
-9.928314
10.970390
-4.798634
2.970016
-3.813457
0.350938
-8.092594
-2.099185
2.377087
-1.416990
-2.402367
-1.428012
-2.218032
-3.917121
-4.136954
9.480460
-11.511976
19.618576
-9.970048
18.100557
-5.364944
16.443968
-4.111614
6.869469
-2.230342
-0.999329
-2.305532
-7.427167
-0.852937
-0.752677
-2.974681
-3.183854
-4.482619
-2.543926
-4.718104
-6.115073
-4.508510
-4.750973
15.892905
-11.833284
16.352821
-6.677219
17.116083
-5.227782
3.315489
6.069301
-0.980864
3.914455
-11.585567
1.755210
-10.044506
-0.162778
-3.701338
-3.991088
-3.571119
-5.852821
-3.561175
-9.720286
14.029133
-12.642307
24.553703
-10.158885
23.706993
-9.399742
9.932689
-9.486156
2.613801
-3.700746
7.474182
-2.558295
0.922820
-7.596621
-4.705702
0.996557
2.349923
-1.196113
-2.345068
-1.777161
-5.079709
-4.175401
6.096481
-4.893211
16.038973
-4.965524
12.350433
-5.855125
19.136393
-10.456237
10.897954
-0.705159
-0.111426
0.352372
-4.920747
5.919622
-5.391949
-4.798859
-5.640091
-6.514682
-4.515571
-5.618984
-8.421508
-6.714828
-1.655036
-5.906222
19.060694
-13.529431
24.954172
-18.119713
18.143047
-7.224511
5.019387
0.800659
1.825126
6.854288
-6.613303
-5.787608
-2.004981
-1.942706
-3.049635
-5.388134
-3.388899
-6.752968
-6.486434
3.356031
-5.715086
21.436230
-5.591518
13.293230
5.708693
22.060005
-8.117395
23.242739
-8.435034
6.844350
-2.535083
4.530582
-4.982763
-3.203585
-9.657892
1.792265
-7.822704
-7.971676
-7.668920
-23.287968
-5.495454
-3.727306
0.486590
6.518348
3.073634
-5.690116
25.395632
-10.995303
2.462956
-1.762101
2.113993
16.245102
2.095352
3.956773
0.530490
0.448098
5.308374
0.879328
-4.791985
-5.476233
-6.978187
-5.361163
-7.155130
-6.859613
3.609089
-3.497717
12.852639
-2.991732
13.700603
-4.026089
22.656610
-9.180278
12.797272
-7.378955
0.640276
-1.757866
-1.309244
-0.253175
0.894030
-3.073464
-2.520674
-3.578789
-3.863166
-3.132428
-4.990432
-6.653291
2.692511
-5.429731
9.159741
-3.325799
15.662139
-0.683516
17.835600
-9.243241
11.913883
-7.631573
-1.337623
-2.183626
13.441233
6.341006
7.959386
9.069044
9.147411
-0.830898
-3.875577
-5.001275
-6.012245
-4.722250
-4.135116
-4.568747
-8.411159
-12.095298
-5.877834
-0.016072
2.003681
2.945956
6.605078
-7.255584
11.380685
-9.271762
8.061979
-4.875107
-3.154464
-5.030726
-4.092958
-3.766416
-3.592200
-4.576263
-5.358769
-8.105150
-1.604035
-0.372915
-9.795916
-4.112944
-3.383750
-7.458321
-7.760261
2.076538
4.482537
4.759126
4.825247
4.702315
2.764973
2.284173
5.270856
14.833242
15.372049
20.129740
15.899711
19.289179
-8.106642
-2.008589
2.021641
-16.968914
-20.803808
-27.847975
-9.765289
17.768892
26.226665
29.159538
1.710796
-3.222701
-4.176642
-5.558014
-6.837518
-7.910121
-8.682580
-8.833725
-0.051462
-2.092590
-2.413107
-3.200230
1.260663
0.952522
1.659567
1.634737
1.320021
1.026199
2.441936
4.356559
1.513511
0.033732
0.134533
0.159552
-0.122830
-0.424875
0.275593
0.965696
1.894499
-1.644998
3.637021
3.399361
-3.152019
12.395455
-8.548415
12.063546
-6.641786
7.924911
-5.480659
3.867950
-7.353829
3.703850
-6.161167
-1.273164
10.200755
-0.705450
-1.895826
-1.357183
-1.177667
-2.521972
-1.407491
-2.788508
5.752683
-9.296115
-3.022194
-15.250432
11.357670
-24.579582
18.140917
-14.758865
17.283539
-13.873038
16.942787
-11.435486
12.494949
2.453762
-22.298294
-16.615866
18.662764
13.470547
17.250607
8.536255
2.090983
0.211686
0.688681
0.238638
-1.732314
-11.389451
-5.977968
4.797765
-11.640467
18.355814
-16.733328
19.461233
-13.867043
12.283381
-6.525702
3.069421
-0.240142
3.399356
2.373818
-1.091975
0.971783
5.479940
0.430770
2.151218
0.939726
-0.069732
-3.599131
-2.095114
-4.702739
1.478640
-8.242618
17.337603
-15.308820
17.145256
-21.842203
20.546572
-12.434211
15.259986
2.974025
0.647767
8.714087
-1.858722
9.299233
8.348112
7.780471
6.958618
5.516540
6.062957
1.774822
-0.752375
-5.338530
-4.605642
-14.920377
4.737804
-22.392124
10.686557
-17.065237
8.677781
-10.793066
8.909298
-8.492881
8.580977
4.578890
0.868678
4.813022
1.113939
9.764464
21.073816
22.563654
8.549963
4.263432
1.517570
-0.393367
-19.690979
-11.588764
-20.776209
7.372292
-28.001467
9.964689
-14.745714
5.559042
-3.962289
7.167665
9.579106
10.257143
5.920172
-0.221502
-6.600857
3.265728
1.487310
-2.057064
-4.497134
-5.124245
-6.529059
-11.111053
-12.251122
-6.037767
9.734881
-18.994589
19.920624
-18.014248
15.289564
-11.959726
7.246293
-0.046926
0.998211
7.201014
-3.075735
6.663894
0.943701
-1.697218
3.635542
1.883003
1.687030
1.290321
0.660369
-3.895106
2.842614
-18.634863
15.356139
-21.705187
17.875519
-13.727926
18.554390
-16.192020
10.864994
-14.151627
5.545528
-4.289569
5.580235
-3.444417
-0.210188
0.748830
2.263204
1.504983
0.931277
-0.315654
-2.923546
-1.890503
-14.183963
21.054167
-14.048893
15.462571
-9.187673
13.336164
-7.843247
8.972034
-3.091687
4.247401
-2.997951
5.764733
-6.074327
1.061268
4.048944
-0.143310
0.431574
-1.005367
-0.978744
-7.237453
-0.135982
-8.916388
11.334669
-18.199026
14.111232
-14.391850
17.864662
-16.732418
10.413239
-12.291986
9.577526
-1.756498
8.516181
-2.522233
2.771201
1.096622
0.707643
0.025102
0.102385
-0.424373
-3.264848
-5.275703
-9.748451
8.254842
-14.965555
14.020212
-14.757228
15.615030
-18.934601
11.379418
-12.974324
2.206276
-4.110296
5.958158
-2.010474
3.092837
-7.011205
-2.311764
8.014404
3.874732
1.034248
4.659241
3.468672
1.118177
-1.053499
-8.215242
-5.943207
13.384723
-12.914991
16.806795
-8.498799
17.424055
-7.587096
8.646103
1.244789
-3.429725
6.810269
-3.765716
8.390226
-10.227534
3.466107
3.579811
-1.587407
-2.881691
-3.269545
-8.109550
1.357146
-5.797646
13.571972
-17.556284
13.847789
-12.629004
11.866747
-10.598697
13.536175
-6.680450
9.793577
-0.747186
5.633766
-8.303361
2.787563
-3.856040
2.477618
2.733332
1.064091
2.999608
-0.811231
-2.514379
-16.745232
6.739625
-20.725649
21.875359
-13.090660
21.785778
-19.804899
18.668760
-6.983685
6.453067
3.824764
3.422320
-0.603775
-8.242717
-11.050403
-9.424965
-4.755394
-4.199036
-5.409211
-5.702116
-9.118127
-0.943231
-2.324502
16.724800
-15.525093
16.232279
-19.269899
13.267471
-15.141286
13.960929
-6.216478
12.024805
5.118704
2.522390
6.881800
-1.678092
4.642131
1.983902
2.099649
1.469079
0.023488
-0.226096
-7.346583
1.577065
-9.726689
10.667847
-16.974403
16.404148
-10.459828
14.468884
-11.073040
10.625724
-4.587831
-1.411341
0.860694
-3.233083
-2.718965
-1.404302
-1.402271
-1.677144
-2.200960
-1.973508
-3.092615
-4.520027
-8.970139
8.117344
-15.335608
21.510649
-13.822520
18.834860
-12.565188
13.329711
-10.081287
6.711299
-5.012090
8.661246
-0.985986
8.029140
-0.389982
5.111231
-0.188029
-0.244915
-0.339440
0.322169
-2.163964
-4.886313
-2.614845
-1.675185
15.047523
-12.855469
17.384441
-12.544985
15.144426
-10.788113
4.436750
-3.748419
-0.898767
7.128524
-1.972904
4.844674
-6.728874
-1.057072
10.176709
0.062570
-1.171011
-0.991150
-3.248971
-5.324742
-9.887900
10.157649
-11.526031
12.593758
-6.991515
11.672640
-6.909599
3.556535
3.958239
-1.141024
8.155172
0.199107
3.945581
-0.184777
2.317142
1.072588
0.577833
0.586183
-0.365803
-4.065056
-4.941571
-10.207794
8.121468
-15.290522
17.096142
-9.422444
21.224993
-14.865956
16.335941
-11.166104
9.973144
-2.793448
3.534465
-2.676187
9.581668
-9.901995
-5.386690
-4.253196
-4.640708
-4.862941
-4.751296
-9.935592
0.700112
-9.950985
21.335495
-19.268152
24.141319
-18.922220
21.651762
-11.819738
12.416300
-1.407638
3.216950
-0.575307
2.823684
-13.240632
0.903896
-0.501405
-1.417805
-2.624260
-5.725944
-15.685508
4.599940
-2.764054
17.316736
-6.012311
10.411379
-2.514608
15.050149
-6.415501
5.677922
-3.187662
-3.421360
-4.569522
-6.288897
4.128386
-3.590575
-1.845739
-2.072927
-3.324630
-2.593012
-6.505727
2.677267
-13.072445
14.073986
-17.325771
20.036671
-15.558407
26.476227
-15.444476
14.236047
-13.284227
8.825695
-6.065206
6.438703
-0.938060
2.274404
0.736795
-0.712951
-2.616215
-2.611113
-2.121304
-4.180251
-3.861264
-8.447556
7.213176
-13.286737
18.831087
-15.361071
24.424963
-13.230140
12.825220
-7.729674
4.402649
-8.802561
1.250571
-0.986776
1.790262
-6.567526
11.374673
10.689519
0.900093
-1.603831
0.008044
-1.281833
-3.930245
1.652052
-20.986219
26.954243
-12.840132
18.642893
-10.545296
16.977114
-5.538335
6.457769
-6.505215
0.438495
-7.168979
-3.305067
-9.158218
-6.642909
-0.246103
-1.476429
-2.931358
-1.363639
-1.942341
-3.353829
-3.231396
-4.801401
-10.069879
28.198143
-7.586862
16.843977
-2.031527
19.167477
-3.397291
6.774740
0.466971
-1.114746
1.771060
-4.900700
-1.305578
-6.100679
2.013018
-4.705087
-4.789316
-3.746356
-4.102369
-8.219618
-5.890147
2.553793
-8.975121
16.236277
-10.315609
25.527658
-16.380903
27.817207
-10.709585
17.400986
-9.313720
4.935962
-7.067729
6.875899
-3.288641
0.279839
-6.352552
-2.362708
-3.707707
-3.956541
-3.371670
-5.278162
1.466411
-9.935287
21.046572
-15.483866
27.446463
-10.553336
22.618500
-9.708208
12.412549
-4.478061
6.572102
-0.619523
4.096627
-4.287965
0.104584
-3.712473
0.524381
-0.055388
-1.163334
-0.024029
-2.297158
-1.769595
-5.965348
2.231938
-6.159225
17.333344
-7.281646
25.172894
-17.634703
25.642593
-9.284271
5.921741
2.564026
-0.942070
-4.961075
-4.030640
-4.073224
2.364770
-2.530850
-3.975781
-3.813795
-4.810898
-7.081152
-3.830526
-7.043880
14.218772
-10.057128
15.395806
-5.055968
16.537304
-8.036652
14.355096
-1.462200
3.508126
0.943102
-2.560250
-7.973169
-3.250895
-1.636767
-4.655919
-4.993905
-6.384380
-5.137928
-4.559501
-7.380886
-9.786858
5.744400
-5.324061
13.131415
-5.768841
17.497646
-5.371024
22.225458
-10.287604
15.646497
-9.431676
3.854292
-2.066468
9.025027
-6.534211
-7.638855
-0.812215
-5.652455
-6.544792
-4.986179
-5.972515
-8.800464
-4.434142
-9.123743
9.416779
-8.609362
21.906836
-13.292142
30.133440
-12.298734
17.715864
-9.655931
7.623649
-5.573761
4.215072
-0.855000
1.119404
-7.306022
-4.083590
-3.886809
-4.656891
-4.974976
-2.476964
-4.943050
-2.852573
-1.674239
0.628454
-0.799652
11.796892
-1.527494
21.317207
-10.732242
20.779985
-7.416533
14.863384
3.097937
11.684215
4.202935
5.709042
-16.132444
-11.508409
-4.015562
-5.997329
-6.020266
-6.219645
-14.699533
-5.868180
5.575502
-3.880873
15.561649
-4.433039
11.914207
-1.203244
21.878851
-5.611904
5.454162
1.807938
2.475176
9.504384
1.408147
-4.474575
-12.491137
-2.443631
-8.088971
-8.789398
-6.972749
-21.942873
-6.690638
-6.345753
5.482191
1.218271
24.496695
-14.411443
28.727673
-14.182253
17.022064
-4.996779
7.454630
-0.544845
11.155762
6.905175
6.773877
-15.763290
-12.577406
-9.030194
-7.296717
-8.381401
-5.010063
-7.355463
-18.720592
-3.283297
3.503998
6.650419
-5.370402
28.498888
-16.685251
26.731188
-11.394467
17.979937
-3.617214
3.540440
8.463882
8.957836
13.371179
-1.055033
-0.939425
-6.968951
-3.437629
0.425777
-3.754288
-5.012998
-5.091505
-7.946234
-1.767082
-4.892508
8.010739
-3.629412
19.066374
-2.231047
13.847875
0.003941
13.276791
-2.583146
3.847198
4.103312
1.485353
-9.208170
-10.018462
-10.235339
-4.834497
-8.913229
-9.246257
-9.265973
-9.462794
-15.722378
-8.673378
-5.227088
-5.453828
1.201505
13.669953
3.502163
29.519283
-13.643649
19.482098
0.820994
12.603917
2.912679
4.640812
-15.549969
-5.576363
-10.792358
-5.067108
-3.392088
-3.590624
-4.222339
-5.901299
-5.415156
-5.131818
-4.912596
-2.190459
1.709782
-0.855502
16.692968
-0.002584
12.218765
-0.177141
19.245985
9.355262
13.128172
5.125017
4.439728
0.999351
-5.384571
-4.666435
-4.650298
-4.074148
-7.694072
-5.602446
-4.172256
-2.620308
-1.791450
1.578353
-2.480748
-3.068296
6.129357
5.813971
3.785831
-5.311962
-6.573351
-12.209249
-16.956253
-16.818325
-14.839985
-8.877216
-11.701692
0.222710
0.236910
0.381411
-0.476025
-0.882622
-2.075344
-0.013020
-0.973091
-0.212477
0.041479
-0.345043
-1.187040
-0.507929
-0.513458
-0.582095
-0.402179
-1.207310
-2.736574
-4.651018
-5.907659
-6.966184
-5.738153
2.771821
3.961276
9.777102
-1.060185
-0.363576
-1.871106
-2.929499
7.930291
-15.792615
22.600096
-10.721405
8.454880
-1.395027
3.385394
1.759425
-16.178881
1.199368
17.414225
0.391810
0.504702
0.342575
0.809235
0.985739
-1.248765
-3.102122
-2.180294
-8.788273
6.692074
-13.810238
16.112726
-6.553282
11.011857
-3.333030
7.083016
-1.170637
3.786468
3.096724
-0.872986
2.723070
0.318890
5.460265
-1.182126
0.580476
-0.845969
-1.403063
-1.063576
-2.532515
-6.401198
-1.471567
-11.293989
10.882434
-18.846670
14.274188
-18.371162
14.627833
-12.940106
10.503695
-7.834742
7.576773
-1.234561
6.711533
21.083195
7.594168
-0.844198
3.280910
1.058701
1.245980
0.425740
-1.730889
3.335517
-17.013214
14.910483
-22.322660
16.400154
-13.382776
17.683025
-12.547964
8.067389
-7.625698
5.214623
-0.139987
4.911049
-0.402464
10.485096
9.718161
4.081121
1.444031
0.896369
-0.548187
-2.337199
-7.600359
-7.408511
3.158324
-15.412827
15.850711
-14.770861
9.068102
-7.094296
4.035010
-2.397400
0.637069
0.425903
-1.218262
3.421057
-4.176200
4.454112
-0.865997
10.533680
0.535549
-0.742203
-0.056083
-2.935601
-4.515682
-13.338625
9.252826
-17.775564
15.176092
-10.762684
13.445877
-9.995347
3.146252
-9.252958
-5.515516
1.966922
-23.425535
8.591288
7.625021
4.684885
10.850356
3.506512
-0.864475
-2.090841
-0.924405
-1.338548
-4.026645
-6.178319
1.830623
-5.397873
9.708048
-12.506799
14.163875
-11.900991
10.245129
-7.935185
7.922764
-8.843146
5.130338
-2.903716
3.922217
-2.146785
-1.438423
-1.489698
-0.512682
-1.514623
-3.032754
-1.478644
-3.641480
1.145599
-5.188878
12.812851
-5.110842
11.807373
2.232490
12.232977
-0.567838
8.988149
-3.680808
4.653320
-0.248791
1.824624
-7.128068
-2.479167
-2.619730
-2.365642
-4.394165
-3.834306
-4.259552
-5.872719
-3.138241
-2.729540
15.801051
-7.625108
10.416304
-4.922976
15.690459
-8.105092
9.621064
0.216659
-0.468004
2.054220
-2.661570
-2.262324
-13.568273
-7.941137
-3.833269
-4.948240
-5.063059
-5.580977
-6.925775
2.106688
-7.055753
20.291615
-11.052528
22.767298
-5.458989
21.122839
-11.125260
15.448609
-5.889817
6.254072
-2.307425
5.413478
-0.350240
-5.374339
-8.203564
2.322851
-3.734681
-4.599453
-3.972739
-17.804832
3.294378
-2.597058
13.884449
-2.630563
12.592634
0.629100
14.947684
-9.772367
15.040803
-12.294562
7.075428
0.772045
3.923353
1.201709
-4.669355
-4.761489
-6.881875
-7.286847
-7.945397
-5.024532
-4.717780
-5.206033
-6.245421
-4.416194
5.343671
-2.355609
24.206369
-11.457109
23.485218
-6.851768
8.708157
-1.550937
-0.323423
2.002395
-3.579791
1.775509
-7.077381
-3.134441
7.399333
-3.034790
-4.449777
-4.595603
-3.179155
-5.711616
-3.178808
-3.855350
11.168459
-2.753153
18.955143
-0.613840
18.746780
0.567295
21.173925
-7.428327
14.404881
0.020726
4.703110
-1.884024
2.528352
-8.150446
2.242701
-7.110191
-6.658579
-4.677824
-6.509041
-3.666837
2.283574
-7.261096
14.015688
-7.361673
15.979239
-8.595481
11.531942
-11.425492
4.496205
-16.286369
-6.116833
-4.040547
15.686198
1.401954
7.036338
-5.426643
-2.046319
5.984841
-1.089494
-2.513714
-1.123776
-4.436691
0.182770
-1.949326
0.604115
9.194202
-1.156155
12.689819
1.896119
19.098083
-14.498301
23.474388
-8.226719
4.394972
-0.519017
-5.139489
-4.028280
-4.227351
-3.911329
-4.038815
-2.970845
-5.172313
-5.022950
-5.981920
-3.175273
5.766521
-5.979957
17.464434
-5.890430
15.065400
-1.571193
19.726057
-3.729135
15.190982
-7.536978
-7.343722
-9.734804
-27.642260
-30.192053
4.234595
27.158175
29.943346
25.307270
-8.848475
-10.299177
-8.387343
-7.718973
-6.958702
-6.812502
-6.882973
-5.601750
-7.606595
-0.662541
-7.400264
-6.148783
-18.589752
-30.128265
-3.578469
18.144346
26.200104
28.956167
0.468813
1.232269
-0.259065
-5.639750
-0.205325
-0.438574
-1.026033
-16.011435
-4.061672
-4.896771
12.013870
28.732855
29.488724
23.271412
12.204000
2.214610
-1.375001
3.903774
-1.695250
-6.916470
-6.249491
-4.743847
-3.873002
-4.946383
-0.913508
-2.181165
-2.873835
0.161247
0.345975
-0.188577
0.884810
1.772632
2.570463
1.110043
0.000636
-0.943081
-1.835992
-2.158925
-2.964840
4.763232
-3.671110
0.026957
-0.562886
5.257378
2.707636
19.766216
-5.913347
13.275945
-6.337794
11.112704
-5.868375
5.129206
-3.419243
3.659216
1.011958
-0.647934
-1.622119
14.198195
1.986760
1.059901
3.648681
2.299827
0.304752
-3.001822
5.794967
-25.872864
20.588495
-26.520887
7.946414
-11.146305
10.007488
-9.427450
-2.203910
-18.318110
-6.107951
-4.114969
7.432236
4.198048
-4.067953
-3.552945
-0.881217
-4.164872
-2.810221
-3.685594
-8.090707
-4.519417
4.557552
-4.032836
22.189600
-9.159238
23.349051
-9.432673
21.837652
-8.339705
9.691123
-13.941979
3.600614
-5.994596
-3.272075
-7.179256
-1.878732
1.159857
-0.771563
-0.779745
-1.222878
0.105716
-0.842775
-2.843992
-0.644255
3.247758
10.966589
8.251473
5.047923
15.223228
6.212444
11.150837
1.390495
3.859276
-1.734325
2.676235
-2.987619
4.444915
-7.318214
3.640994
-2.710852
-4.219718
-6.571437
-3.345691
-1.611552
-1.821310
-1.930929
-0.995239
-12.630338
26.830360
-17.250143
17.397652
-2.169025
12.640915
-1.924305
4.432914
-5.213288
-2.704148
-8.364490
-9.817683
-6.365508
-3.980440
-3.383501
-4.093972
-4.508884
-2.654844
-6.388492
-19.690432
-2.978057
9.523428
-9.510365
24.793558
-3.817750
17.954777
2.470864
13.282660
0.921129
5.834414
-4.412099
1.303628
-7.515933
-0.959363
-1.288481
-4.679804
-3.279850
-3.706303
-4.231400
-1.791723
-3.037938
-1.446090
3.722317
-12.392267
21.846508
-12.021626
14.823668
-5.274897
16.847702
-1.527550
7.510398
-5.366803
1.953323
-8.574402
-1.552178
-8.267963
-0.255691
-2.514228
-1.003954
-1.727604
-2.950498
-2.122029
-2.271336
-4.676457
-5.400026
2.702968
-4.234838
11.988130
-5.952189
12.826854
-3.139096
14.754029
-3.241471
6.951529
2.722684
2.987884
5.671657
0.338653
4.888292
-2.736187
6.560928
5.728163
2.026594
2.596853
1.399461
3.865459
3.587872
2.558240
-0.910562
-4.681400
-21.449234
14.032298
-25.557375
14.427269
-11.732465
11.066989
-7.466616
8.113822
-0.571096
6.331141
-0.848986
0.991652
-1.404313
-0.966538
1.557510
-2.679049
-3.903518
-3.855521
-3.418622
-3.001571
-7.290737
-9.902714
1.607625
-8.131603
19.736351
-8.654737
17.994167
-9.678916
12.458999
-6.347646
0.250904
-0.123833
-4.813564
1.600501
-10.648156
5.997058
-2.544272
-1.799276
-3.035340
-3.598938
-7.139659
-3.716084
-7.340272
-7.330502
13.038025
-13.037371
23.337555
-14.971516
16.630920
-4.891093
3.822156
-0.448972
0.056830
7.788767
0.926552
6.891215
-1.257512
-0.081109
-2.419330
-2.150101
-1.814428
-2.359580
-9.472076
-5.214183
-8.517870
8.794991
-11.476430
19.069391
-15.791436
21.450590
-10.421845
11.836753
-6.512161
5.239335
-2.248648
3.933759
-3.604587
2.960214
-6.681886
-2.709726
-1.981239
-2.699117
-1.675666
-5.262467
-4.234717
-12.147506
8.966784
-15.111134
21.002054
-18.874943
27.813684
-17.616249
15.836640
-8.821682
2.332691
-6.223657
7.156564
0.208349
4.441952
-3.675360
9.736786
-1.545976
-0.839116
-2.101048
-1.815824
0.258013
-2.422051
-13.288948
-6.586504
-3.655032
5.932515
-11.125311
18.695580
-12.677193
14.643719
-11.938993
10.078790
-3.164011
1.041780
-1.471321
-5.586542
4.529438
-1.294744
-1.213533
-0.812497
-1.114844
-1.885398
-3.025910
-1.653313
-5.511503
-4.061560
8.225421
-8.608125
19.607834
-6.915928
14.369879
-3.860044
13.752476
-4.868282
2.332427
0.053118
-2.010547
3.485938
-0.576526
-1.417277
-3.617726
3.302205
-1.752343
-2.880257
-2.268467
-3.814038
-4.781229
-0.595260
-8.736209
17.227535
-12.878011
17.313843
-5.607956
19.673262
-13.182594
13.428096
-6.542951
5.900826
-2.539985
6.540698
-0.932305
2.824965
-3.623539
-1.610901
-2.777423
-4.765223
-4.169753
-7.139355
-5.999598
7.235737
-7.608178
17.910088
-7.827702
13.489302
-9.335254
17.305189
-7.653205
6.476503
-3.662284
-3.281304
3.500810
1.882671
5.016262
-3.783509
-3.557257
-2.385684
-3.158639
-4.051264
-2.578939
-4.242459
-7.573295
-5.837825
8.458720
-4.531484
17.397627
-4.435808
7.426126
5.933255
14.094281
-5.293468
2.237982
4.297013
-0.175516
6.028659
-4.632401
-3.574395
-2.886712
-3.067351
-4.192741
-3.768408
-6.841689
-6.127317
6.069530
-9.308262
17.661818
-8.359615
18.006966
-0.847456
14.551230
-5.974269
9.156115
-3.162530
2.439818
-0.893386
0.507768
-6.690693
-4.058465
2.040463
-2.995415
-3.802769
-3.885119
-4.962941
-7.233972
-5.816700
8.902812
-6.912658
16.821283
-5.896581
13.465771
-4.966679
12.711935
-6.087060
2.636406
0.948673
-0.486604
-2.858931
-4.523168
-4.500535
-4.199490
-4.182965
-5.846330
-5.049960
-3.639922
-5.712131
0.544918
4.741987
-4.420037
13.809190
-1.313065
13.414042
-3.155250
12.583380
-8.403832
2.403858
-6.405527
2.190897
-8.397074
4.005488
0.923185
3.136894
-2.990141
1.603717
4.182437
-4.242287
-5.281362
-5.896676
-6.101393
-0.052692
2.668973
-3.117091
15.682229
0.596431
12.441367
3.897872
16.477739
-4.388176
13.511708
0.838522
3.806062
-0.758795
-4.664064
-3.382190
-3.238500
-3.549026
-6.030907
-6.510428
-6.926417
-6.331872
-11.714675
-4.201518
11.345193
-4.022172
18.798399
-4.253335
15.206753
1.252623
10.058453
-0.155006
1.270939
-5.853671
-4.679181
0.713706
-8.492709
-5.411483
-8.594458
-7.735108
-6.997315
-7.576208
-5.836527
-6.576768
-4.884116
-2.804888
-1.590033
-0.688543
-1.566856
8.135486
2.544935
19.600462
1.433547
8.461989
3.878450
24.315231
4.432929
18.837696
2.074365
9.303138
1.008510
5.276094
-3.194023
-7.489460
-11.064146
-5.625990
-6.845462
-4.938979
-5.461678
-1.555540
3.322960
12.731814
5.984774
2.180758
-2.611717
-10.771391
-14.814901
-15.466802
-14.445991
-11.715904
-7.926719
-2.925701
1.522512
0.278733
1.734358
2.834909
3.376590
4.389715
5.332483
5.653099
9.350389
9.436323
4.524554
3.864959
3.949288
4.080933
5.739463
6.841633
4.240712
2.553452
-19.774809
-17.705120
-13.474625
-11.694810
-9.795979
-8.565834
-7.780088
-6.051596
-0.701417
0.210584
-0.253448
0.081160
0.063411
0.109490
0.068135
0.518774
-0.173775
0.550945
0.294506
0.035998
-0.158212
-1.438317
-0.463037
-0.106262
0.249353
0.591433
0.390531
0.224237
0.991713
1.343162
0.453299
-0.807928
-3.087188
-3.067317
-1.657678
-0.265130
1.383719
0.855214
-4.213299
-1.826458
1.882385
0.063683
4.387022
2.235604
7.907710
-7.388635
15.834852
-12.078837
12.172693
-7.915962
8.238340
-6.401825
-1.911624
-1.758309
3.274251
-6.219944
-2.044253
-2.543186
-3.080514
-3.159081
-3.471520
-2.545062
-2.042484
-0.854456
-0.272547
-4.556443
0.116885
-6.771441
2.960145
-10.046202
9.461282
-14.448582
22.313202
-14.574172
16.824453
-16.944738
22.958229
-8.722406
11.232784
3.244589
9.775111
-23.341339
-14.437150
16.187130
14.532610
4.618866
1.997787
10.865910
2.304269
1.804608
1.561866
-1.035380
-1.335934
-12.583133
10.140268
-21.528011
23.342991
-9.626951
15.776734
-7.688909
8.984932
4.554905
8.742740
3.166621
6.273826
-0.624925
2.560803
-2.972307
-0.374226
-6.024168
-6.153206
-7.469953
-7.955728
-11.302653
-5.613219
4.032775
-13.242582
13.490388
-10.315779
15.297350
-17.843573
12.642978
-7.211626
1.523238
1.603234
2.305592
4.811887
-0.282296
6.154209
-2.632747
6.320171
0.973665
0.175331
-0.367095
-0.767054
-3.048368
-5.583021
-10.442216
5.539626
-26.791367
19.908043
-14.574587
23.801159
-7.969276
11.539165
-1.407064
4.785869
-0.301288
3.050333
-2.004630
-6.243752
-4.460236
-2.343784
-4.624099
-5.369158
-4.332093
-5.573792
-6.298153
1.675912
-16.314728
18.706926
-13.217008
18.633362
-11.378868
15.066764
-6.060654
7.244607
-2.657625
3.023829
-3.819231
3.859873
-4.329407
-0.679725
5.882364
-1.950125
-3.037988
-1.480730
-3.227416
-4.874273
-6.735852
-4.911082
16.912848
-9.044020
13.631299
-5.347204
12.749415
-4.393084
4.638399
1.985761
1.285612
4.313642
-3.130987
3.363809
1.653220
-0.143486
-0.915357
-2.843942
-1.773895
-6.058804
-8.085702
-6.251515
9.829395
-9.168633
13.231304
-2.505342
14.216100
-7.489770
9.924859
-2.887944
0.713855
-2.266608
-1.300156
-0.258748
-4.074618
-10.947499
-2.964854
-6.328702
-6.445559
-5.874450
-7.604959
-8.162166
-4.887837
13.064740
-11.485000
23.479860
-20.954937
29.147785
-12.538935
18.815704
-3.192599
4.955152
3.274910
0.691166
-1.659619
-2.636988
1.380486
0.003066
-0.419805
-1.261309
-1.059819
-14.941974
-4.228720
9.591823
-4.748822
15.912989
-4.238105
12.551554
-3.555846
12.668421
-5.354207
4.046680
1.417259
1.044956
-4.938606
-0.287412
3.389951
-2.289832
-1.982045
-3.989318
-3.591359
-4.096203
-7.691907
3.911034
-4.648008
11.776197
-4.280727
11.224906
-4.573493
10.082705
-2.826703
2.510441
-2.917511
-1.081762
-0.064989
2.331452
-2.608818
-0.455483
-5.197739
0.214137
-4.584944
-5.739547
-5.939603
-8.123352
-8.260402
5.053926
-5.807604
15.387815
-5.232335
11.807303
1.788383
16.190022
-7.761844
7.785174
-6.098387
-0.050852
-1.579678
-0.738654
-10.847648
-7.156602
-5.862373
-5.746542
-6.110777
-4.411554
-7.700504
-21.185442
-4.014129
-7.163681
2.214831
3.970948
14.485764
8.234134
11.707617
14.277470
2.232010
5.821393
3.301148
2.153117
0.339034
-0.162464
-3.531047
-2.903672
2.613618
-3.154859
-5.350483
-3.890514
-3.053602
-6.219775
-5.933103
6.577502
-6.103474
17.729948
-5.269042
12.628602
2.359573
17.305374
-5.085203
10.027059
0.936097
0.940600
4.429904
-0.574887
-1.137492
-0.207002
2.587495
-6.025102
-6.761349
-6.984500
-4.551920
-7.611816
-8.410581
3.837294
-7.448727
0.975391
7.405218
1.413383
24.888515
-18.966927
20.623991
-5.255497
6.631755
0.020765
2.671381
8.019705
2.692132
1.291106
-7.860435
2.408528
-5.703102
-6.969594
-4.891297
-7.184708
-8.978876
-5.853576
3.363230
-6.464501
18.563553
-2.960422
11.223366
6.919648
12.116445
-1.123795
4.553931
2.612935
1.298429
3.604506
-1.120237
-8.313436
-4.609907
-4.635831
-5.220649
-5.901059
-3.420649
-4.510230
-6.105767
-2.339662
4.065137
-1.304270
11.883853
1.027269
8.406579
-0.605992
18.272226
-6.410247
6.911364
-0.189991
2.794143
11.432877
3.267776
6.306057
-9.083956
-9.457269
-8.964467
-9.315447
-9.318143
-6.262481
-8.395736
-10.217110
-5.105243
-10.346599
-2.634407
7.170754
-9.272211
17.566853
-14.120525
23.397932
-12.801072
6.873754
2.885350
12.040173
29.292755
24.551044
0.581934
0.875531
5.684415
0.305096
4.943393
-2.962768
-3.972841
-10.804397
-5.138984
-4.391430
-9.738083
-9.549863
-10.203282
-6.821533
-7.009260
-5.210791
-3.445916
-1.004624
4.672682
1.644804
4.972466
6.318847
8.276550
3.713104
12.203600
4.463140
7.576107
-1.583158
-0.350099
-8.446854
-5.308585
-10.610918
-5.937270
-8.129835
-2.452577
-10.505141
-2.655931
-6.750799
-6.746361
-6.027134
-4.227859
-3.475724
0.809428
2.723740
5.065656
-0.224425
15.430407
7.831758
12.266137
11.178761
27.005985
7.580251
19.832411
1.459541
16.624397
-8.324957
6.180154
6.153488
3.659712
1.191336
1.543935
1.730932
1.679725
-0.822972
-2.792346
-3.624676
-4.057083
0.058056
1.988125
1.062940
0.985884
2.896025
4.036462
5.286635
3.569669
-6.411227
-3.225969
-1.365999
-1.020032
0.637224
2.541480
-2.801037
11.698309
-10.630089
10.569689
-7.837018
8.447836
-7.690253
5.467390
-3.909149
-8.804993
-4.276097
-9.587013
-0.244124
-1.767016
-1.956517
-2.732634
-3.028410
-4.719987
-2.899061
-12.939872
3.111373
1.000573
-0.777289
0.491323
-18.612810
20.095459
-18.921085
19.016937
-10.120858
19.374372
-12.632660
13.346910
-4.420289
4.062072
2.662822
2.141883
1.108053
3.510641
-2.366461
1.513658
-1.182711
-0.597278
-0.253107
-3.646892
-15.138466
-7.955081
-9.375965
14.644213
-13.336687
18.402889
-18.780174
26.866331
-13.963497
17.971664
-2.075618
15.722107
6.634044
9.954887
3.434106
8.441745
2.233077
0.781730
-3.418103
-4.748205
-5.163709
-7.223535
-9.093377
-11.319548
-1.148815
-14.865547
15.013253
-19.851692
11.404320
-23.065344
16.823437
-16.945240
12.138049
-3.547144
10.667645
4.027779
-21.665264
-15.995379
15.764354
18.393906
7.364661
8.071496
6.402043
4.527227
1.407532
3.324354
-0.297814
-2.808410
-9.294058
-4.934188
-26.113310
14.911974
-24.911789
14.599217
-11.656284
14.443347
-5.141327
11.756802
6.549809
10.389640
7.430821
3.513664
7.480738
-5.251087
3.800299
-4.248434
-6.091864
-7.639754
-6.506473
-9.492836
-4.264586
-7.063715
3.232063
-13.768278
11.681184
-18.153471
11.838709
-18.178896
10.427947
-11.105907
8.071643
-1.623413
6.533776
1.803010
-23.623543
10.421329
8.552002
-0.702257
-4.426598
2.264325
-1.644037
-1.619639
-1.883262
-5.592625
-5.804401
-6.341411
-5.115800
7.814216
-17.142519
22.062931
-21.857903
26.415691
-13.212127
15.730422
-0.605472
8.956915
2.366310
5.877385
-0.373091
-1.958506
1.624390
0.058891
-1.349962
-1.282545
-3.240785
-8.939961
0.170432
-10.790446
8.007411
-15.047947
15.832858
-14.730237
16.561222
-13.570683
11.210545
-10.782274
6.459826
1.217023
5.880193
2.833849
2.508295
8.955991
1.441787
1.925973
0.592855
-0.164889
-1.805207
-2.858906
-10.992503
-4.814646
2.419415
-19.033266
21.846581
-14.441029
14.179285
-9.115151
11.527417
-6.083564
9.001389
-1.521093
3.401490
0.820572
-1.452973
2.765522
-4.932652
3.485040
-1.823119
-3.236643
-3.422331
-5.604375
-7.716856
-6.717365
11.000652
-13.404156
25.518309
-12.553373
20.909966
-11.449929
12.512556
-1.728503
3.684778
1.758554
2.204472
0.395328
-11.321921
-5.857129
-4.368232
-3.716558
-4.622350
-5.338614
-3.927042
-10.951329
-4.551235
-4.873583
10.265326
-10.940388
25.571119
-16.545486
18.632572
-10.296711
8.469888
-3.248414
2.751022
-0.718755
3.376696
-1.549699
5.315032
1.664295
0.113761
-1.573241
-2.689596
-1.251855
-5.807616
-3.789431
-6.767392
12.232403
-7.640176
13.905726
-3.536320
11.006644
5.119784
7.365095
2.219465
1.025604
3.396779
-1.471318
0.058798
-5.778807
-3.322216
-3.947903
-3.457783
-4.577421
-4.238434
-4.917639
-8.192142
6.587388
-6.423217
14.610912
-7.075487
14.436568
-2.957873
15.021058
-9.016415
8.265109
-2.174214
3.127691
2.006576
2.006828
-6.640181
-8.385089
-1.372739
-5.443977
-6.470805
-5.737600
-9.020620
-7.377090
-6.758425
-8.062503
14.802157
-11.532869
20.704487
-14.901967
25.125776
-8.402543
13.071630
-1.153962
5.549757
-0.005795
7.211715
-1.860490
-0.676234
-9.395270
0.436280
-4.016463
-5.058379
-3.324616
-9.427603
-6.040544
9.802825
-4.347915
17.928951
-3.085531
13.821369
-1.016221
13.284669
-6.089520
3.739801
0.742423
0.607879
-1.789437
-2.724944
-2.580176
-0.667842
-4.907925
-7.088123
-7.233640
-6.369465
-10.221053
-4.210882
-4.639148
12.301903
-4.356223
16.102591
1.762190
17.867933
-8.219098
10.050827
-7.236025
3.258376
2.710027
4.730932
6.922358
-15.607261
-15.109488
-15.189679
-9.873232
-7.758402
-6.358259
-6.468528
-6.173895
-3.953565
-1.944775
-0.001117
-0.006194
2.564984
1.766936
22.017395
-0.995279
24.968872
-1.178088
8.636011
-2.466852
3.764848
1.282003
1.217584
-4.127595
2.729436
-11.800372
-5.137907
-5.958941
-6.551403
-5.862232
-3.863353
-5.216699
-6.176542
-4.351840
2.963142
-1.382449
12.358915
1.863836
10.152636
5.370253
14.708287
2.266768
7.086192
5.075701
10.047740
-6.144384
10.219172
12.700193
-10.412555
-10.077132
-5.930268
-8.859007
-9.059848
-8.492201
-14.829682
-12.482976
2.703216
-3.042625
-4.054336
3.469364
13.339554
-4.595546
25.959520
-3.379484
10.770475
1.115572
6.235668
17.415035
3.698913
9.052091
2.505765
2.169696
-8.556534
-10.615233
-10.212252
-10.697349
-9.934781
-7.648231
-5.459565
-9.175953
-7.814901
-10.218819
-0.005079
0.438438
-0.000666
0.000016
0.000736
4.104384
2.370699
20.821833
-23.066654
17.236082
-18.117039
0.011575
-0.007091
5.709894
10.565475
2.800551
-0.260150
-0.589274
-0.207584
-3.357936
-1.865869
-4.854225
-8.252406
-2.267565
1.816772
-0.880633
0.728072
1.557404
2.257442
5.153631
15.024901
11.492233
-24.713285
-30.185184
-26.882450
-30.024691
1.429769
7.588834
9.357461
-7.284701
-7.070688
2.584392
1.275828
4.405881
4.406209
-0.099622
4.792814
17.404524
9.027525
5.334342
-2.774554
0.899541
0.995675
0.954810
0.777948
0.202200
-2.308021
-6.675023
-5.904965
-6.854364
-3.752169
-1.475896
-3.891742
-3.549573
-4.567125
-4.064672
-2.937264
-4.297010
6.394327
11.673750
5.788447
-2.473157
-8.683954
-7.858255
-10.212264
-8.306861
-4.681295
-3.371164
-9.669144
3.619980
-4.559473
-1.915643
-14.641710
-23.028307
0.796338
0.383734
2.202698
3.743839
-13.504335
0.021649
0.017407
1.473652
-3.956431
-3.824627
-2.928373
-20.054359
-28.320391
-30.138905
17.115227
29.007153
8.714325
0.351964
-6.513469
-15.331800
-21.467703
-19.286722
-0.048634
-0.023121
-0.022371
-0.021687
-0.008714
-0.000406
0.119402
1.054557
0.869855
-0.338269
-0.143974
-0.818291
-0.622575
-0.685164
-1.017522
-0.906058
0.050498
1.452047
0.437874
-1.958139
-4.795059
-12.070797
-28.208015
-28.337908
0.239889
-0.021029
0.004231
-0.003345
0.027376
-0.003370
4.765237
9.296275
6.428356
20.744719
-2.324861
16.185360
-3.435188
13.741717
-5.136666
13.592892
-12.171514
17.889763
-23.309080
-0.183377
-3.971390
-2.418843
1.949783
2.028321
5.318760
-12.186316
7.946881
-11.241147
-12.411786
-12.045432
-9.496471
-4.898841
0.744092
5.229642
25.149967
30.039261
29.350304
10.237408
9.498134
11.038628
6.025739
-0.679548
-2.882952
-5.234010
-6.140978
-6.296757
-6.763153
-10.198969
-12.185616
-12.210732
-10.400949
-9.331923
-7.853862
-5.933246
-3.826887
-1.182302
1.425081
3.671796
5.688667
8.176454
12.721214
26.536684
20.083168
13.974895
6.533267
0.719074
-3.147194
-16.003050
2.180820
-0.886257
-3.481087
-2.868379
0.261264
5.051569
8.169792
7.834909
4.634447
-0.097454
-5.229182
-7.618792
-9.031890
-10.010275
-10.909200
-4.788324
-0.877885
1.238472
3.921009
3.951867
6.224884
-3.909952
4.883163
-12.982294
-10.461599
-23.225601
-7.172101
-16.916265
-0.634058
-16.159422
7.692533
6.811701
7.826574
-2.195189
1.639483
-2.358568
3.324899
5.678495
5.802433
4.180691
4.307376
4.030478
11.373747
10.255179
2.241833
4.036415
-0.239035
-2.710526
-4.433428
-5.149068
-10.382399
-14.800502
-13.758355
-11.039514
-20.877132
4.248634
3.277892
0.993169
0.579199
-0.874216
-2.113431
-10.059669
-9.413794
0.042881
-0.451545
-0.568737
0.903353
1.794133
2.076025
1.669462
2.093727
2.640167
2.613882
2.984577
3.984770
3.897483
4.327226
2.441195
-0.724551
-1.577131
-0.961984
-0.486153
1.152734
-0.336705
10.005934
-11.639194
15.642484
-10.445608
11.438553
-5.970253
10.667482
-3.387711
4.088904
-3.000072
1.199908
0.920186
-5.085970
3.179278
-3.150925
-3.416495
-3.684327
-5.098825
-6.094895
-8.047189
-10.477560
-3.949559
7.001628
0.871284
16.110060
-16.838182
13.052885
-21.730137
4.831285
-27.195436
17.465466
-29.185408
-4.049526
-19.708239
16.466307
19.712767
19.903988
-0.807705
-1.309038
3.811274
-0.039188
3.473293
8.125629
0.875818
0.751690
1.035304
0.167636
-8.465870
-4.030938
10.210320
-10.123419
13.625695
-7.128029
14.000958
-4.204329
9.488008
-3.924488
3.158545
-9.231112
-0.665394
-12.348105
0.530591
-0.774665
2.433637
3.559251
1.306752
2.789187
5.297157
-0.831015
3.039546
-7.716810
-4.512782
12.204412
-11.770547
18.120644
-1.243677
11.031187
-0.465768
6.567658
-0.419091
1.964128
-3.587691
3.782333
-7.865531
0.363511
5.070295
-1.997113
-3.489558
-3.813185
-4.612787
-10.935121
-11.037699
0.645405
-14.389710
11.598969
-10.379519
14.884539
-8.749807
16.055174
-19.823696
14.401967
-10.143408
10.367016
-3.138362
2.894082
-2.481670
6.214043
-2.540659
8.470952
6.965053
3.529374
1.395513
1.582174
1.518022
-0.441971
-3.911352
-12.841659
-13.498832
-1.572357
7.740559
-10.138076
12.158064
-8.046824
10.238966
-10.758943
7.533820
-1.398261
3.505101
5.588514
3.296645
6.327527
2.948735
5.434103
1.774234
-0.118603
-1.476961
-3.350930
-2.928835
-4.498047
-9.027735
1.673170
-8.494430
11.196273
-15.963425
12.870491
-9.261424
8.895179
-6.174420
5.152788
-0.655293
2.192316
-0.557159
4.682802
0.115225
1.518316
-6.638835
-2.417011
-3.261262
-3.444874
-4.200078
-8.825149
-6.163508
-3.805480
-2.597932
6.714127
-6.634185
22.811134
-18.491665
19.688101
-10.974801
11.462892
-3.090916
3.143373
-1.963417
4.704870
-4.668083
-3.120676
2.723808
-1.015108
-1.863429
-1.463807
-1.928330
-3.952077
5.731309
-17.244225
16.222406
-19.590427
26.787254
-16.274366
20.345276
-10.080048
10.273960
-0.880906
6.738770
0.243816
6.072390
-1.492503
-2.820771
4.287801
-1.967388
-2.945432
-2.927744
-4.199349
-5.628052
-9.423818
6.651479
-15.875571
26.467590
-13.967543
24.062017
-10.799666
14.394127
-2.603708
4.617101
2.775451
1.156434
4.483914
0.952653
1.651426
-1.759649
-2.578569
-4.348103
-4.263124
-5.282383
-10.290234
7.493211
-6.014310
14.950844
-8.742650
13.183609
-7.250893
12.363442
-9.635560
6.280945
-3.337435
2.860170
-1.253795
3.306468
-10.589426
1.647119
-0.998913
-2.351429
-4.009864
-3.244302
-6.317035
-7.122762
4.789029
-6.826132
14.608383
-6.080236
10.171998
-2.509357
11.466542
-3.443681
9.045325
-0.653540
2.818612
0.473119
-0.352153
-2.532048
-0.087147
-3.726101
-3.976217
-4.685507
-3.733845
-3.429373
-7.878211
-6.809361
-5.050282
11.966723
-4.351329
12.783485
1.472953
14.497108
-11.469349
10.449224
-11.210867
0.430908
-5.274632
3.310405
2.445030
0.583807
-5.807006
4.623686
-4.967881
-6.398397
-6.012348
-8.291981
-6.923181
4.935107
-7.018593
12.744238
-7.410937
14.663815
-2.472153
16.826117
-7.070807
10.740734
-4.335829
2.317378
-1.200534
5.397712
0.202980
7.494792
-8.465905
-5.275246
-6.099539
-6.825314
-5.720152
-7.364452
-7.268789
3.795571
-3.146337
12.291621
-1.671583
9.633801
1.952455
11.600924
5.136304
3.791552
1.737361
3.566200
-0.346046
-0.995464
0.925143
4.281422
-3.446341
-3.155258
-3.965838
-3.987556
-2.665254
-4.999226
2.085023
4.766539
-4.901630
15.365557
-3.293435
13.723812
-3.561553
14.768562
-4.044103
8.191384
0.262835
3.419567
1.867269
-0.392191
0.933008
-2.715312
-9.675222
-7.949122
-9.575041
-8.982115
-8.169541
-7.335004
-5.258470
6.534145
-0.327259
14.180681
-3.664002
11.621729
-1.619637
7.596602
-7.129198
-1.690359
-9.684103
11.336837
9.533299
-3.193335
-2.600769
-7.157559
1.567220
2.254625
3.624271
-6.513546
-7.145264
-7.683836
-6.712821
-3.112320
-2.353904
-3.494102
-4.798117
6.719790
0.350732
16.808472
3.013417
9.180066
6.894974
20.888990
5.099766
13.541197
-1.505158
-3.430660
-7.110002
-4.994140
-6.980602
-4.053068
-5.797477
-3.401417
0.608222
3.926642
2.037017
0.165113
-0.657022
-1.159826
-1.559626
-0.763870
-0.103092
0.125833
1.372049
2.035486
1.505311
0.276667
-1.025795
-1.552315
-1.251768
-1.253992
-0.302333
0.087467
-4.591209
-2.733829
1.428573
-0.013454
3.628705
0.328033
6.215019
-6.253446
10.479291
-8.980034
11.228526
-7.838025
10.793351
-9.011996
0.850193
-0.963679
-2.036831
-1.461876
-5.702477
-1.095616
-1.768629
-2.094408
-1.909300
-1.109046
-0.456033
0.276908
0.637720
0.001598
-13.097630
-4.477581
-9.048413
7.551271
-8.695615
14.205853
-4.699236
10.601099
-2.053960
13.321014
1.419997
8.423950
-2.685426
2.106576
-7.589423
0.332093
-2.993329
-0.785849
-4.457798
-3.646973
-1.880801
-3.137008
-0.921814
-5.878206
-0.706258
4.225293
-11.152308
15.729601
-12.235808
14.412155
-10.180640
19.076792
-9.445276
9.684523
-6.024513
4.386596
-7.691932
-10.894548
-5.832753
-0.428165
4.503490
-4.196282
3.829859
3.166901
2.206605
1.859697
0.702550
2.807245
-7.802153
-4.005954
-7.545380
10.681873
-15.593113
13.914621
-12.888318
18.169926
-11.643783
13.191369
-7.925732
9.571794
-0.912970
1.492445
0.246298
9.106485
2.933541
-4.411734
-4.490945
-1.505106
-2.599858
-3.527188
-6.445728
-10.635822
-4.940223
21.372715
-15.254791
18.405727
-17.416964
10.247970
-17.403469
9.651786
-11.088573
-5.797348
-16.700607
-10.697111
6.656134
3.237434
2.054589
0.520238
1.693301
1.535980
-0.038023
0.948254
-3.062056
0.355414
5.136434
-10.661091
13.300491
-9.088640
20.641739
-6.506117
22.039490
-8.490186
16.158484
-4.922214
6.315995
-6.970054
-5.427229
-7.454595
-0.675029
3.058097
-1.394107
5.825433
3.658963
2.491805
1.356576
0.982662
-1.832625
0.125843
-8.439712
-7.382103
-6.601920
2.039577
-15.508018
13.572474
-10.251052
17.474199
-13.052560
15.023938
-11.394153
10.910936
-5.326215
5.364965
-4.465746
-0.257217
5.309073
12.252522
0.086965
4.593596
1.133366
0.035218
-0.543611
-1.069310
-3.618635
-10.513743
-14.033347
9.396113
-5.292190
12.309728
-12.441398
13.626732
-21.214121
9.661030
-13.382206
9.952123
-7.967015
11.257047
-2.979574
1.382172
-1.548418
6.860709
-5.130914
-4.414127
3.308826
7.447245
5.470588
6.590723
7.914642
2.050699
-10.448510
-2.091998
-22.934116
17.600500
-27.692616
20.152996
-13.554466
20.277882
-11.689346
14.155707
-4.503932
15.896422
9.628526
11.367921
-22.423283
10.744680
12.666657
12.539767
8.331456
4.247690
0.960675
-0.517962
-4.386821
-11.969545
0.988921
-15.999798
6.294632
-19.782362
4.508505
-12.609829
2.589544
-5.573309
3.522268
-0.154979
3.478963
-2.659839
2.708417
6.392572
12.758185
1.231963
8.184575
5.266146
-1.615377
-3.063587
-5.231764
-7.513506
-5.149086
5.925972
-8.852487
13.334858
-19.945702
10.823634
-22.718504
2.358117
-11.238539
-5.885286
-12.312755
1.959556
-9.357596
-2.859921
4.477694
13.677796
-3.175545
-4.886803
-0.253408
4.274210
-0.378335
0.343575
-0.770475
-7.637356
-0.317850
-4.639764
-0.139397
1.378481
3.049346
2.001501
10.843705
6.060683
7.796847
-2.190065
11.093324
-3.252816
12.038620
-1.189654
3.964619
-1.319435
10.939409
-3.122692
9.226709
2.499041
-2.288452
-4.162572
-4.628514
-8.840383
-1.535250
4.712864
3.537960
-1.983124
1.475116
0.920246
0.407276
0.501183
0.449498
0.465721
0.458984
0.084731
-0.439357
0.166323
2.313789
3.203366
2.393546
3.080442
1.215558
0.591808
0.298992
0.360899
-1.288467
-2.087396
-2.619433
-4.733688
-1.051667
-1.246552
1.404251
-2.791568
4.376170
-4.428513
11.164212
-11.323752
9.746995
-8.682166
15.426866
-9.447360
-3.799982
23.198748
-16.040186
-0.736220
-3.114214
-6.117475
-8.860189
-6.704697
-0.735783
-4.910434
4.391197
-12.049746
-12.720797
-11.821295
-8.837588
-3.391143
-1.398830
-2.668619
-1.665449
-3.728795
-4.412127
20.066608
30.101358
8.814655
6.437886
4.460047
-4.506248
-8.950229
-0.339643
-2.173525
-1.901614
-1.639106
-2.274097
0.340238
0.810840
1.304913
1.905794
2.437717
2.839255
2.810450
2.931377
2.206959
1.323305
-0.052671
0.353661
1.070599
1.102275
1.365701
0.295552
0.592191
-0.492027
3.582839
3.959537
1.657038
6.739704
-2.717549
17.265865
-8.752354
11.383667
-5.713740
10.942848
-6.883827
4.593349
3.107071
-1.876421
13.458515
-2.935549
-0.414620
-1.101680
-0.668587
-0.886347
-0.590429
-1.611928
-1.006813
-5.243925
-14.154776
-2.799433
-2.770050
-7.373645
-5.917171
-8.872666
13.691997
-20.294121
18.242409
-12.733139
17.341202
-9.469856
8.855246
2.506907
5.925845
4.713409
6.027385
1.953111
6.902005
9.004391
4.953253
2.600795
0.989123
-1.081936
-9.815228
-5.451351
-0.585415
-7.178839
4.414083
-10.213243
-1.879156
-12.167703
-2.331901
-5.528061
-0.394788
0.123715
1.385226
0.870283
5.592621
5.218295
11.689780
16.744024
1.968425
-3.204362
-4.266869
-5.654472
-6.331925
-8.106587
-4.984309
10.386815
-5.185441
13.895005
-18.111532
7.806795
-25.864843
9.129632
-17.878933
-8.159349
-21.998297
-8.161014
-13.865330
-8.287651
-0.001072
10.903753
10.706606
7.232300
-8.936489
-8.473441
1.488350
2.718651
2.346402
3.266984
0.989370
2.425041
3.722454
6.230555
-3.672470
4.704994
-0.926294
7.799127
-0.674670
3.611344
10.042067
24.224766
-14.312062
20.732801
17.179590
12.619621
-16.889914
-10.710686
-16.623316
-18.150337
-19.989189
-22.272926
-23.500456
-0.429208
-2.566289
-2.324395
-2.846612
-0.775923
-2.063344
-3.522550
-4.433502
-5.068340
-5.264799
-4.262355
-3.629159
-3.784009
-2.679964
-2.755324
-3.511254
-4.109396
-6.121900
-7.486659
-7.798782
8.516817
16.966394
10.230927
11.263626
-0.193816
-2.627171
-12.233031
-10.427649
-15.593421
13.288652
-18.807222
13.050797
-7.555965
12.099586
0.908972
7.174247
-1.888563
-6.834174
-1.460208
1.139818
-0.084252
0.127020
1.798463
-0.011388
3.476513
0.279693
1.597923
-0.643943
1.237720
4.389272
2.708009
-17.438236
-26.836018
-16.052135
-6.661749
16.542608
25.221968
9.195889
-6.870032
-6.895247
-6.236701
-3.545996
-2.739888
-2.230397
-1.287095
-8.236115
-7.043813
-5.320601
-4.342929
-1.269073
-0.771542
-0.712883
-0.667495
-0.501335
-0.369379
-0.586710
-0.912759
-1.090879
-1.500337
-1.734660
-3.692642
-6.324994
-8.365856
-9.193954
-9.210797
-12.207383
2.831914
4.744629
1.946530
-1.279891
4.771192
6.237442
13.355630
8.389805
19.113653
-6.732235
23.548698
-12.389989
18.839394
-14.304558
3.328277
0.890339
-29.761496
-6.982209
-3.951333
-1.876967
1.518472
4.393379
-13.865414
-13.533307
-2.816633
14.574158
-4.315640
-4.217488
-2.921074
-3.228168
1.359045
0.833595
2.504759
3.994056
5.156153
4.309802
2.433662
1.130252
1.562079
5.422976
5.667640
2.214101
0.053152
-0.325733
-1.830866
-1.574819
-1.427833
-1.221654
-9.365499
-6.191632
0.498807
1.168632
2.472593
2.600254
2.011823
7.791831
-6.910105
10.632862
-9.045647
16.840170
-7.198889
-15.546262
-9.411430
-8.379194
-6.874065
-7.008593
-7.022604
-5.830449
-5.683978
-7.391665
5.141065
3.721513
1.601632
-0.635811
-0.028720
-1.657290
-5.651962
-6.571016
-4.438354
-3.330364
-0.691326
0.434088
0.491568
0.094357
-0.323616
-0.801155
-1.379504
-1.931370
-2.310914
-2.770885
-3.343086
-2.076072
-1.937855
-2.258792
-3.063244
-3.951815
0.316014
-0.002231
-0.536199
-17.647442
-30.113110
-28.029518
0.271332
28.076141
29.746052
0.358829
-0.375824
-1.355120
-2.105776
-1.899269
-1.620856
-0.963826
0.782129
0.394702
4.263265
3.809438
0.733139
-0.387102
-4.945694
-7.472862
-10.120715
-11.124114
-8.410072
-6.119634
-5.005147
-4.179765
-5.081931
-7.497242
-10.282622
-13.104743
0.374078
0.423718
-1.639135
-1.593073
-22.453337
-30.160807
-30.194134
5.508236
24.459267
28.191198
3.775837
2.755924
-0.938802
-5.405116
-3.769276
-14.274034
-18.524843
-0.905507
9.904790
27.359488
29.028175
28.912933
25.488197
19.654242
-2.389011
-3.920734
-4.523028
-3.217525
-5.121798
-7.236575
-10.133132
-0.855675
-3.866418
-3.670292
-18.266489
-30.069546
-30.081635
24.369492
29.625378
0.419150
-0.339201
-0.482922
-1.286974
-3.356191
1.836191
2.629360
3.306253
3.646315
3.142665
2.962772
3.348835
2.860015
2.389922
3.151236
3.812212
2.316937
2.301526
0.575186
0.116192
-14.074512
2.691461
-2.570666
7.387568
-4.486500
9.751984
-8.604274
7.272723
-6.590092
10.709423
-8.584443
15.290849
-15.829402
20.964478
0.610465
2.411677
-11.726205
-0.214157
-24.569208
2.291785
-0.750389
1.691470
0.762481
3.338840
3.895379
1.013037
-2.102700
-7.514383
-3.343981
-12.661596
12.566824
14.914054
11.123506
-2.040416
-12.866308
-18.626287
-16.813290
-17.384863
-14.489767
-15.016765
-13.852633
0.240424
1.272731
0.932957
-17.747862
-30.007542
-30.167015
0.174384
27.643555
-11.088975
-5.169011
-3.881883
-4.521894
-3.967427
-5.795179
1.858106
0.373941
1.929557
1.762209
-18.288673
-30.148603
-11.438024
-10.041118
0.928619
8.911175
12.647549
13.809011
11.435372
-0.028008
-1.182001
-0.778010
-18.126915
-30.132366
-11.469663
1.467144
20.318949
29.590912
23.574627
-0.530238
-1.879290
-2.787103
0.378606
7.499294
8.741766
-0.296104
-2.139535
-1.683588
-2.503547
1.134335
0.524373
0.827438
0.472837
0.133193
0.920123
2.241030
1.934874
0.026704
-1.184015
-2.080387
-1.640758
-2.082771
-1.263896
-1.782677
-6.465077
-3.075170
-0.376200
3.033982
7.257832
-3.406523
15.841663
-8.801435
14.414414
-8.645288
15.381332
-9.574596
14.691445
-14.111637
12.527112
7.167321
-2.366144
-10.578693
-8.879048
-8.684600
-8.653125
-6.262039
-8.053794
-6.417864
-9.394695
-9.140593
-6.605917
-3.507712
26.295092
-11.960429
-13.373199
-13.675332
-22.553247
-26.228222
7.872839
32.106552
30.101660
30.088108
29.089357
29.474463
18.849634
0.573942
-1.395715
-7.529255
-10.164209
-14.884761
-7.108395
-10.734186
-14.117863
-11.050427
-9.905869
0.288351
0.278743
0.077770
0.079696
0.160793
0.059538
0.248639
0.042807
0.006380
-0.420874
-1.786726
-1.518578
-17.315041
-10.553699
-18.266211
-30.143547
-0.018765
5.991911
8.263071
-10.591639
0.626203
0.277892
-0.174395
0.175274
0.418470
-0.421744
-0.554014
-18.509153
-30.190432
-8.662674
5.360301
9.522701
12.525933
13.433862
13.813866
12.885821
10.519227
4.136286
3.750540
2.710750
-0.234259
-1.500309
-1.724785
-18.825642
-30.208382
-11.981993
9.063084
0.928176
0.929633
-5.393394
-8.280742
0.306130
0.485489
0.425443
0.375500
0.399453
0.435754
0.517767
0.538160
0.962609
0.305848
-1.387907
-4.253510
-4.041789
-3.975069
-2.559420
-1.394765
1.888194
-0.465326
-1.043187
2.877087
5.129740
6.917849
4.082180
12.909817
-10.962214
17.002274
-7.582140
13.155135
-9.350729
8.846829
-11.568336
6.326173
-3.302942
2.877912
-9.982294
-6.990675
-4.469168
-5.483139
-4.572508
-4.809967
-3.516992
-4.399017
-3.265495
0.570923
-1.517550
17.417519
-5.815980
16.002934
-4.863398
3.664636
-19.016157
17.305929
-12.340981
-15.657503
-12.364280
-9.635292
-4.833861
-1.342026
3.941503
2.740406
2.287574
4.145265
3.889176
3.849681
1.956220
-0.867410
-3.701497
-6.212877
-8.887106
-10.804029
-12.585113
-11.962305
-0.808672
5.046189
-1.028615
9.693122
10.472556
16.737967
11.091032
18.104233
14.242714
19.566891
5.078580
14.213330
2.451010
9.206757
-0.989957
4.223888
-4.424982
-0.041715
-8.027037
3.500587
-4.518264
-2.975622
-0.635082
-1.723045
-2.214495
-0.408007
-0.956618
-24.282892
13.562053
-25.539173
3.205907
3.179297
1.640792
-17.116133
-20.439789
-30.152561
-10.385350
29.523317
29.165686
11.071714
-9.955174
-2.595768
-8.550218
-8.482283
-1.460503
-0.831258
-0.357368
0.758316
2.064279
1.800468
1.552647
1.150208
1.908229
4.573529
5.225519
2.794995
1.098801
0.662969
-0.947176
-9.328526
-11.955304
-8.501160
-5.342571
-3.568094
-2.180323
-0.842134
-0.058056
-2.860600
-6.264098
0.906948
4.500442
-0.673659
2.883636
-2.024706
2.763425
-1.652046
3.194651
1.383622
1.074370
5.183092
15.018452
7.843603
15.050815
-5.954536
11.214647
8.224381
4.892965
2.508046
0.366353
-1.548353
-4.592037
-7.307755
-10.180968
-9.042563
-7.630747
-6.757439
-2.416157
-3.278356
-2.604843
-3.251669
-3.195841
-3.363606
-3.131315
10.547900
17.853315
9.707465
11.318005
-1.781866
7.450011
-8.591216
-8.515716
-21.955456
9.839280
-25.877373
20.056656
-26.265068
15.399891
-1.877385
5.063018
4.311835
-5.219128
5.937453
6.329990
6.173878
5.957730
6.899134
-8.104017
5.354057
-2.333354
18.814499
-11.953866
18.492678
-20.031166
14.377225
11.368607
8.299497
4.965936
-6.138972
1.057315
0.733902
1.069362
1.303359
1.239041
-1.346142
-2.448058
-2.406980
1.383731
4.949007
1.228710
-0.139969
-0.259233
-0.378338
0.695581
-0.582110
-3.668441
2.806162
4.497959
-0.943386
-2.058816
-8.014655
-6.049492
-13.161146
1.513195
-13.197853
3.781877
-10.516944
3.652556
-10.741779
5.514257
-6.121712
-5.855985
-1.602954
5.048288
1.032352
-0.644028
1.165344
2.252867
3.027549
0.782852
-2.129570
-8.023793
-5.122880
-2.851264
14.461990
-2.826628
15.488195
-9.822135
13.350146
-10.840014
14.321803
-20.043394
11.555790
-11.132623
-4.913883
2.329882
-28.858625
-30.120287
0.029212
10.091924
4.430918
14.405219
14.819558
11.975954
2.256208
2.063143
-0.942038
-1.407090
-5.062461
-4.416550
12.771532
0.687985
16.389755
-11.828807
19.731918
-26.667967
6.788354
-29.957617
10.445763
-19.981392
15.296436
-7.207435
12.274039
-14.987187
-16.752174
-16.503870
-10.088332
-4.877239
-1.777436
0.896450
3.742881
3.375290
4.604952
5.047673
4.063877
2.846838
2.045475
1.481436
1.197548
0.535703
1.741713
2.379461
1.347525
-4.012761
7.946073
28.886353
1.524851
-27.185150
-32.488300
-26.278685
-8.352920
-4.438804
5.563957
14.901372
1.785275
5.365903
8.376028
10.376701
10.325414
10.291773
10.368129
9.929026
9.506739
0.554421
3.937913
3.714573
-17.401384
-30.168859
-16.150005
-19.797678
0.871827
3.070031
-5.366906
-6.244477
-2.170041
0.208930
0.359882
1.197050
2.479061
2.103355
1.548679
-1.012853
-3.365268
-3.836916
-3.486666
-6.294543
-7.104023
-10.625174
-7.594895
-2.711961
-0.045829
6.114394
6.021189
8.411077
5.859543
10.383606
-4.951013
13.729160
-5.513060
13.197421
-6.391638
13.613095
-0.211626
-0.253574
2.692021
1.559837
-10.406006
-8.002241
-4.464797
-4.632250
-4.450489
-4.454147
-4.022084
-2.852497
-0.498562
-0.474316
0.429388
-0.657500
-1.129639
-2.389014
1.845332
3.431240
3.778285
-0.390508
12.056826
-18.529226
16.881922
-15.164145
18.233002
-12.620543
18.662266
-21.870081
23.281891
-27.368454
-13.077882
-16.327311
1.228235
1.797529
1.104431
-17.914511
-30.134529
-30.151554
0.093012
31.404228
29.478817
11.808535
11.402492
12.855327
10.899453
9.883224
7.722919
0.635825
3.757211
3.245829
-0.249713
1.932317
1.394574
0.784552
0.149793
-1.677712
-3.496399
-3.597653
-1.314785
0.489051
1.972348
2.975064
2.736463
1.737806
0.931133
-1.979865
-3.880983
-3.787935
-5.871077
-5.376204
-6.328034
-4.922311
-4.998388
-3.736134
-4.153155
-2.389182
-2.129042
0.861884
2.753251
5.166548
4.971749
7.553365
-2.904778
-0.580335
-1.765814
-1.474957
0.580997
0.414131
-0.356190
-1.108280
-0.964432
-0.625683
-1.618753
-0.426279
0.111284
0.573164
3.021749
5.696816
5.649157
5.551604
5.490028
-8.013078
-3.453619
3.944274
9.025846
3.181895
16.297443
-4.374201
15.934310
-3.104177
9.317327
-1.622458
-4.186329
-3.544962
-4.249667
-14.531695
-21.804176
-21.491098
-1.413301
29.906572
29.440607
30.099535
22.595390
-0.192901
-1.264385
-1.120545
-1.549244
-2.291718
0.602894
0.277003
-0.051495
-0.179651
-0.282522
0.050814
0.366248
0.582482
0.836488
1.278537
1.630611
0.577280
-1.136031
0.717882
2.624480
4.137633
4.388103
3.525861
-5.838067
-0.542244
1.852044
0.348728
4.014596
-3.738759
12.034574
-8.128750
10.688477
-7.603050
12.936357
-11.953285
10.627245
17.412676
-8.366010
-8.852296
-9.680326
-8.957562
-9.429782
-9.436979
-18.447203
-5.632741
-9.113671
-0.728882
-11.174873
-12.719518
-10.063486
-7.566257
-1.608337
3.978451
3.051372
-4.232109
-4.022636
-11.009284
-22.468699
-2.257004
28.947674
1.059533
8.125639
0.637488
2.266842
2.111390
0.398279
0.622009
-0.258080
-1.201528
-1.709473
-1.042522
-0.013575
-0.320261
-2.053482
-1.509138
-0.477361
0.315082
1.061810
0.983443
0.801047
-3.584311
-0.057260
1.675403
1.103065
2.892787
-5.384439
10.750461
-11.114084
11.166573
-12.236585
11.722862
-9.866637
0.932175
-0.313557
-2.854990
-4.772630
2.133061
-0.957485
-0.023602
-0.977892
-5.352604
-6.471354
-3.963176
1.749097
-2.992630
17.662451
-22.227287
26.471586
-24.715549
26.186775
-26.411640
17.152279
-16.626476
9.160394
7.294293
4.298923
-3.229386
-3.377703
-7.722126
-12.824278
-11.704267
-10.322050
-12.599944
-10.927059
-15.075124
-18.796577
4.054296
-0.626351
-1.753732
-1.631229
-17.313576
-29.273310
-9.171947
7.973725
28.833757
29.518057
21.301695
-1.093450
-2.199559
-0.323193
-1.230128
-6.506535
-0.153899
-5.142258
-4.279401
-21.547548
-30.145325
-30.149986
18.098764
29.196697
29.152206
-7.497780
-6.752661
-6.629807
-8.226291
-6.362674
-4.702131
-2.312382
0.288793
1.503454
1.278490
0.457563
-0.577267
-4.643248
-3.944750
-18.062010
-29.774078
-5.444690
5.932675
29.536947
29.128424
20.727318
10.445576
-0.415932
-0.587807
-7.038674
-5.529552
-4.715135
-0.405447
3.164779
3.264503
0.706636
0.651073
0.830787
1.256985
0.513988
1.118461
2.274182
2.389702
0.499202
-2.232161
-4.851206
-6.334275
-7.109293
-7.367863
-7.718317
-0.193085
4.324629
7.774068
6.878559
11.103307
-1.226478
15.679606
-4.724558
14.852435
-6.536356
15.417841
-11.610169
16.368921
1.947977
1.528823
2.617482
-10.374804
-7.707830
-8.647247
-6.585173
-7.298139
-6.533424
-5.480126
-2.444681
-24.679451
-2.170975
-4.093712
7.094707
-9.122937
14.845970
-3.125926
21.132160
-1.890971
21.957726
-9.643230
18.577719
-5.794511
15.011143
0.922807
4.578274
12.136049
8.062528
7.362210
4.609365
0.262205
-3.817898
-4.693033
-4.123476
-9.613102
-2.149400
-11.265148
5.681256
-9.595700
-10.887581
-11.089362
-25.701574
-30.185347
8.093910
26.018005
30.208273
28.746572
0.578914
-9.273725
-13.320155
-12.137888
-9.969617
-6.886868
-6.569667
-5.647100
-0.774796
0.431673
1.536440
3.816373
6.172134
6.057339
7.073264
-0.586635
3.642662
0.514161
-0.464316
-1.452110
1.944693
1.234427
-1.667801
-5.606960
-8.396440
-10.273195
-7.754105
-4.559967
-0.184400
1.228346
0.042204
0.678887
1.199901
1.466324
0.669136
1.539592
1.972719
-2.310805
0.017664
2.286526
6.261299
0.210501
8.592501
-0.314280
9.095708
0.089928
8.389679
-1.465280
7.766135
-2.746653
2.650253
-2.405216
-5.994145
-5.711827
-8.810638
-8.813415
-11.658110
-8.180469
-11.196454
-3.612163
-7.610381
-4.235211
-6.698812
-4.493134
-5.936150
5.833959
10.617946
8.910811
4.829702
1.827340
-0.016558
-2.155467
-3.797698
-4.799189
-4.779047
-2.212555
-1.201856
-0.948095
-1.762392
-6.085245
-7.774627
-9.573942
-9.125260
-8.620889
-9.939790
-8.303581
14.583389
9.246363
0.911112
-2.102597
-11.445704
-18.076065
-9.371514
-22.219952
10.338740
-0.002094
0.000518
0.101214
-5.591130
-5.766653
-6.050880
-5.843926
-5.594892
-0.696348
-2.140450
-4.095340
-5.869823
-6.920176
-7.051093
-5.968198
-5.041346
-3.086440
-1.947556
-1.492483
-0.902807
-0.136495
1.237820
1.760938
4.135119
0.847884
4.561617
2.312733
-5.724527
-5.409684
-8.216795
-11.579686
-13.414934
-12.803652
-12.704080
-12.152891
-11.600925
0.716340
0.279350
0.310430
0.342404
0.282935
-0.158996
-3.417620
-2.984401
-17.864630
-28.862923
-30.195284
7.892569
8.445011
16.298761
0.613112
