-0.000000
-0.000001
-0.000003
-0.000003
0.000002
0.000011
0.000015
0.000007
-0.000002
0.000011
0.000049
0.000052
0.000002
0.000038
0.000078
0.000100
0.000042
0.000038
0.000126
0.000377
0.000656
0.000917
0.001022
0.001016
0.001107
0.001241
0.001279
0.001205
0.001077
-0.000002
-0.000021
-0.000041
-0.000055
-0.000076
-0.000096
-0.000033
0.000107
0.000000
0.000012
0.000018
0.000012
-0.000053
-0.000134
-0.000212
-0.000335
-0.000524
-0.000777
-0.001032
-0.001363
-0.001724
-0.002018
-0.002119
-0.001891
-0.001478
-0.001021
-0.000674
-0.000430
-0.000255
-0.000047
0.000166
0.000329
0.000546
0.000851
0.001244
0.001658
0.001971
0.002244
0.002562
0.003012
0.003511
0.003894
0.004128
0.004275
0.004430
0.004570
0.004385
0.003026
0.001567
-0.000013
-0.001695
-0.003298
-0.004729
-0.005868
-0.006860
-0.007799
-0.009139
-0.010572
-0.012313
-0.013350
-0.014232
-0.015023
-0.015916
-0.016537
-0.017073
-0.017458
-0.018051
-0.018650
-0.019475
-0.020365
-0.021375
-0.022599
-0.023614
-0.024178
-0.024267
-0.024425
-0.024776
-0.025431
-0.025820
-0.026286
-0.026645
-0.027171
-0.027807
-0.028367
-0.028626
-0.028959
-0.029279
-0.030142
-0.031116
-0.032204
-0.033162
-0.034060
-0.035165
-0.036233
-0.037239
-0.037872
-0.038439
-0.038936
-0.039467
-0.039956
-0.040503
-0.041011
-0.041452
-0.041929
-0.042082
-0.042167
-0.041991
-0.042368
-0.042773
-0.043248
-0.043767
-0.044652
-0.045888
-0.047469
-0.049077
-0.050428
-0.051300
-0.052214
-0.053131
-0.054176
-0.055030
-0.055894
-0.056557
-0.057307
-0.057936
-0.058601
-0.058817
-0.058934
-0.058915
-0.059597
-0.060297
-0.061152
-0.062089
-0.063344
-0.064932
-0.066572
-0.067950
-0.068747
-0.069318
-0.069702
-0.070106
-0.070667
-0.071287
-0.071985
-0.072551
-0.073079
-0.073501
-0.073973
-0.074143
-0.074467
-0.075273
-0.076293
-0.077279
-0.078661
-0.080203
-0.081949
-0.083863
-0.085690
-0.086954
-0.087715
-0.088386
-0.089004
-0.089666
-0.090325
-0.090820
-0.091325
-0.091821
-0.092260
-0.092318
-0.092004
-0.091402
-0.091620
-0.091773
-0.091894
-0.092083
-0.092568
-0.093437
-0.094193
-0.094666
-0.094634
-0.094183
-0.093532
-0.092923
-0.092304
-0.091860
-0.091468
-0.090975
-0.090390
-0.089564
-0.088767
-0.087820
-0.086981
-0.086126
-0.085376
-0.085258
-0.085666
-0.086250
-0.086784
-0.087574
-0.088535
-0.089546
-0.090039
-0.090398
-0.090719
-0.091146
-0.091473
-0.091638
-0.091447
-0.091275
-0.090982
-0.090684
-0.090002
-0.089331
-0.088570
-0.088088
-0.087939
-0.088069
-0.088358
-0.088653
-0.089061
-0.089577
-0.089886
-0.089620
-0.088905
-0.087923
-0.087085
-0.086281
-0.085483
-0.084668
-0.083639
-0.082621
-0.081466
-0.080475
-0.079273
-0.078034
-0.076806
-0.076199
-0.075461
-0.074867
-0.074413
-0.074374
-0.074431
-0.074390
-0.074455
-0.074037
-0.073462
-0.072698
-0.072083
-0.071495
-0.070838
-0.070174
-0.069345
-0.068596
-0.067929
-0.067376
-0.066483
-0.065635
-0.065132
-0.065062
-0.064747
-0.064606
-0.064569
-0.064939
-0.065223
-0.065023
-0.064393
-0.063336
-0.062105
-0.060898
-0.059689
-0.058405
-0.056992
-0.055427
-0.053957
-0.052417
-0.050837
-0.048883
-0.047059
-0.045260
-0.044155
-0.042879
-0.041676
-0.040580
-0.039510
-0.038521
-0.036753
-0.034476
-0.031799
-0.028820
-0.025769
-0.022719
-0.019614
-0.016439
-0.012953
-0.009544
-0.005944
-0.002480
0.001246
0.004757
0.008298
0.011647
0.014527
0.017131
0.019642
0.022103
0.024308
0.026889
0.029837
0.033280
0.037027
0.041191
0.045279
0.049466
0.053707
0.058125
0.062522
0.067109
0.071504
0.075809
0.079983
0.084187
0.088026
0.091943
0.095259
0.098323
0.101276
0.104183
0.106687
0.109404
0.112278
0.115343
0.119029
0.123049
0.126888
0.130645
0.134715
0.138943
0.143239
0.147573
0.151942
0.155842
0.159477
0.163005
0.166580
0.169503
0.172441
0.175407
0.178200
0.180753
0.183493
0.186549
0.189870
0.193466
0.197275
0.200649
0.204137
0.207676
0.211262
0.214757
0.218291
0.221642
0.225245
0.228839
0.232376
0.236039
0.239550
0.242572
0.245501
0.248068
0.250385
0.253068
0.255917
0.259220
0.262787
0.266104
0.269219
0.272576
0.276069
0.279332
0.282782
0.286188
0.289631
0.293041
0.296445
0.299332
0.301949
0.304881
0.307796
0.310385
0.312564
0.314884
0.317436
0.320159
0.323248
0.326422
0.329370
0.332297
0.335515
0.338999
0.342457
0.346163
0.349675
0.353329
0.357195
0.360897
0.364612
0.368237
0.371890
0.375260
0.378290
0.381029
0.384141
0.387455
0.390917
0.394678
0.398595
0.402384
0.406118
0.409973
0.413950
0.417912
0.421986
0.425734
0.429435
0.432938
0.436571
0.440024
0.443041
0.445829
0.448390
0.450711
0.452876
0.455183
0.457927
0.460862
0.464272
0.467651
0.470913
0.474162
0.477457
0.480764
0.484060
0.487596
0.490844
0.494216
0.497432
0.500845
0.503527
0.506272
0.509120
0.511941
0.514403
0.516676
0.519092
0.521733
0.524460
0.527550
0.530616
0.533540
0.536469
0.539627
0.543080
0.546826
0.550714
0.554382
0.558137
0.561926
0.565571
0.569391
0.572959
0.576451
0.579548
0.582305
0.584716
0.587456
0.590337
0.593429
0.596856
0.600546
0.603963
0.607406
0.611050
0.614964
0.618790
0.622719
0.626487
0.630236
0.633859
0.637328
0.640832
0.644400
0.648175
0.651844
0.654990
0.657587
0.660374
0.663556
0.667055
0.670866
0.675016
0.679125
0.682928
0.687052
0.691430
0.695882
0.700448
0.705325
0.709915
0.714713
0.719227
0.723712
0.727546
0.731433
0.735223
0.738655
0.741779
0.744854
0.748495
0.752104
0.756035
0.760353
0.764570
0.768681
0.773009
0.777668
0.782097
0.786407
0.790836
0.794871
0.798613
0.801979
0.805422
0.808786
0.812649
0.816470
0.820143
0.823173
0.826439
0.830239
0.834556
0.839360
0.844760
0.850401
0.855925
0.861042
0.866286
0.871525
0.876908
0.882433
0.887797
0.892638
0.897471
0.902349
0.906639
0.910197
0.914101
0.918158
0.921933
0.925569
0.929463
0.933502
0.937662
0.942306
0.947210
0.951730
0.956092
0.960916
0.965879
0.971008
0.976272
0.981610
0.986528
0.991190
0.995590
1.000117
1.004037
1.007758
1.011505
1.014989
1.018067
1.020840
1.024603
1.029227
1.033850
1.038818
1.043977
1.049136
1.054437
1.059974
1.065614
1.071291
1.076941
1.082298
1.087774
1.092834
1.097876
1.102700
1.107214
1.111581
1.115787
1.119888
1.123835
1.128272
1.133108
1.137941
1.143115
1.148494
1.153821
1.158999
1.164559
1.170473
1.175970
1.181518
1.187137
1.192261
1.197017
1.201419
1.205876
1.210199
1.214992
1.219815
1.224550
1.228795
1.232900
1.237573
1.242182
1.247424
1.252785
1.257774
1.262579
1.267822
1.273148
1.277905
1.282733
1.287564
1.292084
1.296415
1.300857
1.305275
1.309450
1.313042
1.316640
1.319957
1.323050
1.325955
1.329399
1.333431
1.337555
1.342237
1.347062
1.351470
1.355948
1.360824
1.365757
1.370800
1.376074
1.381119
1.386130
1.391046
1.395812
1.400608
1.404945
1.409439
1.413898
1.418115
1.422160
1.426678
1.431845
1.437214
1.443058
1.449142
1.454778
1.460267
1.466144
1.472283
1.478353
1.484831
1.491073
1.497300
1.503339
1.509123
1.514788
1.520066
1.525646
1.531166
1.536393
1.541435
1.546947
1.552452
1.558218
1.564255
1.570276
1.575863
1.581578
1.587667
1.593997
1.600644
1.607475
1.613921
1.620465
1.626545
1.632620
1.638230
1.643838
1.649659
1.655451
1.661047
1.666546
1.672909
1.679841
1.686792
1.693992
1.701354
1.708634
1.715881
1.723621
1.731471
1.739047
1.746733
1.754281
1.761214
1.767855
1.774217
1.780736
1.787524
1.794012
1.800108
1.805874
1.811496
1.817608
1.823732
1.830369
1.837123
1.843283
1.849205
1.855642
1.862278
1.868698
1.875096
1.881351
1.887333
1.893154
1.899064
1.904482
1.909360
1.914519
1.919677
1.924613
1.929169
1.934162
1.939838
1.945732
1.952092
1.958322
1.964278
1.970153
1.976114
1.981806
1.987722
1.993706
1.999567
2.004908
2.010171
2.015220
2.019918
2.024491
2.029195
2.033909
2.038453
2.042615
2.047095
2.052059
2.056947
2.062187
2.067914
2.073713
2.079210
2.084757
2.090748
2.096868
2.103062
2.109434
2.115513
2.121411
2.127112
2.132196
2.136947
2.141957
2.147184
2.152345
2.157456
2.162942
2.169144
2.175221
2.181744
2.188570
2.195037
2.201541
2.208465
2.215504
2.222573
2.229563
2.236472
2.242864
2.249021
2.254905
2.260680
2.266737
2.273095
2.279513
2.285609
2.291138
2.297056
2.303439
2.310159
2.317472
2.324880
2.331537
2.338216
2.345341
2.352709
2.360063
2.367586
2.374765
2.381841
2.388424
2.395036
2.401306
2.407666
2.414412
2.421234
2.427983
2.434496
2.441614
2.449095
2.456855
2.464995
2.472447
2.479872
2.487689
2.495454
2.502641
2.509877
2.516387
2.522587
2.528482
2.534424
2.540236
2.545362
2.550810
2.556177
2.560983
2.565442
2.569918
2.574746
2.579638
2.585166
2.590847
2.596366
2.601858
2.607735
2.613753
2.620009
2.626402
2.632568
2.637980
2.643151
2.648379
2.653248
2.657665
2.661938
2.666009
2.669888
2.673389
2.677415
2.682134
2.686959
2.692316
2.697762
2.702626
2.707641
2.712972
2.718365
2.723528
2.728634
2.733360
2.738356
2.742857
2.747426
2.751832
2.756371
2.760594
2.763790
2.766740
2.769633
2.772969
2.776772
2.780736
2.785191
2.790070
2.794791
2.799370
2.804291
2.809463
2.814662
2.820026
2.825470
2.830396
2.835470
2.840298
2.845105
2.849725
2.854233
2.858668
2.862971
2.866899
2.870570
2.875343
2.881072
2.886825
2.892893
2.899217
2.905436
2.911643
2.918179
2.924968
2.931482
2.938170
2.944658
2.950968
2.956839
2.962435
2.967612
2.971928
2.976553
2.981033
2.985410
2.989661
2.994602
2.999814
3.005130
3.010946
3.016945
3.022634
3.028413
3.034588
3.040841
3.047191
3.053590
3.059909
3.066097
3.072128
3.078197
3.083827
3.088651
3.093626
3.098502
3.103213
3.107456
3.111830
3.116607
3.121771
3.126952
3.132683
3.138653
3.144024
3.149331
3.155181
3.161142
3.167140
3.173299
3.179610
3.185384
3.190846
3.196038
3.200999
3.205677
3.210757
3.215936
3.220949
3.225725
3.231224
3.236881
3.242947
3.249395
3.256077
3.262485
3.269089
3.275801
3.282572
3.289344
3.296301
3.302592
3.308565
3.314357
3.320194
3.325367
3.329683
3.334134
3.338705
3.343327
3.348025
3.352990
3.358569
3.364232
3.370671
3.377055
3.382874
3.388780
3.395154
3.401612
3.408115
3.414756
3.421110
3.426947
3.432510
3.438353
3.443524
3.448055
3.452647
3.457038
3.461184
3.465048
3.469341
3.474277
3.479542
3.485068
3.490678
3.495613
3.500750
3.506271
3.511900
3.517287
3.522727
3.527828
3.532780
3.537105
3.541575
3.545890
3.550458
3.554878
3.558847
3.562304
3.565347
3.568823
3.572883
3.577277
3.582209
3.587234
3.592765
3.598123
3.603292
3.608662
3.614484
3.620178
3.626228
3.632249
3.637917
3.642994
3.647975
3.652867
3.657522
3.661406
3.665245
3.668917
3.672451
3.676106
3.680376
3.684765
3.689440
3.694550
3.699551
3.704496
3.709666
3.714992
3.720126
3.725368
3.730718
3.736046
3.741489
3.746662
3.751767
3.756178
3.760672
3.764979
3.769109
3.772820
3.776600
3.780770
3.785350
3.789822
3.794864
3.799978
3.804582
3.809256
3.814419
3.819691
3.825175
3.830994
3.836528
3.841920
3.846668
3.851401
3.855853
3.860167
3.864374
3.868414
3.872240
3.875782
3.879633
3.883928
3.888537
3.893114
3.898292
3.903768
3.908859
3.914032
3.919645
3.925375
3.931102
3.936921
3.942797
3.948634
3.954254
3.959636
3.964879
3.969710
3.974939
3.980174
3.985167
3.990017
3.995485
4.001203
4.007397
4.013992
4.020602
4.026651
4.033009
4.039395
4.045789
4.052404
4.059518
4.066207
4.072765
4.079113
4.084737
4.090089
4.095646
4.101125
4.106330
4.111309
4.116085
4.121204
4.126806
4.132383
4.138466
4.144334
4.149872
4.155318
4.161286
4.166946
4.172701
4.178249
4.183561
4.188312
4.192883
4.197607
4.202166
4.206839
4.210992
4.214593
4.217980
4.220961
4.224112
4.227946
4.232097
4.236239
4.240960
4.245697
4.250204
4.254671
4.259514
4.264636
4.269710
4.275215
4.280344
4.285327
4.290287
4.294784
4.299054
4.303305
4.307375
4.311265
4.315080
4.318778
4.323441
4.328506
4.333598
4.339150
4.344968
4.350842
4.356761
4.362907
4.369165
4.375562
4.382129
4.388524
4.394793
4.400683
4.406529
4.412048
4.417684
4.423179
4.426850
4.430776
4.434431
4.438348
4.442789
4.447515
4.452591
4.457305
4.461544
4.466311
4.471220
4.475652
4.479779
4.483608
4.487311
4.491183
4.494758
4.498788
4.502660
4.506536
4.510593
4.514616
4.518543
4.522229
4.525733
4.530100
4.534697
4.539898
4.545598
4.551005
4.555831
4.561069
4.566359
4.571312
4.576296
4.581148
4.585803
4.590419
4.594813
4.599604
4.604168
4.608591
4.613002
4.616595
4.619541
4.622355
4.624654
4.627354
4.630603
4.634277
4.638546
4.643241
4.647238
4.650825
4.654912
4.659137
4.663642
4.668258
4.672666
4.676688
4.680312
4.684022
4.686894
4.689751
4.692937
4.696287
4.699477
4.702381
4.705634
4.709320
4.713138
4.717385
4.721780
4.725768
4.729877
4.734228
4.738746
4.743275
4.747917
4.752176
4.756517
4.760644
4.764854
4.768792
4.772727
4.776056
4.779037
4.781827
4.784208
4.786809
4.789664
4.792668
4.795852
4.799482
4.803468
4.807306
4.811052
4.815222
4.819494
4.823941
4.828494
4.833000
4.837098
4.841269
4.845286
4.849137
4.852349
4.855983
4.859710
4.863333
4.867014
4.870973
4.875269
4.879912
4.884802
4.889653
4.894021
4.898644
4.903521
4.908383
4.912724
4.916831
4.920847
4.924808
4.928803
4.932729
4.936713
4.940644
4.944575
4.948202
4.951232
4.953462
4.955992
4.958917
4.962025
4.965822
4.970062
4.973342
4.976163
4.979493
4.982931
4.986647
4.990388
4.994040
4.997454
5.000771
5.004143
5.007030
5.009655
5.012575
5.015465
5.018054
5.020383
5.022966
5.026121
5.029490
5.033289
5.037019
5.040716
5.044015
5.047389
5.050644
5.054097
5.057465
5.060728
5.063731
5.066962
5.070168
5.072084
5.073681
5.075393
5.077111
5.078808
5.080288
5.081614
5.083092
5.084665
5.086651
5.089021
5.091573
5.094041
5.096697
5.099508
5.102452
5.105461
5.108459
5.111059
5.113484
5.116076
5.118883
5.120069
5.120709
5.121467
5.122300
5.122796
5.122983
5.123175
5.123798
5.124669
5.125792
5.127102
5.128110
5.129255
5.130455
5.131812
5.133185
5.134687
5.135972
5.137625
5.139208
5.140980
5.142373
5.143786
5.145125
5.146390
5.147337
5.148125
5.149004
5.150102
5.151243
5.152899
5.154580
5.156310
5.157786
5.159708
5.161746
5.164410
5.167314
5.170230
5.173010
5.175772
5.178571
5.180948
5.183527
5.185888
5.187853
5.189437
5.191003
5.192872
5.194921
5.197176
5.199800
5.202387
5.204850
5.207516
5.210407
5.213483
5.216562
5.219703
5.222507
5.225184
5.227672
5.230163
5.232754
5.235305
5.237702
5.240016
5.241896
5.243981
5.246488
5.249236
5.252534
5.256013
5.259359
5.262718
5.266299
5.270102
5.274036
5.278015
5.281790
5.285739
5.289547
5.293550
5.297361
5.301219
5.305107
5.308871
5.312272
5.315404
5.318840
5.322686
5.326749
5.331143
5.335239
5.339038
5.342968
5.347154
5.351071
5.354891
5.358676
5.362196
5.365846
5.369625
5.373345
5.377536
5.381662
5.385847
5.389846
5.393299
5.396126
5.398304
5.400580
5.402772
5.405107
5.407654
5.410702
5.414000
5.417209
5.420219
5.423396
5.426763
5.430146
5.433662
5.437378
5.440755
5.443883
5.446741
5.449654
5.452435
5.455398
5.458304
5.460735
5.461681
5.462165
5.462951
5.463742
5.465003
5.466546
5.467564
5.468558
5.469956
5.471446
5.472888
5.474868
5.476706
5.478461
5.480278
5.481969
5.483780
5.485526
5.487424
5.489143
5.490577
5.491618
5.492994
5.494654
5.496535
5.498950
5.501522
5.503961
5.506351
5.508957
5.511857
5.515028
5.518273
5.521385
5.524465
5.527541
5.530517
5.533294
5.535828
5.538399
5.540535
5.542398
5.543862
5.545529
5.547489
5.549755
5.552157
5.555041
5.557872
5.560474
5.563343
5.566455
5.569689
5.572970
5.576648
5.579921
5.583407
5.586905
5.590495
5.593706
5.596627
5.599347
5.601666
5.603552
5.605224
5.607220
5.609924
5.612664
5.616083
5.619405
5.622604
5.625719
5.629186
5.632800
5.636486
5.639971
5.643575
5.647270
5.650973
5.654445
5.658096
5.661593
5.664346
5.666345
5.668130
5.669877
5.671950
5.674286
5.676778
5.679856
5.683243
5.686238
5.689373
5.692789
5.696253
5.699756
5.703395
5.706778
5.710259
5.713517
5.716895
5.720017
5.722730
5.725232
5.727474
5.729499
5.731217
5.733109
5.735464
5.738187
5.741179
5.744632
5.748421
5.752037
5.755746
5.759742
5.763824
5.767922
5.772136
5.776027
5.779784
5.783430
5.787217
5.790665
5.793578
5.796314
5.798944
5.801374
5.803440
5.805325
5.807880
5.811145
5.814559
5.818567
5.822628
5.826503
5.830407
5.834450
5.838676
5.842715
5.846815
5.850837
5.855304
5.859451
5.863719
5.867915
5.871934
5.875784
5.879491
5.882843
5.886232
5.890110
5.894171
5.898715
5.903411
5.907936
5.912454
5.917107
5.921933
5.926756
5.931725
5.936379
5.941064
5.945697
5.950539
5.954904
5.958515
5.962228
5.965713
5.968932
5.971745
5.974673
5.978073
5.981682
5.985512
5.989593
5.993322
5.997026
6.000989
6.005169
6.008940
6.012783
6.016359
6.019982
6.023637
6.027230
6.030888
6.034568
6.037766
6.040521
6.042849
6.044689
6.046620
6.049100
6.051964
6.054918
6.058435
6.062242
6.065791
6.069438
6.073383
6.077458
6.081541
6.085734
6.089522
6.093363
6.097081
6.100901
6.104429
6.107534
6.110568
6.113244
6.115727
6.117740
6.119990
6.122700
6.125799
6.128944
6.132729
6.136814
6.140363
6.143967
6.147947
6.151954
6.155996
6.160059
6.163887
6.167460
6.171165
6.174784
6.178280
6.181020
6.183852
6.186402
6.188596
6.190251
6.192035
6.194410
6.197278
6.200352
6.203926
6.207179
6.210251
6.213563
6.216973
6.220366
6.223880
6.227232
6.230859
6.234453
6.238115
6.241451
6.244561
6.247643
6.250440
6.252905
6.254970
6.257946
6.261710
6.266018
6.270501
6.275337
6.280499
6.285573
6.290615
6.295614
6.300563
6.305551
6.310717
6.315473
6.319956
6.324291
6.328463
6.331737
6.335298
6.339113
6.342936
6.346319
6.349408
6.352863
6.356365
6.360310
6.364543
6.368604
6.372328
6.376229
6.380412
6.384543
6.389058
6.393789
6.398391
6.403141
6.407683
6.412192
6.416183
6.420186
6.423809
6.427201
6.430391
6.433697
6.437356
6.441516
6.445650
6.450375
6.455181
6.459773
6.464422
6.469355
6.474482
6.479648
6.485040
6.490225
6.495307
6.499922
6.504526
6.508844
6.513186
6.516824
6.520328
6.523747
6.526669
6.529899
6.534040
6.538434
6.542983
6.547849
6.553013
6.558239
6.563584
6.569151
6.574904
6.580708
6.586740
6.592348
6.597974
6.603414
6.608818
6.613553
6.618144
6.623104
6.628072
6.632591
6.636672
6.641400
6.646370
6.651537
6.657213
6.662968
6.668405
6.673868
6.679677
6.685567
6.691692
6.698049
6.704326
6.710250
6.716094
6.721790
6.727004
6.732032
6.737446
6.742900
6.748172
6.753187
6.758572
6.764310
6.770260
6.776711
6.782891
6.788691
6.794660
6.801080
6.807375
6.813905
6.820330
6.826796
6.833214
6.839522
6.845685
6.851068
6.856426
6.861497
6.866488
6.871137
6.875863
6.881215
6.887147
6.893312
6.899825
6.906150
6.912019
6.917985
6.924312
6.930579
6.936705
6.943029
6.949070
6.954852
6.960104
6.965261
6.970366
6.976034
6.981729
6.987293
6.992349
6.997403
7.002980
7.008757
7.014820
7.021264
7.027541
7.033696
7.040131
7.046949
7.053689
7.060278
7.066894
7.073027
7.078821
7.084394
7.090034
7.095828
7.101339
7.106832
7.112147
7.117155
7.122609
7.128459
7.134627
7.141190
7.147944
7.154253
7.160731
7.167576
7.174588
7.181629
7.188936
7.195623
7.202332
7.208840
7.214734
7.220266
7.225650
7.231207
7.236700
7.241997
7.247102
7.253215
7.259304
7.265510
7.272020
7.278706
7.285264
7.291812
7.298677
7.305706
7.312564
7.319846
7.326857
7.333389
7.339418
7.345201
7.351068
7.357027
7.363083
7.368994
7.374074
7.378568
7.383510
7.388608
7.394217
7.399845
7.404991
-0.000019
-0.000036
0.000108
0.000279
0.000376
0.000404
0.000424
0.000527
0.000768
0.001082
0.001331
0.001492
0.001684
0.001643
0.001447
0.001081
0.000576
-0.000077
-0.000865
-0.001789
-0.000007
-0.000027
-0.000021
-0.000058
-0.000168
-0.000125
-0.000123
-0.000126
-0.000242
-0.000052
0.000237
0.000498
0.000663
0.000636
0.000295
-0.000428
-0.001270
0.000002
0.000070
0.000201
0.000331
0.000399
0.000478
0.000624
0.000861
0.001176
0.001567
0.002016
0.002440
0.002822
0.003180
0.003750
0.004314
0.004872
0.005339
0.005740
0.006103
0.006425
0.006744
0.007013
0.007241
0.007449
0.007681
0.007919
0.008164
0.008495
0.008909
0.009355
0.009712
0.009943
0.010139
0.010323
0.010741
0.010002
0.009155
0.008313
0.007560
0.006815
0.006127
0.005457
0.004550
0.003273
0.002012
0.001129
0.000774
0.000943
0.001345
0.001923
0.002313
0.002767
0.002966
0.003055
0.002927
0.002957
0.002996
0.003295
0.003824
0.004570
0.005294
0.005529
0.004181
0.002926
0.001357
-0.000343
-0.002343
-0.004448
-0.006534
-0.008554
-0.010433
-0.012106
-0.013732
-0.015324
-0.017476
-0.019573
-0.021681
-0.023862
-0.025977
-0.027532
-0.028828
-0.029788
-0.030929
-0.032460
-0.034624
-0.036881
-0.039588
-0.042821
-0.045997
-0.048805
-0.051087
-0.053410
-0.055679
-0.058094
-0.060341
-0.062624
-0.064864
-0.067002
-0.069234
-0.071366
-0.072964
-0.074410
-0.075704
-0.078320
-0.081003
-0.083897
-0.086889
-0.089827
-0.093042
-0.096403
-0.099366
-0.101674
-0.103612
-0.105312
-0.107186
-0.109042
-0.110936
-0.112776
-0.114452
-0.116301
-0.118243
-0.120184
-0.121688
-0.122914
-0.124180
-0.126148
-0.128065
-0.130218
-0.132822
-0.135876
-0.139382
-0.142884
-0.145756
-0.148132
-0.150216
-0.151917
-0.153685
-0.155402
-0.157247
-0.158968
-0.160786
-0.162264
-0.163537
-0.164213
-0.164742
-0.165263
-0.165785
-0.166267
-0.166893
-0.167772
-0.168971
-0.170482
-0.171860
-0.173249
-0.174510
-0.175897
-0.177166
-0.178429
-0.179960
-0.181371
-0.182839
-0.184055
-0.185236
-0.186114
-0.186771
-0.187159
-0.188088
-0.189385
-0.190788
-0.192297
-0.193973
-0.195774
-0.197925
-0.199696
-0.201296
-0.202623
-0.203911
-0.205078
-0.206370
-0.207664
-0.208954
-0.210029
-0.210928
-0.211420
-0.211636
-0.211500
-0.211546
-0.211973
-0.212835
-0.213722
-0.215062
-0.216523
-0.218312
-0.220228
-0.221929
-0.223050
-0.223836
-0.224267
-0.224457
-0.224749
-0.225028
-0.225230
-0.225325
-0.225533
-0.225695
-0.225786
-0.225447
-0.225114
-0.225117
-0.225833
-0.226464
-0.227487
-0.228705
-0.230306
-0.232286
-0.234105
-0.235627
-0.236594
-0.237254
-0.237874
-0.238674
-0.239252
-0.239858
-0.240465
-0.241203
-0.241848
-0.242560
-0.242930
-0.243252
-0.243428
-0.243639
-0.244191
-0.245442
-0.246763
-0.248297
-0.250130
-0.251888
-0.253300
-0.254265
-0.255049
-0.255802
-0.256697
-0.257439
-0.258091
-0.258548
-0.259171
-0.259592
-0.260043
-0.260115
-0.260116
-0.260017
-0.259948
-0.260426
-0.261174
-0.262173
-0.263642
-0.265387
-0.266801
-0.267876
-0.268482
-0.268992
-0.269457
-0.269877
-0.270310
-0.270658
-0.271025
-0.271262
-0.271571
-0.271540
-0.271418
-0.270956
-0.271052
-0.271157
-0.271486
-0.272132
-0.272979
-0.274074
-0.275472
-0.276724
-0.277568
-0.277957
-0.278071
-0.278016
-0.278174
-0.278267
-0.278312
-0.278271
-0.278262
-0.278091
-0.278022
-0.277701
-0.277403
-0.276778
-0.276350
-0.276123
-0.276084
-0.276332
-0.276783
-0.277513
-0.278407
-0.279051
-0.279438
-0.279407
-0.279242
-0.278972
-0.278813
-0.278520
-0.278053
-0.277420
-0.276874
-0.276150
-0.275598
-0.275083
-0.274567
-0.273948
-0.273323
-0.272660
-0.272734
-0.272958
-0.273201
-0.273632
-0.273846
-0.273765
-0.273183
-0.272363
-0.271370
-0.270426
-0.269599
-0.268542
-0.267367
-0.265820
-0.264371
-0.262729
-0.261077
-0.259168
-0.257440
-0.255952
-0.254753
-0.253643
-0.252985
-0.252745
-0.252831
-0.252669
-0.252102
-0.251209
-0.249908
-0.248328
-0.246871
-0.245302
-0.243589
-0.241778
-0.240026
-0.238207
-0.236532
-0.234664
-0.232941
-0.230993
-0.229300
-0.227363
-0.225757
-0.224508
-0.223338
-0.222487
-0.221611
-0.220220
-0.218681
-0.216860
-0.214859
-0.212708
-0.210633
-0.208349
-0.205943
-0.203331
-0.200948
-0.198522
-0.196142
-0.193646
-0.191268
-0.188828
-0.186414
-0.183946
-0.182085
-0.181170
-0.180416
-0.179616
-0.178821
-0.177508
-0.175987
-0.174060
-0.172051
-0.169939
-0.167964
-0.165673
-0.163251
-0.160699
-0.157936
-0.155118
-0.152537
-0.149957
-0.147559
-0.145167
-0.142996
-0.140643
-0.138514
-0.136879
-0.135513
-0.133815
-0.131839
-0.129444
-0.126618
-0.123914
-0.121300
-0.118556
-0.115626
-0.112767
-0.109569
-0.106226
-0.103191
-0.100245
-0.097509
-0.094840
-0.092071
-0.089005
-0.086019
-0.083469
-0.081571
-0.079539
-0.077085
-0.074496
-0.071491
-0.068452
-0.065518
-0.062510
-0.059268
-0.055863
-0.052560
-0.049280
-0.046128
-0.042720
-0.039523
-0.036128
-0.032893
-0.029896
-0.027237
-0.024985
-0.022983
-0.021128
-0.019074
-0.016641
-0.014033
-0.010840
-0.007347
-0.003912
-0.000610
0.002918
0.006492
0.010179
0.013843
0.017572
0.021019
0.024405
0.027731
0.031126
0.034266
0.037024
0.039735
0.042047
0.043770
0.045667
0.047499
0.049476
0.051761
0.054332
0.056651
0.058963
0.061590
0.064235
0.066903
0.069663
0.072226
0.074616
0.077026
0.079426
0.081901
0.084267
0.086264
0.087905
0.089394
0.090398
0.091374
0.092703
0.094207
0.096158
0.098278
0.100163
0.102136
0.104064
0.106025
0.107903
0.109854
0.111371
0.113133
0.114845
0.116817
0.118546
0.120467
0.122281
0.123968
0.125211
0.126176
0.127242
0.128496
0.129968
0.131594
0.132973
0.134293
0.135783
0.137470
0.139180
0.140815
0.142342
0.143865
0.145776
0.147684
0.149713
0.151544
0.152613
0.153045
0.153280
0.153173
0.153061
0.152963
0.153465
0.154082
0.155122
0.156199
0.157266
0.158438
0.159775
0.161301
0.162821
0.164369
0.165426
0.166528
0.167687
0.168986
0.169906
0.170345
0.170525
0.170371
0.170066
0.169608
0.169657
0.170247
0.171205
0.172590
0.174176
0.175676
0.177048
0.178588
0.180118
0.181769
0.183269
0.184781
0.186306
0.188201
0.190091
0.191494
0.192847
0.194472
0.195919
0.197056
0.197911
0.199183
0.200737
0.202652
0.204915
0.207334
0.209633
0.211832
0.213991
0.216387
0.218731
0.221113
0.223546
0.226300
0.228731
0.231079
0.233266
0.235500
0.237529
0.239087
0.240093
0.240742
0.241545
0.242824
0.244183
0.245984
0.247959
0.249761
0.251547
0.253564
0.255613
0.257775
0.259870
0.262014
0.264001
0.265723
0.267623
0.269280
0.271162
0.272681
0.273275
0.273648
0.273975
0.274193
0.274669
0.275606
0.276929
0.278652
0.280592
0.282573
0.284450
0.286522
0.288404
0.290375
0.292237
0.294095
0.295844
0.297656
0.299566
0.301120
0.302179
0.303084
0.303672
0.304119
0.304300
0.304528
0.305289
0.306108
0.307479
0.309127
0.310460
0.311714
0.313268
0.314758
0.316645
0.318331
0.320164
0.321777
0.323373
0.324944
0.326614
0.328207
0.329575
0.330346
0.330450
0.330017
0.329581
0.329572
0.330073
0.331108
0.332326
0.333808
0.335138
0.336387
0.337913
0.339611
0.341263
0.343051
0.344606
0.346026
0.347212
0.348431
0.349735
0.350985
0.352430
0.353514
0.353999
0.353916
0.353691
0.354013
0.354667
0.355696
0.356683
0.357523
0.358325
0.359133
0.359750
0.360559
0.361878
0.363449
0.365149
0.367159
0.368735
0.370261
0.371443
0.372483
0.372922
0.372882
0.372566
0.372399
0.372644
0.373330
0.374360
0.375539
0.376696
0.377985
0.379316
0.380803
0.382157
0.383497
0.384302
0.385196
0.386227
0.387548
0.388570
0.389817
0.390026
0.389775
0.389448
0.388551
0.387396
0.386476
0.385729
0.385357
0.385155
0.384966
0.384811
0.384718
0.384745
0.384731
0.384790
0.384499
0.384444
0.384576
0.385138
0.384781
0.384487
0.384003
0.383164
0.381766
0.379907
0.377678
0.375621
0.373988
0.372744
0.371705
0.370727
0.369530
0.368499
0.367458
0.366491
0.365402
0.364582
0.363877
0.363637
0.363442
0.363176
0.362952
0.362993
0.362906
0.362567
0.361974
0.361402
0.361245
0.361382
0.361684
0.362071
0.362507
0.363040
0.363414
0.363974
0.364366
0.364793
0.365241
0.366121
0.367016
0.368099
0.369017
0.369998
0.370621
0.370702
0.370444
0.369958
0.369279
0.369119
0.369140
0.369699
0.370369
0.370989
0.371539
0.372266
0.373021
0.373793
0.374526
0.375364
0.376242
0.377094
0.378251
0.379215
0.379914
0.380212
0.380419
0.380401
0.380046
0.379372
0.378907
0.378485
0.378468
0.378588
0.378688
0.378593
0.378613
0.378758
0.378857
0.379097
0.379825
0.380396
0.381039
0.381593
0.382197
0.382798
0.383514
0.384024
0.384047
0.383696
0.383507
0.383819
0.384321
0.385071
0.385912
0.386678
0.387554
0.388368
0.389472
0.390327
0.391136
0.391847
0.392928
0.393976
0.395202
0.396260
0.397402
0.398389
0.398979
0.398868
0.398319
0.397513
0.396896
0.396312
0.396075
0.395928
0.395743
0.395440
0.395359
0.395274
0.395217
0.394991
0.394641
0.394196
0.394229
0.394403
0.394684
0.394596
0.394073
0.393269
0.392311
0.391166
0.389566
0.387954
0.386558
0.385551
0.384801
0.384198
0.383560
0.382891
0.382300
0.381852
0.381464
0.381057
0.380571
0.380481
0.380676
0.381081
0.380874
0.380199
0.379291
0.377897
0.376291
0.374478
0.372323
0.370559
0.369043
0.367998
0.367077
0.366210
0.365343
0.364574
0.363816
0.363089
0.362188
0.361162
0.360081
0.359402
0.358847
0.358441
0.357749
0.356547
0.355228
0.353821
0.351964
0.349787
0.347643
0.346095
0.345045
0.344225
0.343415
0.342487
0.341648
0.340798
0.340262
0.339647
0.339269
0.338985
0.339127
0.339313
0.339660
0.339673
0.339639
0.339155
0.338168
0.336787
0.335136
0.333979
0.333310
0.333108
0.332987
0.332793
0.332621
0.332438
0.332464
0.332421
0.332425
0.332212
0.332215
0.332386
0.332863
0.332819
0.332685
0.332597
0.332508
0.332077
0.331288
0.330408
0.329982
0.329923
0.330232
0.330673
0.331227
0.331880
0.332395
0.333153
0.333787
0.334535
0.335211
0.336184
0.337188
0.338437
0.339207
0.339727
0.340089
0.340154
0.340000
0.339550
0.338817
0.338244
0.338009
0.338041
0.338323
0.338842
0.339309
0.339750
0.340301
0.340956
0.341588
0.342249
0.342732
0.343192
0.343807
0.344475
0.345176
0.345752
0.345343
0.344650
0.343833
0.342945
0.341939
0.341125
0.340651
0.340621
0.340967
0.341312
0.341500
0.341999
0.342471
0.343204
0.343776
0.344352
0.344851
0.345309
0.345780
0.346307
0.346780
0.346888
0.346630
0.346267
0.345776
0.345247
0.344922
0.345209
0.345931
0.347042
0.348374
0.349695
0.351006
0.352473
0.354020
0.355648
0.357157
0.358819
0.360261
0.362033
0.363771
0.365508
0.366780
0.368430
0.370076
0.371581
0.372746
0.373950
0.375636
0.377617
0.379841
0.382191
0.384329
0.386624
0.388876
0.391611
0.394093
0.396641
0.399042
0.401894
0.404728
0.407774
0.410663
0.413767
0.416732
0.419499
0.421757
0.423730
0.425712
0.428345
0.431274
0.434579
0.437834
0.441077
0.444026
0.447272
0.450534
0.454076
0.457517
0.461354
0.465318
0.469399
0.473162
0.477019
0.480497
0.481444
0.482069
0.482770
0.483507
0.484391
0.485611
0.487273
0.489367
0.491710
0.493950
0.496197
0.498658
0.501210
0.503745
0.506183
0.508590
0.510902
0.513229
0.515706
0.518227
0.520278
0.522256
0.524279
0.526064
0.527344
0.528561
0.530346
0.532214
0.534490
0.536729
0.539013
0.541083
0.542985
0.544801
0.546763
0.548602
0.550511
0.552484
0.554763
0.556910
0.559164
0.560254
0.560610
0.560817
0.561024
0.561032
0.560975
0.561355
0.562187
0.563456
0.564896
0.566094
0.567336
0.568727
0.570159
0.571544
0.572912
0.574047
0.575297
0.576618
0.578221
0.579504
0.580082
0.580443
0.580509
0.580020
0.578911
0.577568
0.576434
0.575680
0.575147
0.574958
0.574685
0.574396
0.574182
0.574090
0.573802
0.573574
0.573362
0.573299
0.573657
0.574052
0.574509
0.574513
0.574626
0.574425
0.573777
0.572697
0.571517
0.570668
0.570057
0.569859
0.569763
0.569705
0.569504
0.569515
0.569572
0.569905
0.570263
0.570793
0.571177
0.571652
0.572017
0.572448
0.572783
0.573208
0.573113
0.572691
0.571800
0.571102
0.570560
0.570676
0.571201
0.572112
0.573164
0.574103
0.575171
0.576212
0.577324
0.578504
0.579628
0.580715
0.581788
0.583022
0.584575
0.585699
0.586277
0.586771
0.586933
0.586757
0.586082
0.585153
0.584478
0.584250
0.584372
0.584805
0.585453
0.586060
0.586722
0.587593
0.588444
0.589343
0.590122
0.590619
0.591019
0.591592
0.592334
0.592960
0.593694
0.593754
0.593837
0.593674
0.592981
0.592099
0.591672
0.591618
0.591964
0.592511
0.592986
0.593484
0.594094
0.594844
0.595678
0.596352
0.596862
0.597740
0.598708
0.599949
0.601002
0.602110
0.602442
0.602699
0.602473
0.601908
0.601414
0.601290
0.601400
0.601818
0.602213
0.602567
0.603011
0.603582
0.604265
0.604875
0.605634
0.606318
0.607332
0.608353
0.609479
0.610129
0.610546
0.610844
0.610792
0.610298
0.609857
0.609896
0.610106
0.610561
0.611068
0.611462
0.612019
0.612580
0.613251
0.613793
0.614340
0.614548
0.614929
0.615415
0.616223
0.616497
0.616606
0.616847
0.617095
0.616988
0.616415
0.615833
0.615774
0.615960
0.616457
0.617022
0.617558
0.618050
0.618467
0.618696
0.619004
0.619174
0.619090
0.619222
0.619360
0.619783
0.619953
0.619592
0.619184
0.618650
0.617894
0.617102
0.616288
0.615815
0.615468
0.615222
0.614866
0.614435
0.614091
0.613781
0.613529
0.613124
0.612977
0.612850
0.613152
0.613535
0.613545
0.613288
0.613213
0.612951
0.612365
0.611363
0.610276
0.609568
0.609120
0.609081
0.609086
0.609105
0.609041
0.609104
0.609131
0.609300
0.609573
0.610054
0.610479
0.611027
0.611491
0.612010
0.612432
0.612953
0.612951
0.612702
0.611906
0.610774
0.609695
0.609237
0.609273
0.609748
0.610387
0.611069
0.611618
0.612289
0.612979
0.613663
0.614118
0.614530
0.614740
0.615230
0.615676
0.616310
0.616780
0.617263
0.616569
0.615865
0.615093
0.614016
0.612929
0.612466
0.612305
0.612716
0.613365
0.613985
0.614625
0.615399
0.616193
0.616972
0.617835
0.618483
0.619467
0.620639
0.621993
0.622569
0.623338
0.623895
0.624104
0.623892
0.623231
0.622571
0.622336
0.622594
0.623028
0.623824
0.624776
0.625651
0.626599
0.627640
0.628806
0.629869
0.630967
0.631809
0.632970
0.634096
0.635440
0.636670
0.637870
0.637762
0.637543
0.637315
0.636835
0.636152
0.636070
0.636244
0.636883
0.637631
0.638486
0.639372
0.640389
0.641478
0.642557
0.643467
0.643996
0.644562
0.645340
0.646465
0.647364
0.648379
0.648407
0.648253
0.647573
0.646325
0.644569
0.643122
0.641910
0.641199
0.640832
0.640492
0.639954
0.639490
0.639192
0.638758
0.638797
0.638969
0.639423
0.640209
0.641312
0.642341
0.642929
0.643080
0.643169
0.642697
0.641875
0.640768
0.639756
0.639084
0.638958
0.639115
0.639413
0.639680
0.639800
0.640157
0.640595
0.641221
0.641728
0.642088
0.642648
0.643422
0.644342
0.644221
0.644097
0.643838
0.643082
0.641920
0.640360
0.638768
0.637738
0.637130
0.637041
0.637175
0.637289
0.637371
0.637735
0.637938
0.638283
0.638482
0.638926
0.639521
0.640329
0.641154
0.642109
0.642483
0.642263
0.641680
0.641006
0.640071
0.639050
0.638428
0.638230
0.638442
0.638877
0.639196
0.639475
0.639960
0.640420
0.640967
0.641483
0.642173
0.642699
0.643228
0.643731
0.644337
0.644513
0.644463
0.644278
0.643947
0.643226
0.642406
0.641829
0.641548
0.641678
0.641837
0.641948
0.642246
0.642589
0.643316
0.643791
0.644256
0.644658
0.645153
0.645669
0.646336
0.646900
0.647744
0.648339
0.648543
0.648165
0.647653
0.647497
0.647597
0.648046
0.648677
0.649401
0.650011
0.650578
0.651309
0.652005
0.653263
0.654632
0.655942
0.657365
0.658706
0.660175
0.661500
0.662373
0.662371
0.662178
0.661983
0.661615
0.661417
0.661603
0.662288
0.663329
0.664583
0.665888
0.667085
0.668473
0.669958
0.671554
0.673073
0.674603
0.676440
0.678261
0.680261
0.681981
0.682804
0.683446
0.683899
0.684247
0.684335
0.684325
0.684843
0.685696
0.687032
0.688656
0.690263
0.691843
0.693459
0.695184
0.696754
0.698339
0.699867
0.701590
0.703355
0.705457
0.707414
0.709585
0.711725
0.712708
0.713299
0.713342
0.713132
0.713210
0.713421
0.714072
0.714902
0.715925
0.716809
0.717803
0.718853
0.719972
0.721070
0.722131
0.723064
0.724432
0.725924
0.727423
0.727994
0.728472
0.728609
0.728236
0.727240
0.725749
0.724490
0.723554
0.722974
0.722647
0.722394
0.722108
0.721868
0.721766
0.721484
0.721303
0.721234
0.721185
0.721452
0.721714
0.722087
0.722394
0.722393
0.721833
0.721118
0.720007
0.718603
0.717508
0.716603
0.716088
0.715758
0.715383
0.714809
0.714406
0.714053
0.713720
0.713409
0.713273
0.713051
0.712978
0.712883
0.712806
0.712728
0.712635
0.712008
0.711461
0.710635
0.709742
0.709279
0.709088
0.709073
0.709167
0.709197
0.709239
0.709359
0.709211
0.709085
0.708707
0.708461
0.708209
0.708143
0.708048
0.707991
0.707682
0.707513
0.707094
0.706261
0.704885
0.703683
0.703036
0.702765
0.702783
0.703008
0.703206
0.703382
0.703662
0.703883
0.704033
0.704154
0.704459
0.704618
0.704792
0.704982
0.705233
0.705482
0.705913
0.706113
0.705963
0.705379
0.704695
0.704310
0.704514
0.705237
0.706214
0.707370
0.708386
0.709564
0.710618
0.711910
0.713073
0.714194
0.714962
0.715627
0.716417
0.717449
0.718198
0.718933
0.719297
0.719793
0.719935
0.719419
0.718449
0.717418
0.716408
0.715609
0.714717
0.713339
0.711905
0.710677
0.709161
0.707629
0.705929
0.703999
0.702340
0.701192
0.700218
0.699409
0.698472
0.697578
0.696363
0.694892
0.693045
0.690894
0.688872
0.687387
0.686333
0.685478
0.684737
0.683920
0.683183
0.682494
0.681954
0.681423
0.680839
0.680043
0.679481
0.679109
0.678947
0.678622
0.678484
0.677407
0.675799
0.673816
0.671367
0.668807
0.666595
0.664691
0.663146
0.661503
0.659627
0.658068
0.656462
0.655080
0.653444
0.651765
0.650138
0.648550
0.647120
0.645945
0.644641
0.643450
0.641617
0.639379
0.636856
0.634159
0.631100
0.628545
0.626512
0.625095
0.623824
0.622582
0.621450
0.620145
0.618845
0.617567
0.616180
0.614679
0.612951
0.611746
0.610512
0.608757
0.606894
0.605344
0.603683
0.601754
0.599332
0.596847
0.594680
0.593005
0.591702
0.590586
0.589295
0.588095
0.586832
0.585733
0.584468
0.583155
0.581922
0.580893
0.579972
0.579211
0.577784
0.576408
0.574834
0.572920
0.570500
0.567783
0.564943
0.562618
0.560671
0.558950
0.557212
0.555596
0.553942
0.552190
0.550461
0.548629
0.546962
0.545367
0.544232
0.543204
0.542292
0.540771
0.539100
0.537221
0.534946
0.532241
0.529180
0.526351
0.523963
0.522043
0.520225
0.518379
0.516608
0.514888
0.513138
0.511276
0.509325
0.507549
0.505720
0.503950
0.502329
0.500766
0.499158
0.497808
0.496307
0.494642
0.492084
0.489132
0.486159
0.483707
0.481587
0.479715
0.478129
0.476786
0.475477
0.473883
0.472068
0.470381
0.468686
0.467270
0.466319
0.465768
0.465071
0.464225
0.463440
0.462432
0.461034
0.459388
0.457403
0.455285
0.453515
0.452126
0.450906
0.449686
0.448452
0.447278
0.446066
0.444933
0.443638
0.442435
0.441203
0.440231
0.439399
0.438719
0.437548
0.435768
0.433777
0.431601
0.428814
0.425711
0.422632
0.420123
0.417971
0.416041
0.413982
0.412098
0.410115
0.408243
0.406242
0.404183
0.401754
0.399402
0.397291
0.395668
0.393748
0.391611
0.389254
0.386797
0.383856
0.380453
0.376595
0.372834
0.369674
0.367052
0.364745
0.362371
0.359897
0.357577
0.355093
0.352587
0.349870
0.347163
0.344461
0.342148
0.339925
0.337771
0.335479
0.333308
0.330925
0.328387
0.325397
0.322164
0.319338
0.317336
0.315817
0.314501
0.313205
0.312019
0.310649
0.309257
0.307549
0.305716
0.303693
0.302139
0.300754
0.299655
0.298398
0.297343
0.296152
0.294826
0.293093
0.291160
0.289300
0.287798
0.286472
0.285281
0.284017
0.282838
0.281784
0.280586
0.279398
-0.000123
-0.000844
-0.001698
-0.002302
-0.002464
-0.001899
-0.000875
-0.000096
0.000324
0.000317
-0.000275
-0.000000
0.000041
0.000135
0.000233
0.000267
0.000188
0.000047
-0.000084
-0.000210
-0.000355
-0.000474
-0.000653
-0.000840
-0.001041
-0.001161
-0.001067
-0.000889
-0.000694
-0.000529
-0.000368
-0.000186
-0.000097
0.000103
0.000428
0.000918
0.001441
0.001886
0.002268
0.002677
0.003097
0.003642
0.004068
0.004421
0.004689
0.005043
0.005353
0.005164
0.003766
0.002269
0.000769
-0.000926
-0.003089
-0.005564
-0.007896
-0.009875
-0.011600
-0.012896
-0.013901
-0.014587
-0.015124
-0.015657
-0.016182
-0.016598
-0.017384
-0.018292
-0.019398
-0.020402
-0.021232
-0.021693
-0.021909
-0.021905
-0.021996
-0.021969
-0.022373
-0.023329
-0.024720
-0.026331
-0.028051
-0.029631
-0.031181
-0.032672
-0.034160
-0.035651
-0.037051
-0.038523
-0.039948
-0.041286
-0.042523
-0.043699
-0.044599
-0.045323
-0.045991
-0.046849
-0.048122
-0.049677
-0.051360
-0.053507
-0.056122
-0.058715
-0.061148
-0.063363
-0.065558
-0.067806
-0.070372
-0.072653
-0.075076
-0.077538
-0.080190
-0.082820
-0.085352
-0.087544
-0.089629
-0.091581
-0.094024
-0.096740
-0.099560
-0.102568
-0.106004
-0.109940
-0.113610
-0.116485
-0.118903
-0.121279
-0.123644
-0.125982
-0.128312
-0.130766
-0.133215
-0.135971
-0.138827
-0.141743
-0.144148
-0.146229
-0.148155
-0.150804
-0.153601
-0.156540
-0.159814
-0.163518
-0.167833
-0.172204
-0.176090
-0.179392
-0.182542
-0.185727
-0.188820
-0.191893
-0.195054
-0.198314
-0.201702
-0.205302
-0.208892
-0.212153
-0.214894
-0.217834
-0.221270
-0.224812
-0.228308
-0.231947
-0.235997
-0.240504
-0.245001
-0.248941
-0.252421
-0.255793
-0.259366
-0.262834
-0.266340
-0.269997
-0.273729
-0.277582
-0.281640
-0.285351
-0.288663
-0.291635
-0.294734
-0.298055
-0.301566
-0.305045
-0.308906
-0.313088
-0.317940
-0.322182
-0.325784
-0.329014
-0.332162
-0.335463
-0.338519
-0.341868
-0.345100
-0.348482
-0.351870
-0.355514
-0.358840
-0.361729
-0.364191
-0.367256
-0.370576
-0.374144
-0.377976
-0.382239
-0.386808
-0.392111
-0.397337
-0.402201
-0.406624
-0.410970
-0.415389
-0.419634
-0.423922
-0.428303
-0.432744
-0.437316
-0.442035
-0.446821
-0.451079
-0.454836
-0.458447
-0.462527
-0.466407
-0.470509
-0.474851
-0.479439
-0.484531
-0.489638
-0.494365
-0.498784
-0.503309
-0.507539
-0.511363
-0.515299
-0.519356
-0.523556
-0.528055
-0.532820
-0.537294
-0.541240
-0.545545
-0.550138
-0.554784
-0.559425
-0.564218
-0.569398
-0.575213
-0.581433
-0.586863
-0.591976
-0.597085
-0.602349
-0.607357
-0.612200
-0.617301
-0.622261
-0.627418
-0.632576
-0.637516
-0.641857
-0.645832
-0.649987
-0.654513
-0.659317
-0.664121
-0.669332
-0.674728
-0.681140
-0.687760
-0.694035
-0.700089
-0.705899
-0.711469
-0.716667
-0.721709
-0.726771
-0.731923
-0.737016
-0.742318
-0.747644
-0.752588
-0.756837
-0.761545
-0.766385
-0.771318
-0.776319
-0.781551
-0.787104
-0.793220
-0.800238
-0.806970
-0.813301
-0.819448
-0.825531
-0.831757
-0.837738
-0.843871
-0.849980
-0.856141
-0.862436
-0.868847
-0.874862
-0.880251
-0.885984
-0.892654
-0.899217
-0.905874
-0.912629
-0.919574
-0.927010
-0.935448
-0.943119
-0.949942
-0.956538
-0.963309
-0.969869
-0.976001
-0.982427
-0.988751
-0.995214
-1.001660
-1.008127
-1.014262
-1.019716
-1.025004
-1.030159
-1.035407
-1.040785
-1.046189
-1.051878
-1.058042
-1.064355
-1.071485
-1.079158
-1.086392
-1.093354
-1.100050
-1.106860
-1.113265
-1.119487
-1.125831
-1.132104
-1.138385
-1.144914
-1.151502
-1.158031
-1.163999
-1.169871
-1.175968
-1.182550
-1.189819
-1.197201
-1.204521
-1.212102
-1.220816
-1.229664
-1.238511
-1.247148
-1.255464
-1.264060
-1.272712
-1.281410
-1.289814
-1.298249
-1.306739
-1.315391
-1.324027
-1.331918
-1.339433
-1.347338
-1.356206
-1.364961
-1.373584
-1.381869
-1.389970
-1.399030
-1.408927
-1.418430
-1.427103
-1.435561
-1.444228
-1.453078
-1.462017
-1.471050
-1.480210
-1.489393
-1.498641
-1.508009
-1.517622
-1.526952
-1.535869
-1.544970
-1.554544
-1.564534
-1.574441
-1.584714
-1.595189
-1.606539
-1.618623
-1.630338
-1.641307
-1.652081
-1.663212
-1.673767
-1.684137
-1.693801
-1.702948
-1.711833
-1.720834
-1.730195
-1.739171
-1.747219
-1.754873
-1.762674
-1.770666
-1.778417
-1.787714
-1.798200
-1.808547
-1.818445
-1.828941
-1.840424
-1.851516
-1.862404
-1.873268
-1.884148
-1.895621
-1.906558
-1.917585
-1.928545
-1.939692
-1.950585
-1.961318
-1.971887
-1.982507
-1.992659
-2.002700
-2.013195
-2.023537
-2.034064
-2.044698
-2.055304
-2.066352
-2.078566
-2.090997
-2.102908
-2.114488
-2.125924
-2.137477
-2.149356
-2.160982
-2.172499
-2.183911
-2.195367
-2.206843
-2.218224
-2.229707
-2.240766
-2.251174
-2.260654
-2.269506
-2.278555
-2.287831
-2.297327
-2.306821
-2.315880
-2.324748
-2.334206
-2.344396
-2.355417
-2.366841
-2.378269
-2.389674
-2.401156
-2.413043
-2.424767
-2.436321
-2.447949
-2.459186
-2.470401
-2.481208
-2.491893
-2.501946
-2.511919
-2.521739
-2.531305
-2.540769
-2.550476
-2.560658
-2.570756
-2.580080
-2.589257
-2.597390
-2.605222
-2.613354
-2.621716
-2.630382
-2.639692
-2.648952
-2.658267
-2.667639
-2.676973
-2.686977
-2.696840
-2.706925
-2.716762
-2.726746
-2.735925
-2.744864
-2.754320
0.000016
-0.000135
-0.000511
-0.000913
-0.001335
-0.001798
-0.002143
-0.002558
-0.002960
-0.003350
-0.003708
-0.004019
-0.004315
-0.004611
-0.004930
-0.005311
-0.005796
0.000002
0.000033
0.000111
0.000189
0.000203
0.000155
0.000071
-0.000006
-0.000044
-0.000004
0.000098
0.000210
0.000392
0.000772
0.001246
0.001786
0.002359
0.002998
0.003648
0.004270
0.004873
0.005420
0.006008
0.006632
0.007358
0.008147
0.008915
0.009587
0.010337
0.011152
0.012073
0.012815
0.013492
0.014068
0.014767
0.015275
0.015513
0.015728
0.015959
0.016142
0.016057
0.015856
0.015988
0.016640
0.017447
0.018742
0.020543
0.022915
0.025637
0.028614
0.031533
0.034633
0.037573
0.040625
0.043542
0.046476
0.049053
0.051698
0.054425
0.057376
0.059983
0.062655
0.065149
0.066917
0.068010
0.068919
0.069383
0.069266
0.069176
0.069622
0.070436
0.071528
0.072962
0.074456
0.076024
0.077664
0.079495
0.081348
0.083293
0.085061
0.087042
0.089263
0.091339
0.092871
0.094425
0.095899
0.097220
0.097988
0.098244
0.098538
0.099337
0.100703
0.102377
0.104511
0.107059
0.109511
0.111934
0.114479
0.117050
0.119661
0.122377
0.124988
0.127464
0.130259
0.133158
0.136249
0.139197
0.142257
0.145107
0.147449
0.149084
0.150031
0.150978
0.151949
0.153173
0.154737
0.156590
0.158690
0.160966
0.162966
0.164968
0.167221
0.169486
0.171889
0.174341
0.176560
0.178507
0.180472
0.182566
0.184917
0.187144
0.189576
0.191821
0.193742
0.195093
0.196007
0.196643
0.197390
0.198265
0.199510
0.200704
0.201844
0.202741
0.203910
0.205248
0.206621
0.207803
0.208607
0.209381
0.210506
0.211091
0.211212
0.211274
0.211397
0.211304
0.210828
0.209930
0.208910
0.208339
0.208095
0.207993
0.208067
0.208209
0.208182
0.208114
0.208069
0.208118
0.208098
0.208008
0.207850
0.207718
0.208012
0.208422
0.208856
0.208861
0.208917
0.208691
0.208017
0.206989
0.205661
0.204715
0.204041
0.203691
0.203419
0.203195
0.202922
0.202676
0.202530
0.202280
0.202104
0.202172
0.202109
0.202133
0.202099
0.202075
0.202022
0.202119
0.202050
0.201697
0.200867
0.199949
0.199305
0.198767
0.198345
0.197894
0.197712
0.197482
0.197358
0.197053
0.196702
0.196043
0.195203
0.194406
0.194025
0.193761
0.193527
0.192950
0.192012
0.190875
0.189336
0.187319
0.184939
0.182990
0.181348
0.180103
0.178974
0.177800
0.176568
0.175459
0.174272
0.173070
0.171693
0.170388
0.169064
0.167938
0.166938
0.166057
0.164685
0.162559
0.160164
0.157731
0.154945
0.151769
0.148811
0.146333
0.144229
0.142393
0.140481
0.138378
0.136604
0.134762
0.132984
0.130880
0.128852
0.126833
0.124901
0.123052
0.121562
0.119970
0.118501
0.116957
0.115456
0.113384
0.111004
0.108128
0.105080
0.102403
0.100588
0.099489
0.098806
0.098230
0.097724
0.097303
0.096804
0.096324
0.095839
0.095244
0.094342
0.093555
0.093047
0.092804
0.092381
0.091399
0.089946
0.088526
0.086762
0.084458
0.081873
0.079570
0.077631
0.076209
0.075062
0.074278
0.073512
0.072887
0.072220
0.071533
0.070893
0.070367
0.069849
0.069858
0.070285
0.070572
0.070108
0.069671
0.069057
0.068101
0.066858
0.065403
0.063872
0.062620
0.061889
0.061337
0.060857
0.060234
0.059562
0.059053
0.058578
0.058059
0.057508
0.056666
0.055947
0.055693
0.055601
0.054665
0.052713
0.050898
0.049030
0.046913
0.044289
0.041320
0.038784
0.036747
0.035153
0.033881
0.032715
0.031152
0.029812
0.028636
0.027355
0.025909
0.024341
0.022621
0.021204
0.020199
0.019468
0.018911
0.018082
0.015877
0.013380
0.010841
0.008183
0.005131
0.002012
-0.000561
-0.002705
-0.004639
-0.006564
-0.008505
-0.010709
-0.013008
-0.015307
-0.017775
-0.020320
-0.022826
-0.024800
-0.027255
-0.029713
-0.032069
-0.034445
-0.037164
-0.040376
-0.044029
-0.047718
-0.050936
-0.053497
-0.055598
-0.057512
-0.059650
-0.061641
-0.063646
-0.065535
-0.067643
-0.069862
-0.072409
-0.074668
-0.076777
-0.078563
-0.080529
-0.082706
-0.085527
-0.088478
-0.091551
-0.094916
-0.098727
-0.102426
-0.105467
-0.108047
-0.110273
-0.112501
-0.114821
-0.117051
-0.119222
-0.121522
-0.123899
-0.126442
-0.129256
-0.131803
-0.134033
-0.135911
-0.137895
-0.139701
-0.141810
-0.144593
-0.147642
-0.151104
-0.155087
-0.158942
-0.162284
-0.165088
-0.167801
-0.170587
-0.173297
-0.175952
-0.178696
-0.181477
-0.184331
-0.187022
-0.189262
-0.191083
-0.192570
-0.194148
-0.196480
-0.199365
-0.202404
-0.205498
-0.208720
-0.212473
-0.216181
-0.219297
-0.221925
-0.224347
-0.226817
-0.229320
-0.231707
-0.234267
-0.236697
-0.239392
-0.242125
-0.245269
-0.248164
-0.250678
-0.252817
-0.255146
-0.258272
-0.261623
-0.265002
-0.268665
-0.272696
-0.277075
-0.281190
-0.285036
-0.288679
-0.292389
-0.296082
-0.299888
-0.303923
-0.308019
-0.311961
-0.316231
-0.320526
-0.324439
-0.328077
-0.331610
-0.334751
-0.338281
-0.341864
-0.345685
-0.349828
-0.354465
-0.359247
-0.363617
-0.367506
-0.371277
-0.375105
-0.378858
-0.382933
-0.386879
-0.390752
-0.394829
-0.399007
-0.402786
-0.405951
-0.409158
-0.412589
-0.415975
-0.419578
-0.423443
-0.427675
-0.432353
-0.437406
-0.441828
-0.445735
-0.449443
-0.453222
-0.456982
-0.461017
-0.465388
-0.469742
-0.474354
-0.479029
-0.483837
-0.488211
-0.492298
-0.496272
-0.500339
-0.505630
-0.511277
-0.516831
-0.522233
-0.528155
-0.534316
-0.539816
-0.544913
-0.549771
-0.554697
-0.559878
-0.564766
-0.569740
-0.574764
-0.579973
-0.585239
-0.590837
-0.595935
-0.600578
-0.604855
-0.609242
-0.613605
-0.618115
-0.622688
-0.627544
-0.632750
-0.638647
-0.644766
-0.650237
-0.654862
-0.659347
-0.663964
-0.668535
-0.673360
-0.678160
-0.683262
-0.688250
-0.693539
-0.698753
-0.703780
-0.708243
-0.712387
-0.716727
-0.721481
-0.726245
-0.731081
-0.736250
-0.741613
-0.747772
-0.753834
-0.759222
-0.763966
-0.768652
-0.773476
-0.778311
-0.782900
-0.787792
-0.792669
-0.797466
-0.802312
-0.807247
-0.812077
-0.816422
-0.820377
-0.824604
-0.828879
-0.834042
-0.839381
-0.844998
-0.850901
-0.857706
-0.864579
-0.870996
-0.877136
-0.882974
-0.888893
-0.894993
-0.900853
-0.906674
-0.912733
-0.918671
-0.924861
-0.931083
-0.937308
-0.943257
-0.948635
-0.953923
-0.960051
-0.965965
-0.971928
-0.978068
-0.984398
-0.991495
-0.998893
-1.005164
-1.010828
-1.016461
-1.022229
-1.027751
-1.033044
-1.038599
-1.044014
-1.049602
-1.054881
-1.059934
-1.064454
-1.068503
-1.072520
-1.076928
-1.081316
-1.085998
-1.091014
-1.096181
-1.101658
-1.107932
-1.113956
-1.119856
-1.125521
-1.131334
-1.137224
-1.142752
-1.148518
-1.154148
-1.159735
-1.165534
-1.171344
-1.177142
-1.182212
-1.187023
-1.192276
-1.197616
-1.202980
-1.208526
-1.214372
-1.220253
-1.227148
-1.234421
-1.241458
-1.248233
-1.254738
-1.261186
-1.267444
-1.273270
-1.279443
-1.285570
-1.291743
-1.297993
-1.304139
-1.310376
-1.315880
-1.321425
-1.327396
-1.333391
-1.339391
-1.345535
-1.351932
-1.358558
-1.366273
-1.374317
-1.381907
-1.389305
-1.396426
-1.403593
-1.411191
-1.418401
-1.425565
-1.432803
-1.440225
-1.447747
-1.455207
-1.462837
-1.469951
-1.476780
-1.483513
-1.491584
-1.499756
-1.508029
-1.516187
-1.524472
-1.533927
-1.543453
-1.552190
-1.560562
-1.568735
-1.577182
-1.586011
-1.594592
-1.603124
-1.611719
-1.620178
-1.628752
-1.637532
-1.646173
-1.654344
-1.662130
-1.670162
-1.677913
-1.686204
-1.694476
-1.702644
-1.710684
-1.719635
-1.729229
-1.738189
-1.746847
-1.755100
-1.763222
-1.771793
-1.780094
-1.788292
-1.796547
-1.804943
-1.813346
-1.821717
-1.829823
-1.837605
-1.844858
-1.852119
-1.860285
-1.868807
-1.877307
-1.886098
-1.894925
-1.904863
-1.915313
-1.925146
-1.934572
-1.943557
-1.952839
-1.962192
-1.971407
-1.980599
-1.989842
-1.998937
-2.008115
-2.017601
-2.026945
-2.035759
-2.044054
-2.053278
-2.063272
-2.073318
-2.083463
-2.093702
-2.104901
-2.116939
-2.128483
-2.139272
-2.149617
-2.160045
-2.171030
-2.181562
-2.192104
-2.202895
-2.213772
-2.224357
-2.234776
-2.245146
-2.255443
-2.265266
-2.274189
-2.283946
-2.294571
-2.305239
-2.315534
-2.325617
-2.336465
-2.347824
-2.358632
-2.368973
-2.378840
-2.388294
-2.398007
-2.408224
-2.418215
-2.428075
-2.438025
-2.447571
-2.456778
-2.465616
-2.474544
-2.483297
-2.491390
-2.499076
-2.506946
-2.514759
-2.523168
-2.531566
-2.540000
-2.548207
-2.556684
-2.566185
-2.575736
-2.585298
-2.594655
-2.603689
-2.612153
-2.620362
-2.627969
-2.635603
-2.643159
-2.650993
-2.658895
-2.666985
-2.674717
-2.682482
-2.690801
-2.699330
-2.708137
-2.716991
-2.726211
-2.735843
-2.746622
-2.757907
-2.768977
-2.779544
-2.789652
-2.799999
-2.810772
-2.821105
-2.831370
-2.841208
-2.851166
-2.861060
-2.870889
-2.881079
-2.891310
-2.900466
-2.910034
-2.919931
-2.929796
-2.939653
-2.949325
-2.958876
-2.968848
-2.979517
-2.990850
-3.002271
-3.013519
-3.024337
-3.035234
-3.045871
-3.056736
-3.067424
-3.078112
-3.088784
-3.099264
-3.109667
-3.119714
-3.129312
-3.138387
-3.146837
-3.154227
-3.160894
-3.167391
-3.173624
-3.179824
-3.186604
-3.194272
-3.202612
-3.211372
-3.219877
-3.227394
-0.000013
-0.000100
-0.000238
-0.000321
-0.000444
-0.000429
0.000174
0.001011
0.001349
0.001609
0.002168
0.002938
0.003661
-0.000005
-0.000070
-0.000172
-0.000239
-0.000314
-0.000538
-0.000852
-0.001163
-0.001446
-0.001710
-0.001928
-0.002153
-0.002368
-0.002600
-0.002825
-0.002933
-0.002882
-0.002707
-0.002430
-0.002179
-0.001941
-0.001741
-0.001584
-0.001505
-0.001466
-0.001423
-0.001409
-0.001344
-0.001290
-0.001249
-0.001190
-0.001148
-0.001183
-0.001248
-0.001377
-0.001125
-0.001201
-0.001295
-0.002578
-0.004597
-0.006976
-0.009670
-0.012358
-0.014382
-0.015629
-0.016405
-0.016739
-0.016882
-0.016984
-0.017189
-0.017290
-0.017397
-0.017595
-0.018020
-0.018651
-0.019530
-0.020424
-0.021058
-0.021505
-0.021748
-0.022065
-0.022415
-0.023864
-0.025351
-0.027257
-0.029691
-0.032447
-0.034795
-0.036674
-0.038116
-0.039258
-0.040356
-0.041656
-0.042827
-0.044038
-0.045283
-0.046340
-0.047321
-0.048154
-0.048779
-0.049267
-0.049553
-0.050121
-0.050584
-0.051177
-0.052023
-0.053310
-0.054933
-0.056373
-0.057288
-0.057848
-0.058248
-0.058654
-0.059039
-0.059384
-0.059794
-0.060246
-0.060918
-0.061482
-0.062226
-0.062755
-0.063150
-0.063441
-0.063863
-0.064192
-0.064750
-0.065843
-0.067614
-0.069852
-0.072354
-0.074686
-0.076872
-0.078927
-0.080842
-0.082750
-0.084529
-0.086246
-0.087892
-0.089612
-0.091529
-0.093473
-0.095667
-0.097527
-0.098873
-0.100172
-0.101681
-0.103526
-0.105579
-0.107790
-0.110407
-0.113473
-0.116704
-0.119523
-0.122102
-0.124536
-0.127035
-0.129483
-0.131927
-0.134410
-0.137060
-0.140067
-0.143233
-0.146465
-0.149510
-0.151837
-0.154449
-0.157068
-0.159683
-0.162243
-0.164914
-0.168609
-0.173249
-0.178418
-0.184178
-0.189645
-0.194632
-0.199129
-0.203372
-0.207559
-0.211931
-0.216368
-0.220534
-0.224927
-0.229429
-0.234138
-0.239049
-0.243966
-0.248345
-0.252522
-0.256706
-0.260963
-0.266032
-0.271080
-0.276026
-0.280781
-0.286026
-0.291428
-0.296276
-0.300854
-0.305367
-0.309996
-0.314546
-0.319093
-0.323729
-0.328223
-0.332791
-0.337378
-0.341874
-0.345849
-0.349369
-0.352938
-0.356722
-0.361573
-0.366591
-0.371709
-0.376926
-0.383055
-0.389297
-0.395275
-0.401079
-0.406913
-0.412876
-0.418548
-0.424438
-0.430319
-0.436207
-0.442216
-0.448222
-0.454141
-0.459491
-0.464444
-0.470629
-0.477030
-0.483410
-0.489839
-0.496465
-0.503220
-0.510926
-0.518847
-0.525831
-0.532265
-0.538594
-0.545301
-0.552125
-0.558596
-0.565215
-0.571844
-0.578613
-0.585577
-0.592717
-0.599355
-0.605386
-0.611316
-0.617534
-0.624237
-0.630962
-0.637832
-0.644811
-0.652585
-0.660887
-0.668864
-0.676578
-0.683974
-0.691653
-0.699009
-0.706385
-0.713708
-0.721035
-0.728594
-0.735921
-0.743693
-0.750894
-0.757496
-0.763935
-0.771930
-0.780230
-0.788692
-0.797105
-0.805066
-0.813799
-0.823338
-0.832806
-0.842019
-0.850909
-0.859426
-0.868102
-0.877331
-0.886276
-0.895104
-0.904006
-0.912772
-0.921808
-0.930950
-0.939994
-0.948262
-0.956322
-0.964247
-0.972683
-0.981058
-0.989493
-0.997807
-1.005983
-1.015009
-1.024398
-1.033160
-1.041306
-1.049262
-1.057247
-1.065649
-1.073702
-1.082233
-1.090631
-1.098920
-1.107274
-1.115442
-1.123553
-1.131065
-1.138331
-1.146529
-1.154747
-1.163233
-1.171933
-1.180813
-1.189916
-1.200250
-1.210630
-1.220746
-1.230668
-1.240483
-1.250089
-1.259240
-1.268038
-1.276931
-1.285819
-1.294757
-1.303492
-1.312380
-1.321206
-1.329501
-1.337210
-1.344721
-1.352425
-1.360643
-1.369244
-1.377949
-1.386845
-1.396146
-1.406556
-1.416839
-1.426566
-1.436228
-1.445826
-1.455833
-1.465723
-1.475389
-1.485238
-1.494313
-1.503171
-1.512454
-1.521829
-1.531077
-1.540154
-1.548952
-1.557130
-1.565030
-1.572964
-1.581535
-1.590374
-1.599947
-1.609840
-1.619436
-1.627536
-1.635152
-1.642809
-1.650665
-1.657971
-1.664594
-1.670793
-1.676734
-1.682355
0.000019
0.000046
0.000035
-0.000008
-0.000407
-0.000909
-0.000959
-0.000197
0.000575
0.001114
0.001462
0.001414
0.001158
0.000828
0.000430
-0.000073
-0.000662
-0.001293
0.000007
0.000171
0.000441
0.000614
0.000618
0.000461
0.000072
-0.000685
-0.000994
-0.001410
-0.001717
-0.001872
-0.001576
0.000008
-0.000055
-0.000221
-0.000338
-0.000304
-0.000140
-0.000099
-0.000275
-0.000478
-0.000696
-0.000901
-0.000956
-0.001043
-0.001236
0.000030
0.000202
0.000353
0.000447
0.000445
0.000354
0.000277
0.000228
0.000199
-0.000004
-0.000529
-0.001049
-0.001778
-0.002713
-0.003823
-0.005041
-0.006227
-0.007386
-0.008473
-0.009533
-0.010588
-0.011670
-0.012739
-0.013734
-0.014699
-0.015551
-0.016418
-0.017349
-0.018301
-0.019233
-0.020129
-0.021079
-0.022036
-0.023130
-0.024369
-0.025586
-0.026621
-0.027699
-0.028757
-0.029948
-0.031152
-0.032787
-0.034992
-0.037771
-0.040893
-0.044065
-0.047398
-0.050681
-0.054038
-0.057019
-0.059912
-0.063745
-0.067734
-0.072035
-0.076420
-0.080460
-0.084242
-0.087702
-0.090943
-0.094297
-0.098196
-0.102114
-0.106160
-0.110512
-0.115408
-0.120743
-0.126176
-0.131475
-0.136609
-0.141849
-0.147008
-0.152021
-0.157177
-0.161865
-0.166939
-0.171759
-0.176197
-0.180265
-0.184481
-0.188747
-0.193063
-0.197531
-0.202241
-0.206669
-0.210984
-0.215481
-0.220184
-0.225207
-0.230487
-0.234928
-0.238347
-0.241661
-0.245057
-0.248260
-0.251389
-0.254342
-0.257382
-0.260442
-0.263435
-0.266310
-0.269209
-0.271588
-0.273740
-0.276170
-0.278623
-0.281017
-0.283660
-0.286698
-0.290069
-0.293871
-0.298286
-0.302628
-0.306724
-0.310383
-0.313966
-0.317231
-0.320525
-0.323790
-0.327089
-0.330671
-0.334325
-0.338060
-0.341955
-0.345534
-0.348751
-0.351939
-0.355237
-0.358446
-0.361831
-0.365706
-0.370016
-0.374762
-0.379743
-0.384062
-0.387744
-0.391103
-0.394358
-0.397716
-0.401130
-0.404506
-0.407744
-0.411301
-0.414745
-0.418162
-0.421678
-0.425091
-0.427944
-0.430885
-0.433993
-0.437132
-0.440333
-0.443821
-0.447624
-0.451954
-0.456484
-0.460411
-0.463551
-0.466419
-0.469195
-0.472067
-0.475115
-0.478002
-0.481224
-0.484384
-0.487684
-0.490836
-0.493756
-0.496233
-0.498383
-0.500697
-0.503109
-0.505585
-0.508339
-0.511268
-0.514356
-0.517776
-0.521573
-0.524918
-0.527419
-0.529307
-0.530957
-0.532607
-0.534320
-0.535980
-0.537557
-0.539174
-0.540875
-0.542697
-0.544551
-0.546092
-0.547268
-0.548141
-0.548899
-0.549684
-0.550510
-0.551289
-0.552341
-0.553992
-0.556238
-0.558933
-0.562153
-0.565294
-0.568239
-0.570546
-0.572511
-0.574375
-0.576184
-0.577936
-0.579795
-0.581868
-0.583909
-0.586289
-0.588652
-0.591340
-0.593621
-0.595355
-0.597475
-0.599733
-0.601979
-0.604346
-0.607056
-0.610234
-0.613799
-0.617956
-0.621860
-0.625381
-0.628644
-0.631697
-0.634758
-0.637914
-0.640890
-0.644150
-0.647508
-0.650888
-0.654424
-0.657963
-0.660948
-0.663658
-0.666406
-0.669094
-0.671646
-0.674343
-0.677378
-0.680734
-0.684443
-0.688081
-0.691030
-0.693563
-0.695990
-0.698532
-0.700993
-0.703444
-0.706113
-0.708928
-0.711863
-0.714909
-0.717652
-0.720186
-0.722365
-0.724618
-0.727146
-0.730692
-0.734340
-0.738107
-0.742064
-0.746591
-0.750844
-0.754515
-0.757796
-0.760905
-0.764124
-0.767493
-0.770559
-0.773761
-0.777038
-0.780588
-0.784154
-0.787921
-0.791115
-0.794000
-0.796722
-0.800279
-0.803907
-0.807626
-0.811430
-0.815653
-0.820394
-0.825395
-0.829658
-0.833429
-0.836893
-0.840422
-0.844064
-0.847453
-0.850978
-0.854533
-0.858385
-0.862251
-0.866163
-0.869662
-0.872993
-0.875817
-0.878679
-0.881480
-0.884380
-0.887153
-0.891917
-0.896819
-0.901693
-0.906912
-0.912550
-0.917745
-0.922265
-0.926272
-0.929939
-0.933554
-0.937566
-0.941243
-0.944872
-0.948645
-0.952680
-0.956778
-0.961121
-0.965310
-0.968970
-0.972319
-0.975542
-0.978925
-0.983142
-0.987526
-0.991858
-0.996224
-1.001162
-1.006131
-1.010434
-1.014439
-1.018219
-1.022104
-1.025934
-1.029605
-1.033421
-1.037348
-1.041356
-1.045473
-1.049851
-1.054035
-1.057738
-1.061074
-1.064540
-1.067988
-1.072361
-1.076771
-1.081494
-1.086466
-1.092100
-1.097610
-1.102426
-1.106874
-1.111223
-1.115672
-1.120052
-1.124277
-1.128632
-1.133005
-1.137497
-1.141890
-1.146155
-1.150005
-1.153421
-1.156757
-1.160169
-1.164465
-1.169458
-1.174633
-1.179713
-1.185148
-1.191087
-1.196615
-1.201783
-1.206571
-1.211471
-1.216470
-1.221282
-1.226191
-1.231257
-1.236361
-1.241552
-1.246895
-1.252263
-1.257410
-1.261954
-1.266203
-1.270492
-1.275163
-1.280719
-1.286451
-1.292109
-1.297935
-1.304579
-1.311013
-1.317091
-1.322866
-1.328381
-1.334163
-1.339709
-1.345198
-1.350690
-1.355991
-1.361313
-1.366712
-1.372310
-1.377321
-1.382031
-1.387633
-1.393455
-1.399179
-1.404981
-1.410917
-1.417029
-1.424062
-1.431072
-1.437328
-1.443179
-1.448957
-1.454953
-1.460629
-1.466231
-1.472028
-1.477885
-1.483945
-1.490082
-1.496313
-1.501887
-1.506965
-1.512391
-1.518575
-1.524853
-1.531245
-1.537922
-1.544698
-1.552441
-1.560347
-1.568138
-1.575530
-1.582722
-1.589735
-1.596308
-1.602642
-1.608927
-1.615154
-1.621491
-1.628014
-1.634680
-1.640782
-1.646673
-1.652947
-1.659642
-1.666299
-1.673102
-1.680093
-1.687279
-1.695502
-1.704095
-1.712277
-1.720170
-1.727900
-1.735246
-1.742534
-1.749409
-1.756016
-1.762763
-1.769309
-1.775862
-1.782636
-1.789300
-1.795050
-1.800848
-1.806514
-1.812523
-1.818491
-1.824302
-1.830828
-1.838009
-1.845286
-1.852611
-1.860718
-1.869121
-1.877341
-1.885550
-1.893542
-1.901680
-1.909626
-1.917032
-1.924460
-1.932028
-1.939854
-1.947528
-1.955508
-1.963343
-1.970465
-1.976839
-1.983239
-1.989694
-1.996268
-2.003269
-2.010667
-2.018892
-2.027900
-2.036339
-2.043344
-2.048875
-2.054437
-2.060003
-2.065364
-2.070258
-2.075309
-2.080355
-2.085367
-2.090514
-2.095765
-2.100385
-2.104859
-2.109194
-2.113649
-2.118066
-2.122619
-2.127509
-2.132839
-2.138696
-2.145205
-2.152629
-2.160581
-2.168294
-2.175631
-2.183293
-2.189820
-2.195710
-2.201476
-2.207284
-2.213174
-2.218684
-2.223953
-2.228924
-2.233720
-2.238417
-2.242805
-2.247066
-2.250905
-2.254308
-2.257115
-2.259456
-2.261678
-2.264050
-2.266523
-2.268635
-0.000024
-0.000205
-0.000337
-0.000348
-0.000362
-0.000388
-0.000416
-0.000446
-0.000444
-0.000403
-0.000364
-0.000461
-0.000724
-0.001157
-0.001669
-0.002250
-0.002900
-0.003642
-0.004485
-0.005359
-0.006156
-0.007057
-0.007987
-0.008385
-0.008537
-0.008365
-0.008007
-0.007452
-0.000064
-0.000581
-0.000942
-0.000964
-0.000613
-0.000049
0.000509
0.000985
0.001378
0.001667
0.001241
0.000517
-0.000449
-0.001712
-0.003263
-0.005075
-0.007028
-0.009012
-0.011029
-0.013024
-0.000022
-0.000036
0.000013
0.000049
0.000036
0.000016
-0.000012
-0.000052
-0.000095
-0.000136
-0.000102
-0.000056
0.000043
0.000130
0.000447
0.000850
0.001246
0.001498
0.001705
0.001839
0.002029
0.002147
0.002287
0.002328
0.002416
0.002444
0.002501
0.002553
0.002676
0.002926
0.003212
0.003526
0.003636
0.003701
0.003654
0.003668
0.003140
0.001824
0.000406
-0.001145
-0.002642
-0.004176
-0.005842
-0.007853
-0.010147
-0.012351
-0.014150
-0.015300
-0.016035
-0.016228
-0.016028
-0.015347
-0.014511
-0.013448
-0.012217
-0.010934
-0.009737
-0.008330
-0.007214
-0.006770
-0.006551
-0.006106
-0.005680
-0.004636
-0.003298
-0.002266
-0.001206
-0.000228
0.000251
0.000841
0.001247
0.001450
0.001367
0.001290
0.001414
0.001851
0.002437
0.003140
0.003667
0.004182
0.004663
0.005037
0.005107
0.004972
0.004853
0.005161
0.005953
0.006764
0.007321
0.006853
0.005951
0.004965
0.003504
0.001616
-0.000655
-0.002713
-0.004617
-0.006305
-0.007894
-0.009437
-0.011047
-0.012525
-0.013947
-0.015522
-0.017343
-0.019340
-0.021439
-0.023113
-0.024414
-0.025552
-0.026848
-0.028030
-0.029347
-0.030780
-0.032704
-0.034956
-0.037582
-0.040110
-0.042132
-0.043726
-0.045193
-0.046640
-0.048092
-0.049456
-0.050971
-0.052457
-0.054245
-0.056276
-0.058194
-0.059793
-0.060958
-0.062281
-0.063668
-0.065123
-0.066607
-0.068434
-0.070660
-0.073329
-0.076311
-0.078943
-0.081274
-0.083455
-0.085644
-0.087903
-0.090196
-0.092317
-0.094612
-0.097072
-0.099909
-0.102811
-0.105592
-0.107799
-0.109793
-0.111822
-0.114760
-0.117850
-0.121067
-0.124635
-0.128589
-0.133024
-0.137047
-0.140633
-0.143966
-0.147281
-0.150541
-0.153685
-0.156888
-0.160129
-0.163444
-0.166873
-0.170150
-0.173003
-0.175259
-0.177320
-0.180542
-0.183905
-0.187408
-0.190973
-0.194744
-0.198779
-0.203270
-0.207512
-0.211388
-0.214973
-0.218608
-0.222124
-0.225595
-0.229279
-0.232928
-0.236876
-0.240825
-0.245068
-0.249081
-0.252581
-0.255876
-0.259773
-0.264421
-0.269146
-0.273944
-0.279015
-0.284528
-0.290414
-0.295953
-0.301045
-0.305867
-0.310550
-0.315219
-0.319962
-0.325170
-0.330325
-0.335479
-0.340659
-0.346040
-0.351326
-0.355793
-0.360461
-0.364966
-0.369115
-0.373282
-0.377608
-0.382208
-0.387087
-0.392469
-0.397661
-0.402403
-0.406700
-0.411179
-0.415390
-0.419569
-0.423888
-0.428087
-0.432315
-0.436579
-0.440682
-0.444149
-0.447160
-0.450351
-0.454221
-0.458413
-0.462839
-0.467531
-0.472186
-0.477562
-0.483058
-0.488455
-0.493593
-0.498663
-0.503846
-0.508771
-0.513613
-0.518684
-0.523749
-0.529007
-0.534234
-0.539603
-0.544415
-0.548549
-0.552544
-0.556789
-0.561565
-0.567068
-0.572718
-0.578652
-0.584807
-0.591710
-0.598551
-0.605196
-0.611571
-0.617789
-0.624362
-0.630643
-0.636890
-0.643220
-0.649146
-0.655210
-0.661340
-0.667510
-0.673011
-0.678196
-0.684082
-0.690221
-0.696279
-0.702180
-0.708376
-0.715151
-0.722747
-0.729933
-0.736097
-0.741687
-0.747383
-0.753340
-0.759496
-0.765412
-0.771309
-0.777301
-0.783128
-0.788789
-0.794615
-0.800323
-0.805649
-0.810802
-0.816340
-0.821660
-0.827129
-0.833057
-0.839269
-0.845603
-0.852765
-0.860239
-0.867208
-0.873690
-0.879880
-0.886064
-0.892506
-0.898515
-0.904718
-0.910708
-0.916946
-0.923250
-0.929636
-0.936039
-0.941914
-0.947367
-0.953581
-0.960443
-0.967299
-0.974399
-0.981471
-0.988418
-0.996256
-1.004547
-1.012502
-1.020212
-1.027470
-1.034502
-1.042034
-1.049550
-1.056882
-1.064201
-1.071736
-1.079151
-1.086473
-1.093767
-1.100906
-1.107492
-1.113692
-1.120034
-1.127070
-1.135048
-1.142986
-1.150772
-1.158948
-1.168028
-1.177082
-1.185731
-1.194099
-1.202130
-1.210454
-1.219015
-1.227501
-1.235823
-1.244356
-1.252725
-1.261147
-1.269732
-1.278050
-1.285725
-1.293303
-1.301693
-1.309962
-1.318288
-1.326650
-1.334749
-1.343269
-1.352473
-1.361665
-1.370371
-1.378678
-1.386536
-1.394432
-1.402759
-1.410761
-1.418498
-1.426173
-1.433959
-1.441673
-1.449482
-1.457394
-1.464626
-1.471639
-1.478669
-1.485705
-1.494330
-1.503106
-1.511845
-1.520199
-1.529295
-1.539226
-1.548891
-1.558098
-1.566557
-1.574813
-1.583148
-1.591919
-1.601001
-1.609490
-1.617559
-1.624951
-1.632157
-1.639247
-1.646709
-1.653751
-1.659692
-1.665278
-1.670782
-1.676143
-1.681461
-1.686943
-1.692515
-1.697867
-1.702968
-1.708198
-1.713307
-1.718432
-1.723585
-1.728631
-1.733925
-1.740156
-1.746952
-1.754383
-1.762737
-1.771779
-1.781213
-1.790284
-1.798538
-1.806651
-1.814478
-1.821892
-1.829158
-1.836452
-1.843471
-1.850331
-1.857429
-1.864331
-1.870756
-1.877185
-1.883685
-1.890134
-1.896619
-1.903052
-1.909725
-1.916928
-1.924608
-1.932744
-1.941351
-1.949834
-1.958511
-1.966752
-1.975026
-1.982825
-1.990871
-1.998886
-2.007025
-2.014789
-2.022488
-2.029476
-2.036183
-2.043034
-2.049489
0.000054
0.000214
0.000281
0.000351
0.000454
0.000581
0.000723
0.001010
0.001502
0.002149
0.002907
0.003587
0.004104
0.004472
0.004871
0.005165
0.005304
0.005416
0.005478
0.005643
0.005778
0.005922
0.005914
0.005880
0.005786
0.005739
0.005647
0.005592
0.005557
0.005635
0.005857
0.006109
0.006269
0.006247
0.006089
0.004743
0.003443
0.002215
0.000876
-0.000670
-0.002298
-0.004171
-0.006155
-0.008430
-0.010175
-0.011440
-0.012065
-0.012205
-0.011818
-0.011148
-0.010288
-0.009285
-0.007800
-0.006160
-0.004527
-0.003149
-0.002254
-0.001604
-0.001182
-0.000361
0.000471
0.001364
0.001894
0.002239
0.002701
0.003214
0.003491
0.003571
0.004070
0.005407
0.007285
0.009455
0.011832
0.014334
0.017128
0.020032
0.022833
0.025857
0.028781
0.031649
0.034282
0.037371
0.040668
0.044175
0.047510
0.050702
0.053146
0.055943
0.058284
0.060063
0.061541
0.063042
0.064958
0.067145
0.069706
0.072468
0.074889
0.076795
0.078678
0.080583
0.082740
0.084807
0.086915
0.088843
0.090798
0.093092
0.095722
0.098134
0.100607
0.102993
0.105573
0.107973
0.109889
0.111477
0.112503
0.113551
0.114727
0.116347
0.118245
0.120396
0.122577
0.124845
0.127002
0.129117
0.131397
0.133852
0.136084
0.138309
0.140447
0.142957
0.145849
0.148648
0.151262
0.152368
0.153307
0.153960
0.154177
0.153823
0.153241
0.152787
0.152677
0.152796
0.153158
0.153537
0.153780
0.153913
0.154267
0.154551
0.154893
0.154953
0.154937
0.154733
0.154788
0.155500
0.155942
0.156419
0.155511
0.154389
0.153391
0.152205
0.150603
0.148607
0.146689
0.145445
0.144764
0.144418
0.144223
0.144026
0.143709
0.143570
0.143257
0.143014
0.142559
0.142234
0.142011
0.142243
0.142629
0.142921
0.142002
0.141157
0.140184
0.138860
0.137152
0.135157
0.133395
0.132039
0.130973
0.130109
0.129174
0.128203
0.127426
0.126506
0.125644
0.124440
0.123167
0.121741
0.120402
0.119195
0.118285
0.117554
0.116820
0.116182
0.115541
0.114585
0.112502
0.109959
0.106930
0.103851
0.101112
0.098655
0.096372
0.094110
0.092013
0.089912
0.087869
0.085755
0.083713
0.081494
0.079282
0.077026
0.075339
0.074007
0.071931
0.069381
0.066738
0.064032
0.061028
0.057765
0.053988
0.050446
0.047368
0.044674
0.042053
0.039430
0.036670
0.033536
0.030603
0.027522
0.024313
0.020949
0.017620
0.014773
0.012328
0.008638
0.004686
0.000683
-0.003472
-0.007825
-0.012463
-0.017721
-0.023134
-0.028021
-0.032293
-0.036433
-0.040814
-0.045243
-0.049807
-0.054429
-0.059142
-0.063936
-0.068905
-0.073579
-0.077717
-0.081383
-0.085076
-0.088881
-0.093531
-0.098518
-0.103500
-0.108393
-0.113764
-0.119264
-0.124142
-0.128600
-0.132809
-0.136963
-0.141244
-0.145306
-0.149624
-0.153901
-0.158007
-0.162181
-0.166335
-0.170633
-0.174394
-0.177620
-0.181074
-0.184939
-0.189109
-0.193388
-0.197866
-0.202427
-0.207770
-0.213108
-0.218158
-0.222771
-0.227249
-0.231903
-0.236508
-0.241599
-0.246577
-0.251598
-0.256774
-0.262102
-0.267323
-0.271803
-0.276112
-0.281100
-0.286984
-0.292969
-0.299001
-0.305209
-0.311816
-0.319146
-0.326159
-0.332598
-0.338588
-0.344506
-0.350747
-0.356899
-0.362870
-0.369012
-0.375236
-0.381477
-0.387949
-0.394592
-0.400806
-0.406357
-0.411819
-0.417964
-0.424294
-0.430783
-0.437281
-0.443969
-0.451357
-0.459169
-0.466614
-0.473501
-0.479975
-0.486225
-0.492288
-0.497933
-0.503653
-0.509234
-0.514916
-0.520727
-0.526651
-0.532142
-0.537198
-0.542591
-0.548143
-0.554234
-0.560574
-0.567348
-0.574150
-0.581855
-0.589971
-0.597896
-0.605397
-0.612659
-0.620034
-0.627855
-0.635490
-0.643210
-0.650821
-0.658579
-0.666360
-0.674622
-0.682293
-0.689496
-0.696408
-0.704600
-0.713758
-0.722826
-0.731338
-0.740043
-0.749178
-0.759021
-0.769004
-0.778145
-0.786439
-0.794860
-0.803259
-0.811685
-0.820284
-0.828838
-0.837323
-0.845822
-0.853818
-0.861435
-0.869377
-0.877303
-0.884767
-0.892064
-0.899884
-0.907538
-0.914631
-0.921481
-0.928672
-0.935915
-0.943088
-0.950792
-0.958994
-0.966767
-0.974043
-0.980944
-0.987608
-0.994366
-1.001369
-1.008254
-1.015040
-1.021903
-1.028759
-1.035301
-1.041639
-1.048060
-1.053369
-1.058717
-1.063907
-1.069692
-1.077001
-1.084545
-1.091968
-1.099785
-1.108327
-1.117651
-1.127059
-1.135724
-1.143985
-1.152043
-1.160427
-1.168971
-1.177354
-1.185867
-1.194352
-1.202436
-1.210498
-1.218530
-1.226426
-1.233803
-1.240672
-1.247351
-1.254129
-1.261575
-1.270436
-1.279446
-1.288385
-1.297096
-1.306220
-1.315946
-1.325958
-1.334953
-1.342942
-1.350833
-1.358560
-1.366470
-1.374469
-1.382855
-1.391118
-1.399282
-1.407641
-1.415862
-1.424209
-1.432263
-1.440258
-1.448314
-1.455937
-1.463168
-1.469895
-1.476295
-1.482710
-1.488921
-1.495079
-1.501108
-1.507260
-1.513356
-1.519496
-1.525200
-1.531058
-1.536875
-1.542425
-1.547707
-0.000043
-0.000703
-0.001395
-0.001695
-0.001622
-0.001825
-0.001708
-0.001050
-0.000423
0.000133
0.000523
0.000802
0.000675
-0.000283
-0.001315
-0.002302
-0.003178
-0.000025
-0.000287
-0.000538
-0.000729
-0.000770
-0.000624
-0.000404
-0.000129
0.000159
0.000389
0.000576
0.000798
0.001088
0.001355
0.001582
0.001599
0.001688
0.001680
0.001570
0.001318
0.001051
0.000744
0.000546
0.000414
0.000281
0.000035
-0.000287
-0.000855
-0.001445
-0.001941
-0.002436
-0.002888
-0.003235
-0.003452
-0.003612
-0.003896
-0.004266
-0.004311
-0.004498
-0.004804
-0.005097
-0.005372
-0.005519
-0.005751
-0.006344
-0.007099
0.000098
0.000601
0.001147
0.001523
0.001827
0.001820
0.000969
-0.000095
-0.000876
-0.001823
-0.002684
-0.003425
-0.004161
-0.004955
-0.005736
-0.006478
-0.007195
-0.007874
-0.008501
-0.009046
-0.000003
-0.000064
-0.000096
-0.000141
-0.000239
-0.000327
-0.000419
-0.000505
-0.000565
-0.000573
-0.000593
-0.000703
-0.000818
-0.000850
-0.000642
-0.000224
0.000507
0.001308
0.002113
0.002575
0.002794
0.002862
0.003022
0.003318
0.003672
0.003969
0.004221
0.004437
0.004651
0.004935
0.005406
0.005772
0.006139
0.006370
0.006639
0.006820
0.007237
0.007543
0.008139
0.008667
0.009040
0.009567
0.010026
0.010583
0.011218
0.000086
0.000498
0.000968
0.001439
0.001799
0.001955
0.001909
0.001604
0.001263
0.001351
0.001883
0.003090
0.003674
0.003853
0.004458
0.005141
0.005962
0.006995
0.008218
0.009620
0.011529
0.014005
0.016829
0.019988
0.023459
0.027437
0.031929
0.036897
0.042185
0.047629
0.053223
0.059282
0.065866
-0.000074
-0.000569
-0.001001
-0.001345
-0.001497
-0.001362
-0.001057
-0.000568
0.000133
0.000832
0.001509
0.002238
0.003010
0.003699
0.004334
0.004890
0.005363
0.005795
0.006373
0.007152
0.008051
0.009105
0.010160
0.011210
0.012338
0.013761
0.015458
0.017371
0.019334
0.021253
0.022961
0.024807
0.026604
0.028351
0.030051
0.031695
0.033342
0.035064
0.036875
0.038765
0.040629
0.042040
0.043357
0.044526
0.045010
0.044834
0.044363
0.043972
0.043554
0.043002
0.042514
0.042355
0.042342
-0.000031
0.000078
0.000247
0.000408
0.000372
0.000516
0.001089
0.001637
0.001838
0.001579
0.001422
0.000899
0.000622
0.000423
0.000026
0.000105
0.000203
0.000195
0.000168
0.000173
0.000205
0.000183
0.000081
-0.000009
-0.000045
-0.000016
-0.000030
-0.000017
-0.000016
-0.000093
-0.000152
-0.000141
0.000009
0.000420
0.001084
0.001700
0.002300
0.002924
0.003632
0.004438
0.005248
0.005860
0.006522
0.007247
0.008105
0.008959
0.009696
0.010241
0.010762
0.011264
0.011727
0.010547
0.009297
0.007797
0.005825
0.003516
0.000866
-0.001930
-0.004790
-0.007465
-0.009966
-0.012170
-0.014107
-0.015926
-0.017820
-0.020309
-0.023173
-0.026361
-0.029452
-0.033275
-0.037152
-0.040966
-0.044363
-0.048070
-0.051600
-0.054793
-0.057434
-0.059894
-0.062141
-0.064458
-0.067000
-0.070560
-0.074228
-0.078361
-0.082802
-0.087240
-0.090803
-0.093742
-0.096457
-0.099019
-0.101649
-0.104162
-0.106540
-0.108935
-0.111653
-0.114396
-0.117364
-0.119853
-0.121904
-0.123578
-0.125362
-0.127288
-0.129296
-0.131433
-0.133736
-0.136038
-0.138591
-0.141008
-0.142711
-0.143503
-0.144039
-0.144664
-0.144921
-0.145234
-0.145713
-0.146240
-0.147002
-0.148065
-0.149201
-0.150055
-0.150510
-0.150844
-0.151395
-0.152150
-0.153114
-0.154207
-0.155697
-0.157546
-0.159634
-0.161207
-0.161949
-0.162651
-0.163096
-0.163382
-0.163638
-0.164036
-0.164340
-0.164714
-0.164787
-0.165185
-0.165665
-0.166142
-0.166460
-0.166642
-0.166490
-0.166379
-0.166204
-0.166210
-0.166090
-0.166234
-0.166849
-0.168162
-0.169961
-0.171802
-0.172997
-0.173465
-0.173491
-0.173396
-0.173088
-0.172733
-0.172327
-0.171981
-0.171544
-0.170951
-0.170611
-0.170485
-0.170583
-0.170767
-0.170527
-0.170022
-0.169439
-0.168957
-0.168628
-0.169554
-0.170465
-0.171538
-0.173019
-0.174631
-0.175827
-0.176749
-0.177397
-0.177981
-0.178566
-0.179208
-0.179730
-0.180279
-0.180931
-0.181854
-0.182919
-0.184009
-0.184726
-0.185195
-0.185587
-0.186769
-0.188599
-0.190433
-0.192538
-0.195076
-0.198011
-0.200781
-0.203017
-0.204803
-0.206312
-0.207732
-0.209222
-0.210756
-0.212285
-0.213959
-0.215585
-0.217420
-0.219352
-0.221330
-0.222845
-0.224056
-0.225518
-0.227128
-0.228790
-0.230648
-0.232851
-0.235372
-0.238223
-0.240653
-0.242276
-0.243433
-0.244401
-0.245296
-0.246497
-0.247598
-0.248903
-0.250238
-0.251940
-0.253760
-0.255425
-0.256481
-0.257273
-0.258511
-0.259862
-0.261312
-0.262959
-0.265019
-0.267332
-0.270022
-0.272448
-0.274450
-0.276190
-0.277835
-0.279350
-0.280899
-0.282812
-0.284620
-0.286592
-0.288639
-0.290863
-0.293072
-0.294737
-0.295799
-0.297865
-0.300067
-0.302409
-0.304986
-0.307842
-0.310922
-0.314562
-0.318114
-0.321354
-0.324191
-0.326870
-0.329742
-0.332784
-0.335943
-0.339286
-0.342664
-0.346248
-0.349923
-0.353283
-0.355949
-0.358348
-0.361245
-0.365002
-0.368812
-0.372676
-0.376674
-0.380876
-0.385437
-0.389655
-0.393554
-0.397186
-0.400721
-0.404283
-0.407749
-0.411139
-0.414698
-0.418297
-0.422158
-0.426098
-0.430089
-0.433397
-0.436328
-0.439936
-0.444235
-0.448553
-0.453002
-0.457453
-0.462018
-0.467250
-0.472523
-0.477434
-0.481983
-0.486270
-0.490659
-0.495470
-0.500255
-0.505103
-0.509949
-0.515058
-0.520053
-0.525417
-0.530548
-0.535041
-0.539373
-0.543838
-0.548821
-0.554484
-0.560151
-0.566153
-0.572540
-0.579290
-0.585646
-0.591650
-0.597348
-0.603031
-0.608810
-0.614609
-0.620226
-0.626075
-0.632030
-0.637955
-0.644114
-0.650410
-0.656128
-0.661476
-0.666864
-0.672200
-0.677530
-0.683978
-0.690486
-0.696974
-0.703686
-0.710915
-0.718022
-0.724823
-0.731315
-0.737675
-0.744127
-0.750544
-0.756656
-0.762957
-0.768873
-0.774737
-0.780712
-0.786863
-0.792463
-0.797405
-0.802909
-0.808628
-0.814269
-0.820069
-0.825904
-0.831525
-0.837905
-0.844645
-0.850997
-0.857034
-0.862766
-0.868307
-0.873835
-0.878925
-0.884059
-0.889188
-0.894327
-0.899477
-0.904758
-0.910057
-0.914615
-0.918918
-0.923429
-0.928063
-0.933581
-0.939477
-0.945897
-0.952289
-0.959497
-0.967148
-0.974729
-0.981933
-0.987983
-0.993967
-1.000053
-1.005609
-1.010949
-1.016477
-1.021924
-1.027192
-1.032594
-1.037885
-1.042536
-1.047092
-1.051599
-1.056137
-1.060747
-1.065077
-1.069442
-1.073973
-1.079555
-1.085690
-1.092333
-1.099847
-1.108018
-1.116209
-1.124552
-1.133025
-1.141160
-1.148624
-1.156273
-1.164096
-1.172054
-1.179569
-1.187004
-1.193814
-1.200326
-1.206292
-1.211780
-1.216982
-1.222028
-1.226621
-1.231321
-1.236392
-0.000035
-0.000221
-0.000396
-0.000520
-0.000659
-0.000811
-0.000931
-0.001080
-0.001290
-0.001547
-0.001764
-0.001995
-0.002133
-0.002257
-0.002274
-0.002186
-0.002018
-0.001892
-0.001733
-0.001678
-0.001575
-0.001554
-0.001503
-0.001563
-0.001604
-0.001675
-0.001697
-0.001694
-0.001750
-0.001725
-0.001647
-0.001479
-0.001494
-0.001534
-0.001717
-0.001790
-0.001976
-0.002700
-0.004072
-0.005825
-0.007801
-0.009823
-0.012215
-0.014936
-0.018113
-0.021580
-0.025385
-0.029322
-0.032816
-0.035321
-0.037247
-0.038844
-0.040171
-0.041429
-0.042586
-0.043749
-0.044947
-0.046370
-0.048024
-0.049979
-0.052160
-0.054536
-0.056580
-0.058421
-0.060255
-0.062419
-0.064603
-0.066776
-0.069039
-0.071459
-0.074356
-0.077073
-0.078851
-0.079865
-0.080634
-0.081358
-0.081828
-0.082205
-0.082509
-0.083024
-0.083804
-0.084949
-0.086175
-0.087062
-0.087550
-0.087667
-0.087623
-0.087551
-0.087525
-0.087453
-0.087555
-0.087739
-0.088234
-0.088854
-0.089670
-0.090571
-0.091247
-0.091688
-0.091742
-0.091495
-0.090995
-0.090260
-0.089480
-0.088726
-0.087835
-0.087200
-0.086845
-0.086850
-0.086825
-0.086962
-0.086900
-0.086795
-0.087218
-0.087922
-0.088542
-0.089169
-0.090035
-0.091310
-0.092600
-0.093742
-0.094615
-0.095233
-0.096643
-0.098882
-0.101124
-0.103355
-0.105170
-0.107313
-0.109568
-0.112033
-0.114450
-0.116743
-0.118955
-0.121052
-0.123392
-0.125645
-0.127797
-0.129987
-0.132358
-0.135022
-0.137618
-0.139357
-0.140314
-0.141055
-0.141694
-0.142059
-0.142130
-0.141957
-0.141953
-0.142215
-0.142921
-0.143871
-0.144752
-0.145230
-0.145428
-0.145280
-0.145159
-0.144938
-0.144742
-0.144593
-0.144508
-0.144558
-0.144911
-0.145433
-0.146089
-0.146870
-0.147314
-0.147275
-0.146799
-0.145995
-0.144953
-0.143879
-0.142527
-0.141169
-0.139790
-0.138206
-0.136650
-0.135335
-0.134051
-0.132624
-0.131116
-0.129502
-0.127635
-0.125910
-0.124193
-0.122659
-0.121774
-0.121339
-0.121409
-0.121888
-0.122125
-0.121572
-0.120365
-0.118990
-0.117378
-0.116222
-0.115581
-0.114948
-0.114326
-0.113397
-0.112408
-0.111692
-0.110816
-0.110118
-0.109250
-0.108140
-0.106814
-0.105545
-0.104190
-0.102988
-0.101666
-0.100448
-0.099341
-0.098547
-0.097935
-0.096670
-0.094462
-0.091765
-0.088653
-0.085114
-0.081296
-0.077359
-0.073382
-0.069469
-0.065249
-0.060955
-0.057061
-0.053514
-0.049984
-0.046412
-0.042747
-0.039355
-0.036229
-0.033022
-0.030364
-0.027831
-0.025776
-0.024361
-0.022979
-0.021260
-0.019399
-0.017270
-0.015409
-0.014018
-0.012623
-0.011127
-0.009149
-0.007222
-0.005417
-0.003631
-0.001881
-0.000197
0.001504
0.003391
0.004982
0.006594
0.008176
0.009441
0.009866
0.009831
0.009249
0.008712
0.008535
0.008598
0.008868
0.008413
0.007633
0.006624
0.005941
0.005483
0.005170
0.004454
0.003530
0.002589
0.001635
0.000828
-0.000051
-0.001161
-0.002273
-0.003302
-0.004102
-0.005110
-0.006057
-0.007217
-0.008409
-0.009159
-0.009124
-0.008628
-0.008013
-0.007363
-0.006577
-0.005286
-0.003796
-0.002452
-0.001341
-0.000675
-0.000434
-0.000299
-0.000025
0.000367
0.000908
0.001541
0.002275
0.002984
0.003575
0.004164
0.004344
0.004077
0.003236
0.002208
0.000984
-0.000003
-0.000005
0.000005
0.000019
0.000008
-0.000025
-0.000070
-0.000115
-0.000153
-0.000185
-0.000209
-0.000216
-0.000135
-0.000087
-0.000059
0.000035
0.000109
0.000153
0.000227
0.000338
0.000430
0.000558
0.000670
0.000748
0.000825
0.000856
0.000893
0.000942
0.000923
0.000966
0.001078
0.001136
0.001200
0.001170
0.001231
0.001345
0.001339
0.001281
0.001251
0.001335
0.001221
0.000946
0.000402
-0.000320
-0.001203
-0.002262
-0.003340
-0.004456
0.000135
0.000794
0.001419
0.001948
0.002279
0.002498
0.002679
0.002810
0.002826
0.002585
0.002186
0.001986
0.001856
0.001796
0.001908
0.002594
0.003612
0.000002
0.000042
0.000092
0.000124
0.000155
0.000219
0.000285
0.000342
0.000380
0.000412
0.000443
0.000562
0.000766
0.001089
0.001433
0.001942
0.002539
0.003141
0.003783
0.004475
0.005238
0.005983
0.006585
0.007163
0.007799
0.008482
0.009124
0.009714
0.010187
0.010734
0.011421
0.012384
0.013328
0.014333
0.015045
0.015559
0.015652
0.015722
0.015930
0.016011
0.015877
0.015547
0.015084
0.014474
0.013803
0.013059
0.012846
0.014496
0.016349
0.018657
0.021456
0.024692
0.028249
0.031894
0.035681
0.039400
0.043171
0.047095
0.051223
0.054827
0.058226
0.060703
0.063075
0.065121
0.067163
0.068967
0.070848
0.072906
0.075090
0.076929
0.078238
0.079140
0.080120
0.081273
0.082553
0.083370
0.083601
0.083904
0.084504
0.085189
0.085780
0.086236
0.086607
0.086894
0.087269
0.087772
0.088423
0.089021
0.089633
0.089215
0.088420
0.087368
0.085770
0.083701
0.081292
0.078848
0.076622
0.074339
0.071411
0.068228
0.064662
0.061353
0.057857
0.054250
0.050187
0.046497
0.042999
0.039896
0.037095
0.034447
0.031907
0.029454
0.027024
0.024606
0.022290
0.020031
0.017572
0.015109
0.012525
0.010072
0.007374
0.004434
0.001808
-0.000046
-0.001047
-0.001857
-0.002519
-0.002903
-0.003045
-0.002732
-0.002656
-0.002421
-0.000171
-0.001010
-0.001799
-0.002281
-0.002174
-0.001464
-0.000554
0.000153
0.000852
0.001444
-0.000003
-0.000040
-0.000066
-0.000092
-0.000146
-0.000369
-0.000730
-0.001099
-0.001478
-0.001900
-0.002410
-0.003009
-0.003672
-0.004514
-0.005522
-0.006508
-0.007505
-0.008317
-0.008827
-0.009073
-0.009520
-0.010104
-0.010629
-0.011191
-0.011933
-0.012716
-0.013745
-0.014896
-0.015959
-0.017180
-0.018465
-0.019678
-0.020597
-0.021472
-0.022238
-0.023179
-0.024131
-0.024839
-0.025661
-0.026798
-0.027983
-0.029537
-0.031161
-0.032727
-0.034331
-0.035828
-0.037568
-0.039225
-0.000040
-0.000292
-0.000570
-0.000727
-0.000840
-0.000565
0.000445
0.001478
0.002212
0.002421
0.002371
0.002551
0.002784
0.002754
0.002373
0.001764
0.000001
0.000046
0.000130
0.000215
0.000198
0.000038
-0.000216
-0.000493
-0.000810
-0.001168
-0.001570
-0.002025
-0.002534
-0.003088
-0.003615
-0.004146
-0.004617
-0.005036
-0.005337
-0.005727
-0.006168
-0.006645
-0.006772
-0.007468
-0.008311
-0.009300
-0.010305
-0.011340
-0.012002
-0.012559
-0.013225
-0.014023
-0.015023
-0.015829
-0.016692
-0.017585
-0.018632
-0.019662
-0.020326
-0.020953
-0.021521
-0.022301
-0.023215
-0.024317
-0.025300
-0.026183
-0.027303
-0.028741
0.000087
0.000512
0.000885
0.001114
0.001159
0.001153
0.001091
0.001015
0.000945
0.000887
0.000917
0.001049
0.001327
0.001523
0.001505
0.001631
0.002240
0.002988
0.003726
0.004354
0.004837
0.005296
0.005743
0.006200
0.006569
0.006957
0.007299
0.007724
0.008235
0.008699
0.009219
0.009791
0.010448
0.010953
0.011314
0.011637
0.012047
0.012511
0.012915
0.013202
0.013367
0.013380
0.013298
0.013043
0.000040
0.000241
0.000428
0.000571
0.000480
0.000172
0.000025
0.000229
0.000089
-0.000141
-0.000548
-0.001194
-0.001962
-0.002748
-0.003517
-0.004270
-0.005006
-0.005725
-0.006432
-0.007212
-0.008049
-0.008963
-0.009947
-0.010950
-0.011988
-0.013108
0.000018
0.000114
0.000198
0.000225
0.000245
0.000039
-0.000481
-0.001220
-0.001834
-0.002257
-0.002512
-0.002575
-0.002396
-0.001761
-0.000870
-0.000028
0.000807
-0.000006
-0.000192
-0.000606
-0.001019
-0.001278
-0.001391
-0.001466
-0.001583
-0.001792
-0.002301
-0.003153
-0.004170
-0.005429
-0.006734
-0.007849
-0.008681
-0.009315
-0.009930
-0.010640
0.000082
0.000482
0.000860
0.001120
0.001038
0.000263
-0.000666
-0.001313
-0.001752
-0.002172
0.000009
0.000241
0.000563
0.000762
0.000782
0.000649
0.000310
-0.000403
-0.001017
-0.001366
-0.001600
-0.001787
-0.001839
-0.001691
-0.001368
-0.000745
-0.000015
0.000900
0.002021
0.000006
0.000110
0.000218
0.000260
0.000326
0.000230
-0.000438
-0.001273
0.000001
0.000063
0.000158
0.000228
0.000336
0.000587
0.000841
0.001092
0.001368
0.001707
0.002226
0.002787
0.003382
0.003982
0.004632
0.005305
0.006062
0.006879
0.007824
0.008902
0.010003
0.010942
0.011769
0.012696
0.013650
0.014532
0.015253
0.016087
0.017317
0.018646
0.020030
0.021274
0.022635
0.023575
0.024427
0.025188
0.025805
0.026114
0.026204
0.025849
0.025554
0.025065
0.024579
0.024284
0.024499
0.025071
0.026531
0.029004
0.031862
0.034966
-0.000078
-0.000762
-0.001657
-0.002266
-0.001942
-0.000507
0.000897
0.001923
0.002449
0.002324
0.001925
-0.000003
-0.000076
-0.000154
-0.000178
-0.000329
-0.000601
-0.000619
-0.000738
-0.000709
-0.000589
-0.000484
-0.000507
-0.000792
-0.001462
-0.002684
-0.000030
-0.000327
-0.000641
-0.000889
-0.001034
-0.000774
-0.000297
0.000085
0.000338
0.000487
0.000436
0.000096
-0.000002
-0.000031
-0.000050
-0.000028
-0.000041
-0.000335
-0.000917
-0.001033
-0.000795
-0.000674
-0.000678
-0.000672
-0.000350
-0.000012
-0.000063
-0.000908
-0.000000
0.000008
0.000027
0.000046
0.000047
0.000023
-0.000029
-0.000091
-0.000162
-0.000195
-0.000238
-0.000228
-0.000172
-0.000016
0.000257
0.000592
0.000875
0.001167
0.001404
0.001670
0.001863
0.002208
0.002621
0.003178
0.003684
0.004205
0.004795
0.005422
0.006210
0.007038
0.007694
0.008198
0.008426
0.008635
0.008870
0.008999
0.009335
0.009618
0.009548
0.009065
0.008201
0.007061
0.005566
0.004005
0.002299
0.000395
-0.001809
-0.004162
0.000083
0.000465
0.000773
0.000930
0.001034
0.001063
0.000964
0.000518
-0.000013
-0.000349
-0.000557
-0.000569
0.000352
-0.000008
-0.000358
-0.000703
-0.000801
-0.000301
0.000764
0.002260
0.003387
0.004432
0.005262
0.005648
0.005757
0.005636
0.005434
0.005232
0.005069
0.004964
0.004831
0.000001
0.000075
0.000223
0.000236
-0.000003
-0.000169
0.000252
0.001101
0.001693
0.002604
0.003946
0.005298
0.006600
0.006949
0.007033
-0.000004
-0.000083
-0.000174
-0.000200
0.000001
0.000707
0.000925
0.000808
0.000437
0.000089
-0.000061
0.000439
0.001297
0.002216
0.002979
0.003646
-0.000001
-0.000023
-0.000056
-0.000090
-0.000098
-0.000062
-0.000044
0.000005
0.000037
0.000086
0.000106
0.000125
0.000131
0.000139
0.000162
0.000200
0.000247
0.000303
0.000405
0.000553
0.000716
0.000958
0.001332
0.001883
0.002354
0.002779
0.003041
0.003211
0.003253
0.003305
0.003301
0.003424
0.003542
0.003783
0.003922
0.004075
0.004162
0.004414
0.004798
0.005122
0.005198
0.005156
0.005125
0.005187
0.005066
0.005493
0.005604
0.005543
0.005025
0.004380
0.003557
0.002510
0.001315
0.000373
-0.000282
-0.000761
-0.001117
-0.001686
-0.002593
-0.002644
-0.002285
-0.002077
-0.002364
0.000056
0.000409
0.000860
0.001227
0.001403
0.001407
0.001180
0.000915
0.000769
0.000787
0.000771
0.000681
0.000801
0.001375
0.002386
0.003839
0.005690
0.007933
0.010503
0.013327
0.016302
0.018720
0.021118
0.023410
0.025756
0.028041
0.030355
0.032615
0.034755
0.036922
0.039357
0.041941
0.044647
0.047479
0.050179
0.053068
0.055572
0.057960
0.060365
0.062823
0.065608
0.068197
0.070816
0.073445
0.076068
0.078997
0.082331
0.085910
0.089807
0.093275
-0.000088
-0.000518
-0.000920
-0.001213
-0.001517
-0.001498
-0.000994
-0.000195
0.000652
0.001012
0.001241
0.000007
0.000089
0.000229
0.000381
0.000432
0.000448
0.000418
0.000299
0.000119
-0.000055
-0.000204
-0.000225
-0.000294
-0.000456
-0.000512
-0.000320
0.000032
0.000443
0.001016
0.001722
0.002505
0.003269
0.004039
0.004780
0.005478
0.006071
0.006661
0.007161
0.007486
0.007881
0.008583
0.009339
0.010088
0.010877
0.011579
0.012251
0.012826
0.013459
0.014008
0.014525
0.014235
0.012879
0.011154
-0.000040
-0.000102
-0.000180
-0.000243
-0.000350
-0.000673
-0.001084
-0.001362
-0.001503
-0.001748
-0.002136
-0.002608
-0.003557
-0.004693
-0.006072
-0.007572
-0.009212
-0.010966
-0.012708
-0.014502
-0.016177
-0.017879
-0.019694
-0.021571
-0.023515
-0.025615
-0.027864
-0.029946
-0.032045
-0.034056
-0.036036
-0.037898
-0.039816
-0.041925
-0.044150
-0.046181
-0.048131
-0.050297
-0.052635
-0.055115
-0.057883
-0.060711
-0.063280
-0.065300
-0.066724
-0.067689
-0.068220
-0.069214
-0.070135
-0.000020
-0.000137
-0.000244
-0.000253
-0.000057
0.000226
0.000478
0.000731
0.000971
0.001137
0.001280
0.001497
0.001763
0.001964
0.002028
0.002105
0.002213
0.002348
0.002377
0.002388
0.002269
0.002142
0.002032
0.001962
0.001693
0.001347
0.000839
0.000341
-0.000120
-0.000602
-0.001038
-0.001473
-0.001773
-0.002188
-0.002560
-0.002985
-0.003192
-0.003653
-0.004217
-0.004357
-0.004771
-0.006142
-0.008058
-0.010299
-0.012963
-0.015119
-0.016337
-0.016443
-0.015670
-0.014650
-0.013499
-0.012030
-0.010361
-0.008796
-0.007262
-0.005833
-0.004403
-0.002761
-0.001843
-0.001513
-0.001727
-0.002313
-0.002902
-0.003469
-0.004622
-0.006130
-0.007726
-0.009490
-0.011695
-0.013833
-0.015937
-0.018655
-0.021967
-0.026217
-0.030954
-0.036045
-0.040812
-0.045233
-0.049876
-0.054500
-0.058906
-0.063136
-0.067549
-0.071571
-0.075420
-0.078638
-0.081629
-0.084320
-0.087163
0.000112
0.000609
0.001067
0.001417
0.001719
0.002092
0.002542
0.002987
0.003394
0.003768
0.004153
0.004681
0.005452
0.006478
0.007755
0.009283
0.011014
0.012823
0.014548
0.016073
0.017600
-0.000023
-0.000426
-0.000966
-0.001201
-0.001047
-0.000374
-0.000089
-0.000386
-0.000518
-0.000480
-0.000456
-0.000379
-0.000232
-0.000038
0.000109
0.000635
0.001182
0.001821
0.002575
-0.000001
-0.000032
-0.000095
-0.000145
-0.000163
-0.000087
0.000152
0.000005
-0.000004
-0.000083
-0.000112
-0.000080
-0.000036
-0.000023
-0.000026
0.000020
0.000086
0.000150
0.000327
0.000807
0.001391
0.001973
0.002582
0.003254
0.004027
0.004838
0.005669
0.006605
0.007584
0.008643
0.009789
0.010875
0.011993
0.013092
0.014195
0.015395
0.016566
0.017661
0.018640
0.019498
0.020428
0.021314
0.022260
0.022640
0.021255
0.019438
0.017362
0.015279
0.013144
0.010907
0.008546
0.007873
0.006902
0.005589
0.004252
0.002971
0.001648
0.000159
-0.001298
-0.002741
-0.004240
-0.005777
-0.007233
-0.008753
-0.010129
-0.011716
-0.013474
-0.015491
-0.016851
-0.017726
-0.017969
-0.018002
-0.017572
-0.000026
-0.000162
-0.000325
-0.000297
-0.000028
0.000241
0.000537
0.000565
0.000376
0.000041
-0.000331
-0.000308
0.000417
0.001531
0.002675
-0.000010
-0.000229
-0.000620
-0.000964
-0.001173
-0.001438
-0.001778
-0.002170
-0.002561
-0.002915
-0.003256
-0.003719
-0.004311
-0.004895
-0.005449
-0.005968
-0.006425
-0.006875
-0.007334
-0.007727
-0.008113
-0.008421
-0.008717
-0.008947
-0.009205
-0.009451
-0.009765
-0.010087
-0.010497
-0.010914
-0.011395
-0.011873
-0.012424
-0.012969
-0.013608
0.000100
0.000596
0.001067
0.001519
0.001898
0.002258
0.002613
0.003138
0.003789
0.004442
0.005249
0.006045
0.006573
0.006907
0.007102
0.007082
0.006956
0.006857
0.006624
0.006463
0.006233
0.006033
0.005832
0.005510
0.004970
0.004388
0.004133
0.004023
0.003897
0.003999
0.000027
0.000230
0.000310
0.000360
0.000609
0.000824
0.000614
-0.000297
-0.001043
-0.001451
-0.001485
0.000003
0.000065
0.000117
0.000116
0.000174
0.000276
0.000376
0.000497
0.000660
0.000879
0.001126
0.001383
0.001663
0.002018
0.002460
0.002960
0.003509
0.004083
0.004716
0.005175
0.005552
0.005820
0.006097
0.006284
0.006430
0.006544
0.006767
0.006975
0.007305
0.007557
0.007924
0.008279
0.008840
0.009422
0.009822
0.010014
0.010262
0.010871
0.011386
0.011857
0.012213
0.012438
0.012429
0.012454
0.012565
0.012625
0.012613
0.000093
0.000626
0.001203
0.001754
0.002142
0.002199
0.002108
0.002135
0.002347
0.002670
0.002844
0.002892
0.003103
0.003531
0.004143
-0.000001
-0.000033
-0.000113
-0.000211
-0.000285
-0.000345
-0.000386
-0.000422
-0.000401
-0.000453
-0.000516
-0.000606
-0.000665
-0.000862
-0.001143
-0.001496
-0.001822
-0.002143
-0.002415
-0.002744
-0.003074
-0.003436
-0.003741
-0.003893
-0.004114
-0.004362
-0.004585
-0.004794
-0.005085
-0.005426
-0.005868
-0.006295
-0.006686
-0.006952
-0.007408
-0.009472
-0.011846
-0.014394
-0.016495
-0.018257
-0.019561
-0.020548
-0.021183
-0.021965
-0.022790
-0.023612
-0.024378
-0.025156
-0.025791
-0.026555
-0.027317
-0.000023
-0.000156
-0.000300
-0.000308
-0.000371
-0.000228
0.000302
0.000807
0.000712
0.000453
-0.000198
-0.001156
-0.001755
-0.002724
-0.000000
-0.000025
-0.000075
-0.000117
-0.000178
-0.000163
-0.000109
0.000018
0.000441
0.000949
0.001364
0.001632
0.001601
0.000716
-0.000786
-0.000016
-0.000004
0.000119
0.000118
-0.000214
-0.000893
-0.001567
-0.001577
-0.001185
-0.001205
-0.001580
-0.002156
-0.002718
-0.003289
-0.004031
-0.005013
-0.006261
-0.007851
-0.009659
-0.011589
0.000002
0.000079
0.000217
0.000294
0.000201
0.000144
0.000374
0.000749
0.000845
0.000943
0.001090
0.001050
0.000010
0.000222
0.000639
0.001043
0.001286
0.001265
0.000822
0.000769
0.000776
0.000780
0.000780
0.000912
0.001122
0.001281
0.001375
0.001519
0.001870
0.002397
0.003061
0.003850
0.004735
0.005629
0.006429
0.007233
0.008081
0.008947
0.009795
0.010570
0.011400
0.012238
0.013103
0.014084
0.014949
0.015770
0.016347
0.017014
0.017660
0.017696
0.018071
0.018351
0.018196
0.017624
0.016596
0.015199
0.013857
0.012499
0.011260
0.010500
0.010256
0.010265
0.010374
0.010511
0.010956
0.011905
0.012976
0.013590
0.013068
0.012110
0.011011
0.009727
0.008773
0.008518
0.008547
0.008724
0.008734
0.008682
0.008523
0.007896
0.006812
0.005399
0.003928
0.002052
0.000426
-0.001171
0.000052
0.000286
0.000489
0.000531
0.000308
-0.000125
-0.000449
-0.000185
0.000111
-0.000157
-0.000328
-0.000037
0.000684
0.001393
0.001987
0.002553
0.003325
0.003942
0.004297
0.004556
0.004685
0.004652
0.004406
0.004154
0.000059
0.000320
0.000592
0.000835
0.001093
0.001389
0.001705
0.002156
0.002877
0.003851
0.004862
0.005927
0.006997
0.007905
0.008647
0.009708
0.010748
0.011559
0.012147
0.012587
0.012899
0.013211
0.013489
0.013751
0.013879
0.013900
0.013886
0.014083
0.014201
0.014316
0.014496
0.014744
0.015047
0.015391
0.015695
0.016410
0.017803
0.019364
0.020891
0.022377
0.024098
0.026018
0.027851
0.029820
0.031525
0.032780
0.033936
0.035373
0.037112
0.039080
-0.000096
-0.000626
-0.001192
-0.001670
-0.001936
-0.002187
-0.002444
-0.002710
-0.002913
-0.003080
-0.003321
-0.003672
-0.003941
-0.004186
-0.004354
-0.004440
-0.004613
-0.004903
-0.005506
-0.006160
-0.006820
-0.007430
-0.007886
-0.008413
-0.009104
-0.009987
-0.011130
-0.012421
-0.013613
-0.014820
-0.015931
-0.016944
-0.017800
-0.000013
-0.000052
-0.000090
-0.000150
-0.000179
-0.000203
-0.000208
-0.000138
0.000048
0.000322
0.000590
0.000788
0.000874
0.000890
0.000777
0.000545
0.000187
-0.000305
-0.000988
-0.001840
-0.002881
0.000048
0.000221
0.000382
0.000428
0.000218
-0.000284
-0.000558
-0.000244
0.000374
0.001050
0.001727
0.002251
0.002409
0.002128
0.001617
0.001003
0.000402
0.000007
0.000167
0.000399
0.000567
0.000588
0.000551
0.000201
-0.000147
-0.000332
-0.000423
