-0.000000
-0.000119
-0.000237
0.000169
0.000712
0.000753
-0.000312
-0.001228
-0.000462
0.003400
0.003069
-0.002756
0.000919
0.004120
0.003536
0.001561
-0.006536
0.002338
0.014661
0.030278
0.027536
0.023981
0.002237
-0.001250
0.014537
0.005801
0.002963
-0.006432
-0.018043
-0.000766
-0.002283
-0.001149
-0.002120
-0.002137
0.004109
0.010984
0.012036
0.000160
0.001151
0.000160
-0.001118
-0.012749
-0.006856
-0.009115
-0.014617
-0.022005
-0.027560
-0.028202
-0.034566
-0.039500
-0.018250
0.002401
0.036848
0.045146
0.043875
0.028974
0.020640
0.019052
0.021687
0.018620
0.012066
0.032545
0.032822
0.047443
0.032056
0.037709
0.020611
0.039028
0.047979
0.050854
0.024246
0.023053
0.013997
0.029264
0.005175
-0.093974
-0.155606
-0.127773
-0.180381
-0.159515
-0.163437
-0.135998
-0.091572
-0.101214
-0.100044
-0.133307
-0.158652
-0.183525
-0.071541
-0.096979
-0.066871
-0.107443
-0.023636
-0.078464
-0.022187
-0.066560
-0.071723
-0.088573
-0.085914
-0.097193
-0.140425
-0.075374
-0.061249
0.029765
-0.038275
-0.030404
-0.069885
-0.026971
-0.065318
-0.018767
-0.080384
-0.050005
-0.057161
-0.012576
-0.059028
-0.008745
-0.121318
-0.094159
-0.108914
-0.064232
-0.099126
-0.119138
-0.096271
-0.108697
-0.034902
-0.060332
-0.039837
-0.053166
-0.055164
-0.055226
-0.053648
-0.026129
-0.073060
0.013891
-0.024264
0.053636
-0.085549
-0.021895
-0.061216
-0.057396
-0.106827
-0.128039
-0.172268
-0.159226
-0.123599
-0.053726
-0.130328
-0.070123
-0.113041
-0.067879
-0.100557
-0.042635
-0.099624
-0.017177
-0.076208
0.009294
-0.034940
0.031089
-0.085009
-0.066517
-0.101354
-0.098304
-0.125957
-0.176038
-0.150787
-0.134440
-0.037141
-0.062169
-0.029496
-0.033447
-0.069775
-0.053389
-0.086713
-0.036830
-0.066949
-0.017528
-0.067622
0.021659
-0.120356
-0.033869
-0.108398
-0.104487
-0.156307
-0.150878
-0.182816
-0.187719
-0.173611
-0.113841
-0.037385
-0.095032
-0.054625
-0.059335
-0.069805
-0.030326
-0.067038
-0.030222
-0.057350
0.028930
0.019407
0.098728
-0.056409
0.018643
-0.018055
-0.019801
-0.064330
-0.100859
-0.044908
-0.048780
0.039792
0.049416
0.064475
0.067034
0.054611
0.063772
0.022412
0.070429
0.040978
0.112555
0.050431
0.124433
0.065192
0.113224
0.049982
0.000937
-0.062697
-0.058504
-0.041705
-0.108804
-0.072235
-0.123804
-0.011675
-0.056269
-0.024153
-0.050506
-0.016620
-0.023229
0.048814
-0.008154
0.060333
0.007416
0.102567
0.044641
0.110120
-0.009071
0.023700
-0.034907
-0.028175
-0.020065
-0.057224
-0.041448
-0.011032
0.053318
0.062236
0.107849
0.082256
0.077123
0.096079
0.061788
0.133555
0.083911
0.154277
0.082163
0.143167
0.092251
0.106213
0.056523
0.077872
0.042329
0.040487
0.003278
-0.016495
0.031122
-0.035550
0.081653
0.050513
0.077880
0.070858
0.053811
0.083636
0.052096
0.103201
0.050209
0.097573
0.044535
0.119344
0.046947
0.054101
0.009310
0.036774
-0.001080
0.001838
-0.050033
0.016209
0.015143
0.095741
0.112415
0.118946
0.129691
0.112642
0.144828
0.133584
0.178327
0.120586
0.189129
0.139539
0.226628
0.157028
0.208545
0.088482
0.140015
0.105684
0.110876
0.102488
0.145838
0.167020
0.262742
0.276014
0.304520
0.312130
0.297248
0.314770
0.319398
0.354848
0.323236
0.378091
0.324892
0.397630
0.322431
0.378752
0.307423
0.268948
0.251529
0.250701
0.249413
0.225789
0.299003
0.287322
0.383500
0.372756
0.436100
0.389327
0.420884
0.424836
0.452281
0.423610
0.477832
0.414789
0.466519
0.395836
0.441018
0.345296
0.431020
0.309163
0.291451
0.299105
0.287354
0.253032
0.274157
0.293976
0.307387
0.388162
0.395478
0.382851
0.368537
0.425484
0.415993
0.444096
0.415145
0.445621
0.367226
0.366750
0.330984
0.381840
0.269894
0.298210
0.288353
0.269647
0.252032
0.300078
0.283144
0.357396
0.361662
0.373406
0.318548
0.358975
0.338114
0.380267
0.332898
0.360926
0.349021
0.346815
0.378292
0.323912
0.394412
0.293181
0.303293
0.283102
0.251885
0.214967
0.318324
0.268947
0.366263
0.339181
0.312369
0.316479
0.331046
0.349470
0.307036
0.359004
0.340302
0.343887
0.357496
0.312331
0.294013
0.267233
0.294925
0.286345
0.236056
0.216756
0.246297
0.242244
0.276245
0.331990
0.300501
0.279863
0.305036
0.327006
0.367505
0.327703
0.382489
0.348450
0.369526
0.412939
0.330809
0.392548
0.340860
0.364175
0.321811
0.287556
0.299618
0.320700
0.322861
0.349478
0.401520
0.384359
0.362200
0.383372
0.372740
0.429632
0.379466
0.420464
0.356317
0.368702
0.333074
0.380875
0.321325
0.266500
0.280221
0.238235
0.226704
0.237267
0.225591
0.319973
0.279546
0.373396
0.312971
0.332410
0.315133
0.318406
0.348893
0.312379
0.373569
0.312830
0.355901
0.295561
0.367632
0.219404
0.290425
0.278045
0.279083
0.224899
0.249673
0.235715
0.287180
0.261182
0.333539
0.295168
0.280885
0.303365
0.322581
0.363787
0.363983
0.397583
0.361708
0.357965
0.409916
0.325818
0.407184
0.343020
0.340379
0.292411
0.265533
0.248560
0.292605
0.267958
0.340861
0.341099
0.364024
0.331164
0.357464
0.363933
0.422874
0.363118
0.403168
0.369681
0.369986
0.376325
0.315023
0.377323
0.353015
0.378885
0.356127
0.288946
0.286289
0.270549
0.361542
0.334496
0.419316
0.417486
0.399488
0.387373
0.415662
0.450046
0.455865
0.432994
0.522486
0.430494
0.502937
0.421229
0.467025
0.361788
0.390834
0.364989
0.332322
0.302584
0.342287
0.384914
0.360743
0.400321
0.437878
0.415400
0.388497
0.449280
0.477916
0.447884
0.406671
0.465571
0.362969
0.383565
0.313642
0.363864
0.313328
0.394713
0.376256
0.355047
0.281622
0.353567
0.385969
0.467972
0.476166
0.576495
0.557430
0.537570
0.509972
0.514387
0.523122
0.556922
0.532524
0.532959
0.475572
0.480302
0.484110
0.372968
0.367837
0.394689
0.406661
0.364956
0.374850
0.397709
0.390838
0.422715
0.480401
0.478633
0.446087
0.435731
0.502274
0.492676
0.532482
0.503598
0.551532
0.472914
0.478550
0.408151
0.476626
0.341626
0.372658
0.368065
0.335229
0.292154
0.302137
0.428071
0.458364
0.478435
0.512660
0.512219
0.520208
0.530765
0.562438
0.578510
0.568156
0.571313
0.505008
0.563035
0.474888
0.524467
0.438440
0.455117
0.418890
0.418514
0.405997
0.419511
0.456550
0.501247
0.476147
0.536772
0.518298
0.536617
0.507498
0.566856
0.604902
0.561272
0.535437
0.578162
0.482237
0.480280
0.424999
0.460883
0.412044
0.484433
0.484184
0.466333
0.412368
0.418560
0.488041
0.446362
0.555737
0.504237
0.499405
0.472512
0.549061
0.483480
0.490462
0.469977
0.496661
0.446421
0.429650
0.452823
0.416091
0.405649
0.352666
0.350956
0.317237
0.302056
0.300756
0.366050
0.423649
0.422057
0.494187
0.454406
0.436241
0.455024
0.500179
0.493070
0.525846
0.521393
0.519526
0.498801
0.490326
0.443094
0.487809
0.430915
0.449968
0.435723
0.407323
0.407375
0.477830
0.527949
0.533294
0.614123
0.584258
0.540317
0.562167
0.592244
0.631618
0.594920
0.656848
0.625022
0.608423
0.617749
0.544664
0.555309
0.529156
0.556192
0.541770
0.508836
0.516618
0.572805
0.527302
0.585456
0.618124
0.582455
0.543259
0.583074
0.620677
0.651913
0.655479
0.696481
0.614468
0.666593
0.572442
0.622101
0.517542
0.570638
0.579482
0.578592
0.551344
0.588552
0.668587
0.712763
0.683522
0.739962
0.734633
0.735602
0.722326
0.800162
0.759705
0.778087
0.747246
0.766564
0.658801
0.669986
0.606708
0.678966
0.683897
0.619437
0.595497
0.575482
0.579009
0.640165
0.592154
0.690214
0.647480
0.594066
0.597541
0.663012
0.640858
0.657783
0.619022
0.642989
0.608063
0.569922
0.588392
0.491454
0.481916
0.518912
0.505184
0.481887
0.447951
0.526899
0.582217
0.595956
0.666841
0.582895
0.616131
0.559760
0.602608
0.551693
0.624664
0.574022
0.595534
0.508270
0.543958
0.476522
0.484038
0.449155
0.480967
0.463406
0.445988
0.433120
0.456687
0.520728
0.469244
0.551134
0.588410
0.564340
0.556737
0.565452
0.615409
0.623498
0.607023
0.667195
0.599125
0.584233
0.562394
0.468931
0.504603
0.509617
0.534377
0.512231
0.545048
0.570144
0.645278
0.598198
0.666309
0.661063
0.640643
0.655649
0.704305
0.704655
0.730725
0.664255
0.708780
0.609480
0.622928
0.550594
0.603837
0.612612
0.634481
0.638396
0.603914
0.547988
0.619877
0.632783
0.688322
0.752678
0.705772
0.649052
0.683994
0.717584
0.778324
0.715117
0.763601
0.699718
0.713709
0.623936
0.664995
0.598403
0.644835
0.675683
0.680452
0.669913
0.668552
0.732874
0.757379
0.784419
0.800316
0.705857
0.756966
0.791096
0.775595
0.703553
0.716279
0.639695
0.602922
0.578209
0.586967
0.530556
0.512794
0.546529
0.523062
0.453436
0.460072
0.437722
0.524365
0.476162
0.584722
0.548068
0.558909
0.553630
0.608556
0.598444
0.645117
0.620465
0.628377
0.526654
0.502680
0.510505
0.480611
0.423481
0.424184
0.395639
0.394078
0.348804
0.436650
0.481937
0.498112
0.555434
0.510326
0.483307
0.511889
0.538530
0.534486
0.501382
0.530436
0.449611
0.510897
0.415891
0.472269
0.418843
0.453069
0.345495
0.299567
0.290708
0.328692
0.329061
0.430974
0.379044
0.479162
0.499563
0.454897
0.472911
0.494516
0.531108
0.523558
0.530446
0.558502
0.462362
0.521684
0.455484
0.493517
0.438208
0.440960
0.439752
0.422536
0.374244
0.401390
0.522092
0.611710
0.566158
0.622485
0.628937
0.603219
0.630449
0.661823
0.694338
0.624184
0.691076
0.618379
0.625260
0.581087
0.540739
0.479127
0.423469
0.471537
0.431441
0.437617
0.466079
0.512530
0.508329
0.549971
0.598869
0.584296
0.564576
0.585931
0.625863
0.626706
0.641247
0.631673
0.653162
0.627688
0.574287
0.616549
0.461990
0.474626
0.512248
0.471261
0.468842
0.414592
0.452416
0.489249
0.526737
0.535859
0.590318
0.578897
0.518923
0.543023
0.599596
0.593038
0.611526
0.620210
0.645523
0.546585
0.553317
0.487929
0.493355
0.478703
0.508821
0.513058
0.493207
0.492299
0.595017
0.551587
0.631337
0.651771
0.666326
0.622654
0.667367
0.673100
0.693704
0.659339
0.706521
0.612546
0.599529
0.553957
0.589982
0.447859
0.430459
0.458837
0.458684
0.500003
0.476488
0.505420
0.590036
0.566615
0.667736
0.612124
0.580769
0.600960
0.654197
0.650796
0.649447
0.666086
0.619133
0.587898
0.530505
0.595436
0.453842
0.447204
0.457632
0.426488
0.425568
0.385108
0.458975
0.504650
0.543579
0.560389
0.539726
0.478301
0.528690
0.556344
0.562481
0.510299
0.561947
0.472703
0.499353
0.397668
0.458954
0.409523
0.449456
0.426005
0.378800
0.319328
0.325443
0.353929
0.443350
0.434195
0.539133
0.492419
0.571135
0.504916
0.521743
0.536674
0.607762
0.547315
0.630451
0.569382
0.560790
0.510549
0.483762
0.500590
0.391813
0.393685
0.364563
0.365782
0.347950
0.407841
0.433661
0.461983
0.475299
0.515949
0.487157
0.488894
0.527206
0.517928
0.516200
0.513292
0.569740
0.510366
0.565653
0.490551
0.498336
0.407784
0.455309
0.412962
0.410945
0.354921
0.394125
0.428219
0.472259
0.454449
0.521841
0.485217
0.455248
0.482049
0.527843
0.532754
0.572686
0.585623
0.526971
0.543454
0.439460
0.485271
0.424757
0.414240
0.426858
0.386398
0.375981
0.356156
0.403942
0.442910
0.470038
0.466133
0.529220
0.536968
0.494801
0.533532
0.565561
0.580860
0.564930
0.602517
0.586103
0.570904
0.573482
0.512061
0.509014
0.489197
0.520782
0.516837
0.488821
0.495405
0.581982
0.566943
0.639061
0.669965
0.641132
0.583565
0.644141
0.637398
0.652573
0.678464
0.721343
0.659244
0.662565
0.594206
0.570666
0.508998
0.550997
0.529482
0.509783
0.490857
0.498934
0.516591
0.587842
0.545062
0.634765
0.548532
0.570219
0.541155
0.623904
0.535411
0.592992
0.529326
0.527609
0.464855
0.461837
0.452413
0.484274
0.447242
0.382333
0.341562
0.332083
0.295257
0.331066
0.411898
0.401464
0.436908
0.486204
0.454560
0.453849
0.452953
0.502604
0.530801
0.515111
0.556321
0.507005
0.485119
0.510427
0.387379
0.459138
0.426618
0.390693
0.387532
0.376224
0.435164
0.476331
0.526898
0.513148
0.578690
0.576507
0.588116
0.597865
0.621808
0.636345
0.633925
0.675100
0.626686
0.630769
0.570441
0.571935
0.535192
0.553355
0.433547
0.362990
0.393777
0.365718
0.407887
0.457460
0.492482
0.515483
0.453524
0.421904
0.482195
0.471515
0.430946
0.399749
0.363224
0.388067
0.378199
0.358246
0.419534
0.353735
0.415464
0.403031
0.411910
0.368385
0.375552
0.353891
0.492078
0.447938
0.556658
0.575472
0.528339
0.468173
0.539709
0.506935
0.502160
0.488088
0.476053
0.469464
0.465093
0.441640
0.491236
0.412378
0.466287
0.436784
0.296976
0.274996
0.267604
0.227294
0.299201
0.333481
0.384462
0.447768
0.445475
0.381245
0.351102
0.423346
0.429209
0.452414
0.452435
0.437397
0.388202
0.345995
0.380308
0.245670
0.321552
0.316743
0.342011
0.314972
0.277642
0.360499
0.356464
0.396525
0.438361
0.425916
0.381825
0.425935
0.434957
0.472740
0.426957
0.495985
0.393741
0.459551
0.383113
0.438720
0.369139
0.339030
0.324261
0.281016
0.276714
0.237355
0.267179
0.293390
0.292790
0.332879
0.372944
0.398441
0.379629
0.374547
0.433955
0.423186
0.465216
0.433377
0.465862
0.401098
0.423456
0.378277
0.360046
0.305482
0.370528
0.377508
0.355034
0.369134
0.425172
0.427679
0.480794
0.494319
0.468114
0.425068
0.472174
0.487932
0.496383
0.428764
0.385664
0.431747
0.366257
0.419196
0.364428
0.429633
0.380639
0.405506
0.329266
0.275982
0.204947
0.288451
0.294545
0.324565
0.398279
0.402737
0.293483
0.284628
0.344578
0.361824
0.378492
0.362648
0.376118
0.329376
0.347396
0.311856
0.288705
0.268829
0.289381
0.279268
0.242601
0.234458
0.276815
0.339670
0.331501
0.413923
0.344357
0.385209
0.317459
0.344443
0.309640
0.363201
0.315216
0.336090
0.284605
0.344555
0.296003
0.194851
0.157372
0.169788
0.174834
0.167554
0.152667
0.114811
0.166853
0.143104
0.229182
0.247974
0.256581
0.249530
0.273896
0.286933
0.306889
0.289745
0.305559
0.246626
0.244893
0.261057
0.289698
0.071497
0.073618
0.083153
0.080631
0.032049
0.013486
0.034368
0.067800
0.109356
0.109669
0.138956
0.083574
0.138030
0.110405
0.165197
0.116054
0.172621
0.105979
0.191501
0.134203
0.209453
0.098557
0.156210
0.117337
0.128381
0.070066
0.104310
0.068756
0.134218
0.101516
0.205534
0.142267
0.196817
0.139494
0.222512
0.188222
0.320747
0.277404
0.285032
0.300315
0.254945
0.276899
0.217563
0.265892
0.215358
0.181567
0.145000
0.183919
0.188100
0.224455
0.227584
0.263114
0.264812
0.225473
0.283687
0.292462
0.337759
0.277897
0.341988
0.249136
0.282869
0.212081
0.281177
0.260435
0.244807
0.236446
0.221325
0.206109
0.211020
0.271370
0.279729
0.354525
0.338544
0.319078
0.346577
0.361561
0.397767
0.375912
0.409984
0.366952
0.418822
0.356598
0.418974
0.362390
0.386080
0.382786
0.365803
0.328507
0.336192
0.346691
0.414286
0.407113
0.451143
0.399870
0.358194
0.406460
0.413190
0.414868
0.361345
0.382683
0.326585
0.379376
0.376916
0.382802
0.419203
0.402830
0.409640
0.389100
0.317768
0.263759
0.204753
0.242185
0.204814
0.269879
0.248121
0.340225
0.319108
0.307438
0.290360
0.336928
0.329990
0.357973
0.336646
0.385478
0.317081
0.310325
0.260660
0.305302
0.257425
0.298140
0.291200
0.156378
0.061624
0.071596
0.081477
0.094961
0.135643
0.141003
0.087118
0.109665
0.149979
0.134912
0.211427
0.173404
0.211731
0.154792
0.208724
0.139566
0.197654
0.163304
0.194384
0.156353
0.126438
0.105854
0.157380
0.152879
0.205742
0.262633
0.249929
0.221941
0.252353
0.264325
0.309725
0.302219
0.332175
0.318194
0.285820
0.333896
0.267276
0.288517
0.243541
0.249179
0.193327
0.175526
0.149936
0.175805
0.208680
0.228359
0.260040
0.296289
0.269125
0.269079
0.294646
0.315964
0.340315
0.330864
0.385823
0.304137
0.368674
0.330500
0.379332
0.273496
0.294201
0.251691
0.218450
0.174486
0.195787
0.199066
0.320984
0.263785
0.373514
0.300611
0.341991
0.301111
0.374040
0.346979
0.385023
0.314284
0.399846
0.342836
0.392719
0.320599
0.395171
0.341001
0.239025
0.168849
0.189028
0.174001
0.239507
0.219129
0.280695
0.320994
0.328663
0.292453
0.330276
0.345228
0.351620
0.346317
0.377733
0.313573
0.377180
0.293999
0.353045
0.288600
0.250144
0.245632
0.207872
0.195651
0.177898
0.191574
0.269501
0.257261
0.317527
0.353514
0.376790
0.349417
0.388419
0.398771
0.421461
0.393167
0.432160
0.344845
0.405424
0.339100
0.399175
0.291909
0.307817
0.275399
0.248068
0.239015
0.191683
0.203630
0.290308
0.336022
0.368081
0.419070
0.388330
0.397010
0.393221
0.411179
0.438406
0.381481
0.434069
0.396309
0.462003
0.388905
0.452303
0.388724
0.381350
0.383112
0.357555
0.351781
0.332642
0.432087
0.397351
0.481782
0.454582
0.439538
0.459724
0.466890
0.499596
0.473015
0.508204
0.457977
0.467266
0.457423
0.485028
0.333369
0.355763
0.379144
0.329271
0.315114
0.300284
0.291166
0.369368
0.351804
0.406670
0.395745
0.356972
0.382470
0.394382
0.428970
0.360431
0.388654
0.361588
0.346313
0.384669
0.329855
0.394636
0.340990
0.311509
0.254980
0.208035
0.182395
0.189559
0.287055
0.283974
0.322458
0.362394
0.370346
0.349885
0.379067
0.398697
0.427764
0.388900
0.432833
0.346004
0.415699
0.341805
0.393108
0.320191
0.303687
0.292723
0.251753
0.243524
0.203404
0.238280
0.287489
0.314607
0.334712
0.394817
0.395263
0.333990
0.377835
0.401565
0.401814
0.404572
0.399775
0.382694
0.343309
0.389457
0.338378
0.341645
0.246422
0.290027
0.234163
0.203822
0.152815
0.196311
0.268613
0.297110
0.321814
0.355983
0.300166
0.313510
0.332437
0.367790
0.321874
0.370723
0.316812
0.402315
0.331010
0.379244
0.294672
0.308003
0.297338
0.269265
0.230574
0.218608
0.321598
0.402954
0.437646
0.464434
0.486962
0.533465
0.481799
0.513681
0.474830
0.512905
0.479520
0.532986
0.454002
0.444914
0.412456
0.375405
0.293837
0.369184
0.380485
0.373750
0.319793
0.315129
0.366261
0.356337
0.404268
0.434292
0.400442
0.353803
0.401866
0.400344
0.443014
0.433583
0.495654
0.442093
0.497972
0.429753
0.452636
0.362348
0.404705
0.340367
0.338091
0.312329
0.349022
0.372035
0.448748
0.412932
0.495667
0.459975
0.461407
0.474620
0.500395
0.529890
0.498216
0.564993
0.492738
0.508764
0.426685
0.469355
0.410067
0.373245
0.357228
0.343980
0.337294
0.287140
0.389552
0.422610
0.432157
0.478234
0.492114
0.531412
0.509846
0.540310
0.563206
0.589291
0.563798
0.621261
0.535359
0.573492
0.517944
0.553833
0.429057
0.470703
0.498372
0.490074
0.436744
0.435553
0.495181
0.495414
0.526306
0.591941
0.543365
0.559670
0.539917
0.605639
0.578971
0.643786
0.613288
0.656564
0.575027
0.593097
0.533266
0.506974
0.513567
0.540531
0.541629
0.527908
0.512730
0.548082
0.597270
0.599690
0.665316
0.588976
0.599574
0.585594
0.666608
0.614284
0.666047
0.635038
0.638617
0.657838
0.604958
0.639886
0.514281
0.536391
0.488583
0.498686
0.464411
0.482800
0.570633
0.593236
0.631108
0.667910
0.597002
0.598262
0.604830
0.636310
0.624551
0.591231
0.650215
0.562704
0.580659
0.494574
0.529591
0.490066
0.575485
0.567213
0.544145
0.493536
0.540614
0.569072
0.579693
0.618985
0.634915
0.628243
0.599268
0.658058
0.673676
0.679679
0.636014
0.674427
0.584420
0.585147
0.525438
0.594432
0.590869
0.533898
0.555718
0.545099
0.495510
0.581607
0.565176
0.648209
0.661978
0.670980
0.607035
0.658048
0.697205
0.716896
0.686680
0.741758
0.661287
0.655557
0.660934
0.544167
0.565853
0.544066
0.549666
0.542337
0.517318
0.558927
0.641696
0.590008
0.627021
0.662789
0.672049
0.645674
0.668446
0.685570
0.733714
0.668256
0.753433
0.665749
0.635067
0.592996
0.555008
0.611128
0.601528
0.625866
0.553240
0.482537
0.457550
0.527465
0.514088
0.579251
0.525951
0.517548
-0.009276
0.012424
0.016374
0.016588
0.006640
0.001056
0.004449
0.015620
0.029446
0.029020
0.021674
0.012382
0.012457
-0.013524
-0.021536
-0.043255
-0.056401
-0.071972
-0.084976
-0.097308
-0.003403
0.000983
0.000563
-0.009828
-0.004589
0.007080
0.016804
-0.004496
-0.009467
0.028995
0.030195
0.024147
0.010271
-0.012361
-0.056154
-0.079558
-0.073325
0.001183
0.011535
0.014669
0.008321
0.006180
0.009461
0.017860
0.027012
0.033931
0.043798
0.047748
0.038156
0.039459
0.042517
0.064123
0.050645
0.056165
0.040766
0.038724
0.037674
0.030978
0.032363
0.023810
0.026891
0.014635
0.029419
0.017172
0.031172
0.039751
0.040053
0.039535
0.033924
0.018185
0.024017
0.014972
0.047190
-0.106781
-0.071675
-0.091548
-0.063963
-0.079810
-0.062856
-0.066601
-0.103843
-0.135129
-0.117910
-0.074345
-0.013672
0.038019
0.033447
0.067522
0.027667
0.042803
-0.000850
0.018667
-0.033386
0.032170
-0.011518
0.059475
0.046176
0.095740
0.048270
-0.095194
-0.143050
-0.115293
-0.183982
-0.171359
-0.214003
-0.205756
-0.209789
-0.186348
-0.193591
-0.145155
-0.175709
-0.182165
-0.243428
-0.175071
-0.227399
-0.202142
-0.218856
-0.112858
-0.142190
-0.058742
-0.146004
-0.180800
-0.231384
-0.244933
-0.284279
-0.355845
-0.269458
-0.288593
-0.193108
-0.256267
-0.214766
-0.249735
-0.202405
-0.250631
-0.212243
-0.236002
-0.185255
-0.222395
-0.125685
-0.157766
-0.099071
-0.287937
-0.255076
-0.314927
-0.296168
-0.295914
-0.316329
-0.338640
-0.267675
-0.197122
-0.197897
-0.166211
-0.190819
-0.184533
-0.178301
-0.192598
-0.153033
-0.211136
-0.169742
-0.211679
-0.109467
-0.135941
-0.134747
-0.213930
-0.174546
-0.238358
-0.279161
-0.326491
-0.358766
-0.344460
-0.260411
-0.216676
-0.211148
-0.137348
-0.193144
-0.159071
-0.207620
-0.149279
-0.207433
-0.098362
-0.126898
-0.033860
-0.074810
-0.024891
-0.063819
-0.041322
-0.077312
-0.108947
-0.121708
-0.170788
-0.109870
-0.154725
-0.112034
-0.140627
-0.141382
-0.116582
-0.176120
-0.122540
-0.164924
-0.094257
-0.136498
-0.058335
-0.074155
-0.012273
-0.177508
-0.102111
-0.156869
-0.162051
-0.173634
-0.174644
-0.235171
-0.136175
-0.179039
-0.103137
-0.136608
-0.096771
-0.145417
-0.117426
-0.146470
-0.070992
-0.102699
-0.011201
-0.033111
0.046609
-0.035559
-0.026139
-0.092358
-0.099724
-0.155413
-0.130965
-0.214063
-0.156046
-0.174513
-0.071237
-0.083401
-0.026978
-0.009572
-0.031500
-0.027011
-0.026987
0.004967
-0.039921
0.008473
-0.019651
0.070515
-0.001045
-0.040290
-0.081078
-0.062630
-0.125231
-0.123368
-0.162951
-0.216336
-0.148720
-0.148894
-0.064767
-0.071564
-0.063622
-0.095033
-0.042549
-0.077882
-0.032785
-0.103399
-0.029727
-0.083455
-0.004582
-0.057091
0.011507
-0.032272
-0.097433
-0.143181
-0.135096
-0.159386
-0.196926
-0.147071
-0.142926
-0.070347
-0.102197
-0.064888
-0.103296
-0.061539
-0.054450
-0.018940
-0.090980
0.000181
-0.053848
0.023439
-0.025687
0.039783
-0.002899
-0.056716
-0.077561
-0.135274
-0.141264
-0.191938
-0.105286
-0.109951
-0.031207
-0.063160
-0.054423
-0.030315
-0.047828
-0.017797
-0.043894
-0.005878
-0.052836
0.038124
-0.005718
0.075225
-0.057097
0.004935
-0.051808
-0.079229
-0.087981
-0.113313
-0.158739
-0.093969
-0.084454
-0.001437
-0.014033
0.002748
-0.021970
0.004793
-0.003272
0.009922
-0.011666
0.044170
-0.012473
0.062147
0.010732
0.089275
0.003505
0.035285
-0.014065
-0.039716
-0.047289
-0.080635
-0.096994
-0.023691
-0.053080
0.034364
-0.004196
0.037297
-0.000112
0.043685
0.035598
0.092245
0.024492
0.104625
0.023919
0.079096
0.025606
0.093384
0.052502
0.023302
-0.019826
-0.039166
-0.007845
-0.069383
0.024577
-0.000792
0.089408
0.083513
0.093840
0.108722
0.077098
0.138285
0.122676
0.168769
0.126636
0.198608
0.144581
0.224598
0.129804
0.180669
0.115633
0.099052
0.045864
0.016931
-0.023514
0.058217
0.059464
0.116188
0.136571
0.158463
0.135599
0.175447
0.169195
0.199823
0.148024
0.211735
0.141736
0.222230
0.145170
0.222484
0.145558
0.228171
0.116520
0.131568
0.109246
0.080983
0.083172
0.184109
0.132264
0.211436
0.195456
0.229878
0.197105
0.238257
0.248236
0.282103
0.203145
0.269864
0.215401
0.276559
0.214389
0.280141
0.208473
0.254481
0.096039
0.096047
0.068146
0.095799
0.075143
0.167971
0.139634
0.221563
0.193802
0.227767
0.191889
0.263358
0.229189
0.271932
0.267983
0.301595
0.238803
0.274260
0.211081
0.232995
0.213692
0.237781
0.199946
0.139313
0.169047
0.173051
0.221960
0.250975
0.279953
0.275555
0.237015
0.295727
0.269189
0.326770
0.293501
0.361483
0.274810
0.309645
0.238831
0.294718
0.275299
0.313263
0.281197
0.234821
0.178552
0.227365
0.246635
0.270122
0.317745
0.280720
0.314579
0.292787
0.338813
0.336772
0.331739
0.331782
0.306748
0.363465
0.293275
0.371617
0.289057
0.282064
0.248590
0.207537
0.191433
0.211278
0.199988
0.275016
0.247459
0.345863
0.340937
0.350075
0.313797
0.366162
0.346524
0.393707
0.345182
0.400310
0.324377
0.353811
0.310194
0.366085
0.268645
0.272781
0.260171
0.207083
0.174005
0.189983
0.181257
0.200886
0.239636
0.254259
0.210584
0.251678
0.264501
0.277189
0.253099
0.287074
0.253293
0.236976
0.258889
0.228941
0.270034
0.207270
0.169892
0.159458
0.133279
0.087521
0.130667
0.121825
0.180448
0.201780
0.201156
0.186762
0.209504
0.186700
0.213472
0.170006
0.215428
0.128672
0.196142
0.153834
0.201303
0.137010
0.203326
0.166989
0.156489
0.109159
0.118559
0.095229
0.150478
0.144665
0.153097
0.134781
0.135481
0.159464
0.164283
0.179149
0.144535
0.184174
0.137238
0.226666
0.159675
0.237905
0.165029
0.085654
0.013769
0.032783
-0.029715
0.009587
-0.020903
0.088399
0.055327
0.125873
0.113080
0.095453
0.128196
0.138016
0.166367
0.133719
0.167807
0.070968
0.132163
0.099553
0.138832
0.056325
0.036923
0.008399
-0.031109
-0.032067
-0.000682
0.014363
0.079207
0.100213
0.158639
0.145900
0.164456
0.123274
0.168473
0.134067
0.192922
0.122177
0.186239
0.154534
0.217282
0.140775
0.165596
0.138450
0.165288
0.126702
0.098908
0.103790
0.149730
0.157609
0.209730
0.230276
0.249799
0.210624
0.224319
0.212733
0.254080
0.213610
0.269959
0.248943
0.297341
0.188383
0.269886
0.181187
0.227843
0.177290
0.138827
0.077808
0.070182
0.097158
0.144748
0.144072
0.200910
0.181603
0.192482
0.170956
0.216548
0.199854
0.227715
0.200566
0.229860
0.199528
0.152034
0.208296
0.143182
0.200881
0.085583
0.039142
0.029192
0.049569
0.000301
0.087346
0.088885
0.161489
0.177790
0.193595
0.214590
0.175913
0.229300
0.173596
0.211559
0.168382
0.200604
0.197528
0.160429
0.214684
0.082058
0.118574
0.066724
0.045561
0.043088
0.021214
0.032654
0.101117
0.086647
0.160826
0.152181
0.130562
0.126816
0.172783
0.135882
0.219207
0.139927
0.213010
0.131939
0.186158
0.131017
0.198400
0.126039
0.130477
0.046242
-0.021307
-0.033977
-0.045434
0.034402
0.043736
0.145041
0.119415
0.155292
0.112340
0.136173
0.159369
0.184559
0.151296
0.191399
0.138544
0.125863
0.133321
0.116361
0.149306
0.108561
0.141350
0.076523
0.023113
-0.031099
0.004546
0.046750
0.091633
0.111002
0.083565
0.097101
0.077378
0.080159
0.039385
0.154977
0.110983
0.193562
0.151269
0.234438
0.103908
0.191612
0.108238
0.090034
0.021795
-0.016367
-0.040171
0.021696
0.016096
0.107760
0.108017
0.116485
0.119860
0.137492
0.130226
0.163486
0.114847
0.147192
0.044032
0.114315
0.090735
0.160405
0.077079
0.156246
-0.018808
-0.023016
-0.060599
-0.090908
-0.128247
-0.067097
-0.075039
-0.015350
-0.020776
-0.025249
-0.001986
-0.011952
0.017487
-0.023334
0.025012
-0.061135
0.025449
0.005212
0.076525
-0.074660
-0.023287
-0.062402
-0.098579
-0.162161
-0.192302
-0.244710
-0.170657
-0.170405
-0.083562
-0.113191
-0.085954
-0.140991
-0.091166
-0.115286
-0.071996
-0.137319
-0.044712
-0.082768
0.008913
-0.052881
-0.004022
-0.051110
0.019072
-0.027861
-0.047775
-0.079350
-0.028220
-0.005132
0.026104
0.026745
0.050506
0.025072
0.068210
0.024971
0.070705
0.009202
0.069479
0.033415
0.115940
0.070427
0.136672
0.064513
0.105654
0.027066
-0.003943
-0.037164
-0.042731
-0.084594
0.038687
-0.005127
0.081264
0.053555
0.066071
0.048817
0.089957
0.060875
0.086635
0.072080
0.091344
0.115075
0.065108
0.139402
0.073445
0.053447
0.013218
0.011249
-0.010929
-0.037091
-0.085872
-0.007962
-0.062718
0.024031
-0.006245
0.018003
-0.028462
0.019573
-0.001850
0.032998
0.036973
0.103545
0.035448
0.086374
0.023747
0.093017
0.048717
0.077995
0.024423
-0.012081
-0.044732
0.007808
0.036221
0.058678
0.082083
0.090363
0.057315
0.108515
0.069011
0.137004
0.050205
0.102965
0.056233
0.134485
0.084856
0.146613
0.077832
0.125432
0.083802
0.045503
-0.045898
-0.048135
-0.101981
-0.026321
-0.065044
-0.004526
-0.023748
-0.012186
-0.031739
0.004459
-0.023924
0.016958
-0.049347
-0.014159
-0.059365
0.035074
0.002072
0.064534
-0.074259
-0.040978
-0.107069
-0.101693
-0.113185
-0.191865
-0.127455
-0.148982
-0.067143
-0.078229
-0.054262
-0.067149
-0.058376
-0.056961
-0.037252
-0.054390
-0.018644
-0.070114
0.024134
0.010488
0.067779
-0.093407
-0.053103
-0.117473
-0.160963
-0.160498
-0.180054
-0.227506
-0.140016
-0.153293
-0.077543
-0.095484
-0.077306
-0.092292
-0.059446
-0.091920
-0.062886
-0.111655
-0.074205
-0.125611
-0.041638
-0.068228
-0.008382
-0.167881
-0.103337
-0.145337
-0.150562
-0.208963
-0.214081
-0.196760
-0.127282
-0.095309
-0.089307
-0.062522
-0.112737
-0.064022
-0.108475
-0.021994
-0.083364
-0.002647
-0.040628
0.051087
-0.007300
0.067802
-0.014549
-0.007112
-0.069095
-0.131733
-0.131988
-0.175785
-0.070774
-0.067959
0.001905
-0.014614
-0.034292
-0.004579
-0.019567
0.016165
-0.026328
0.033592
-0.051122
0.032114
0.003659
0.083233
-0.058342
0.027910
-0.019202
-0.007265
-0.064896
-0.073187
-0.090555
-0.012209
-0.004460
0.053857
0.058300
0.040013
0.083779
0.040152
0.097867
0.037018
0.111311
0.045781
0.128390
0.082583
0.148340
0.014571
0.061195
0.019602
-0.008964
-0.018387
-0.044770
-0.096102
-0.023443
-0.032351
0.026300
0.027410
0.054462
0.042079
0.059461
0.054047
0.080010
0.052834
0.069386
0.047642
0.048401
0.085029
0.055280
0.096691
-0.033281
-0.030901
-0.091526
-0.083770
-0.088544
-0.103059
-0.056635
-0.042621
0.016445
0.042386
0.042068
0.010542
0.063587
0.043458
0.101188
0.023466
0.081730
0.022072
0.071439
0.033853
0.080941
0.020543
0.014904
-0.049298
-0.039617
-0.044660
-0.059291
0.000349
0.043924
0.099421
0.111689
0.132197
0.138808
0.125283
0.167743
0.139083
0.177649
0.143713
0.190988
0.127991
0.200159
0.152665
0.196502
0.105521
0.179302
0.158814
0.146687
0.094784
0.154880
0.165782
0.223416
0.217996
0.236272
0.196396
0.254628
0.205057
0.283440
0.219296
0.279072
0.227583
0.311413
0.265065
0.328919
0.258886
0.323577
0.278922
0.266789
0.196688
0.214818
0.187877
0.318532
0.276609
0.354888
0.301523
0.343146
0.280212
0.346114
0.310845
0.369499
0.350481
0.407592
0.379267
0.429361
0.350015
0.410748
0.204608
0.062007
0.066207
0.074606
0.076563
0.102530
0.140836
0.184039
0.228119
0.231025
0.233662
0.217952
0.261423
0.245343
0.256693
0.240488
0.247716
0.226279
0.249783
0.236864
0.276471
0.153852
0.209394
0.188249
0.161164
0.124276
0.133702
0.206735
0.185360
0.248563
0.206606
0.254493
0.188069
0.206806
0.156269
0.208490
0.175149
0.215662
0.180545
0.256965
0.191460
0.239866
0.055918
0.006330
0.026076
0.017074
0.008204
-0.011445
0.061769
0.096654
0.139325
0.144242
0.105785
0.143919
0.137274
0.152126
0.129075
0.144886
0.088844
0.148895
0.123991
0.180278
0.051844
0.061659
0.021027
-0.007215
-0.071024
-0.129659
-0.130926
-0.093738
-0.061845
-0.046723
-0.013168
-0.037212
-0.015357
-0.026631
0.000099
-0.035717
-0.026778
0.001748
-0.005042
0.069511
0.014373
0.032883
-0.009954
0.018267
-0.044051
-0.087277
-0.119322
-0.112150
-0.066942
-0.060429
0.008274
-0.030458
0.018284
-0.037169
0.019871
-0.009216
0.075850
0.009663
0.080604
0.017352
0.072719
0.005758
0.077318
0.011944
0.052322
-0.044024
-0.047647
-0.063328
-0.074424
-0.037508
0.045785
0.072776
0.092633
0.099265
0.100225
0.102765
0.111873
0.104093
0.128709
0.097333
0.123820
0.140321
0.105395
0.179169
0.025305
0.068195
0.040020
-0.001518
-0.029538
-0.076679
-0.111735
-0.031104
-0.020651
0.036085
0.050100
0.061266
0.073433
0.061176
0.102450
0.074800
0.091765
0.069745
0.044131
0.060830
0.038674
0.102031
0.031627
0.099009
-0.000525
0.009612
-0.030495
-0.089763
-0.064223
-0.034037
0.020142
0.041799
0.048958
0.052343
0.046153
0.079114
0.072843
0.089306
0.060399
0.046736
0.120045
0.079783
0.147091
0.079591
0.059361
0.018794
0.019367
-0.052190
-0.034472
-0.047842
0.016468
0.009977
0.042837
0.044030
0.021421
0.059393
0.043594
0.089686
0.034504
0.117797
0.060283
0.127763
0.069736
0.144485
0.018429
0.049144
0.017014
-0.037840
-0.031056
-0.043204
0.027162
0.017171
0.058743
0.051950
0.028609
0.074045
0.049755
0.079926
0.034769
0.071511
-0.003758
0.070829
0.030711
0.113146
-0.029916
0.050928
0.019492
0.020876
-0.027828
-0.072170
-0.038505
0.010111
0.031709
0.060482
0.041288
0.071746
0.036380
0.042155
0.008852
0.030422
0.009955
-0.015793
0.037390
-0.003668
0.068240
-0.084666
-0.009556
-0.060526
-0.061795
-0.076627
-0.064513
-0.086363
-0.023726
-0.043801
-0.023404
-0.030941
-0.053361
-0.021233
-0.048169
0.003339
-0.058493
0.023086
-0.017571
0.062122
0.006748
0.021135
-0.031116
0.001611
-0.043032
-0.085653
-0.100473
-0.118807
-0.037609
-0.048702
0.021909
-0.019205
0.026435
-0.026168
0.022692
-0.018224
0.070754
0.002591
0.076060
0.028085
0.079102
0.016459
0.085513
0.021945
0.060136
-0.034410
-0.024670
-0.104493
-0.106097
-0.106781
0.008043
0.012841
0.068056
0.050157
0.082758
0.037298
0.081392
0.046812
0.094577
0.013578
0.060366
0.006636
0.079048
0.024440
0.083054
0.020753
-0.030121
-0.087187
-0.065672
-0.089559
-0.097463
-0.103400
-0.017348
-0.001858
0.063388
0.059623
0.076949
0.056214
0.090369
0.070486
0.074931
0.105071
0.044377
0.134886
0.102904
0.114360
0.031836
0.084862
0.037031
0.006271
-0.038311
-0.074579
-0.066296
0.009212
0.022447
0.059516
0.084271
0.095684
0.090372
0.106562
0.101058
0.141767
0.080819
0.124449
0.068600
0.138643
0.095235
0.155996
0.099629
0.037057
-0.035708
-0.018961
-0.024904
-0.037754
-0.081108
0.034702
0.018152
0.087079
0.071450
0.098881
0.084033
0.128530
0.090010
0.118164
0.074092
0.037185
0.082218
0.072310
0.139876
0.058383
0.097879
-0.004774
-0.033446
-0.096688
-0.131131
-0.197079
-0.110775
-0.111523
-0.048539
-0.028456
-0.043364
-0.040073
-0.056109
0.000292
-0.077378
0.048425
0.001551
0.081999
0.061581
0.144529
0.075499
0.093513
0.000124
0.001595
-0.073558
-0.082570
-0.133468
-0.063073
-0.075767
0.021556
0.019566
0.021403
0.044042
0.002177
0.063730
0.025924
0.082200
0.027059
0.048578
0.083005
0.060942
0.102517
-0.045630
-0.004072
-0.046543
-0.095424
-0.130240
-0.160322
-0.145148
-0.082932
-0.044971
0.013289
0.013895
0.031895
-0.004579
0.064586
-0.012716
0.056244
0.015197
0.075846
0.042478
0.112092
0.059335
0.125902
-0.034356
-0.019238
-0.079675
-0.068550
-0.095526
-0.097260
-0.036884
-0.010801
0.037832
0.033825
0.049526
0.013874
0.063514
0.028813
0.081327
0.033385
0.102769
0.022820
0.080633
0.022978
0.091179
-0.023455
0.003667
-0.035855
-0.046182
-0.069904
-0.085942
-0.038810
-0.021039
0.027665
0.023969
0.001958
0.044208
0.034751
0.088121
0.013461
0.071832
0.013287
0.076267
0.036418
0.096323
0.025756
0.093185
0.039373
-0.004977
-0.051900
-0.052042
0.023241
-0.008467
0.070312
0.060213
0.091390
0.038791
0.071767
0.057880
0.085550
0.115874
0.161791
0.108574
0.171890
0.109277
0.186093
0.094114
0.040226
-0.026153
-0.021870
-0.004151
-0.064929
0.019322
0.015735
0.096869
0.111672
0.123056
0.150693
0.107514
0.168508
0.132471
0.168026
0.152898
0.148559
0.211198
0.162909
0.223313
0.046669
0.095957
0.039106
0.040116
0.027914
0.018910
-0.004984
0.089707
0.093219
0.155223
0.157061
0.153940
0.170833
0.153283
0.184703
0.140815
0.169302
0.148951
0.212072
0.156990
0.240962
0.170288
0.250376
0.185750
0.084074
0.039042
-0.005270
-0.032975
0.032612
0.017493
0.088285
0.074133
0.121298
0.078074
0.112075
0.098032
0.126349
0.096082
0.121590
0.083657
0.165457
0.134824
0.183064
0.028978
0.053248
-0.011792
-0.068733
-0.108468
-0.173106
-0.081519
-0.097790
-0.036526
-0.032052
-0.028014
-0.018260
-0.027485
-0.003861
-0.035851
-0.010319
0.010128
-0.007223
0.056200
-0.005057
0.067413
0.019129
-0.033755
-0.073773
-0.085343
-0.117285
-0.153167
-0.070676
-0.103360
-0.025484
-0.051583
-0.032490
-0.077596
-0.020527
-0.059371
0.010497
-0.055386
0.018473
-0.047968
0.019464
-0.043630
0.025196
-0.014793
-0.035787
-0.080912
-0.048920
-0.103624
-0.068873
-0.023703
-0.018776
0.008615
0.003089
0.011733
-0.012666
0.029442
-0.046430
0.017075
-0.064644
0.011135
-0.040702
0.022674
-0.040773
0.005359
-0.040980
-0.005030
-0.066039
-0.106176
-0.148896
-0.101501
-0.037998
-0.023268
0.014601
0.009844
0.032444
-0.002122
0.043074
-0.011723
0.043247
-0.007243
0.061857
-0.009736
0.043496
-0.008578
0.054548
0.013563
0.054846
-0.009488
-0.022210
-0.052277
-0.065565
-0.018899
0.036817
0.099854
0.088755
0.124793
0.092256
0.131215
0.103685
0.141959
0.096602
0.122562
0.046942
0.086250
0.067441
0.132568
0.046414
0.085862
0.034058
0.044592
-0.016820
-0.077097
-0.096756
-0.107242
-0.092983
-0.068960
-0.126096
-0.128275
-0.152839
-0.098731
-0.187295
-0.136720
-0.186420
-0.174196
-0.165109
-0.078745
-0.122101
-0.052045
-0.109308
-0.086396
-0.140890
-0.161421
-0.196164
-0.226367
-0.169935
-0.143505
-0.081287
-0.089835
-0.059753
-0.096160
-0.062913
-0.069432
-0.045566
-0.070285
-0.040112
-0.110313
-0.027928
-0.046039
0.005814
-0.056105
0.002914
-0.165672
-0.162389
-0.228768
-0.232963
-0.256293
-0.204378
-0.180661
-0.140633
-0.166297
-0.195268
-0.142277
-0.166789
-0.117240
-0.195828
-0.143377
-0.189528
-0.132247
-0.148663
-0.101216
-0.160509
-0.094214
-0.242374
-0.226722
-0.276089
-0.261797
-0.318558
-0.207883
-0.200614
-0.112755
-0.136994
-0.109068
-0.123521
-0.125965
-0.137685
-0.119381
-0.151205
-0.150076
-0.174464
-0.096787
-0.188237
-0.146810
-0.202844
-0.143440
-0.185379
-0.212033
-0.252262
-0.241313
-0.203804
-0.143686
-0.123976
-0.108031
-0.147768
-0.096362
-0.140042
-0.094552
-0.157409
-0.103182
-0.142375
-0.081884
-0.101169
-0.103515
-0.173191
-0.121691
-0.187019
-0.209512
-0.264573
-0.262955
-0.271764
-0.206329
-0.190551
-0.184012
-0.159875
-0.171770
-0.154701
-0.191792
-0.149905
-0.209210
-0.130122
-0.159371
-0.087084
-0.126972
-0.058963
-0.189275
-0.157108
-0.204881
-0.256350
-0.279062
-0.321791
-0.245528
-0.240675
-0.168161
-0.201582
-0.164842
-0.193538
-0.159438
-0.197524
-0.160357
-0.219566
-0.144446
-0.210944
-0.148253
-0.168652
-0.133899
-0.184072
-0.116473
-0.175793
-0.208913
-0.285526
-0.298031
-0.290168
-0.223151
-0.208578
-0.168475
-0.146706
-0.124651
-0.146075
-0.164847
-0.193201
-0.167087
-0.165002
-0.128314
-0.078147
-0.057344
-0.041043
-0.105302
-0.069233
-0.120299
-0.158103
-0.171969
-0.220815
-0.191071
-0.171563
-0.117234
-0.125533
-0.111350
-0.134460
-0.104827
-0.119387
-0.106176
-0.142089
-0.096926
-0.141757
-0.063478
-0.097166
-0.033116
-0.212976
-0.158493
-0.217926
-0.224395
-0.322274
-0.294867
-0.303507
-0.218382
-0.216643
-0.190905
-0.206177
-0.180470
-0.197055
-0.184716
-0.217075
-0.191723
-0.277178
-0.207014
-0.215784
-0.130024
-0.250430
-0.173763
-0.239806
-0.257676
-0.314692
-0.358160
-0.402213
-0.344541
-0.298119
-0.242678
-0.236450
-0.231765
-0.265752
-0.218573
-0.275771
-0.226399
-0.296277
-0.238750
-0.278179
-0.199114
-0.239693
-0.201573
-0.238384
-0.201394
-0.270196
-0.261491
-0.323094
-0.314252
-0.251681
-0.174218
-0.136309
-0.128990
-0.144693
-0.101852
-0.153238
-0.129895
-0.202940
-0.166306
-0.213093
-0.132429
-0.139683
-0.089994
-0.155510
-0.083909
-0.139962
-0.140468
-0.192961
-0.196074
-0.173210
-0.139160
-0.125971
-0.118724
-0.118272
-0.132556
-0.086097
-0.139514
-0.111063
-0.059700
-0.083024
-0.088325
-0.041971
0.007189
0.090789
0.099464
0.059423
0.028735
-0.044876
-0.082054
-0.000024
0.009296
0.009506
0.009553
-0.001561
-0.012709
-0.014285
-0.012362
-0.013123
-0.015597
-0.013724
-0.019698
-0.019725
-0.015503
-0.007940
0.021090
0.021658
0.018808
0.015610
0.015600
0.012763
0.011196
0.027823
0.028330
0.057147
0.040565
0.052959
0.024485
0.044235
0.037911
0.064494
0.026363
0.047231
0.021138
0.040362
0.026701
-0.120958
-0.156424
-0.146306
-0.150330
-0.186048
-0.234472
-0.241231
-0.224466
-0.186693
-0.157650
-0.108764
-0.098585
-0.046486
-0.055386
-0.038878
-0.060434
-0.039220
-0.106876
-0.079076
-0.129175
-0.073686
-0.085527
-0.023844
-0.024345
0.022241
-0.032006
-0.004219
-0.075445
-0.114005
-0.153633
-0.151643
-0.177008
-0.149117
-0.152310
-0.152452
-0.131204
-0.156679
-0.131233
-0.154782
-0.139152
-0.153902
-0.092540
-0.127148
-0.073146
-0.082952
-0.040060
-0.105375
-0.123249
-0.169196
-0.192495
-0.230008
-0.275845
-0.236719
-0.242857
-0.208874
-0.228877
-0.220337
-0.274006
-0.210148
-0.262204
-0.219318
-0.288947
-0.229875
-0.261355
-0.186745
-0.236549
-0.163014
-0.288377
-0.256416
-0.302117
-0.317084
-0.369362
-0.398810
-0.327330
-0.264590
-0.227718
-0.253427
-0.218122
-0.248708
-0.221193
-0.264549
-0.228424
-0.297166
-0.266670
-0.300855
-0.209890
-0.212860
-0.163840
-0.315074
-0.262329
-0.315935
-0.352537
-0.376918
-0.463131
-0.401949
-0.378979
-0.302825
-0.332253
-0.295990
-0.322588
-0.300054
-0.329440
-0.326849
-0.332944
-0.386916
-0.329549
-0.327531
-0.241176
-0.381527
-0.308729
-0.364827
-0.342650
-0.384052
-0.423234
-0.458465
-0.429308
-0.374129
-0.329704
-0.358327
-0.342244
-0.357004
-0.344659
-0.382346
-0.375550
-0.380691
-0.415187
-0.342970
-0.329986
-0.279373
-0.334912
-0.309195
-0.382480
-0.338704
-0.422133
-0.426748
-0.493112
-0.366853
-0.352485
-0.310439
-0.318189
-0.341528
-0.294019
-0.341969
-0.310136
-0.357819
-0.326895
-0.388148
-0.303457
-0.286463
-0.231252
-0.368338
-0.313672
-0.374377
-0.396139
-0.446532
-0.474228
-0.559761
-0.490902
-0.482481
-0.416412
-0.454164
-0.420051
-0.433875
-0.424607
-0.447602
-0.440850
-0.463200
-0.458617
-0.490522
-0.383049
-0.374867
-0.372891
-0.419592
-0.374791
-0.435531
-0.452963
-0.472083
-0.524467
-0.501918
-0.453644
-0.428040
-0.474953
-0.392308
-0.389833
-0.385907
-0.420546
-0.428947
-0.466178
-0.475919
-0.431339
-0.376262
-0.466095
-0.444956
-0.468915
-0.460026
-0.496462
-0.539128
-0.618231
-0.589131
-0.515466
-0.508147
-0.523192
-0.495741
-0.508492
-0.471222
-0.525552
-0.480492
-0.542769
-0.495127
-0.490454
-0.406437
-0.411796
-0.405759
-0.499338
-0.472451
-0.496117
-0.545066
-0.562463
-0.669656
-0.648137
-0.616924
-0.597026
-0.565784
-0.549774
-0.508868
-0.495682
-0.497064
-0.525821
-0.509827
-0.546261
-0.534111
-0.467505
-0.405501
-0.483708
-0.481631
-0.483855
-0.521415
-0.543844
-0.575411
-0.657722
-0.701033
-0.648572
-0.616654
-0.606101
-0.623373
-0.616610
-0.605733
-0.612545
-0.612510
-0.623827
-0.629520
-0.645766
-0.566497
-0.523794
-0.629421
-0.671764
-0.640049
-0.680181
-0.684763
-0.714339
-0.779898
-0.852557
-0.713434
-0.663692
-0.662105
-0.644707
-0.657398
-0.594909
-0.648194
-0.624756
-0.654224
-0.628662
-0.656817
-0.582987
-0.533035
-0.523918
-0.528251
-0.515239
-0.557148
-0.548950
-0.576945
-0.645751
-0.637146
-0.756784
-0.750043
-0.700831
-0.686121
-0.663584
-0.660980
-0.642764
-0.624655
-0.615840
-0.640338
-0.626564
-0.670580
-0.673340
-0.627953
-0.586093
-0.586939
-0.626486
-0.703139
-0.736715
-0.744637
-0.731384
-0.807851
-0.889406
-0.877618
-0.880499
-0.847589
-0.840390
-0.877176
-0.860772
-0.870099
-0.828767
-0.839619
-0.853710
-0.879388
-0.849142
-0.761143
-0.762527
-0.822825
-0.884651
-0.861091
-0.867256
-0.824587
-0.826226
-0.949969
-0.976656
-0.908571
-0.845553
-0.843053
-0.882393
-0.879734
-0.891595
-0.910501
-0.905879
-0.921023
-0.936660
-0.939366
-0.983479
-0.897847
-0.903569
-0.895590
-0.983833
-0.990038
-1.000980
-1.046597
-1.064172
-1.179256
-1.195713
-1.140851
-1.071125
-1.086470
-1.099359
-1.047156
-1.009106
-0.945770
-0.908757
-0.873371
-0.929079
-0.916208
-0.881485
-0.773082
-0.782311
-0.770523
-0.815415
-0.768984
-0.963814
-1.076581
-1.031659
-0.988613
-1.094461
-1.153843
-1.065350
-1.078633
-1.078542
-1.096128
-1.156493
-1.090806
-1.108862
-1.091593
-1.113206
-1.113124
-1.049614
-1.082323
-1.021874
-1.004510
-1.008304
-1.051875
-1.021963
-1.076177
-1.072807
-1.067085
-1.156089
-1.253673
-1.219329
-1.172855
-1.143610
-1.137392
-1.160081
-1.189831
-1.145415
-1.172320
-1.116418
-1.140407
-1.155807
-1.138277
-1.130564
-1.080567
-1.024562
-0.910864
-0.876716
-0.920733
-0.893143
-0.953276
-0.943401
-0.906835
-0.888924
-0.978061
-1.054204
-1.126364
-1.158218
-1.128536
-1.129754
-1.163563
-1.196588
-1.168406
-1.148291
-1.165132
-1.110086
-1.129965
-1.067436
-1.061141
-0.973455
-1.006193
-0.970551
-0.960971
-0.940967
-0.999303
-1.018613
-1.000535
-0.895731
-0.856805
-0.801050
-0.790948
-0.823932
-0.842303
-0.915839
-0.927343
-0.923794
-0.933188
-0.937870
-0.921617
-0.999583
-0.977389
-1.032624
-0.950082
-0.998788
-0.888247
-0.904698
-0.943486
0.008095
-0.035489
-0.032247
-0.046760
-0.040559
-0.054318
-0.043665
-0.038125
-0.040981
-0.038021
-0.032846
-0.030041
-0.029155
-0.029782
-0.033365
-0.041248
-0.053447
0.001045
0.006425
0.008908
0.005648
-0.001994
-0.006692
-0.009091
-0.006490
-0.001965
0.009566
0.009491
0.009660
0.021925
0.051174
0.043890
0.060031
0.056392
0.067768
0.064729
0.060256
0.055003
0.054979
0.059163
0.063607
0.079662
0.064321
0.086971
0.055972
0.085706
0.077147
0.097308
0.056984
0.085714
0.041365
0.085532
0.017304
0.011613
0.027187
0.013577
0.020436
-0.025150
0.014330
0.017067
0.098037
0.070074
0.161152
0.195806
0.262305
0.273541
0.314515
0.283496
0.329993
0.273350
0.329032
0.258957
0.315687
0.238939
0.276699
0.267977
0.312948
0.249538
0.276044
0.232404
0.137033
0.093832
0.086970
0.024855
-0.022318
0.006050
0.064942
0.096231
0.117998
0.154700
0.137752
0.173261
0.158642
0.200951
0.183056
0.204008
0.176015
0.216385
0.216828
0.160031
0.142072
0.164213
0.135672
0.122962
0.045234
0.029247
0.025310
0.118329
0.138140
0.185827
0.224634
0.271509
0.231592
0.259034
0.246868
0.266222
0.255922
0.279511
0.251047
0.249129
0.312276
0.275107
0.330798
0.267709
0.307490
0.280708
0.198728
0.135777
0.080671
0.112477
0.095209
0.144778
0.149530
0.208025
0.210959
0.228190
0.184410
0.221405
0.226405
0.243543
0.230173
0.248700
0.214714
0.182201
0.214637
0.204963
0.255844
0.198379
0.260067
0.215238
0.167526
0.114621
0.077494
0.060672
0.088147
0.092746
0.141620
0.103942
0.133190
0.078864
0.145504
0.121991
0.142470
0.100175
0.078875
0.077043
0.125486
0.022443
0.012325
-0.002687
0.015694
-0.032916
-0.064694
-0.106529
-0.085052
-0.036080
-0.018514
0.002667
0.006914
0.019525
-0.012391
0.007579
-0.010394
0.011440
0.005558
-0.014672
-0.004350
-0.023180
0.064468
0.016067
0.039777
-0.009536
0.010495
-0.039981
-0.097354
-0.102759
-0.148122
-0.053730
-0.077286
-0.015995
-0.045145
-0.005796
-0.044384
-0.009466
-0.037157
-0.007936
-0.020993
0.036861
-0.023812
0.021769
-0.036081
0.029088
-0.016298
0.019865
-0.022739
-0.053038
-0.091953
-0.084939
-0.047479
-0.052079
-0.036356
-0.047583
-0.005777
-0.035321
0.012185
-0.061106
-0.019661
-0.093606
-0.073357
-0.083536
-0.014435
-0.049101
-0.001908
-0.103933
-0.088853
-0.127196
-0.187049
-0.206891
-0.249510
-0.157704
-0.162656
-0.106796
-0.128416
-0.106621
-0.140309
-0.094408
-0.142021
-0.091228
-0.163245
-0.094173
-0.146049
-0.085660
-0.120824
-0.059319
-0.225158
-0.202491
-0.263503
-0.243577
-0.298270
-0.322516
-0.270723
-0.238031
-0.191792
-0.180336
-0.186895
-0.223168
-0.161332
-0.195540
-0.162898
-0.232731
-0.175613
-0.211773
-0.176157
-0.191797
-0.134703
-0.178944
-0.104710
-0.186789
-0.119988
-0.260319
-0.232132
-0.305900
-0.301842
-0.232071
-0.149019
-0.086992
-0.057705
-0.072287
-0.038302
-0.053645
-0.041111
-0.059585
-0.047295
-0.061887
-0.109594
-0.049611
-0.057908
0.002607
-0.068882
-0.102267
-0.155388
-0.130525
-0.205321
-0.242558
-0.256362
-0.210782
-0.187586
-0.115172
-0.117032
-0.048946
-0.086664
-0.051286
-0.074228
-0.065613
-0.080534
-0.033403
-0.058172
0.033217
0.040015
-0.000820
-0.073504
-0.033956
-0.079230
-0.115675
-0.131604
-0.167566
-0.132778
-0.123248
-0.052640
-0.056438
-0.033840
-0.080563
-0.054856
-0.057148
-0.042415
-0.066064
-0.058000
-0.082896
-0.059061
-0.014025
-0.013442
-0.180199
-0.196824
-0.175981
-0.187730
-0.246013
-0.267848
-0.299260
-0.223539
-0.192573
-0.135316
-0.124156
-0.113163
-0.162570
-0.113397
-0.120862
-0.128285
-0.158317
-0.161320
-0.157409
-0.134849
-0.068083
-0.078651
-0.034606
-0.226394
-0.206160
-0.275936
-0.252304
-0.275405
-0.318421
-0.293902
-0.240922
-0.198435
-0.201901
-0.173684
-0.206940
-0.220497
-0.240478
-0.222902
-0.263418
-0.246049
-0.239929
-0.186502
-0.246308
-0.240683
-0.228820
-0.244637
-0.287111
-0.345539
-0.383155
-0.358018
-0.292269
-0.232554
-0.198517
-0.190950
-0.232638
-0.176241
-0.215399
-0.172920
-0.238075
-0.212326
-0.270551
-0.192717
-0.221380
-0.160538
-0.220134
-0.238457
-0.299756
-0.304105
-0.309517
-0.356355
-0.389003
-0.346204
-0.283705
-0.244110
-0.210197
-0.238160
-0.220671
-0.235184
-0.208596
-0.243512
-0.236517
-0.263460
-0.285961
-0.221986
-0.230245
-0.160488
-0.219656
-0.146476
-0.285379
-0.269827
-0.334423
-0.357316
-0.416306
-0.355772
-0.321917
-0.252583
-0.289092
-0.265591
-0.279027
-0.260732
-0.282982
-0.276737
-0.273166
-0.273493
-0.194255
-0.183273
-0.133682
-0.175958
-0.245468
-0.304553
-0.316176
-0.307149
-0.340672
-0.392731
-0.346300
-0.294693
-0.244240
-0.244488
-0.238166
-0.263437
-0.230903
-0.261466
-0.232775
-0.292960
-0.268540
-0.340973
-0.257473
-0.250071
-0.181194
-0.262442
-0.289730
-0.342357
-0.336004
-0.390525
-0.400548
-0.443928
-0.394718
-0.379234
-0.351352
-0.389668
-0.348017
-0.427475
-0.382635
-0.441334
-0.374432
-0.462089
-0.397794
-0.383656
-0.342690
-0.353327
-0.288963
-0.358056
-0.368098
-0.399410
-0.431272
-0.473528
-0.471182
-0.412433
-0.376218
-0.384814
-0.377232
-0.389162
-0.399955
-0.403355
-0.386588
-0.419973
-0.411644
-0.352355
-0.299549
-0.327247
-0.361256
-0.329214
-0.383116
-0.406078
-0.441813
-0.490781
-0.490219
-0.414501
-0.380215
-0.383984
-0.367837
-0.386926
-0.404905
-0.461046
-0.419614
-0.478522
-0.453429
-0.490942
-0.404097
-0.423607
-0.377208
-0.468324
-0.524197
-0.591939
-0.546287
-0.541834
-0.618755
-0.595786
-0.527780
-0.500626
-0.482537
-0.489489
-0.537561
-0.475409
-0.515447
-0.491934
-0.537041
-0.532551
-0.557516
-0.480256
-0.464307
-0.409019
-0.451022
-0.409008
-0.487249
-0.439384
-0.517271
-0.536232
-0.627404
-0.588379
-0.502965
-0.446874
-0.440369
-0.486740
-0.460464
-0.495074
-0.464864
-0.531854
-0.489055
-0.551614
-0.505248
-0.490628
-0.431501
-0.427273
-0.427326
-0.489199
-0.471727
-0.497930
-0.537517
-0.560721
-0.636253
-0.568940
-0.505929
-0.460262
-0.465300
-0.506026
-0.479400
-0.476496
-0.486510
-0.490786
-0.486971
-0.480009
-0.511831
-0.458326
-0.428739
-0.396673
-0.435834
-0.468795
-0.528580
-0.545198
-0.577455
-0.619483
-0.708631
-0.658614
-0.630360
-0.603485
-0.574168
-0.606746
-0.603862
-0.596587
-0.572944
-0.629834
-0.585948
-0.651268
-0.603571
-0.638452
-0.553754
-0.534621
-0.573078
-0.618011
-0.571976
-0.617299
-0.632407
-0.652641
-0.732141
-0.706560
-0.583348
-0.558237
-0.605115
-0.536169
-0.558696
-0.517027
-0.574631
-0.526500
-0.595521
-0.499449
-0.502710
-0.425606
-0.404092
-0.394672
-0.456987
-0.439513
-0.485307
-0.516954
-0.523658
-0.582985
-0.631562
-0.588129
-0.581229
-0.565996
-0.592705
-0.579146
-0.548611
-0.575975
-0.555079
-0.562918
-0.585191
-0.588485
-0.577481
-0.469809
-0.519824
-0.531866
-0.523471
-0.543475
-0.566684
-0.600989
-0.608729
-0.724599
-0.711534
-0.703697
-0.658047
-0.661182
-0.618481
-0.625192
-0.578140
-0.617445
-0.609480
-0.629585
-0.627281
-0.622046
-0.621392
-0.517067
-0.608107
-0.593522
-0.584729
-0.611092
-0.628695
-0.656955
-0.703090
-0.807334
-0.778717
-0.754475
-0.726439
-0.704782
-0.734073
-0.753300
-0.715013
-0.716123
-0.744989
-0.739421
-0.754466
-0.743975
-0.765109
-0.675051
-0.683271
-0.739329
-0.818742
-0.823363
-0.836948
-0.817547
-0.869434
-0.961313
-0.931117
-0.844977
-0.830006
-0.821674
-0.842578
-0.904021
-0.843976
-0.873569
-0.839518
-0.849205
-0.866094
-0.886397
-0.835120
-0.808023
-0.771887
-0.816567
-0.773902
-0.841383
-0.825050
-0.819576
-0.818111
-0.939140
-0.943250
-0.863568
-0.847995
-0.810823
-0.823262
-0.870890
-0.824710
-0.825258
-0.821732
-0.840614
-0.843710
-0.832116
-0.796437
-0.764674
-0.704184
-0.737198
-0.827133
-0.845157
-0.849563
-0.895853
-0.901698
-1.032452
-1.026414
-0.955170
-0.923909
-0.903545
-0.944779
-0.923819
-0.925683
-0.907498
-0.921352
-0.906773
-0.927342
-0.969050
-0.900365
-0.865591
-0.797187
-0.987113
-0.991281
-1.014447
-1.029494
-1.043469
-1.165531
-1.190677
-1.121026
-1.055776
-1.020257
-1.051765
-1.112001
-1.037499
-1.074672
-1.060773
-1.083141
-1.055534
-1.042048
-1.031021
-1.019338
-0.954278
-0.895808
-1.038654
-1.047915
-1.073660
-1.026183
-1.011398
-1.127905
-1.117264
-1.055380
-1.017703
-0.960047
-0.941029
-0.988559
-1.041167
-0.976233
-1.002476
-0.957574
-0.948758
-0.898739
-0.880543
-0.887804
-0.849644
-0.793723
-0.762256
-0.796016
-0.804365
-0.836451
-0.849932
-0.850030
-0.818155
-0.896830
-0.967935
-0.932698
-0.948232
-0.923490
-0.901136
-0.833614
-0.807302
-0.759754
-0.753622
-0.747022
-0.789906
-0.792641
-0.829027
-0.752365
-0.853837
-0.819453
-0.863484
-0.892039
-0.891727
-0.946248
-1.008807
-1.118561
-1.112880
-1.105134
-1.026787
-1.004384
-1.035090
-1.106390
-0.973844
-1.036608
-0.969794
-1.001422
-0.982507
-0.991572
-1.022633
-1.016615
-0.904653
-0.924804
-0.990526
-0.977072
-0.990503
-0.969414
-0.956982
-1.021511
-1.121558
-1.130232
-1.130865
-1.099715
-1.072381
-1.078950
-1.071523
-1.083969
-1.070717
-1.076576
-1.064655
-1.029049
-1.039627
-0.979170
-0.936327
-0.900861
-0.763059
-0.719249
-0.637945
-0.633484
-0.620333
-0.640555
-0.716597
-0.799409
-0.854032
-0.880042
-0.811778
-0.687820
-0.006347
-0.010881
-0.016615
-0.011231
-0.009499
0.023761
0.093378
0.064164
0.017233
0.044070
0.067344
0.074892
0.069856
-0.002407
-0.007971
-0.010395
-0.003338
-0.007700
-0.031558
-0.031598
-0.031402
-0.024072
-0.024449
-0.022026
-0.022669
-0.019785
-0.022547
-0.017611
-0.005342
0.012356
0.018656
0.033365
0.017177
0.028219
0.017224
0.015779
0.007731
-0.001262
0.009462
-0.002409
0.008909
0.015636
-0.006863
0.008559
0.003914
-0.010909
0.003641
-0.023664
0.036852
-0.020783
-0.013065
-0.188559
-0.217914
-0.245849
-0.282395
-0.247969
-0.170036
-0.102674
-0.061040
-0.015432
-0.023816
0.000874
-0.035930
-0.003690
-0.002552
-0.028336
-0.051367
-0.080853
-0.086789
-0.089842
-0.045114
-0.042711
-0.010586
-0.042621
-0.100550
-0.154348
-0.150819
-0.212895
-0.260987
-0.270996
-0.207893
-0.172676
-0.126334
-0.110599
-0.108613
-0.137777
-0.098937
-0.140690
-0.087008
-0.132131
-0.067744
-0.094899
-0.041204
-0.057407
-0.034128
-0.095741
-0.028687
-0.084498
-0.104226
-0.142187
-0.166696
-0.116613
-0.081704
-0.043577
-0.055277
-0.024943
-0.050004
-0.019640
-0.058635
-0.025681
-0.093274
-0.026181
-0.077024
-0.036433
-0.046286
-0.016229
-0.065284
-0.024482
-0.090561
-0.129313
-0.204058
-0.233239
-0.254885
-0.215321
-0.213881
-0.205483
-0.183320
-0.188165
-0.170118
-0.172554
-0.168820
-0.177391
-0.199766
-0.205061
-0.222772
-0.165049
-0.128533
-0.119238
-0.170251
-0.181409
-0.219205
-0.242739
-0.272896
-0.321758
-0.312373
-0.270329
-0.248715
-0.245625
-0.235290
-0.252602
-0.231693
-0.255409
-0.270607
-0.315722
-0.312692
-0.313670
-0.299343
-0.213156
-0.266354
-0.258344
-0.256152
-0.244890
-0.296975
-0.419478
-0.490701
-0.539117
-0.581833
-0.521338
-0.482290
-0.436259
-0.419144
-0.427250
-0.430989
-0.452005
-0.406732
-0.450619
-0.442072
-0.486956
-0.492067
-0.490900
-0.407632
-0.418871
-0.401473
-0.502501
-0.497143
-0.510490
-0.500083
-0.463496
-0.552031
-0.513871
-0.467982
-0.454601
-0.472016
-0.457236
-0.452425
-0.457429
-0.457912
-0.430746
-0.471650
-0.435056
-0.454661
-0.363151
-0.364860
-0.339331
-0.484538
-0.486459
-0.513149
-0.523616
-0.546169
-0.642108
-0.611149
-0.586383
-0.573207
-0.598258
-0.587755
-0.573098
-0.582791
-0.593714
-0.586761
-0.611707
-0.609373
-0.575613
-0.518704
-0.474214
-0.665815
-0.606155
-0.639672
-0.649120
-0.676834
-0.693164
-0.795373
-0.766566
-0.659381
-0.631417
-0.652067
-0.656414
-0.691979
-0.640233
-0.670779
-0.652960
-0.700453
-0.698169
-0.719136
-0.630212
-0.595068
-0.575849
-0.670173
-0.662144
-0.680650
-0.705500
-0.709023
-0.810806
-0.822974
-0.770572
-0.755765
-0.746282
-0.766832
-0.730014
-0.739102
-0.728241
-0.725066
-0.764987
-0.729250
-0.782095
-0.686041
-0.649601
-0.631440
-0.817584
-0.821623
-0.856691
-0.839111
-0.792779
-0.912272
-0.948068
-0.940159
-0.905131
-0.874504
-0.845019
-0.871247
-0.947649
-0.881792
-0.894420
-0.881319
-0.868808
-0.935754
-0.897542
-0.898939
-0.788866
-0.808046
-0.780145
-0.860018
-0.838501
-0.850481
-0.832760
-0.829657
-0.938531
-0.912137
-0.833226
-0.802823
-0.787622
-0.809085
-0.851763
-0.814072
-0.878337
-0.824579
-0.843346
-0.821838
-0.837555
-0.778909
-0.749954
-0.725484
-0.846510
-0.810939
-0.861122
-0.877460
-0.900460
-0.952133
-1.056217
-1.030784
-1.000410
-0.984534
-0.954941
-0.935265
-0.908518
-0.859532
-0.899394
-0.879407
-0.905186
-0.858457
-0.901992
-0.860026
-0.816935
-0.754248
-0.764068
-0.765440
-0.882895
-0.868981
-0.883749
-0.897577
-0.972881
-1.065145
-0.989453
-0.950397
-0.966541
-0.975000
-0.994782
-0.972143
-0.978732
-0.972577
-0.870946
-0.900089
-0.937096
-0.962977
-0.906172
-0.947994
-0.841919
-0.793961
-0.795414
-0.809852
-0.884013
-0.880564
-0.982519
-0.985021
-0.922070
-0.748861
-0.758109
-0.778890
-0.751325
-0.703227
-0.648598
-0.604781
-0.576208
-0.558571
0.009058
-0.002673
-0.000684
-0.014748
-0.050637
-0.036793
0.057597
0.084260
0.062767
0.045037
0.026784
-0.019612
-0.027920
-0.034782
-0.042451
-0.054157
-0.065234
-0.060421
0.003667
0.026318
0.026510
0.009397
-0.003631
-0.027865
-0.092562
-0.029341
-0.037849
-0.038184
-0.024606
-0.007250
0.058154
0.003708
-0.013491
-0.017911
-0.006766
0.015671
0.013776
-0.006943
-0.022727
-0.020411
-0.023412
-0.016618
0.000967
-0.010731
-0.023677
0.014362
0.017802
0.013945
0.005985
-0.004772
-0.011330
-0.006287
-0.005505
-0.003872
-0.047278
-0.054029
-0.048954
-0.079737
-0.104242
-0.126337
-0.122335
-0.116900
-0.115743
-0.104375
-0.108206
-0.103588
-0.113100
-0.101034
-0.098478
-0.099102
-0.081098
-0.090083
-0.098276
-0.092266
-0.097742
-0.087249
-0.096895
-0.099733
-0.113213
-0.129592
-0.115347
-0.104699
-0.118156
-0.093447
-0.141739
-0.135174
-0.176619
-0.255891
-0.302354
-0.316619
-0.305941
-0.342233
-0.313093
-0.348985
-0.269815
-0.356187
-0.377960
-0.406389
-0.429004
-0.441951
-0.383702
-0.373900
-0.320620
-0.345364
-0.324863
-0.427456
-0.369318
-0.443267
-0.439751
-0.517156
-0.554686
-0.530465
-0.522152
-0.502854
-0.522449
-0.508707
-0.480167
-0.531925
-0.455627
-0.520687
-0.451894
-0.450204
-0.384291
-0.447433
-0.424037
-0.442960
-0.450248
-0.485477
-0.429128
-0.437083
-0.461027
-0.477490
-0.527920
-0.506623
-0.383022
-0.321096
-0.329017
-0.357037
-0.315109
-0.313518
-0.285042
-0.321164
-0.298053
-0.293225
-0.290773
-0.280640
-0.226675
-0.220987
-0.255343
-0.234442
-0.253927
-0.277324
-0.318200
-0.353948
-0.400002
-0.454507
-0.422956
-0.394416
-0.356649
-0.352956
-0.329615
-0.329070
-0.327051
-0.330893
-0.377190
-0.362658
-0.383456
-0.377138
-0.344695
-0.317064
-0.340405
-0.326745
-0.313580
-0.359300
-0.403686
-0.455143
-0.493470
-0.476632
-0.402633
-0.333783
-0.337973
-0.312536
-0.363620
-0.337858
-0.337591
-0.320810
-0.372906
-0.332009
-0.350468
-0.354406
-0.329880
-0.275012
-0.301911
-0.302912
-0.305410
-0.340155
-0.363460
-0.398480
-0.460183
-0.428146
-0.362620
-0.288689
-0.279335
-0.293996
-0.283126
-0.310169
-0.280185
-0.341401
-0.299606
-0.340921
-0.294240
-0.279964
-0.236310
-0.224110
-0.232211
-0.247937
-0.249533
-0.292398
-0.304762
-0.315409
-0.362509
-0.386037
-0.296578
-0.217350
-0.173306
-0.161536
-0.169990
-0.168990
-0.167197
-0.157740
-0.161052
-0.171193
-0.187407
-0.182717
-0.122569
-0.117833
-0.073572
-0.088052
-0.065594
-0.092588
-0.076354
-0.124131
-0.195745
-0.247794
-0.284973
-0.334730
-0.294559
-0.285817
-0.205603
-0.185805
-0.194844
-0.169147
-0.184222
-0.173605
-0.216611
-0.202622
-0.257520
-0.221602
-0.285781
-0.202623
-0.156668
-0.231401
-0.227197
-0.218317
-0.251389
-0.284804
-0.338674
-0.377609
-0.423343
-0.366982
-0.345429
-0.317251
-0.297085
-0.320258
-0.302427
-0.309461
-0.323048
-0.350762
-0.343495
-0.355924
-0.353041
-0.272749
-0.299214
-0.241201
-0.289422
-0.248413
-0.291504
-0.322697
-0.350370
-0.373821
-0.335681
-0.268591
-0.241252
-0.257196
-0.243654
-0.258602
-0.234486
-0.284600
-0.285755
-0.292298
-0.301633
-0.255585
-0.254004
-0.205191
-0.242693
-0.314087
-0.375244
-0.371258
-0.379830
-0.420993
-0.460205
-0.394315
-0.349001
-0.316870
-0.309781
-0.322778
-0.357125
-0.292292
-0.337123
-0.324266
-0.376316
-0.356121
-0.372790
-0.292924
-0.286977
-0.248433
-0.387629
-0.341106
-0.391484
-0.399039
-0.442326
-0.487851
-0.482173
-0.396509
-0.365526
-0.340321
-0.349709
-0.380935
-0.322402
-0.367454
-0.342502
-0.410987
-0.373636
-0.393940
-0.328434
-0.336515
-0.259121
-0.302451
-0.256029
-0.309155
-0.315430
-0.517303
-0.483544
-0.495252
-0.538121
-0.566489
-0.479052
-0.433657
-0.382510
-0.356851
-0.365521
-0.416786
-0.354067
-0.370104
-0.377111
-0.411692
-0.425899
-0.424896
-0.413029
-0.336078
-0.335109
-0.311402
-0.413270
-0.406994
-0.460864
-0.434348
-0.446889
-0.514419
-0.468600
-0.404628
-0.399624
-0.371713
-0.400283
-0.375634
-0.374198
-0.380059
-0.403396
-0.405648
-0.414481
-0.449680
-0.390814
-0.365860
-0.333697
-0.357814
-0.383588
-0.455687
-0.442491
-0.495417
-0.514952
-0.579927
-0.517987
-0.461867
-0.434378
-0.456171
-0.430581
-0.444059
-0.419159
-0.445311
-0.415898
-0.470279
-0.409343
-0.432344
-0.357269
-0.337508
-0.322093
-0.354916
-0.459835
-0.513918
-0.534338
-0.503998
-0.564695
-0.587258
-0.527116
-0.512632
-0.464998
-0.506484
-0.492901
-0.486779
-0.484185
-0.521110
-0.508514
-0.529061
-0.543167
-0.524515
-0.505218
-0.429826
-0.424052
-0.415397
-0.553887
-0.560866
-0.584841
-0.567236
-0.612458
-0.669736
-0.616123
-0.592448
-0.570446
-0.557735
-0.585416
-0.542159
-0.554734
-0.540010
-0.516366
-0.537539
-0.546284
-0.572603
-0.462442
-0.517114
-0.541655
-0.580747
-0.570853
-0.592159
-0.609959
-0.641266
-0.720663
-0.670114
-0.601160
-0.568859
-0.609836
-0.584895
-0.572309
-0.561139
-0.587106
-0.585455
-0.620896
-0.616012
-0.623514
-0.525883
-0.514756
-0.609508
-0.618184
-0.636289
-0.643895
-0.688790
-0.702804
-0.800396
-0.781035
-0.764163
-0.730901
-0.711154
-0.681113
-0.650092
-0.630990
-0.617346
-0.606913
-0.642047
-0.658701
-0.667091
-0.589676
-0.602708
-0.629014
-0.696583
-0.671763
-0.693546
-0.710083
-0.758092
-0.856494
-0.840106
-0.804949
-0.774855
-0.751459
-0.704994
-0.721054
-0.685790
-0.647089
-0.688361
-0.645797
-0.667502
-0.694137
-0.640343
-0.563042
-0.574977
-0.589233
-0.591749
-0.592964
-0.587523
-0.684848
-0.738670
-0.736050
-0.748732
-0.832720
-0.834180
-0.801422
-0.814258
-0.802624
-0.796437
-0.794002
-0.730739
-0.755117
-0.755163
-0.783411
-0.787626
-0.823617
-0.784108
-0.662731
-0.615049
-0.631101
-0.634681
-0.681506
-0.716601
-0.762896
-0.859511
-0.901413
-0.793535
-0.642973
-0.511012
-0.551029
-0.546498
-0.529952
-0.480937
-0.506768
-0.505060
-0.497984
-0.533475
-0.512478
-0.442460
-0.453401
-0.424472
-0.458046
-0.449153
-0.470066
-0.505393
-0.557305
-0.607145
-0.679350
-0.781457
-0.789241
-0.757437
-0.725958
-0.749207
-0.584718
-0.596558
-0.577999
-0.568565
-0.592944
-0.539159
-0.517232
-0.488280
-0.474924
-0.454586
-0.427080
-0.415679
-0.366596
-0.311292
-0.281232
-0.217650
-0.229465
-0.242306
-0.234363
-0.212053
-0.011617
-0.021609
-0.005436
-0.001352
-0.002280
-0.001310
-0.003560
-0.001941
0.002525
0.005599
0.002276
-0.019471
-0.032865
-0.047289
-0.053463
-0.060704
-0.067537
-0.077841
-0.087943
-0.084027
-0.082719
-0.093522
-0.036479
-0.040177
0.000900
0.028468
0.040737
0.065611
-0.031536
-0.063513
-0.009903
0.006059
0.050715
0.058346
0.052726
0.044481
0.036956
0.015096
-0.054530
-0.083414
-0.105497
-0.139384
-0.167704
-0.191620
-0.193183
-0.201490
-0.201419
-0.207832
-0.010653
0.004330
0.005833
0.000189
-0.001932
-0.002384
-0.003170
-0.004258
-0.004737
-0.003420
0.007068
0.006290
0.013907
0.010597
0.050606
0.030749
0.041687
0.009981
0.030476
0.002515
0.027989
0.001388
0.022789
-0.006749
0.018122
-0.003526
0.012091
0.005630
0.007447
0.039399
0.017238
0.043362
-0.009832
0.017795
-0.011259
0.014883
-0.132506
-0.123848
-0.152011
-0.158803
-0.142860
-0.161454
-0.169098
-0.210869
-0.232626
-0.203152
-0.165633
-0.096364
-0.056408
0.009627
0.024112
0.082523
0.083134
0.118748
0.121353
0.135527
0.106816
0.161759
0.040697
0.058711
0.000139
0.057608
0.038828
0.130440
0.133858
0.117275
0.097890
0.080685
0.040916
0.059426
0.026087
0.006346
-0.009009
-0.001836
0.023192
0.059053
0.048703
0.090562
0.040865
0.066103
0.030990
0.031465
-0.005063
-0.009757
-0.006476
0.049806
0.096113
0.075082
0.045048
-0.088937
-0.103842
-0.105946
-0.175037
-0.195038
-0.238685
-0.190994
-0.183818
-0.164322
-0.153252
-0.155250
-0.151124
-0.151956
-0.125512
-0.176709
-0.195438
-0.210748
-0.201661
-0.149813
-0.128849
-0.109519
-0.143256
-0.097429
-0.161733
-0.143722
-0.221235
-0.234780
-0.271249
-0.233666
-0.181331
-0.149093
-0.146502
-0.138247
-0.150271
-0.122683
-0.174042
-0.136078
-0.200102
-0.204395
-0.185915
-0.143298
-0.104052
-0.151402
-0.123179
-0.145332
-0.162037
-0.200341
-0.240450
-0.289827
-0.288362
-0.246774
-0.223027
-0.212451
-0.229973
-0.209888
-0.241890
-0.192717
-0.248838
-0.240441
-0.302695
-0.279998
-0.273663
-0.195135
-0.209623
-0.192102
-0.309874
-0.307953
-0.332778
-0.377975
-0.409234
-0.439228
-0.372579
-0.342919
-0.325016
-0.348797
-0.317535
-0.321836
-0.320444
-0.327032
-0.334221
-0.346824
-0.323297
-0.255146
-0.216270
-0.195268
-0.352631
-0.324077
-0.370485
-0.367711
-0.388626
-0.423587
-0.446898
-0.408705
-0.371999
-0.355224
-0.356728
-0.361247
-0.344930
-0.373012
-0.366366
-0.411475
-0.400032
-0.436898
-0.377205
-0.332028
-0.319457
-0.474603
-0.453393
-0.488472
-0.489632
-0.527659
-0.573915
-0.573776
-0.539847
-0.490055
-0.476133
-0.465385
-0.465565
-0.504922
-0.521856
-0.513059
-0.518216
-0.534162
-0.538373
-0.522141
-0.415006
-0.474250
-0.417030
-0.417511
-0.423194
-0.441442
-0.474138
-0.509390
-0.539268
-0.501811
-0.461425
-0.429646
-0.452260
-0.416605
-0.417123
-0.422391
-0.407833
-0.422690
-0.423962
-0.397131
-0.322326
-0.308228
-0.324465
-0.396701
-0.429855
-0.452722
-0.479116
-0.483470
-0.564471
-0.539122
-0.529952
-0.502524
-0.515558
-0.508090
-0.495115
-0.480270
-0.510916
-0.506077
-0.524921
-0.527116
-0.532834
-0.457261
-0.398285
-0.413791
-0.425737
-0.545459
-0.550598
-0.579251
-0.613492
-0.643147
-0.704097
-0.667189
-0.649310
-0.624115
-0.633436
-0.658544
-0.620657
-0.624495
-0.638353
-0.580189
-0.620600
-0.615774
-0.615645
-0.520335
-0.511179
-0.606280
-0.618054
-0.602401
-0.598635
-0.641690
-0.710214
-0.766989
-0.675012
-0.582039
-0.558204
-0.573506
-0.603352
-0.617558
-0.581983
-0.600167
-0.595312
-0.569247
-0.579977
-0.580688
-0.556219
-0.524537
-0.520979
-0.565493
-0.521050
-0.602157
-0.611976
-0.632760
-0.659594
-0.745640
-0.722416
-0.662718
-0.632514
-0.608927
-0.632801
-0.640609
-0.599109
-0.613400
-0.597509
-0.634633
-0.616803
-0.663658
-0.620861
-0.574401
-0.544961
-0.695975
-0.668635
-0.702306
-0.716144
-0.705060
-0.706673
-0.822908
-0.811069
-0.787256
-0.752605
-0.715240
-0.715033
-0.761821
-0.734220
-0.742961
-0.711650
-0.768078
-0.728662
-0.723958
-0.739228
-0.682286
-0.653503
-0.625065
-0.646469
-0.795946
-0.806175
-0.796439
-0.778504
-0.865629
-0.930026
-0.881233
-0.845861
-0.826618
-0.795021
-0.851714
-0.863773
-0.845432
-0.841032
-0.855255
-0.835584
-0.853596
-0.864932
-0.793307
-0.754685
-0.739406
-0.887586
-0.818748
-0.838091
-0.839702
-0.809548
-0.881687
-0.942142
-0.888654
-0.861783
-0.806478
-0.773337
-0.793907
-0.842267
-0.793346
-0.747564
-0.781020
-0.777903
-0.775447
-0.801902
-0.768353
-0.711627
-0.715638
-0.702987
-0.805102
-0.871670
-0.879665
-0.873130
-0.838479
-0.952061
-1.003150
-0.949813
-0.893583
-0.828989
-0.813584
-0.856955
-0.877094
-0.916338
-0.818391
-0.788560
-0.726889
-0.708466
-0.735197
-0.726228
-0.679126
-0.550973
-0.564328
-0.542199
-0.530794
-0.534831
-0.542733
-0.560692
-0.518946
-0.517565
-0.521919
-0.510913
-0.507781
-0.519314
-0.490644
-0.587416
-0.643229
-0.703632
-0.777243
-0.863192
-0.911394
-0.949277
-0.909121
-0.790514
-0.804987
-0.776710
-0.723973
-0.729121
-0.717981
-0.690662
-0.688479
-0.720281
-0.671165
-0.644493
-0.629628
-0.665685
-0.640262
-0.673734
-0.657051
-0.683735
-0.738432
-0.785589
-0.844632
-0.849022
-0.863533
-0.848125
-0.796745
-0.815113
-0.789121
-0.810575
-0.794095
-0.821895
-0.760304
-0.759514
-0.646719
-0.694617
-0.678144
-0.613463
0.026336
0.010157
0.003825
0.007371
0.012762
0.012544
0.015706
0.038026
0.055803
0.070258
0.077137
0.062497
0.039486
0.043447
0.033653
0.027801
0.001603
0.020582
-0.001878
0.029521
0.003378
0.021158
-0.015670
0.006410
-0.016280
0.004255
-0.023051
0.007027
-0.009501
0.015841
0.019250
0.020744
0.016623
-0.011402
-0.054822
-0.131816
-0.129278
-0.140168
-0.129374
-0.173042
-0.154053
-0.208837
-0.200228
-0.239796
-0.117508
-0.123207
-0.037202
0.003490
0.059966
0.077147
0.091119
0.117159
0.156809
0.156814
0.164889
0.113535
0.073479
0.060078
0.076501
0.088096
0.083522
0.082510
0.046109
0.036384
0.042088
0.049275
0.032889
0.009276
0.082883
0.164213
0.204563
0.227138
0.243186
0.258349
0.273672
0.302724
0.267543
0.325639
0.267912
0.296992
0.259102
0.327088
0.333398
0.363786
0.317749
0.263330
0.239345
0.274220
0.212636
0.155997
0.162014
0.152705
0.214849
0.227597
0.272170
0.277231
0.209580
0.185521
0.204693
0.180263
0.245964
0.182392
0.226692
0.172240
0.202663
0.243266
0.274240
0.248115
0.230983
0.248054
0.260758
0.212099
0.169521
0.143785
0.087413
0.129487
0.123149
0.179405
0.198952
0.227829
0.209071
0.233046
0.209956
0.231920
0.219891
0.254542
0.208814
0.224821
0.218016
0.266377
0.304163
0.255599
0.267722
0.077741
0.083354
0.048734
0.003883
-0.056829
-0.045700
-0.043054
0.007625
0.015210
0.048943
0.026955
0.038498
0.002406
0.053939
0.016074
0.050731
-0.018849
0.001914
-0.026240
0.030726
0.077881
0.050715
0.027502
-0.101740
-0.115780
-0.091108
-0.136963
-0.177654
-0.204211
-0.168225
-0.098329
-0.051989
-0.023197
-0.028370
-0.018721
-0.048618
0.004869
-0.056850
0.003508
-0.068098
-0.001285
-0.021481
0.046906
0.025463
-0.055085
-0.102742
-0.078049
-0.110990
-0.154881
-0.179678
-0.205441
-0.151240
-0.127870
-0.097682
-0.082413
-0.088542
-0.103990
-0.062602
-0.101148
-0.077645
-0.149552
-0.121360
-0.156073
-0.121642
-0.110137
-0.078643
-0.059142
-0.077367
-0.047221
-0.074604
-0.187707
-0.236925
-0.274162
-0.313038
-0.294307
-0.257736
-0.247077
-0.214722
-0.227726
-0.200536
-0.216226
-0.195526
-0.222580
-0.181383
-0.243208
-0.210239
-0.220416
-0.146128
-0.126152
-0.270256
-0.241966
-0.278685
-0.279795
-0.319461
-0.338600
-0.382005
-0.338407
-0.285552
-0.265268
-0.264373
-0.275397
-0.283552
-0.317584
-0.287338
-0.326235
-0.326717
-0.336853
-0.328583
-0.258814
-0.228620
-0.408928
-0.393639
-0.393863
-0.432025
-0.451433
-0.481792
-0.543785
-0.522622
-0.461771
-0.410081
-0.426569
-0.430799
-0.466971
-0.441588
-0.482902
-0.465076
-0.486763
-0.487750
-0.442734
-0.399030
-0.371347
-0.364723
-0.420467
-0.462068
-0.517791
-0.496677
-0.491080
-0.555462
-0.522027
-0.458152
-0.430865
-0.420638
-0.419319
-0.438653
-0.408331
-0.436334
-0.425686
-0.405813
-0.434906
-0.409670
-0.436890
-0.347572
-0.330835
-0.344080
-0.432581
-0.423078
-0.433482
-0.465793
-0.471097
-0.553836
-0.519088
-0.489125
-0.445769
-0.462908
-0.448433
-0.495334
-0.499327
-0.506101
-0.503584
-0.530571
-0.523684
-0.510820
-0.422298
-0.420948
-0.584365
-0.576990
-0.618505
-0.607894
-0.636364
-0.690539
-0.735420
-0.665048
-0.618651
-0.586273
-0.608789
-0.614578
-0.619656
-0.589658
-0.622810
-0.620800
-0.636620
-0.655890
-0.669415
-0.589947
-0.546243
-0.528420
-0.664072
-0.618763
-0.665818
-0.664931
-0.683456
-0.764717
-0.768246
-0.720394
-0.671354
-0.653650
-0.622764
-0.594438
-0.565390
-0.561095
-0.542284
-0.579021
-0.581885
-0.594728
-0.530471
-0.516488
-0.547979
-0.566969
-0.621342
-0.647627
-0.693640
-0.692288
-0.804536
-0.793033
-0.786231
-0.730925
-0.726655
-0.739486
-0.799456
-0.760779
-0.774863
-0.757486
-0.791487
-0.791347
-0.822796
-0.739554
-0.702018
-0.696870
-0.847589
-0.926962
-0.887621
-0.850862
-0.885616
-0.943063
-0.997961
-0.972659
-0.879235
-0.817625
-0.847262
-0.836432
-0.855303
-0.862237
-0.846402
-0.864092
-0.827467
-0.779636
-0.767843
-0.814071
-0.779216
-0.723511
-0.733530
-0.791719
-0.760028
-0.626467
-0.700041
-0.723151
-0.725666
-0.720857
-0.809527
-0.810603
-0.749580
-0.721441
-0.671217
-0.663655
-0.691756
-0.701299
-0.684400
-0.689843
-0.678037
-0.679060
-0.627830
-0.647720
-0.624061
-0.506733
-0.535901
-0.519663
-0.728937
-0.721240
-0.771163
-0.753406
-0.808246
-0.901080
-0.956626
-0.914350
-0.841797
-0.808948
-0.822748
-0.845698
-0.852244
-0.839835
-0.847142
-0.833703
-0.802831
-0.800368
-0.798771
-0.780138
-0.712059
-0.680092
-0.657427
-0.683784
-0.851349
-0.893395
-0.903523
-0.894749
-0.875749
-0.938658
-1.008190
-0.963870
-0.865896
-0.775218
-0.783712
-0.792211
-0.789290
-0.821375
-0.843913
-0.814137
-0.811824
-0.855162
-0.818399
-0.840567
-0.787509
-0.816565
-0.783495
-0.753353
-0.694276
-0.676054
-0.618794
-0.652722
-0.594281
-0.636505
-0.580086
-0.651752
-0.589543
-0.627175
-0.573643
-0.605612
-0.586608
-0.546103
-0.523359
-0.020493
-0.075600
-0.063072
-0.013832
-0.003737
-0.022476
0.068344
0.060411
0.061656
0.047761
0.033647
0.023977
-0.062953
-0.089405
-0.102497
-0.094863
-0.055419
-0.012568
-0.031766
-0.021899
-0.016439
0.005621
0.018175
0.024770
0.029681
0.028650
0.019854
0.018514
0.025508
0.026469
0.027678
0.020550
-0.009152
0.019405
-0.014963
-0.008883
-0.035941
-0.017846
-0.026912
-0.013355
-0.011593
-0.011034
-0.029587
-0.030694
-0.054076
-0.057317
-0.042649
-0.048585
-0.045613
-0.019768
-0.021069
-0.014083
-0.033102
-0.033672
0.011277
-0.035143
-0.028994
-0.010262
-0.038122
0.001608
-0.049915
-0.070344
-0.077996
0.050060
0.050942
0.054519
0.034064
0.022357
-0.029491
-0.109163
-0.091880
-0.083617
-0.093548
-0.082843
-0.072730
-0.077305
-0.081122
-0.077381
-0.074419
-0.071509
-0.066603
-0.060699
-0.050533
-0.001705
-0.006111
-0.000401
-0.008551
-0.011340
-0.008731
-0.009185
-0.007883
-0.004571
0.003473
-0.005533
-0.014507
-0.011480
0.000331
0.036831
0.047902
0.087663
0.075034
0.059749
0.030439
0.019281
0.005440
0.021633
0.034857
0.028256
0.032089
0.017023
0.021272
0.026388
0.024697
0.059316
0.021375
0.047249
0.005042
0.036698
-0.006028
0.065471
0.029242
0.066227
0.044979
0.034718
0.058554
0.046253
0.061956
0.063767
0.041341
0.040253
0.049908
0.044532
0.029940
0.006859
-0.013956
-0.039232
-0.017290
0.026134
0.081982
0.112373
0.035974
0.046198
0.067867
0.073003
0.093475
0.112279
0.126703
0.146958
0.224489
0.267269
0.306842
0.328790
0.367900
0.424202
0.473873
0.520424
0.534085
0.558759
0.567053
0.623633
0.687910
-0.031684
-0.048810
-0.038157
-0.028660
-0.005280
0.025299
0.034028
0.062724
0.071906
0.068138
0.067248
0.074031
0.075012
0.066385
0.060280
0.053097
0.042911
0.046292
0.065431
0.090600
0.087080
0.115148
0.102379
0.110038
0.114848
0.159350
0.171389
0.205354
0.188522
0.191982
0.167138
0.195591
0.178492
0.174488
0.167867
0.163338
0.166838
0.176958
0.175804
0.189311
0.198291
0.125142
0.125110
0.110586
-0.002500
-0.032042
-0.055573
-0.029330
-0.052311
-0.050415
-0.038354
-0.016359
-0.012157
-0.016052
0.013901
0.027016
-0.002300
-0.002365
0.037038
0.069716
0.034356
0.020454
-0.016040
-0.043679
-0.041195
-0.019387
-0.022161
0.013274
0.011214
0.006078
-0.000581
-0.002139
0.002231
0.003826
-0.008787
-0.010893
-0.007086
0.004189
0.000934
-0.001373
0.000186
-0.003749
-0.008675
-0.004268
0.007285
0.020178
0.057651
0.061808
0.061736
0.060526
0.062948
0.082227
0.071895
0.092740
0.040137
0.079107
0.064834
0.096944
0.075733
0.067961
0.051514
0.050597
0.055954
-0.027774
-0.114971
-0.123481
-0.167213
-0.217420
-0.241641
-0.280283
-0.281239
-0.286712
-0.256431
-0.234171
-0.208319
-0.182757
-0.190061
-0.195884
-0.285931
-0.295849
-0.336304
-0.300234
-0.435892
-0.360386
-0.386975
-0.311828
-0.383105
-0.329362
-0.310517
-0.243821
-0.241548
-0.220874
-0.247059
-0.319682
-0.385496
-0.361470
-0.437277
-0.451927
-0.413654
-0.322134
-0.283545
-0.271075
-0.252803
-0.264646
-0.244346
-0.247462
-0.231864
-0.287824
-0.265788
-0.305638
-0.216945
-0.207636
-0.157377
-0.192858
-0.194014
-0.202077
-0.225138
-0.239055
-0.231169
-0.261841
-0.215447
-0.128049
-0.055593
-0.052615
-0.063204
-0.016140
-0.042740
-0.044911
-0.065015
-0.084376
-0.125880
-0.101250
-0.074656
-0.034673
-0.044604
-0.048437
-0.103669
-0.106895
-0.121768
-0.171962
-0.199566
-0.198949
-0.120901
-0.059080
-0.068196
-0.031797
-0.025363
-0.028084
-0.048238
-0.018306
-0.058582
0.021869
-0.077810
-0.025455
-0.061672
-0.015827
-0.015667
0.033719
-0.008613
0.046996
-0.022222
0.027928
-0.052594
-0.076366
-0.165665
-0.186426
-0.167094
-0.088194
-0.020008
0.004705
0.015832
0.034525
0.040670
0.043867
0.042303
0.036142
0.068645
0.018184
0.002823
-0.020011
-0.016965
0.045457
0.053499
0.052226
0.043542
-0.068586
-0.120694
-0.083603
-0.124770
-0.152659
-0.152273
-0.105155
-0.086801
-0.054018
-0.067621
-0.040724
-0.073977
-0.039085
-0.068607
-0.058113
-0.106216
-0.105390
-0.104775
-0.048443
-0.044609
-0.033686
-0.186802
-0.181424
-0.186172
-0.229650
-0.270691
-0.304505
-0.252436
-0.208831
-0.164068
-0.141705
-0.147067
-0.139538
-0.167079
-0.138626
-0.189228
-0.139506
-0.207376
-0.187855
-0.195185
-0.130253
-0.129311
-0.150863
-0.159917
-0.173708
-0.193783
-0.237389
-0.269283
-0.284654
-0.207818
-0.141537
-0.100615
-0.096320
-0.090411
-0.135701
-0.090462
-0.157999
-0.118615
-0.191832
-0.170948
-0.160868
-0.077651
-0.082383
-0.141567
-0.132979
-0.156308
-0.172139
-0.224067
-0.244796
-0.269125
-0.224570
-0.181655
-0.171762
-0.160582
-0.157836
-0.167859
-0.200414
-0.173647
-0.206898
-0.203443
-0.228976
-0.211631
-0.144375
-0.123869
-0.228806
-0.216683
-0.243411
-0.269640
-0.301312
-0.323436
-0.380134
-0.339872
-0.313368
-0.269854
-0.288031
-0.290888
-0.313543
-0.310137
-0.352498
-0.331535
-0.375374
-0.349513
-0.324904
-0.239767
-0.240025
-0.348349
-0.382960
-0.384768
-0.392658
-0.405324
-0.437715
-0.448442
-0.402322
-0.378705
-0.351059
-0.362850
-0.352242
-0.348467
-0.333538
-0.365485
-0.353496
-0.396047
-0.393444
-0.391339
-0.304293
-0.296380
-0.428169
-0.423917
-0.441146
-0.452788
-0.445719
-0.483773
-0.543021
-0.501754
-0.482927
-0.436476
-0.430999
-0.436044
-0.495028
-0.474575
-0.490433
-0.480885
-0.526587
-0.502769
-0.545805
-0.489155
-0.433937
-0.438642
-0.454454
-0.563464
-0.572958
-0.574853
-0.615640
-0.663427
-0.662506
-0.613787
-0.589488
-0.560117
-0.581915
-0.566649
-0.583046
-0.559920
-0.594903
-0.586230
-0.606604
-0.626076
-0.630169
-0.544372
-0.532721
-0.524037
-0.544949
-0.590864
-0.665632
-0.647909
-0.648282
-0.698278
-0.729300
-0.694705
-0.660430
-0.638435
-0.654272
-0.633889
-0.637038
-0.616652
-0.616987
-0.567209
-0.598517
-0.603901
-0.621767
-0.525694
-0.500601
-0.584767
-0.557121
-0.571469
-0.586986
-0.583682
-0.579479
-0.666670
-0.652050
-0.624869
-0.593450
-0.563766
-0.535777
-0.552339
-0.512246
-0.501109
-0.525616
-0.509590
-0.519000
-0.541941
-0.508049
-0.442395
-0.429789
-0.457299
-0.462318
-0.574596
-0.596862
-0.655263
-0.649413
-0.756016
-0.765069
-0.746324
-0.703485
-0.580115
-0.598388
-0.596133
-0.551596
-0.525502
-0.547706
-0.541478
-0.525833
-0.547626
-0.511218
-0.454829
-0.460607
-0.441229
-0.471763
-0.454160
-0.416337
-0.474199
-0.457330
-0.580101
-0.633794
-0.687950
-0.791663
-0.818589
-0.820311
-0.837655
-0.837211
-0.823052
-0.745042
-0.784734
-0.781061
-0.789216
-0.730476
-0.750672
-0.652838
-0.646599
-0.541148
-0.544823
-0.504819
-0.514959
-0.444924
-0.488566
-0.515793
-0.016685
-0.022597
-0.014028
-0.014409
-0.013338
-0.013395
-0.011551
-0.017111
-0.023605
-0.027234
-0.018253
-0.021082
-0.009412
-0.016506
0.015876
0.002046
0.026151
0.001215
0.027075
-0.008148
0.021270
-0.010043
0.016401
-0.016267
0.002246
-0.012623
0.004423
0.003539
-0.019209
0.023322
-0.004891
0.030036
-0.025251
0.010576
-0.010749
0.002895
-0.020822
-0.146150
-0.130912
-0.192245
-0.200311
-0.206796
-0.262632
-0.278572
-0.345666
-0.349138
-0.392450
-0.380135
-0.312937
-0.213702
-0.170070
-0.155919
-0.117488
-0.136358
-0.105601
-0.133815
-0.109889
-0.171617
-0.162819
-0.211799
-0.231480
-0.238750
-0.198876
-0.185135
-0.197145
-0.237263
-0.206051
-0.228677
-0.237218
-0.251569
-0.293133
-0.232961
-0.133145
-0.085083
-0.071158
-0.079670
-0.019059
-0.046240
-0.012667
-0.085634
-0.070973
-0.135278
-0.105776
-0.078633
-0.033875
0.014139
-0.007476
0.021599
-0.006833
0.021318
-0.022484
-0.017204
-0.061480
-0.064968
-0.081324
-0.087332
-0.052090
-0.040753
0.018058
0.031313
0.057117
0.077960
0.076809
0.078757
0.090418
0.038934
0.039289
-0.018402
0.008195
-0.015102
0.019808
-0.001900
-0.052265
-0.064632
-0.067571
-0.072465
-0.106327
-0.133505
-0.120372
-0.105979
-0.070248
-0.057588
-0.191629
-0.239667
-0.200283
-0.244895
-0.146101
-0.242652
-0.225240
-0.259536
-0.232716
-0.215097
-0.221900
-0.215113
-0.235323
-0.216984
-0.226597
-0.233794
-0.241681
-0.274393
-0.231576
-0.127129
-0.076549
-0.070124
-0.061910
-0.009153
-0.005061
0.024056
-0.030470
-0.021321
-0.106721
-0.088949
-0.081578
-0.020056
-0.016298
0.032669
0.007366
0.019206
0.023748
0.008586
0.002165
-0.011003
-0.044908
-0.062185
-0.064713
-0.082459
-0.006079
0.013636
0.068991
0.086853
0.111022
0.115452
0.131032
0.126954
0.158781
0.137554
0.175715
0.108998
0.147196
0.137765
0.154344
0.165854
0.200708
0.153679
0.193537
0.097388
0.072528
0.023425
-0.026431
-0.043231
-0.002135
0.092657
0.132400
0.146747
0.168679
0.064760
0.070126
0.039176
0.102555
0.075022
0.114691
0.049205
0.102516
0.053865
0.102698
0.111664
0.150991
0.117644
0.156408
0.111103
0.140740
0.106730
0.101606
0.069092
0.067024
0.170167
0.252985
0.286714
0.335130
0.366708
0.385593
0.400125
0.393480
0.381937
0.449412
0.405136
0.376106
0.349445
0.354600
0.352927
0.366743
0.318504
0.301399
0.287472
0.256504
0.236122
0.187096
0.130246
0.152256
0.184857
0.188361
0.229627
0.160370
0.150897
0.136859
0.179758
0.190783
0.188236
0.173412
0.177738
0.172888
0.150713
0.182835
0.194620
0.135663
0.180219
0.159105
0.057113
0.026939
-0.047250
-0.047533
-0.050928
0.009389
0.007923
0.011154
-0.070979
-0.048673
-0.140013
-0.017368
-0.062287
-0.029096
-0.094134
-0.087828
-0.105049
-0.082478
-0.084164
-0.079523
-0.124436
-0.082163
-0.116009
-0.043451
-0.147241
-0.070567
-0.128529
-0.103704
-0.039675
0.042991
0.050703
0.071891
0.063856
0.110769
0.150064
0.151168
0.118812
0.102614
0.048546
0.006621
0.028425
0.024941
0.047389
0.060936
0.071174
0.063500
0.083630
0.059252
0.048671
-0.002068
-0.064739
-0.094124
-0.104811
-0.123624
-0.002173
0.000764
0.001669
-0.000085
-0.002155
-0.004099
-0.004696
-0.004410
-0.003333
-0.003060
-0.001945
-0.000007
0.008618
0.001579
0.002693
0.013956
0.003016
0.008805
0.007377
0.013904
0.006285
0.014951
0.009415
0.006353
0.006011
0.003066
0.007099
0.002916
0.006211
-0.000015
0.018512
-0.007421
0.022956
-0.008950
0.013245
0.000478
-0.004481
0.004324
-0.013437
0.017938
-0.022517
-0.032445
-0.070459
-0.074285
-0.113582
-0.106201
-0.109662
-0.119192
0.067511
0.065430
0.060622
0.047845
0.028991
0.017435
0.018065
0.008089
-0.008298
-0.040752
-0.033489
-0.010286
-0.014391
0.002359
0.017542
0.091948
0.100079
0.000950
0.005100
0.004232
0.002117
0.004184
0.006296
0.006823
0.004897
0.003413
0.003082
0.002989
0.013278
0.025696
0.035477
0.043601
0.051454
0.061909
0.061193
0.066195
0.072784
0.079965
0.065839
0.060998
0.055250
0.063858
0.074579
0.054775
0.066533
0.037021
0.065756
0.068040
0.107978
0.080732
0.107996
0.057034
0.050476
0.011601
-0.006118
0.011991
-0.004616
-0.014275
-0.047637
-0.049893
-0.065916
-0.062977
-0.096258
0.124585
0.169494
0.199948
0.254564
0.297114
0.339230
0.367082
0.361148
0.376659
0.375374
0.376643
0.399414
0.400703
0.336483
0.335994
0.231173
0.238741
0.189678
0.201747
0.167584
0.232157
0.192729
0.218876
0.163845
0.116120
0.101619
0.107667
0.119478
0.114471
0.056021
0.031637
0.027277
0.085592
0.056043
0.057223
0.045054
0.037731
0.031232
0.042310
0.058992
0.070883
0.039170
0.070959
-0.076362
-0.087298
-0.120086
-0.189849
-0.216046
-0.253242
-0.224620
-0.216652
-0.270897
-0.314603
-0.303789
-0.386765
-0.294722
-0.381357
-0.349359
-0.416814
-0.347608
-0.338453
-0.302442
-0.268123
-0.259183
-0.239949
-0.264620
-0.232653
-0.228467
-0.229369
-0.242640
-0.254318
-0.239478
-0.276379
-0.231087
-0.295299
-0.286291
-0.261779
-0.129781
-0.091261
-0.063536
-0.041582
-0.033829
0.025755
0.038642
-0.004012
0.038354
-0.082909
-0.082729
-0.077116
-0.018645
0.044123
0.097754
0.081368
0.069386
0.068986
0.050629
-0.001645
-0.003612
-0.002151
-0.001926
-0.010543
-0.028985
-0.037057
-0.036508
-0.038992
-0.044275
-0.055928
-0.062317
-0.070771
-0.086846
-0.103472
-0.092413
-0.099022
-0.071176
-0.040175
-0.012585
-0.065942
-0.046653
-0.059810
-0.053353
-0.087110
-0.075151
-0.102799
-0.117476
-0.095731
-0.145427
-0.124546
-0.105497
-0.083155
-0.076362
-0.092914
-0.085410
-0.109978
-0.055184
-0.098268
-0.121540
-0.111713
-0.158477
-0.183529
-0.135765
-0.195189
-0.120035
-0.199465
-0.156762
-0.019545
-0.028814
-0.024713
-0.008622
-0.001356
0.058163
0.111306
0.093869
0.048742
-0.000346
0.004972
0.030936
0.016750
-0.021746
-0.047322
-0.069861
0.000676
0.007964
0.009609
0.006643
-0.007490
-0.022384
-0.025755
-0.029105
-0.033461
-0.037221
-0.042098
-0.047741
-0.052743
-0.056829
-0.050536
-0.051750
-0.042497
-0.041760
-0.022527
-0.048568
-0.039321
-0.020954
-0.054113
-0.080799
-0.094024
-0.102665
-0.098771
-0.099677
-0.057258
-0.051728
-0.082998
-0.067765
-0.114159
-0.066968
-0.096251
-0.092949
-0.107756
-0.108826
-0.042903
-0.068109
-0.058357
-0.092623
-0.090499
-0.114692
-0.067821
-0.121200
-0.116934
-0.154421
0.043661
0.041693
0.034168
0.013048
0.003563
-0.003846
-0.007557
-0.007423
-0.007026
-0.004848
0.008313
0.015489
0.033870
0.002732
-0.002402
0.041563
0.068816
0.078626
0.061509
0.062892
0.040931
0.047764
0.048015
0.043387
0.037298
0.040493
0.041137
0.042030
0.056601
0.035253
0.069196
0.049048
0.079428
0.023552
0.042267
0.038077
0.052482
0.042207
0.040873
0.016317
0.019166
-0.009617
-0.006557
-0.040881
0.019801
0.019277
0.017705
0.005473
-0.018150
-0.031571
0.018188
0.009722
-0.025618
-0.025993
-0.052411
-0.072427
-0.078923
-0.077809
-0.075936
-0.074356
-0.072609
-0.070882
-0.074952
-0.080053
-0.086225
-0.095638
-0.097784
-0.101621
-0.104337
-0.120146
0.009091
0.009601
0.006826
0.000096
-0.006605
-0.036894
-0.072950
-0.072312
-0.057489
-0.034724
-0.016813
-0.002258
0.037974
0.078271
0.077171
0.085664
0.083855
-0.002848
-0.038455
-0.044077
-0.039141
-0.019450
-0.005246
-0.011057
-0.012005
-0.027885
-0.068554
-0.096460
-0.102277
-0.144902
-0.125034
-0.100535
-0.071736
-0.058663
-0.063309
-0.079281
0.041097
0.039952
0.037422
0.020124
-0.044777
-0.095536
-0.087460
-0.040932
-0.050965
-0.036865
0.004703
0.032060
0.031298
0.012224
-0.002581
-0.019448
-0.049122
-0.075795
-0.046486
-0.027207
-0.021051
-0.018428
0.009936
0.015344
0.051100
0.063224
0.078640
0.100562
0.122247
0.003138
0.014730
0.007780
-0.000460
0.003140
-0.030274
-0.107067
-0.065825
0.000362
0.010085
0.008418
0.006451
0.016668
0.026328
0.025133
0.025376
0.029323
0.044423
0.054560
0.057013
0.057623
0.064265
0.065238
0.069103
0.080631
0.083843
0.101249
0.114244
0.102153
0.093733
0.074023
0.104303
0.090624
0.079829
0.082616
0.086168
0.139953
0.124999
0.148605
0.101895
0.164477
0.067586
0.088575
0.062160
0.069932
0.013991
0.010784
-0.039577
-0.027683
-0.056199
-0.055489
0.035463
0.008731
0.112174
0.169106
0.298975
0.277112
0.323818
-0.038408
-0.083419
-0.093731
-0.043283
0.088138
0.161854
0.122237
0.089720
0.000653
-0.025964
-0.048679
-0.001650
-0.008816
-0.006023
-0.002670
-0.023181
-0.026903
0.010141
-0.006787
0.012548
0.014090
0.005814
-0.008862
-0.041839
-0.077101
-0.170762
-0.014960
-0.034441
-0.027794
-0.021604
-0.003353
0.051668
0.044839
0.031576
0.021034
0.007708
-0.017586
-0.048271
-0.001192
-0.002576
-0.000661
0.001745
-0.012597
-0.041302
-0.067148
0.018172
0.020746
0.001381
0.000386
0.003033
0.048419
0.021834
-0.073020
-0.086120
-0.000020
0.001614
0.002196
0.001561
-0.000523
-0.003805
-0.005625
-0.006414
-0.007634
-0.000860
-0.006207
0.005960
0.004068
0.030392
0.022378
0.042447
0.017324
0.038070
0.015148
0.034344
0.012432
0.048486
0.034635
0.060177
0.047127
0.053846
0.065171
0.056149
0.093385
0.072805
0.062725
0.043401
0.016040
0.027897
0.004129
-0.014716
0.033986
0.035664
-0.032661
-0.051381
-0.108961
-0.120537
-0.164416
-0.166544
-0.163561
-0.222089
-0.204176
-0.233803
0.040372
0.036291
0.028217
0.009640
0.013004
-0.014097
-0.040810
-0.053476
-0.045649
-0.024243
-0.015766
0.027202
0.162326
-0.004175
-0.044176
-0.020473
-0.001786
0.075343
0.115175
0.159059
0.104395
0.110479
0.054954
0.025073
-0.000591
-0.017653
-0.018516
-0.018437
-0.012812
-0.006450
-0.020486
0.000161
0.010867
0.011758
-0.010083
-0.028126
0.000093
0.090648
0.040254
0.073537
0.109936
0.153885
0.137682
0.120512
-0.009827
0.018341
-0.002206
-0.009095
-0.008197
0.007237
0.033196
0.071290
0.001138
-0.024361
-0.040758
-0.025141
-0.005223
0.071928
0.085701
0.093858
0.071529
0.063258
-0.000548
-0.003229
-0.002810
-0.002978
0.001392
0.004064
0.003239
0.002311
0.005812
0.003528
0.001067
0.001492
0.000163
0.001300
0.003060
0.004229
0.005019
0.006307
0.014218
0.012558
0.018056
0.031875
0.043373
0.061048
0.036701
0.046813
0.008786
0.023419
-0.012066
0.015915
-0.006621
0.023718
0.005644
0.031232
0.003077
0.030623
-0.000077
0.044524
0.037151
0.026464
-0.000926
0.000479
0.006402
0.019886
-0.029156
0.048721
-0.009162
-0.025105
-0.064215
-0.068405
-0.092217
-0.128906
-0.097488
-0.095819
-0.045563
-0.044701
-0.031242
-0.090039
-0.095085
0.018621
0.023521
0.008460
-0.055217
0.027091
0.042850
0.047578
0.031363
0.008645
-0.005355
-0.028752
-0.023838
-0.003081
-0.000097
-0.001552
-0.007040
0.026624
0.078067
0.115502
0.164790
0.199373
0.241717
0.269118
0.293845
0.244991
0.251071
0.237988
0.223751
0.243228
0.221355
0.239135
0.217107
0.210819
0.216775
0.259072
0.256662
0.277096
0.274555
0.268269
0.293689
0.249870
0.233279
0.239908
0.244984
0.284792
0.257401
0.284425
0.247788
0.286977
0.302693
0.341615
0.367039
0.384287
0.343936
-0.043840
-0.042772
-0.040041
-0.029938
-0.019638
0.020803
0.071707
0.094827
0.062154
0.013428
0.044070
0.003694
0.011725
0.016234
0.011355
0.003634
0.000072
-0.004793
-0.016191
-0.018050
-0.016417
-0.013330
0.000080
-0.015166
-0.016751
0.005555
0.026767
0.043489
0.039066
0.069816
0.072859
0.079522
0.073857
0.079474
0.070440
0.068250
0.054121
0.062659
0.040251
0.031660
0.069891
0.065424
0.085368
0.065256
0.087355
0.057030
0.078474
0.044918
0.064957
0.058808
0.029666
-0.082173
-0.170254
-0.161977
-0.019318
-0.001143
-0.007228
-0.006068
-0.015634
-0.041966
-0.035360
-0.022751
-0.008244
-0.030673
-0.042960
-0.050009
-0.108708
-0.121168
-0.145831
-0.155664
-0.172854
-0.180398
-0.171618
-0.182639
-0.162422
-0.173682
-0.186027
-0.183010
-0.199280
-0.206295
-0.230348
-0.195638
-0.222324
-0.193672
-0.198990
-0.184081
-0.199809
-0.226468
-0.194840
-0.214270
-0.176606
-0.241062
-0.239602
-0.252863
-0.294776
-0.268132
-0.240259
-0.176303
-0.118051
-0.089906
-0.073874
-0.116760
-0.096762
-0.009915
-0.013674
-0.006712
0.004569
0.029101
0.027047
0.024154
0.026038
0.023073
0.012794
0.016438
0.029803
0.025493
0.016473
-0.005195
0.019666
0.004205
0.019479
-0.012834
0.011758
-0.028429
0.003991
-0.024416
0.002613
-0.049019
-0.025192
-0.055121
-0.047656
-0.039671
-0.063062
-0.026882
-0.054540
-0.015973
-0.058017
-0.026890
-0.052609
-0.025805
-0.049629
-0.055025
-0.015109
-0.055280
-0.160984
-0.217699
-0.235053
-0.255020
-0.177671
-0.082512
0.032934
0.090918
0.107565
0.128969
0.157491
0.172873
0.144997
0.161276
0.143341
0.142034
0.158754
0.069799
-0.003636
-0.036319
-0.069151
-0.054321
-0.055417
-0.136085
-0.167997
-0.147891
-0.204343
-0.221655
-0.221645
-0.211650
-0.318337
-0.360270
-0.461290
-0.471761
-0.506552
-0.450421
-0.436025
-0.487467
-0.441819
-0.443844
-0.390819
-0.445558
-0.360473
-0.401558
-0.279283
-0.305378
-0.262291
-0.305362
0.054323
0.046384
0.043165
0.031487
0.034752
0.039606
0.048630
0.041394
0.039467
0.036184
0.041549
0.061742
0.087512
0.112582
0.137672
0.161900
0.180465
0.181620
0.165397
0.143722
0.171735
-0.011672
-0.063395
-0.042452
-0.006112
0.043039
0.055734
-0.027874
-0.023653
-0.004874
0.006719
0.004210
0.009959
0.017255
0.014332
0.030631
0.051082
0.057198
0.067515
0.079815
-0.000319
-0.005904
-0.006471
-0.000410
-0.002983
0.014626
0.024549
0.002677
-0.007164
-0.007124
0.001763
0.004813
0.003322
0.000024
0.006007
0.001284
0.007503
0.008394
0.031457
0.054011
0.057749
0.059173
0.063575
0.070882
0.080157
0.082169
0.085947
0.100019
0.101691
0.101968
0.117084
0.106042
0.114477
0.114941
0.107077
0.122850
0.113374
0.105755
0.089219
0.078581
0.109954
0.072419
0.098213
-0.126638
-0.152307
-0.204555
-0.212166
-0.206392
-0.222543
-0.232877
-0.189680
-0.066610
-0.116579
-0.141277
-0.127207
-0.127037
-0.142694
-0.147507
-0.140656
-0.154424
-0.142947
-0.172953
-0.121331
-0.176515
-0.115040
-0.185044
-0.169423
-0.212384
-0.088549
-0.095486
0.010822
-0.012734
0.059342
-0.013131
-0.014556
-0.016976
0.016797
0.024049
0.027737
0.027921
-0.026944
-0.025775
-0.040106
-0.036654
0.032232
0.108770
0.105088
0.119175
-0.005216
-0.036282
-0.040732
-0.028961
-0.021863
-0.029673
-0.036843
-0.040819
-0.037379
-0.035251
-0.036572
-0.053214
-0.060192
-0.056508
-0.055006
-0.048380
-0.047319
-0.041875
-0.050938
-0.030662
-0.044899
-0.021424
-0.035770
-0.015783
-0.032677
-0.020592
-0.038406
-0.028550
-0.051250
-0.035386
-0.057203
-0.042226
-0.064791
-0.047736
-0.075424
0.048893
0.044891
0.046523
0.042664
0.034661
0.035666
0.041602
0.059252
0.067178
0.063813
0.084898
0.073237
0.043384
0.033877
0.008636
-0.007915
-0.021513
-0.002150
-0.035341
-0.009056
-0.030415
-0.013436
-0.031974
-0.038310
-0.068789
-0.049286
-0.013443
-0.008974
-0.011298
0.032375
0.013439
0.020323
0.005529
0.015075
0.028427
0.006825
-0.053500
-0.095025
-0.051008
-0.034423
0.042374
0.001467
0.006539
0.002560
0.000265
0.009264
0.009423
0.010546
0.013008
0.018484
0.024042
0.025061
0.026362
0.029347
0.042995
0.048476
0.050101
0.059543
0.061900
0.064120
0.033800
0.042321
0.013393
0.039276
0.005832
0.021868
0.008990
0.029388
0.008158
0.043441
0.009947
0.052940
0.028809
0.071313
0.047103
0.034408
0.014235
0.006767
0.077512
0.038979
0.050679
0.022537
0.023821
-0.013812
0.019375
0.003454
0.014925
0.002867
0.047997
0.056084
0.058383
0.053163
0.027623
-0.008032
-0.009177
0.010145
0.026709
0.029291
0.001616
0.004949
0.028934
0.044076
0.072447
-0.000714
-0.006694
-0.009334
-0.008839
-0.007020
-0.004921
-0.003570
-0.003867
0.000096
-0.007815
-0.006210
-0.007918
-0.002928
-0.032587
-0.024125
-0.035453
-0.036475
-0.028678
-0.033689
-0.028002
-0.035337
-0.021797
-0.031450
-0.009533
-0.032529
-0.020142
-0.022133
-0.016555
-0.045023
-0.023912
-0.056638
-0.030799
-0.037851
-0.022202
-0.055034
-0.259492
-0.233892
-0.253434
-0.181611
-0.168688
-0.106391
-0.089562
-0.055216
-0.099131
-0.074278
-0.087062
-0.066013
-0.090092
-0.050613
-0.084747
-0.048046
-0.011638
-0.014807
-0.012994
-0.003386
-0.001359
0.031593
0.071945
0.026375
-0.029682
-0.030349
-0.100332
-0.078388
-0.038004
-0.120763
0.000002
-0.004212
-0.005961
-0.003823
-0.004702
0.003072
0.008870
0.030354
0.051989
0.048280
0.039578
0.018463
-0.018596
-0.124391
-0.171152
-0.007976
0.009627
0.013559
-0.013276
-0.052675
-0.063104
-0.045953
0.035518
0.030362
-0.021384
-0.048005
-0.062709
-0.046735
-0.065514
-0.081953
-0.110907
-0.139273
-0.169534
-0.187186
-0.195221
0.000987
0.013283
0.014082
0.002510
-0.015915
0.010299
0.027560
0.039779
0.008572
0.012681
0.010935
-0.016886
0.005139
0.038928
0.042359
0.036196
0.017427
-0.042715
-0.044513
0.001132
-0.000039
-0.001934
0.001018
0.019021
0.020988
0.012108
0.007885
0.020323
0.043765
0.058944
0.071216
0.084595
0.089941
0.086316
0.078678
0.083199
0.087703
0.081484
0.089721
0.074118
0.083757
0.093418
0.077968
0.109520
0.064065
0.095150
0.035200
0.073716
0.053361
0.006301
0.030544
0.014061
-0.035060
-0.082834
-0.114686
-0.158559
-0.115803
-0.156413
-0.087804
-0.061470
-0.002428
0.006058
0.017099
0.013643
0.076137
0.102020
0.104609
-0.034524
-0.058134
-0.118745
-0.105114
-0.131237
-0.073939
-0.021195
0.023108
0.011839
-0.008580
-0.002037
-0.036236
-0.075276
-0.110350
-0.166538
-0.144037
-0.188005
-0.146777
-0.170412
0.025450
0.021607
0.019171
-0.009463
-0.028725
-0.050615
-0.004732
0.029478
0.015263
-0.037302
0.019686
0.065064
0.075955
0.066553
0.054160
0.065254
0.088846
0.041904
0.033380
0.020839
0.008015
-0.023376
-0.023073
-0.024816
0.029711
0.024983
0.024819
0.024276
0.026714
0.028882
0.033982
0.054219
0.083666
0.097197
0.107501
0.107166
0.102773
0.075625
0.085332
0.118897
0.094158
0.071302
0.045776
0.047566
0.019234
0.037030
0.017901
0.030145
0.001993
0.005715
-0.005708
0.019408
0.006027
0.013889
0.026107
0.024681
0.036452
0.028346
0.035953
0.089816
0.145548
0.162589
0.141352
0.164184
0.173989
0.211216
0.162534
0.213912
0.097116
0.143687
0.113620
0.165557
0.181567
0.209613
-0.047764
-0.057626
-0.056230
-0.038524
-0.024572
-0.025352
-0.026495
-0.027245
-0.016370
-0.017611
-0.036287
-0.033138
-0.022743
-0.022800
-0.021567
0.000347
-0.030848
-0.032464
-0.076070
-0.057914
-0.068694
-0.047895
-0.044096
-0.058805
-0.068432
-0.096145
-0.118469
-0.130216
-0.105046
-0.133890
-0.109131
-0.095668
-0.076277
-0.005562
-0.002537
-0.004918
-0.005549
-0.001319
-0.002576
0.001510
0.011803
0.023287
0.028715
0.024832
0.015854
0.003758
-0.002465
-0.017032
-0.027005
-0.042810
-0.052799
-0.079640
-0.089346
-0.114582
0.022837
0.014833
0.014279
-0.010096
-0.023860
-0.045272
0.010572
0.061523
0.064484
0.071320
0.063549
0.043461
-0.012080
-0.038940
-0.055441
-0.061481
-0.055844
0.003735
0.023297
0.022739
0.012238
-0.004405
-0.003388
-0.062310
-0.014572
-0.015491
-0.005742
