-5.186992
-4.858727
-4.448935
-4.078269
-3.804902
-3.533773
-3.298803
-3.112734
2.779405
1.851265
2.345356
3.093299
3.846028
4.870867
6.025772
6.340795
6.857091
7.995484
9.447573
10.837945
12.324821
14.053290
16.308178
18.815393
-0.187546
-0.000000
-0.000020
-0.000056
-0.000068
-0.000038
0.000001
0.000001
0.000002
0.000003
0.000007
0.000020
0.000024
0.000021
0.002809
0.000053
0.000561
0.000051
-0.000160
-0.001980
-0.000301
0.001644
0.001503
0.004281
-9.444928
-6.127349
-3.548526
-0.441330
-5.864722
-8.051792
-8.361027
-9.804700
-10.652807
-12.623617
-12.544385
-7.186733
2.145877
9.854714
4.919412
-0.629998
3.854714
10.383484
-0.070460
2.637564
-1.761643
-0.164430
0.136007
-0.110662
-7.038868
-10.174756
-4.031556
4.221872
-3.451117
-9.293680
-9.527045
-8.626269
-6.517014
0.372448
8.648331
7.758115
5.003304
5.809811
-2.449535
-0.647618
0.133791
2.543299
2.980551
3.232908
-0.956044
-5.836763
-4.842068
-4.933500
-9.857410
-9.680810
-8.266760
-6.072849
-3.499884
-1.968399
0.324001
-0.002720
3.633823
10.968553
19.193869
20.067528
4.569930
1.992562
5.003357
5.953432
6.621250
6.546967
7.352190
7.743952
8.791210
10.033915
11.074457
0.002042
0.000551
0.001066
0.000185
0.104775
0.005386
0.005564
-4.465477
-4.265864
-3.963996
-3.889595
-3.693879
-3.573004
-3.391670
-3.192435
-2.915644
2.872291
1.965148
2.596312
3.201163
4.059279
4.948746
5.579068
6.001122
7.111603
8.478142
9.906322
11.272477
12.857065
14.742580
16.512316
19.032667
-0.000081
-0.000055
-0.000062
-6.544079
-18.622438
-18.572485
-10.593246
-1.692657
4.427152
3.077824
-2.887727
-3.178318
-1.702379
-0.293873
0.708977
1.417581
0.722914
0.528028
-0.239047
-1.616724
-3.670484
-5.133988
-6.343548
-6.869714
-7.243839
-7.535226
-7.754420
-6.643152
-2.828068
0.340508
-0.119596
0.029425
-6.486427
-4.948841
-3.974649
-2.387353
-1.465188
-0.705788
-1.924058
-0.794088
-0.816795
0.118925
-4.406656
-4.240649
-3.374822
-3.286040
-3.307770
-3.383217
-3.161748
-2.936549
-2.769920
3.174003
1.338009
1.065018
1.684363
2.662901
3.717329
4.262953
4.873987
4.947919
4.653162
4.673214
1.513672
-4.457580
-5.868073
-5.891571
-6.927050
-5.291535
-4.886298
-4.128850
1.676375
6.719008
9.579518
11.144704
10.162983
0.238621
0.759784
0.193533
0.309883
0.885125
0.679457
1.614494
2.537512
-6.607546
-3.713744
-1.486870
-1.544706
-1.245594
-1.346004
-1.780754
1.928572
2.390530
1.706602
5.085408
10.465813
9.248945
-0.398071
0.009366
0.815279
1.573382
1.818035
2.175137
-8.790682
-6.427758
-0.280209
4.052142
2.754863
-0.817446
-2.561106
-1.847318
0.716167
0.304553
-0.108978
2.860846
7.131373
7.767351
-0.085533
-0.021590
0.540726
0.687822
0.863005
1.927808
-11.092475
-6.702336
0.855225
3.715532
3.112673
-0.520072
-3.411394
-3.354183
-0.146120
-0.040837
-0.163548
3.374786
7.253497
7.753384
-0.513024
-0.494189
-0.032895
0.724907
0.590948
1.909139
-4.461905
-6.735139
-0.882747
2.577546
-0.144088
-1.961115
-3.476100
-3.226692
-0.452535
-0.308367
-0.380884
2.691775
7.784659
3.402914
-0.396403
-0.356630
0.187564
0.638871
0.766732
1.662980
-10.170103
-7.224210
-0.025465
3.888781
2.617629
0.184136
-1.391344
-2.582134
-0.402687
-0.156357
0.198549
2.649192
7.070709
7.446461
-0.990884
-0.762471
-0.135463
0.867940
0.999827
2.016834
-6.203456
-7.054989
-0.512764
2.430640
1.151144
-0.524401
-2.783732
-2.863951
-0.082275
-0.094545
-0.186736
3.127334
7.133753
4.119208
-0.317597
-0.271942
0.297356
0.589087
0.753029
1.600113
-10.796117
-7.551847
0.019230
4.208181
2.864857
-0.114072
-1.697917
-2.711385
-0.403237
0.339589
0.439439
2.369513
6.473000
6.928502
-3.328539
-2.679191
-0.858705
0.682268
0.653256
2.053596
-3.591326
-7.627611
-1.410609
-0.126802
-0.043888
-0.644151
-2.596741
-2.873636
-0.224917
0.073075
-0.026762
3.541554
6.342152
-3.381271
0.019830
-0.041450
0.312310
0.702249
0.632773
1.923743
-10.625074
-7.810287
0.015802
3.699379
3.075944
0.124325
-1.767005
-2.841790
-0.354206
0.234942
0.424804
2.520893
7.110752
8.385398
-3.533814
-2.801389
-0.101957
1.179853
1.453874
2.342830
-7.290437
-7.693449
-0.701006
1.016122
1.936911
0.100125
-1.563207
-2.011200
-0.075382
0.228419
0.976807
4.039834
6.818154
6.830997
-0.741817
-0.654814
-0.042969
0.218383
0.485701
1.637509
-5.759306
-8.119397
-1.751542
2.236631
0.537754
-1.970220
-2.740787
-2.775160
-0.264104
0.964657
1.615244
4.579637
6.743560
6.583712
-1.276042
-1.228579
-0.644217
0.698078
0.675393
2.120018
-6.108454
-8.381800
-1.605452
1.180266
1.689504
0.014328
-1.491842
-2.101166
-0.001570
0.790706
0.902990
3.421726
7.127762
7.318362
-0.634112
-0.535440
0.097505
0.709839
0.922915
2.072478
-7.441865
-8.349990
-1.175282
3.353142
1.601430
-1.004583
-2.178410
-2.457738
-0.280872
0.348310
0.610253
3.434442
7.247472
7.758834
-0.756491
-0.678660
-0.023470
0.462250
0.717490
1.453259
-10.343485
-8.623040
-0.918875
4.595498
3.431644
-0.081049
-1.687127
-2.030563
0.180271
0.832378
0.759980
2.048653
6.314841
6.988163
-3.569388
-2.911190
-0.672493
0.348240
0.694713
1.827608
-8.343533
-8.871003
-1.386442
3.177418
2.767677
-0.395524
-2.217042
-2.508116
0.362090
0.788744
1.196205
3.798287
6.613153
6.783766
-0.979264
-0.893943
-0.328012
0.803114
0.820989
2.048537
-9.654181
-8.962966
-1.024979
4.054438
3.225693
-0.297561
-1.927827
-2.093664
0.317966
0.737169
1.467856
4.003745
6.368931
6.467361
-1.072415
-1.034621
-0.443423
0.445940
0.540386
1.882208
-9.360276
-9.162124
-1.301057
4.143205
3.469069
-0.464610
-2.165249
-2.273803
0.327536
0.900105
1.822935
4.530800
5.954089
5.828765
-1.863453
-1.403552
-0.709053
0.357326
0.713141
1.970375
-7.491807
-9.093099
-1.462216
2.071087
2.799699
0.229877
-1.605457
-1.971854
0.383751
0.821116
1.186001
3.633443
6.713283
6.981161
-0.535717
-0.495943
0.180080
0.574341
0.871251
1.806092
-11.502256
-9.528074
-1.099837
4.964696
3.919431
0.139598
-1.805526
-2.119873
0.793512
1.208215
1.328750
2.882234
6.012785
6.546031
-1.229453
-1.258508
-0.495276
0.347879
0.745347
1.840316
-10.282238
-9.624021
-1.448312
4.983863
4.333887
-0.202313
-2.188195
-2.167338
0.776313
1.120250
1.631035
3.672429
5.649008
5.860020
-1.694362
-1.639302
-0.975641
0.237302
0.469913
1.941173
-8.292101
-9.578231
-1.455164
2.622629
3.684282
0.824705
-1.132247
-1.509910
0.826956
1.034536
1.366638
3.219178
6.175632
6.646550
-0.665359
-0.587605
0.045112
0.663551
0.857754
2.096572
-12.449092
-9.792974
-0.455342
6.110322
4.898820
0.518688
-1.872051
-2.568191
0.407893
1.607322
2.076889
3.288502
4.299777
4.608753
3.610900
-3.232784
-1.945364
-0.324787
0.516822
1.846336
-4.977748
-10.387021
-3.413656
0.485266
2.750561
0.447415
-0.997054
-1.228410
0.863548
1.701399
1.729481
3.612318
4.988645
4.832000
-0.992987
-0.702336
-0.384087
0.173492
0.615848
2.060801
-7.346404
-10.975616
-3.240604
0.066890
2.659989
1.757026
0.541438
0.015467
0.954669
1.975084
2.567997
3.486338
4.134545
3.890936
-3.005314
-1.572410
-1.345363
-0.514184
0.241761
1.906943
0.601162
-8.692524
-4.522400
-2.931633
-0.831505
-0.740983
-0.444184
-0.136554
1.175865
2.398205
2.733820
3.522546
5.704536
-1.560429
-0.586823
-0.417000
-0.129492
0.396038
0.641107
2.275431
-9.079330
-11.815574
-3.172615
3.465030
5.150692
3.068200
1.643186
1.233644
1.235832
1.526178
0.978920
1.662214
2.967460
3.751898
3.580126
5.316607
-2.140338
-1.480158
-0.686200
1.345178
1.716228
-10.636170
-6.421725
-1.574015
1.694555
1.168609
-0.206309
-0.140449
0.623666
0.090571
0.710130
2.041365
4.010006
4.401726
-1.157219
-1.160707
-0.705759
-0.064624
0.439937
2.258373
-8.034246
-11.561728
-2.609437
2.273138
4.540452
2.304760
-0.056083
-1.080273
0.220472
-0.049022
1.131042
2.638716
4.088433
4.543640
3.770569
-2.252313
-1.732032
-0.907822
-0.102238
1.866088
-4.663063
-10.996070
-3.873078
0.843936
3.409233
0.892906
-0.611661
-0.921026
0.552729
1.415455
1.974234
2.957084
4.346272
4.557267
-1.713170
-1.216913
-0.795514
-0.348328
0.386627
1.893384
-6.092058
-11.122810
-3.851048
0.228521
3.237714
2.089360
0.895513
0.346992
1.127568
1.428240
2.001932
2.901077
3.990664
4.138074
-2.984496
-1.706213
-1.368529
-0.635338
0.188091
1.885793
0.457221
-9.260062
-5.030954
-2.327347
0.139015
-0.166611
-0.118753
-0.096362
0.991084
1.782432
2.610695
3.691602
5.242302
-3.368078
-0.880868
-0.607654
-0.291176
0.274269
0.668168
2.373670
-7.095228
-11.539331
-3.923074
0.957131
4.604218
3.204125
1.751880
1.015088
1.106199
1.224307
1.148976
2.103612
3.502399
3.994684
3.559367
-3.213719
-1.689264
-0.907208
-0.037682
1.912042
0.356130
-10.143741
-5.666060
-1.749270
1.764859
0.562870
-0.088612
-0.013872
0.744948
1.057086
1.498401
1.755325
4.152301
4.821180
-1.890286
-1.413410
-0.919767
-0.323399
0.208886
2.139071
-9.336274
-12.153282
-3.578928
2.222076
6.006097
4.006860
2.104694
0.937047
0.560826
0.588561
0.224964
1.316636
3.112492
3.996330
3.747507
5.610464
-1.720313
-1.006544
-0.028432
1.993550
1.126239
-10.985227
-6.872959
-1.060483
2.988451
0.885864
-0.643657
-0.506484
0.220874
0.215705
0.578522
0.997333
3.439306
4.273722
3.468626
-2.475425
-1.285103
-0.566413
0.189172
2.107795
-10.749603
-12.725217
-3.257472
2.740647
5.259516
3.549968
1.887624
0.174533
0.205958
0.448069
0.172034
1.335124
3.130262
3.938464
3.402469
2.528875
-1.461614
-0.757600
0.298365
1.996480
-5.085922
-11.609582
-4.314138
1.010045
4.004440
1.691623
0.002019
-0.396235
0.054540
0.574067
0.564691
1.559900
3.364361
4.232700
3.633085
-3.042714
-1.469080
-0.739290
0.197499
2.050851
-10.866609
-12.952692
-3.472568
3.680950
5.523708
3.252557
1.383672
-0.322081
-0.032668
0.559354
0.312154
1.529024
3.471242
4.600160
4.226520
6.083098
-1.480689
-0.631461
0.245220
2.258470
-8.836828
-12.465998
-3.644619
2.985614
4.273453
1.947598
0.205173
-1.164440
-0.691067
0.115998
0.206175
1.222325
3.392818
4.659290
4.258039
4.609643
-1.448651
-0.630610
0.124824
2.262893
-12.438169
-13.881471
-3.960626
4.205409
5.285034
2.743510
0.753730
-1.026130
-0.238256
0.579786
0.410394
1.339307
3.005487
4.217120
3.964069
5.708458
-1.809298
-1.233840
-0.143980
2.011043
-4.690651
-12.416848
-5.779231
1.593364
3.811007
1.814128
0.122083
-1.354142
-0.915875
-0.074125
-0.132349
0.967656
2.932589
4.078231
3.748345
5.404427
-1.468883
-0.686500
0.325805
2.297494
-8.350159
-12.972001
-4.406509
2.555941
4.126584
2.181102
0.551209
-1.165133
-0.378320
0.635318
0.622567
1.615367
3.547782
4.954036
4.764712
-3.705720
-1.310198
-0.417833
0.430922
2.532875
-13.147583
-14.518476
-3.721830
4.388012
5.738346
3.167856
0.881576
-1.052597
-0.333534
0.998565
0.614562
1.525213
3.260023
4.961170
5.026505
6.819368
-2.495073
-0.681826
0.474639
2.530508
-13.499922
-14.754442
-4.369615
2.709913
4.541914
2.539227
0.111972
-1.250888
-0.172606
1.469551
0.978683
1.688285
3.390339
5.268597
5.352710
6.996209
-1.226663
-0.215914
0.577286
2.777297
-13.949134
-15.173469
-4.244292
3.146051
5.340924
3.091033
0.274689
-0.637523
0.260585
1.843403
0.736134
1.238474
2.854524
5.077386
5.374969
6.721853
-1.708405
-0.844513
0.756159
2.652422
-15.002348
-15.892250
-4.118503
2.175479
4.703578
2.783351
-0.085844
-1.057513
-0.177413
1.564444
0.400464
0.958028
2.816359
5.163284
1.044350
3.597315
14.509807
-2.627477
-0.788475
1.802653
-14.362532
-15.586429
-4.377443
2.028302
4.486888
2.688463
-0.157151
-1.008090
0.015375
1.913759
0.936570
1.426647
3.402040
5.887779
5.784874
-3.711490
-1.346507
-0.172335
0.856960
2.877649
-13.752965
-15.666822
-3.655407
4.037772
5.029880
3.195851
0.907166
-0.370468
-0.006329
1.300672
-0.002079
0.326891
2.582025
0.643332
4.365027
6.057571
-7.326408
-1.285150
0.400348
2.060300
-5.466545
-14.880536
-7.694005
1.844804
4.139501
3.006094
0.775592
-0.496023
0.089239
2.051258
0.828844
-1.683951
-2.823210
-2.364768
-0.296837
1.701046
13.780520
-2.539201
-1.150304
1.636864
-14.132312
-16.141722
-4.765196
6.832514
9.074906
6.162347
2.723094
0.828123
1.134705
2.573156
-0.847079
-3.656801
-2.212302
1.406844
4.177537
6.253241
-2.070641
-0.545855
0.849685
1.909535
-12.881925
-15.481214
-5.754764
5.527308
7.840946
5.420537
2.213870
-0.033723
0.283087
2.207480
0.523973
-3.197065
-3.754165
-0.728850
1.421422
2.764681
14.072137
-3.216575
-0.909984
0.882113
-14.439100
-16.306925
-4.159634
5.842089
7.734238
4.598848
1.346635
-0.164498
0.605864
2.832591
0.718665
-2.627636
-1.679682
0.270419
3.031553
5.212934
-1.401862
-0.950304
0.524187
1.583040
-13.808020
-15.952848
-5.439043
6.341393
9.537847
6.706674
2.899733
0.564207
0.545004
2.372264
-2.373611
-5.865338
-4.798447
-1.405674
2.161178
3.519272
14.168102
-3.758523
-0.723167
0.157728
-14.188257
-16.193329
-5.491899
6.502967
9.387845
5.877295
2.178966
0.233590
0.955688
3.389598
-2.868754
-6.036486
-3.478935
-0.133840
2.004675
4.035450
14.165306
-2.045818
-0.540234
0.759639
-13.653261
-15.673391
-3.918558
8.675412
11.153653
6.439900
1.200246
0.502858
1.635904
3.622554
-1.051383
-3.806590
-1.105270
1.740088
3.596765
6.631759
-5.129581
-0.892534
0.746352
1.588750
-12.257522
-16.397156
-8.872166
5.016543
8.107342
5.475535
1.704352
-0.910156
-0.416024
2.191048
0.673592
-2.253738
-3.877593
-1.005911
1.056930
2.081028
12.639393
15.968872
-1.518778
0.172552
-12.951103
-16.760588
-6.946797
5.120939
7.355588
4.420620
1.201865
-0.575037
-0.036349
2.465980
0.755857
-2.479293
-1.842976
0.896360
3.952312
6.700768
-1.915053
-0.878249
0.877147
1.783340
-11.760992
-16.218702
-8.254732
5.080952
8.138769
6.110143
2.722067
0.218928
0.302558
2.368720
0.831300
-2.840861
-4.033919
-1.354613
0.648817
2.148704
12.671962
16.012621
-1.407625
0.276572
-12.917144
-16.816647
-6.973121
4.990529
7.279142
4.573256
1.386569
-0.398722
0.133991
2.698398
0.909986
-2.406093
-2.298293
-0.047721
2.780614
5.715580
-6.890746
-1.388437
0.098945
1.184695
-11.859884
-15.949718
-8.500992
5.544149
8.522950
6.465588
2.906456
0.077018
0.123737
2.291002
0.849627
-3.212224
-3.778426
-1.346427
0.566334
2.717276
12.818922
2.331817
-1.367973
0.033712
-12.724758
-16.507214
-7.715392
5.630927
7.976240
5.149262
1.572158
-0.495331
-0.146357
2.236872
0.770607
-2.557031
-1.605901
1.463174
4.463216
6.853489
-1.639445
-0.564894
1.270939
2.043916
-11.759908
-16.227011
-8.624793
4.642158
7.910252
5.617836
2.229466
-0.163053
-0.128984
2.025941
0.587122
-1.410535
-3.534362
-1.001382
1.067894
1.807437
12.604411
16.010551
-1.598136
0.518635
-12.971959
-16.780596
-6.978086
3.535247
6.199644
3.952486
0.944780
-0.584379
-0.096436
2.577516
0.993679
-0.672003
-2.089442
-0.818880
0.923920
3.889254
13.302690
-2.403839
-0.981893
0.359989
-12.212221
-16.194216
-8.057888
6.138623
8.724689
6.101819
1.468199
0.210235
0.793542
3.040376
-1.967836
-4.608811
-2.103225
0.569266
2.113671
4.364351
13.317561
-1.685685
-0.216731
0.934434
-11.733092
-15.933118
-8.846334
6.663612
10.015565
7.250707
2.778795
0.660712
0.638808
2.953525
-1.056406
-4.112089
-3.540382
-1.596365
0.204477
2.205980
12.563501
-3.864223
-1.307771
0.080315
-12.414495
-16.287209
-8.502747
6.722452
9.273724
5.740726
0.933691
0.067966
0.544836
2.870405
-1.707640
-4.721532
-1.081505
1.796419
4.115834
6.504155
-1.558488
-0.544946
0.944422
1.627006
-11.311786
-15.596817
-9.398859
5.667229
8.972521
6.656216
3.099318
0.156820
-0.013073
2.092368
0.727524
-3.096943
-4.358590
-1.084607
1.236586
2.001116
12.565232
15.987713
-1.599945
0.221386
-12.782391
-16.680761
-7.674877
4.599045
7.092226
4.341547
1.301987
-0.328916
0.049728
2.551894
0.658627
-2.908414
-2.725624
-0.637698
1.009981
3.636235
13.150276
-2.077131
-0.588591
0.534825
-11.674728
-15.807206
-9.247872
6.136548
9.743076
7.427080
3.296780
0.770817
0.721666
2.723815
-3.240222
-5.362668
-3.927314
-1.628243
1.687996
3.008354
12.788478
-4.293482
-0.969658
0.161872
-11.755324
-15.923953
-8.994462
6.727598
10.376239
7.354471
1.676287
0.142925
1.395900
4.043865
-2.345141
-5.753087
-3.141078
0.234687
1.354794
3.617974
12.979696
-3.023581
-1.002867
0.035767
-12.198934
-16.018867
-7.330541
7.937555
11.069109
6.631140
-0.013960
-0.449562
0.852400
3.255426
-0.196978
-3.584840
-0.676928
2.474605
4.643861
7.617802
-1.354064
-0.127888
1.438088
2.023710
-11.343387
-15.614252
-9.720237
4.524070
7.945102
5.851093
2.334529
-0.414819
-0.577633
1.871913
0.615010
-3.081906
-4.470478
-0.858180
2.304844
3.170177
12.954558
16.018850
-1.004809
0.595412
-12.832876
-16.780859
-7.264554
4.328357
7.505630
4.888720
1.406767
-0.105244
0.312687
2.957550
0.874676
-2.558971
-3.700372
-2.115497
0.315885
2.241846
12.729094
-3.540899
-1.607450
-0.323142
-12.323860
-16.058882
-8.703043
6.794163
10.142996
5.857473
0.141833
-0.629364
1.727974
4.381039
-2.871054
-6.655982
-2.817565
1.663838
2.686778
5.373528
13.076254
-1.845876
-0.248510
0.687230
-11.290538
-15.465532
-8.101329
7.576747
11.086928
6.268928
0.541755
0.205204
1.261577
3.328397
-0.218606
-3.361083
-2.230688
0.245452
1.606921
3.682826
13.093184
-2.491425
-0.447479
0.758702
-11.493028
-15.548817
-9.753675
5.736035
8.677290
5.761993
2.532153
0.118425
0.092597
2.525117
-0.379719
-3.301753
-2.858614
-1.599560
-0.127598
1.445472
12.299806
-2.896544
-1.530433
0.265804
-11.887423
-16.002010
-8.621731
7.129328
10.995543
6.953967
0.794177
-0.513545
1.748859
4.168066
-2.436624
-5.464231
-3.746368
-1.351715
2.087645
3.975495
13.065563
-2.881960
-1.044364
0.059355
-11.332143
-15.217842
-9.082026
6.560961
11.277371
6.654601
0.110150
-0.390802
1.801795
4.414415
-0.930051
-5.320114
-2.266989
1.092559
1.567927
3.682981
13.008086
-1.939038
-0.356795
0.632965
-11.495708
-15.639910
-8.853530
7.001484
11.425949
7.553444
0.817237
-0.075391
1.367850
3.832371
-0.740153
-4.509498
-3.348062
-1.252046
-0.230588
2.290389
12.574686
-5.113836
-1.254255
-0.085580
-11.668877
-15.415119
-9.359650
7.145752
10.982632
5.748579
-0.543244
-0.704459
1.370813
4.055304
-1.107982
-5.593235
-2.599264
1.015006
1.328209
3.677565
12.988686
-1.962488
-0.486595
0.518725
-11.166630
-15.344453
-8.927582
6.839838
11.398813
5.874239
0.251515
-0.223202
1.781626
4.041128
-1.580720
-4.849628
-3.006979
-0.970562
0.566250
2.524930
12.557880
-2.169204
-1.178394
0.127737
-10.705167
-15.041044
-9.585291
6.531230
11.091062
5.029649
-0.175892
-0.448757
2.224148
4.778257
-2.604014
-6.337585
-2.734770
1.053099
1.520009
3.821092
12.897249
-2.208623
-1.053194
0.291394
-11.191847
-15.276509
-7.558527
5.941939
12.071392
6.732746
0.084880
-0.374051
2.206703
4.535835
-0.894957
-4.198541
-1.422300
0.793933
1.981552
4.446945
13.335735
-1.784198
-0.176540
0.705658
-10.945530
-15.196073
-9.968809
6.810267
10.340346
6.671800
0.568935
-0.077506
0.460212
3.074703
-1.193636
-4.573340
-3.993111
-2.172332
-0.286065
0.556817
11.856433
2.007545
-2.114381
-0.319609
-11.476100
-15.431415
-7.603213
6.799703
11.587462
4.977206
-1.138127
-1.304948
2.244581
4.561095
-3.301558
-5.934056
-1.319241
2.204864
3.779748
6.199544
-2.300416
-1.124410
0.407924
1.279805
-10.380004
-14.831813
-9.179979
6.705665
11.428063
7.716274
1.378342
0.174132
1.579072
4.089488
-1.455221
-4.820904
-4.644808
-2.549669
0.408930
1.294599
12.109874
15.845251
-2.055456
-0.109459
-11.910410
-15.852715
-7.131115
6.060309
11.557259
6.688697
-0.686295
-0.868568
2.296492
5.012603
-0.865327
-5.404185
-1.838098
1.349214
2.882563
5.946702
-3.782687
-1.486027
-0.202001
0.591879
-11.454065
-15.340824
-8.754503
7.609580
10.103982
4.544305
0.092563
-0.123617
0.264950
2.412024
0.531256
-2.941578
-2.768565
-0.992005
0.769102
3.322777
12.892083
-2.991379
-1.132528
0.297114
-11.393183
-15.142130
-9.045918
6.516979
8.306485
4.239367
0.031408
0.189225
0.717922
2.618317
-0.896715
-3.829380
-1.457585
1.111895
3.228103
5.099630
-5.474555
-1.202586
0.341929
1.337740
-10.993764
-15.190613
-8.820605
6.769065
9.689131
5.862316
1.329035
0.748676
1.351341
3.321753
0.233079
-3.348959
-2.964802
-0.836805
0.264783
2.338581
12.634565
-5.487942
-1.389375
0.172938
-11.897858
-15.500509
-8.196215
7.209506
9.610357
5.447643
-0.482128
-0.445171
0.457479
2.813100
1.044862
-3.508439
-0.783259
3.276738
4.867901
7.352336
-1.276776
-0.067330
1.056511
2.116248
-11.178367
-15.441513
-8.819789
5.477576
8.034114
5.135326
1.787040
-0.350696
-0.300314
1.843216
0.107658
-0.057587
-2.398643
-2.765836
-1.282769
0.976234
12.280821
15.852758
-2.136773
-0.146179
-12.567282
-15.710851
-6.988935
5.179794
6.511163
3.423535
0.292465
-1.167975
-0.655155
1.929389
0.908932
-0.592877
-0.725425
3.236278
5.136004
-2.980912
-1.599016
-0.431023
0.665894
1.661726
-10.838524
-15.271406
-7.445658
6.481904
8.215172
4.900146
1.597190
0.154563
0.081484
1.712201
0.029230
-0.690112
-2.100078
-0.495606
2.588997
4.844522
13.524600
-2.392101
-0.579474
0.921102
-10.665624
-15.408688
-8.121700
4.658573
6.489952
4.344552
1.302676
-0.653149
-0.295833
1.959005
0.729716
-1.066431
-3.222808
-1.983992
0.117291
2.236233
12.538865
-4.170972
-1.649755
0.548979
-11.618782
-15.425076
-7.429041
6.756373
8.502014
4.281576
0.370990
0.329274
0.800114
2.584277
0.202675
-3.705193
0.344395
4.748572
7.183073
-3.177783
-1.158700
0.146171
1.069255
2.397052
-10.512470
-14.932515
-6.768815
5.807669
7.790999
4.758540
1.706469
-0.127622
-0.033442
2.054727
0.510804
0.220230
-1.857120
-1.265140
0.824084
2.883106
12.981417
-3.302855
-1.707972
-0.068906
-11.566940
-15.743562
-6.805472
6.417669
8.868757
4.844517
-0.566943
-0.982135
-0.283805
1.953762
0.691875
-3.050184
0.362400
6.089935
6.218578
-4.306712
-0.698033
0.461252
1.481687
2.426475
-4.786524
-5.023798
-5.089606
-4.932812
-4.612877
-4.503012
-4.276938
-4.111353
-3.836976
1.948126
1.388703
2.122014
3.054262
4.110450
5.104166
5.653597
6.281114
6.538064
4.229403
-6.912252
-7.370250
-4.004453
-1.417759
-1.050199
-0.045634
-0.973299
-0.901332
2.450492
5.813491
9.581923
11.878025
11.376864
-2.982772
0.314323
0.325015
0.735978
0.729041
1.228543
1.688023
-2.029605
-8.643771
-4.721162
-2.041719
-0.590773
1.017567
-0.240488
-1.469604
-0.714809
-2.249352
1.960561
7.363586
8.795424
7.853636
-3.154951
-3.260345
-0.690247
-0.115346
0.714974
2.282398
-6.073623
-7.113694
-2.052332
0.163854
0.254961
-0.182539
-2.056037
-2.539666
-1.402129
-2.200063
0.130397
7.888694
6.738003
3.511112
-3.540010
2.303050
-0.644651
0.115619
0.435641
1.655542
-10.586285
-6.660816
0.165633
2.204751
5.744759
3.691144
-1.028100
-2.517912
-1.027885
-1.228988
0.152484
3.185779
6.522505
4.466550
6.109466
-0.147785
-1.730018
-1.191339
-0.366991
1.136925
-11.207962
-7.409562
2.111788
4.735688
2.106292
-1.349128
-3.394415
-2.635558
-0.178295
-3.699121
-2.911737
1.942591
6.006777
3.978610
7.048369
-4.231381
-1.988899
-1.225112
-0.544365
0.808516
-10.458570
-7.929297
-0.023160
3.044096
3.762943
0.589826
-2.510123
-3.059065
-1.195498
-2.021745
-0.634451
3.527724
7.121757
6.169807
-0.951003
-1.139542
-0.587425
0.182028
0.672840
2.156015
-7.768367
-6.672079
-0.932801
1.706408
2.200689
1.294051
-1.740744
-2.524902
-0.675464
-2.165139
0.132839
4.513561
6.765042
3.354304
7.865966
-2.487796
-0.819328
-0.081683
0.504910
0.759375
-10.810600
-6.774935
-0.626242
2.973334
4.638991
2.174532
-2.231206
-3.149332
-1.435294
-2.044863
0.031019
2.579111
4.218860
0.688848
5.423820
9.452454
-2.091959
-0.792483
-0.137267
1.002501
-10.633395
-7.662909
-0.373528
2.586167
4.504481
2.151204
-2.751462
-3.755722
-1.942058
-2.088109
0.333162
3.676454
6.064412
3.898709
8.418056
-2.023028
-0.873290
0.322270
1.015153
2.158110
-9.117410
-6.791786
-1.550875
1.559154
2.388755
1.262722
-1.819085
-2.547694
-0.978535
-1.415341
0.811690
3.939982
5.270198
1.957909
8.047652
-2.159070
-0.742505
0.072372
0.703603
0.037251
-11.529725
-6.960063
-0.658838
2.714892
5.816669
3.767847
-1.642893
-3.042571
-1.561090
-0.328605
1.055231
2.284613
4.785232
0.469723
6.050900
-0.095878
-1.569486
-0.684874
-0.019586
0.440857
-11.982832
-7.935463
-0.160476
3.223161
4.570761
1.719108
-2.734532
-3.433243
-1.395513
-1.378537
0.217990
3.605583
5.268569
4.009805
6.626936
-3.174817
-1.166093
0.233021
1.007782
2.606421
-6.834432
-7.119711
-2.227668
0.610800
1.042102
0.297461
-1.973658
-2.440183
-1.098639
-1.770254
0.441201
4.091982
5.724269
1.233071
4.588383
-1.349055
-1.280910
-0.487425
-0.048844
1.456745
-11.916930
-7.911486
-0.141371
3.170196
6.505948
3.962146
-1.524269
-3.016805
-1.375068
-1.582783
-0.259154
2.436268
4.902113
3.616889
7.901841
-1.923369
-1.237731
0.042236
0.882616
1.949407
-9.105761
-6.762043
-1.222964
2.212350
3.065341
1.099681
-2.459999
-3.038124
-0.903987
-1.212992
0.344765
3.238702
4.454388
0.794861
4.726493
9.085850
-1.634585
-0.912483
-0.038764
1.097397
-12.139473
-7.413909
-0.439946
3.277666
6.500745
3.635799
-1.674736
-3.010714
-1.133623
-0.894635
0.053547
1.613799
4.428751
2.795990
6.214496
-2.374603
-1.604066
-0.742712
-0.068540
1.405615
-9.063267
-7.479548
-0.378577
2.875919
1.840475
-0.115378
-2.620375
-2.934076
-0.800338
-2.110749
-1.245864
1.100320
4.051232
2.058514
7.989726
-4.467933
-1.251547
-0.604760
0.319606
-0.149421
-11.317727
-7.711002
-0.360862
3.066978
5.714797
3.301101
-1.937526
-3.424341
-1.566907
-1.185599
0.345712
1.960243
3.880574
2.854011
8.392464
-1.801199
-0.938450
0.395074
0.911860
2.052982
-9.688504
-7.140252
-1.576215
2.724673
4.558284
2.710624
-1.534350
-2.770710
-0.987936
-0.346243
0.864322
1.166323
2.933630
-0.745895
5.585058
9.471063
-2.015886
-1.098191
-0.338620
0.998731
-12.474697
-8.480799
-0.699855
2.616325
5.560049
3.935910
-0.750264
-2.670921
-1.599347
-0.392236
1.061545
3.502172
4.456086
3.537436
6.070016
-2.556699
-0.851620
0.714389
1.313400
2.521887
-7.547236
-7.964836
-1.964520
0.531063
1.528399
0.469039
-2.326323
-2.198872
-0.741267
-1.662246
0.316992
1.988009
3.541115
-0.979747
3.132082
7.801753
-3.258008
-1.428673
-0.796324
0.774163
-12.637053
-8.945172
-0.452357
2.187982
5.022083
3.727032
-1.505988
-3.483214
-2.078561
-0.990896
1.403679
4.794860
6.597847
6.394653
7.547248
1.051790
-0.533931
0.888389
1.657559
2.929444
-5.798902
-8.262781
-2.871912
-0.681463
0.320758
-0.087902
-2.042897
-1.776671
0.115075
-1.461954
-0.066969
2.832714
4.378298
2.308010
3.843031
8.427925
-2.186801
-0.686865
-0.199849
0.920114
-12.121094
-8.322801
-0.064920
2.878037
5.722578
3.400107
-1.549389
-2.977351
-0.936200
-1.027825
-0.341174
1.952923
4.826675
4.943023
9.062441
-1.145272
-1.188917
0.204184
0.981213
1.969435
-8.724493
-7.499293
-1.787146
2.217353
2.137868
0.887779
-1.790260
-2.354178
-0.105077
-0.418566
0.271137
1.828278
3.228072
2.030540
7.394015
-2.921947
-1.033208
-0.128362
0.538195
0.307987
-12.529433
-7.532819
-0.603231
3.597279
7.376616
4.329537
-1.034943
-2.395983
-0.396554
0.036850
0.266573
0.389054
2.063965
1.128887
4.771105
9.023415
-2.714901
-1.342327
-0.487759
0.833811
-12.066416
-8.586892
-0.251777
3.837740
5.635725
2.395240
-2.408616
-2.941296
0.131847
0.361371
-0.204163
0.218477
4.003880
4.913056
8.088107
-2.941143
-1.175287
-0.518394
0.287340
1.298079
-11.757048
-8.374768
-0.737348
3.336362
3.416301
2.001749
-0.698894
-1.835527
-0.487182
-2.146537
-0.570691
2.546993
4.881439
3.493428
7.909272
-1.892304
-1.063606
0.320669
1.182379
2.457707
-7.619994
-7.989382
-2.149333
2.128395
2.110563
0.603256
-1.938664
-2.453407
-0.635326
-0.968084
-0.147253
0.886730
2.372028
0.107521
3.188181
7.850219
-2.148392
-1.456655
-0.690600
0.959129
-12.668191
-9.258332
-0.309525
3.128407
6.401160
4.891513
-0.095638
-2.956219
-1.631006
-0.455862
2.268051
4.388190
6.053374
6.414619
5.359246
-3.983000
-1.319280
0.517339
0.887409
2.476703
-2.700815
-8.940506
-3.191545
-2.400512
-0.375479
0.491706
-1.242474
-1.262981
-0.005548
-1.920774
-0.048977
2.833639
5.018703
1.124625
2.025855
2.815927
-3.002230
-1.278008
-0.847649
0.657196
-11.065964
-9.061580
-0.638048
1.374881
4.543774
3.581852
-0.725626
-2.781718
-1.210152
0.000566
0.070168
1.722978
4.899765
4.879480
10.195216
-2.608937
-1.013399
-0.031467
0.551018
2.068275
-10.038474
-8.600704
-1.001579
2.056566
3.835329
2.693741
-0.638600
-1.917774
0.190656
-0.500207
0.910062
2.607008
4.792926
3.879979
6.370522
7.256529
-1.465943
-0.466173
0.033145
1.642702
-6.822156
-9.088713
-2.496137
1.846214
1.413994
-0.450752
-2.258950
-1.761874
-0.035038
-0.810374
0.383871
2.734812
4.498870
1.066257
5.694913
-4.227274
-1.292298
-0.661713
0.017605
2.187886
-12.125675
-9.153295
-0.917533
3.287170
6.316079
4.191040
-0.607104
-2.449498
-0.602607
-0.356832
0.081014
1.945011
4.101701
4.078087
7.631280
-4.432430
-0.987823
-0.176634
0.555571
2.301143
-11.828120
-8.416389
-1.068947
3.032923
4.403870
2.795638
-0.667333
-1.773919
-0.302766
-1.033615
0.552528
1.991941
4.037076
2.763927
6.322994
7.229095
-1.945930
-0.043717
0.528666
2.321617
-7.713652
-8.933270
-1.888015
2.064830
1.925972
0.013788
-2.253201
-1.861212
-0.349715
-0.999358
0.445142
2.452711
4.134611
1.171201
4.696784
5.470031
-1.573746
-0.659910
-0.207118
2.254911
-12.375975
-9.446803
-1.079967
3.707185
4.975049
2.727427
-0.521743
-1.538676
0.276970
-0.785740
-0.459816
0.566032
2.329794
2.548730
8.027352
-5.068152
-1.117999
-0.122257
0.413932
2.315668
-11.451932
-8.893604
-1.235674
2.991457
4.369311
2.717487
-0.937334
-1.935762
-0.156290
-0.798212
0.448866
2.058417
3.659219
2.813608
6.900561
7.831995
-1.678444
0.016915
0.553175
2.267774
-10.194060
-9.462454
-1.975176
3.663036
3.469378
0.835904
-1.779045
-1.515364
-0.024380
-0.563390
0.698564
1.866070
4.132807
2.683847
5.613110
-4.343414
-1.198139
-0.248811
0.312580
2.340083
-12.395314
-9.732867
-1.650987
3.677319
4.431068
1.921746
-0.688165
-1.040869
-0.099324
-0.910263
0.126094
1.113832
3.864973
3.479257
5.911351
-0.798007
-1.307468
0.577161
1.012208
2.984102
-7.397945
-9.385901
-2.119796
1.864976
2.340982
0.773235
-1.936191
-1.578451
-0.179421
-0.773185
0.671231
2.344952
3.754683
1.243404
6.197407
6.470401
-1.265665
-0.213137
0.378253
2.426759
-12.487669
-10.453525
-2.217604
3.005704
4.939196
2.947614
0.521045
-0.190290
0.451981
0.388912
0.815867
0.754061
3.300568
4.493973
4.817552
5.493492
-1.416059
0.736570
1.223207
3.160768
-7.161561
-10.089093
-2.288800
-0.394040
2.323341
1.604264
-0.910673
-0.896336
0.006515
-0.181525
1.089688
1.528421
3.353373
1.603081
5.689454
5.601566
-1.120844
-0.092758
0.448196
2.438284
-12.844365
-11.498489
-2.256620
2.990548
4.976944
2.587126
0.410650
-0.119439
0.687953
0.739884
0.904926
0.641210
3.096918
4.097095
3.304060
3.987858
-2.075111
-0.375857
0.401723
2.346277
-0.531978
-9.111876
-5.014074
-2.850245
-0.523043
0.001615
-0.915467
-1.145647
-0.582301
-1.491041
0.577883
1.810733
5.745102
5.249075
6.294387
-3.326735
-0.800858
-0.042514
0.729592
2.762950
-11.402087
-11.001579
-2.431052
2.908519
4.250801
2.849334
0.360813
-0.737688
0.767333
0.298940
0.055593
0.753128
3.333849
6.129489
1.024217
-3.293428
-1.023390
0.021072
0.488842
2.521847
-11.679345
-10.076703
-1.800738
3.547599
5.531343
3.925932
0.948642
-0.285130
1.876548
1.438120
0.367831
0.592876
3.638058
6.451395
7.005549
-4.080507
-1.122978
-0.032406
0.629511
2.590274
-12.028216
-11.171449
-2.038383
6.360392
6.147533
1.639944
-1.283576
-1.027832
2.009154
-0.050208
-0.457716
-0.490275
2.361898
2.551443
6.231383
-4.271254
-1.588351
-0.495024
0.091142
2.232352
-12.411272
-10.781350
-1.456804
5.974524
5.887721
1.944882
-0.906076
-1.122339
1.636743
0.196022
-0.872552
-0.855518
0.732826
2.980665
6.444713
-3.763635
-1.328063
-0.401958
0.530591
2.297597
-10.753002
-11.305936
-2.116121
5.735844
6.494853
2.688505
-0.750705
-1.183135
1.100214
-0.282989
-0.391536
-0.179388
0.484171
1.173993
3.191752
4.011543
-2.268379
-1.408140
-0.679491
1.530515
-12.644771
-11.159445
-1.899297
5.316744
6.763115
3.033951
-0.422249
-1.051419
1.621379
1.209863
-0.468780
-0.873076
1.576510
5.400822
6.890978
-4.204243
-1.082995
0.028331
0.683487
2.405719
-9.083510
-11.093092
-2.899158
3.340903
5.758169
3.276431
-0.242271
-1.127330
0.967140
0.267192
0.102979
-0.033302
2.138193
4.109640
6.526879
-2.932225
-1.083563
-0.161486
0.630340
2.310841
-12.415796
-10.901635
-1.665970
5.431341
6.968762
3.237814
0.143839
-0.717310
1.707103
0.430950
-0.788296
-1.175025
0.350023
2.371419
4.822970
5.655040
-2.152953
-1.141958
-0.092372
1.869348
-7.604900
-11.408472
-2.660742
3.511950
5.437346
2.724313
-0.604861
-1.594953
0.554749
-0.334525
-0.346373
-1.466527
-0.183935
-0.702963
1.266128
1.869776
-2.344593
-2.140159
-1.189779
0.743745
-9.854225
-11.930612
-2.710647
4.134752
5.422265
2.551803
-0.054134
-1.498615
0.583142
0.789948
-0.057362
0.384836
3.069391
7.060109
6.888591
-3.647970
-1.271328
0.599832
1.186904
3.029875
-4.804129
-10.044277
-3.952623
-0.714737
3.437813
2.917327
0.034993
-1.221103
0.728945
-0.662848
-0.172797
-0.236382
1.889870
2.497488
6.424041
-3.781647
-1.161504
-0.281089
0.473312
2.066196
-11.340118
-11.127552
-1.385355
3.605036
8.890207
5.648579
0.557120
-1.299167
1.117067
0.899856
-0.166766
0.382486
1.318808
4.028046
7.357607
8.421801
-1.539722
-0.472949
0.650973
2.138152
-8.271398
-11.737750
-3.252978
3.355070
6.469388
2.880477
-1.007793
-1.413445
1.174434
-0.046205
-0.168343
-0.915740
-0.824174
-1.952357
0.857773
1.790765
13.355359
-2.484085
-1.332553
0.559591
-10.549768
-13.567631
-4.016188
4.839255
6.316363
2.823004
0.373391
-0.548855
1.631829
1.141647
-0.194971
-0.640637
1.871399
5.806417
6.403135
-4.187000
-1.320922
-0.395964
0.687924
2.180376
-5.957660
-11.498313
-5.000169
1.423813
4.806788
2.522300
-0.236006
-1.283123
0.877436
-0.554467
-0.343525
-0.551737
0.634816
1.797001
3.518157
4.688281
-2.357003
-1.306523
-0.350517
1.486078
-9.958306
-13.923135
-4.657588
5.491897
7.510032
4.381352
1.261742
-0.222306
1.493773
0.417283
-1.109511
-1.475974
-0.388406
2.150981
3.213562
4.787196
-7.234182
-1.594875
-0.540851
1.506342
-5.740867
-11.884206
-5.197019
2.240919
5.742954
2.782820
0.182270
-0.919393
1.074328
0.286730
-0.183132
-1.688398
0.095047
0.234404
1.928260
3.215502
5.681541
-1.910887
-0.881524
0.890752
-8.516413
-13.574992
-5.048307
4.879690
6.907294
3.230850
0.790139
-0.878724
1.084300
1.004063
0.047816
-0.758953
2.516392
5.956611
5.910262
-4.043951
-1.540352
-0.105092
0.923640
2.545954
-7.715360
-11.943291
-5.206948
0.905391
5.988130
4.002320
0.723510
-0.333504
1.217720
-1.074009
-0.192126
-1.053632
-0.454234
0.657723
2.496990
3.447273
-3.666392
-1.404152
-0.520146
1.553367
-7.564659
-13.599769
-5.139936
4.609468
6.240203
2.917664
0.383261
-0.335241
1.422578
0.889043
-0.944938
-2.290049
0.277504
3.671937
5.660564
7.001260
-2.506099
-0.908011
0.129819
2.081229
-10.551332
-13.428328
-4.783554
5.186760
9.174469
5.783893
1.845684
0.087686
1.389323
0.344664
0.763099
-0.685997
-1.327767
0.416687
1.250903
2.559139
13.726991
-2.110337
-1.098782
1.258490
-11.159328
-13.354897
-3.801663
3.601065
6.396489
2.116117
-0.216743
-0.260032
1.866771
1.196640
-0.128563
-2.636522
0.089324
2.422279
5.840634
-4.184512
-1.756637
-0.728726
0.204610
1.600288
-11.120550
-13.874571
-4.911103
5.179565
7.688569
3.781271
1.124322
-0.096855
2.008455
1.487153
0.385990
-1.297953
1.990360
4.143268
5.302508
6.752563
-2.083445
-0.890332
0.291365
2.011872
-11.634274
-13.326357
-5.510092
1.927858
6.324957
4.706677
2.502954
0.870852
1.154430
1.130924
0.639121
-2.253335
-2.106179
0.465849
2.182200
3.406274
-4.728065
-1.439320
-0.349547
1.414743
-8.363067
-13.198227
-5.151544
3.725114
5.921626
1.766865
0.233201
-0.136154
1.569867
1.383933
-0.198493
-2.262603
-0.357924
2.692751
4.324626
5.766090
-2.700694
-1.218897
-0.278960
1.713697
-10.899351
-13.593334
-5.336332
4.273118
9.275624
5.539611
2.125755
0.456712
1.451550
1.290818
0.454099
-0.916483
-0.628370
1.879662
3.116686
4.672750
12.428091
-1.584571
-0.481086
1.680801
-10.419030
-13.175750
-4.461837
2.190010
6.062339
3.543782
0.477422
0.150756
1.644526
1.690126
0.983065
-2.699429
-2.134886
0.170038
1.396078
3.121907
-3.267115
-1.735768
-0.603078
0.524374
-6.618585
-13.174334
-6.115554
3.748606
6.271264
2.504029
-0.239896
-0.961951
1.774346
2.000570
-0.574630
-2.089565
2.479869
5.263196
6.586574
-4.050586
-2.074120
-0.867332
0.207088
1.766356
-11.317602
-13.229510
-6.195982
2.810579
8.464511
6.106349
2.365000
0.363554
0.874306
0.714263
0.124818
-0.601083
-1.482457
1.111134
2.204628
3.606027
13.961524
-1.441515
-0.404076
1.989828
-9.527179
-13.043068
-5.032547
1.969884
5.619044
3.133775
0.523468
0.058284
1.865249
0.386600
0.275800
-2.562089
-2.334906
-0.463358
1.519588
2.912608
-4.471813
-2.058970
-1.061320
0.495351
-4.795376
-13.117346
-6.546473
2.534432
5.223442
2.669082
-0.248031
-1.328339
1.738115
2.940234
-0.771120
-2.541492
3.350698
7.558564
7.931983
-3.794635
-1.615133
-0.547099
0.560180
1.963242
-9.896842
-12.502043
-6.900985
2.001479
8.622945
6.036601
1.896054
0.047483
0.996868
-0.532557
0.229577
-0.195140
-0.778540
2.523899
4.619749
5.801494
-3.007105
-0.773973
0.461489
2.435271
-7.452470
-12.223432
-6.997583
1.364044
4.829416
3.009333
0.055013
-0.540125
1.161010
-0.750523
-0.840870
-2.336254
-1.438366
0.468331
1.315646
2.712376
-2.506764
-2.267940
-1.176365
0.334663
-0.732037
-12.649726
-8.164840
1.475469
4.585480
2.901551
0.626086
-1.060917
1.292294
2.292574
-0.499054
-1.489071
3.032804
7.895432
8.198190
-3.688515
-1.202255
-0.152614
1.030091
2.199233
-6.127713
-10.879843
-7.745906
-0.575536
6.399629
3.886026
0.434652
-0.897143
1.412459
-0.516549
-0.406733
-1.639330
-1.034269
3.018513
3.759333
5.048985
-2.015932
-0.911076
0.384368
2.111804
-6.391391
-12.576064
-6.485800
2.623489
7.496850
5.917194
2.206010
-0.396079
0.624985
0.461511
-0.563687
-2.192826
-2.255600
-4.103892
1.543644
2.075129
13.330522
-3.751941
-1.687458
0.449798
-9.844357
-13.825546
-5.532930
4.284809
8.100285
5.184838
0.863093
-0.484415
2.231250
3.304251
0.862415
-2.123697
3.236294
6.487202
6.723920
-2.519287
-1.420283
-0.184730
0.874728
1.903998
-10.985972
-12.579396
-7.431151
0.185971
6.938651
5.627123
2.537137
0.717955
1.207902
1.041880
0.581007
-1.419027
-2.202520
2.620278
2.927902
4.550282
-2.426248
-1.062683
0.111357
1.919052
-9.078918
-13.213819
-5.928870
2.147112
7.057575
3.817096
1.136084
0.537233
1.972002
1.380566
0.567744
-2.729660
-2.415204
-1.904159
0.627654
2.116692
13.554246
-2.647179
-1.256443
0.237069
-6.130331
-12.670111
-6.572992
2.570291
6.515155
3.399169
0.172346
-0.180042
2.071413
2.342241
0.566718
-1.467689
3.068753
5.409356
6.705719
7.804893
-1.598387
-0.346266
0.706051
1.777584
-11.865383
-13.306417
-7.018210
1.779333
7.824005
5.323052
2.670570
0.732848
0.136217
0.489438
-0.809606
-0.582950
-0.266659
-1.738057
0.532865
2.088747
13.673797
-4.552985
-1.216286
1.530028
-9.899910
-12.802238
-5.675425
2.328485
4.414326
1.203221
-0.705879
-0.429133
1.566790
-0.195995
0.123511
-2.340496
-1.478201
0.351811
3.635613
-4.925568
-2.951683
-1.744498
-0.827064
0.848670
-5.787491
-12.437003
-6.881835
2.550847
5.887578
3.995585
1.150885
-0.091180
2.935996
3.020116
-0.579887
-2.071249
1.348799
6.371908
7.165588
8.118878
-1.611765
-0.278085
0.805060
2.228815
-11.430684
-13.319604
-6.143477
5.086773
9.184147
5.529661
1.653407
-0.132000
0.027600
0.965661
-0.410917
-0.401143
-1.589166
-1.647799
-1.234159
0.722530
13.365192
15.856361
-2.046912
0.435218
-9.556475
-12.347435
-4.241352
2.463068
4.717187
-0.644991
-1.650580
-1.067028
1.687399
0.452069
0.667377
-2.498207
0.962339
2.136936
-2.488678
-4.224874
-2.106404
-1.198359
-0.214698
1.149546
-9.557949
-13.080445
-4.824372
3.410130
6.131738
4.390649
1.757837
0.588557
2.925928
2.170165
1.223491
0.283607
3.329093
6.455806
6.594574
8.273479
-1.626802
-0.336765
0.754495
2.256128
-11.384407
-12.642507
-6.174165
0.350401
5.555950
3.770507
1.716225
0.249861
0.710358
1.291395
0.330199
-0.311834
-2.522911
-2.159169
-1.228022
0.281794
13.146359
-2.830216
-1.572125
0.517210
-3.818363
-12.407322
-5.816879
2.406198
2.610835
-0.628636
-1.303521
-0.992294
1.695608
1.943306
-2.488365
-5.045803
-0.002122
3.446937
4.266768
5.449419
-3.287534
-2.284141
-1.333097
0.298576
-5.684966
-11.618141
-6.849673
1.200094
4.717647
4.572246
2.405678
1.342922
3.209396
2.588036
0.895826
0.706780
4.185352
6.219649
6.040134
7.174338
-1.534798
-0.367132
0.884322
2.019644
-11.088242
-12.299298
-6.551667
-0.231812
5.156192
4.040168
2.488611
0.960331
0.414259
-1.204581
-0.427113
-0.325680
-1.976110
-1.142424
-0.696168
0.789754
13.163877
-2.312179
-1.030908
1.375061
-7.175784
-11.771005
-4.282264
2.628248
3.144515
1.526987
-1.070261
-2.049960
0.273326
-0.427141
-2.065790
-3.604859
-2.047011
1.023373
1.683793
2.246665
-7.165774
-2.958946
-2.123267
-0.124819
-1.393493
-11.347839
-6.179624
0.507081
2.633350
2.556448
-0.293026
-0.763026
2.617320
2.986227
0.387743
4.584699
7.741601
8.799670
-4.382782
-3.574546
-1.205830
0.016432
0.906392
2.382230
-3.330593
-7.765041
-6.820514
-3.550320
-0.277922
2.737504
2.332120
0.993460
0.355518
-3.790995
-1.157696
1.218487
5.346005
5.475064
6.137196
-3.778633
-1.026207
0.377705
1.313866
2.939771
2.234828
-4.723528
-5.027016
-3.684108
-3.566283
-3.247343
-3.041773
-2.886196
-2.700385
-2.437469
3.612807
3.521091
3.412786
3.699624
4.643793
5.397588
6.086439
6.494137
6.972193
7.302266
3.225342
-9.580718
-9.822758
-7.496827
-4.160488
-1.918239
-1.268856
-0.625146
1.253214
4.740958
9.020361
11.613763
10.916945
8.692513
-2.910011
-2.589679
-1.959164
-1.295730
-0.707487
0.414527
-2.454041
-10.332822
-6.987121
-4.117338
-2.316343
-0.484000
-1.580833
-2.356400
-1.452199
-1.326077
3.883132
9.388202
6.375002
5.537230
-2.027670
-1.417999
-0.781306
-0.056387
0.668079
1.480697
-1.236282
-9.423018
-5.781812
-3.789075
-1.814974
0.330156
-1.314526
-2.603379
-1.347517
0.081870
4.290956
7.542168
8.365465
7.196064
9.883973
-2.891371
-0.153293
0.641736
1.540561
2.893971
-2.148948
-7.673278
-5.854479
-3.813251
-1.468531
1.124258
-1.071033
-2.142979
-1.191887
0.212856
4.364456
7.874373
5.448257
2.586161
8.029536
-1.067034
-0.537166
0.392596
0.798541
1.232438
-12.147317
-8.796483
-2.558089
0.263091
3.620630
4.004567
-0.089095
-2.105657
-1.564105
0.499442
2.639730
4.691326
3.032642
1.597508
5.970599
9.646407
-1.865478
-0.641452
0.445339
2.013351
-5.233269
-8.892954
-5.018166
-1.962815
-0.489410
0.739777
-1.519277
-2.301702
-1.318505
-0.231425
2.573590
5.268057
3.627331
1.066284
6.347045
9.849343
-2.025132
-0.630984
0.370177
1.236856
-12.235434
-9.413671
-3.382126
0.100017
1.751103
2.341706
-0.136603
-1.420304
-0.603700
1.075195
2.530122
4.434384
4.301162
5.081723
6.851798
-2.026690
-1.173761
-0.010771
0.707179
2.481257
-5.183081
-8.345303
-5.072813
-3.028749
-0.770201
1.398573
-0.859399
-1.716231
-0.747303
1.142727
3.585364
6.208634
4.557059
3.943855
6.685642
-0.426882
-0.907559
-0.096250
0.792891
1.749601
-12.186687
-9.095947
-3.658490
0.508651
2.583170
3.315778
0.443265
-0.819846
-0.420720
1.350596
2.381498
3.450062
2.694919
3.473830
5.890241
-2.429669
-1.350050
-0.347249
0.423198
2.032793
-9.291768
-8.927169
-3.987121
-0.689553
1.293154
2.403770
-0.354758
-1.421546
-0.780215
1.480921
2.721899
3.922574
2.997425
3.452743
6.197358
-2.832958
-1.226580
-0.207807
0.528580
2.004638
-12.226715
-9.632340
-3.649488
0.416682
2.654344
3.461363
0.527757
-0.694176
-0.226956
1.762646
2.155686
3.287389
3.069149
4.826299
5.856791
-1.001700
-1.124233
-0.289787
0.595163
2.398183
-8.594040
-9.214821
-4.342343
-1.308014
0.939839
2.126444
-0.292129
-1.150359
-0.485293
1.324293
2.468459
4.844250
4.307457
5.207788
6.212791
0.894239
-0.967678
-0.103188
0.741923
2.192500
-11.956023
-9.651146
-3.920470
-0.544420
1.956217
3.420025
0.540302
-0.460119
0.455875
2.781830
2.537565
3.945436
4.069813
5.859080
6.392670
1.288594
-0.896206
-0.067242
0.655640
2.231559
-11.133526
-9.537099
-4.368835
-1.202158
1.687606
3.787068
0.683966
-0.457261
0.991794
3.614446
3.094490
3.980613
4.450273
5.700404
6.127610
1.389395
-1.228004
-0.179455
0.464383
2.166441
-11.487445
-9.471636
-3.816489
-0.456744
2.319816
4.058886
0.632517
-0.280334
0.949185
3.225787
2.709417
3.386091
3.964737
5.252803
5.858003
-2.510768
-1.550933
-0.462193
0.185464
1.978776
-11.918887
-9.802898
-3.716541
-0.175144
2.339026
3.829393
0.447337
-0.603694
1.009480
3.374654
2.382983
3.090761
4.501795
5.179425
3.782140
0.958185
-1.593077
-0.519836
0.214410
2.066851
-10.133526
-9.317643
-4.128117
-1.191155
1.502641
3.377472
0.143845
-0.712294
0.781603
2.899107
2.886478
4.246834
4.371648
5.471139
3.883087
1.027828
-1.415413
-0.337156
0.383646
2.154225
-10.604214
-9.269561
-4.006288
-1.288432
1.248402
3.245157
0.258024
-0.785470
0.541127
2.609207
2.931418
3.613262
3.577183
5.756741
6.870974
-3.587603
-1.329195
-0.449374
0.282259
1.971584
-12.030600
-9.739906
-3.458235
-0.214264
1.961364
3.535511
0.409104
-0.632364
0.399586
2.224056
2.483466
3.766240
3.736758
5.615106
6.222893
-2.803788
-1.495170
-0.615604
0.332168
2.059393
-6.786655
-8.984202
-4.725767
-2.072051
-0.018475
1.514031
-1.106879
-1.710694
-0.526167
1.503560
2.994662
5.282917
4.716278
6.059327
-1.819606
-3.082579
-1.304820
-0.240588
0.430908
2.223739
-10.392447
-9.433666
-4.316376
-1.411177
1.252293
3.348989
0.516529
-0.763125
0.198954
2.543538
3.154335
4.081672
4.222417
6.278844
7.299732
-2.409181
-1.050053
-0.007077
0.563530
2.097039
-11.828747
-9.761197
-3.923239
-0.989819
1.694234
3.882360
1.082176
-0.399864
0.845447
3.227500
2.897592
3.691661
3.809260
5.826789
6.500232
0.878968
-1.120320
-0.247374
0.572095
2.144641
-11.587459
-9.708254
-4.087450
-0.958244
1.925824
4.006015
0.963548
-0.469000
0.743997
3.003853
2.898340
3.473105
3.015480
5.197503
6.010884
-4.088499
-1.398356
-0.507446
0.400327
2.159409
-11.334423
-9.765464
-3.800552
-0.345876
2.082542
3.540858
0.169509
-0.801531
0.283954
2.245973
2.295140
3.309787
3.269567
5.258036
6.023480
0.717458
-1.241906
-0.371863
0.452869
2.079037
-11.692142
-9.838026
-4.023492
-0.964705
1.658172
3.534941
0.553883
-0.589009
0.322565
2.482289
2.604974
3.442846
3.458225
5.673344
6.567677
0.913145
-1.368592
-0.282858
0.380641
2.145053
-11.084241
-9.739031
-4.161818
-1.168575
1.620714
3.789455
0.851250
-0.597945
0.564817
2.948912
3.005525
3.439115
3.116608
5.516870
6.587396
-3.731470
-1.247394
-0.366007
0.464500
2.140639
-11.902920
-9.894856
-3.782914
-0.422637
2.215505
3.962183
0.825113
-0.556523
0.676776
2.746505
2.413874
3.165156
2.964856
5.181137
5.983922
-3.086746
-1.366775
-0.467454
0.459645
2.131519
-11.108133
-9.741139
-3.979343
-0.782746
1.969277
3.754710
0.528142
-0.801130
0.490464
2.446328
2.649036
2.987184
2.226400
4.213334
6.115111
-0.246150
-1.441092
-0.344119
0.354089
2.105957
-11.850116
-9.863432
-3.468369
0.013173
2.265579
3.576536
0.389279
-0.798183
-0.032403
1.549944
2.210368
2.762857
1.755374
3.238780
6.053394
-8.048429
-1.448083
-0.536010
0.416148
2.075405
-11.557080
-9.992302
-3.618164
-0.157208
1.974823
3.155348
0.289117
-0.909714
-0.319046
1.193185
2.177190
2.778939
1.884459
3.363694
6.465102
-3.654546
-1.505092
-0.403446
0.363139
2.065264
-10.202040
-9.790565
-3.916099
-0.604748
1.700264
3.155661
0.333228
-1.000995
-0.425022
1.382865
2.463532
2.979094
1.857874
2.838984
6.754548
-1.616498
-1.419681
-0.313565
0.380711
1.964849
-11.999429
-10.112585
-3.536195
0.357058
2.511569
3.512356
0.634536
-0.705452
-0.245657
1.114095
1.907142
2.857775
1.982745
3.613499
6.267677
-6.063368
-1.470104
-0.542070
0.437558
2.399012
-7.111730
-9.608264
-4.290705
-1.361645
0.565349
1.650251
-0.740233
-1.619903
-0.851135
0.541476
2.331976
4.004148
3.067560
3.653056
6.913309
-0.701947
-1.017314
-0.134461
0.723734
2.181109
-11.848927
-10.112161
-3.674744
-0.066687
2.479980
3.803920
0.934331
-0.496218
-0.100923
1.383487
2.447415
2.753135
1.231542
2.559872
6.667852
9.091084
-1.525604
-0.414977
0.383040
2.051625
-9.999507
-9.828446
-3.793818
-0.358242
1.888152
3.236341
0.259176
-1.025729
-0.222317
1.696777
2.680003
2.574369
0.888368
2.210116
6.939394
10.344850
-1.545059
-0.424334
0.282087
1.843585
-12.032170
-10.542179
-3.648812
0.272176
2.440438
3.544904
0.506426
-0.616096
0.361968
1.971039
1.845770
2.348269
2.175469
5.314999
6.687260
-2.221254
-1.340565
-0.414640
0.453247
2.260601
-6.929715
-9.706128
-4.743641
-1.578443
0.538121
1.784383
-0.826254
-1.590481
-0.468044
1.163514
2.404469
3.982310
3.918313
5.405454
7.098507
0.646376
-1.033798
0.051524
0.639102
2.249203
-10.446753
-10.139941
-4.431069
-1.228473
1.759362
3.824463
0.863425
-0.465274
0.449355
2.438565
2.997781
2.917684
1.924678
4.589066
7.652800
-0.153744
-0.956720
0.160885
0.756435
2.222141
-11.925046
-10.519539
-3.698171
0.180992
2.839234
4.443680
1.028913
-0.335504
0.692543
2.417537
2.536195
2.353094
0.817780
3.144674
6.298977
4.486392
-1.638124
-0.636477
0.298570
1.865431
-12.056186
-10.615180
-3.626762
0.646250
3.218245
4.238171
0.563109
-0.523739
0.756661
2.484699
2.062332
1.854352
0.655786
3.247025
6.069223
-7.790607
-1.477382
-0.309588
0.357605
1.948667
-12.128154
-10.645447
-3.790308
0.155197
2.840535
4.167495
0.687990
-0.461386
0.720958
2.437783
2.136624
1.922551
0.864225
3.566263
6.233639
-5.983392
-1.517996
-0.551891
0.336848
1.971535
-12.055897
-10.665589
-3.828021
0.222054
3.243247
4.717872
1.089630
-0.258229
1.003929
2.547970
2.338944
2.002199
0.412555
2.528472
6.005932
9.810360
-1.786849
-0.612469
0.170994
2.355634
-11.849125
-10.909886
-3.625267
0.530055
3.105470
4.084102
1.093363
0.088433
1.224934
2.267497
2.157276
1.580261
1.316895
3.563941
5.306784
5.850832
-2.364717
-0.615196
0.102039
2.311790
-12.048621
-11.065787
-3.555822
0.306608
2.643787
3.390710
0.807443
0.163814
1.285398
1.882917
2.022621
1.039331
2.736820
4.079703
4.355128
4.869013
-2.053509
-0.982960
-0.035966
2.212748
-7.081427
-9.395916
-3.660055
-2.681306
0.071913
1.871847
-0.341163
-0.634750
0.305577
1.470394
2.642093
2.942652
3.182813
4.584040
5.233878
-4.859447
-1.386793
-0.286357
0.313240
2.724893
-9.816833
-10.372822
-3.773343
-1.347760
1.227683
3.192090
0.944331
-0.016850
0.942425
1.639119
2.665462
2.756560
2.401599
4.216009
5.464630
5.612195
-1.770759
-0.583591
0.131074
2.501969
-9.708806
-10.175326
-3.315897
-0.600676
1.580417
2.916644
0.558499
-0.238153
0.937413
1.663855
2.410378
2.088635
1.976583
3.447441
5.057454
5.603418
-1.848330
-0.827657
0.082605
2.268172
-10.970397
-10.477124
-3.383654
-0.475470
1.780667
2.954733
0.820465
-0.131593
0.822865
1.890260
2.020287
1.592650
2.654953
4.204388
4.613141
-1.374976
-1.891735
-0.915115
-0.012938
2.240128
-6.131148
-9.424526
-3.699963
-2.050775
-0.394174
1.369741
-0.572309
-0.991081
0.232495
1.179401
2.669610
3.401559
2.989282
4.000899
5.344869
-1.885130
-1.521344
-0.608755
0.285883
2.471141
-9.051924
-10.063251
-3.557980
-1.351407
1.275517
3.174106
0.922904
-0.176706
0.691271
1.610478
2.577605
2.795275
1.450097
2.269303
5.338912
5.937712
-2.486682
-0.590477
0.116879
2.402136
-10.227142
-10.519272
-3.439226
-0.711144
1.183544
2.409450
0.132694
-0.789743
0.333283
1.079881
2.102313
2.500220
2.441880
4.209554
5.414136
-5.487359
-1.676406
-0.541504
0.112504
2.523104
-6.367056
-9.785736
-3.837892
-1.837222
0.090913
1.826007
-0.369535
-1.005856
0.006899
0.507834
2.359815
3.490989
2.649924
3.263300
5.966371
6.595095
-1.451093
-0.523560
0.373341
2.564677
-10.062713
-10.525725
-3.700295
-0.860176
1.535965
3.044708
0.708259
-0.557843
0.253266
0.748878
2.233012
3.113014
1.619438
2.331238
5.891273
6.565807
-1.861856
-0.629907
0.060917
2.524675
-7.740366
-10.067960
-3.573824
-1.243570
0.899815
2.565695
0.279556
-0.722608
0.175950
0.597466
2.361117
3.435422
1.448651
1.294286
6.045864
6.719390
-1.898039
-0.594285
0.133136
2.423818
-10.303815
-10.730289
-3.582992
-0.018086
1.547956
2.153104
-0.166188
-1.050668
-0.341589
-0.142102
1.465629
2.309149
2.460251
4.074967
6.008872
-6.617063
-1.660777
-0.365844
0.296024
2.643297
0.292070
-9.594539
-5.718400
-4.209961
-1.884747
0.060161
-1.234586
-2.059707
-1.315477
-1.403648
1.758975
5.269104
3.833470
2.230691
7.583932
-5.143510
-1.150556
-0.192044
0.683368
2.593565
-9.224154
-11.029881
-4.217780
-0.577318
1.723645
3.093701
0.883198
-0.747435
-0.693067
-0.176974
2.139412
3.602335
2.119503
2.075222
7.276418
8.089175
-2.086635
-0.150881
0.553024
2.869619
-4.922169
-10.040892
-3.990862
-0.778041
0.412116
1.560604
-0.373348
-1.468160
-0.556266
-0.608768
2.236503
3.319692
1.850019
0.934029
6.484097
7.214591
-2.879879
-0.626250
0.186407
2.451369
-9.362235
-11.025321
-3.955083
-0.089734
1.759040
2.424666
0.114484
-1.005362
-0.378655
0.040491
1.746743
2.839391
1.757500
3.259623
7.121359
-4.918884
-1.207616
-0.052434
0.569321
2.741289
-6.201986
-10.283220
-4.347662
-1.282218
1.114516
2.600751
0.253400
-1.117158
-0.354105
0.120275
2.176959
3.250979
1.912761
2.305470
6.921068
7.631567
-1.866931
-0.385143
0.608024
2.657850
-11.055121
-11.300380
-3.872273
-0.204272
2.484121
3.720858
1.166885
-0.061023
0.709401
0.990874
2.116976
1.888401
1.195632
2.985078
6.294689
6.999576
-1.713282
-0.431522
0.352590
2.670395
-9.095767
-10.592496
-3.646538
-0.702274
1.962337
3.448405
0.662087
-0.469232
0.700397
0.902695
2.184395
2.266372
0.777918
1.283492
6.098840
6.799823
-1.975063
-0.819391
0.226519
2.105459
-9.660289
-11.059982
-3.704546
-0.747102
1.374877
2.784163
0.389194
-0.580345
0.703107
1.190268
2.192310
2.307250
0.653715
2.451280
6.230898
6.920640
-1.699352
-0.454413
0.505263
2.553755
-10.796810
-11.059324
-3.828382
-0.375349
2.803491
4.498634
1.608771
-0.011454
0.879792
0.957525
2.361066
2.351950
0.071278
-0.686129
5.775557
6.528293
-1.394965
-1.142419
-0.031801
1.948890
-7.559436
-10.850076
-3.511025
-0.681575
0.538155
1.479313
-0.824189
-1.320461
0.018545
-0.071430
1.843399
2.488919
0.726132
1.342575
6.685136
7.301025
-1.864813
-0.780505
0.260004
2.246828
-9.278176
-11.285333
-3.973531
-0.331300
2.447926
3.977719
1.171981
-0.348567
0.353305
0.480733
2.319523
2.815566
0.281886
-0.706555
5.652719
6.187313
-4.777040
-1.241018
-0.110126
1.618494
-5.855730
-11.723774
-4.730589
-1.063233
0.658991
1.615302
-0.063670
-0.649783
0.285307
0.109602
2.188346
2.880662
0.896002
0.776988
6.420064
6.823091
-1.540773
-0.735240
0.299779
2.009832
-6.418232
-11.905983
-4.709709
-1.107380
1.278323
2.665827
0.879050
-0.112739
0.487187
0.373308
2.463368
2.497547
0.255724
-1.581213
4.348322
4.733489
13.878759
-1.763927
-0.622530
1.089683
-3.415465
-11.278821
-5.167125
-1.933104
-0.730282
0.558582
-0.727784
-0.971159
0.045767
0.143255
2.016512
2.987147
1.374264
1.628665
7.106647
7.189650
-1.809221
-0.538960
0.228930
2.037503
-6.400844
-12.059936
-4.992520
-1.008995
1.585612
3.223956
1.428110
0.057490
0.360101
0.172551
2.291996
2.961038
0.396569
-1.776181
3.951251
4.603881
13.802971
-2.023957
-0.771631
1.039607
-3.364415
-10.834076
-5.192041
-2.199269
-1.080504
-0.014249
-1.235446
-1.416418
-0.122300
-0.255279
1.874327
4.093792
2.481164
2.482544
7.567628
-5.650131
-0.715563
-0.054935
0.863746
2.345294
-7.259810
-12.121706
-5.514790
-1.959884
0.534446
3.089294
1.788721
0.342961
0.583540
1.532717
3.390289
3.697757
1.593496
2.164668
6.844618
7.780391
-1.666192
-0.639184
0.355322
1.772640
-4.894131
-11.595621
-5.087176
-1.645408
0.226708
1.762839
-0.041981
-0.534147
0.426221
0.385787
2.212980
2.676828
0.424579
-0.601227
4.248185
4.994439
-5.878769
-1.564372
-0.587241
1.526165
-4.531018
-11.362927
-5.018333
-1.790866
-0.228947
1.369338
-0.261586
-0.832499
0.067360
0.526416
2.321631
2.900525
1.356140
1.655981
6.634592
7.896799
-1.487932
-0.465600
0.544190
2.065935
-6.082785
-11.940661
-5.032416
-1.501466
0.816672
2.750998
0.922936
-0.121057
0.393559
0.364600
2.202436
2.492820
0.938065
0.584957
5.348540
6.867535
-3.601594
-0.944559
0.177637
1.847659
-4.999826
-11.539931
-4.721945
-2.238236
-0.058970
1.476733
-0.214149
-0.816724
0.136225
-0.376314
1.684507
3.068400
1.801563
0.557054
4.903118
6.647420
-1.846920
-0.628418
0.410593
1.971608
-5.818744
-11.783463
-5.218704
-2.112890
-0.080869
2.025614
1.066300
-0.250485
0.200152
1.186347
2.607201
2.747926
1.279039
2.160425
6.095009
7.293661
-1.847047
-0.448129
0.321060
2.088224
-5.908862
-11.649962
-4.866106
-1.525285
0.418243
2.264858
0.493641
-0.291528
0.446880
-0.093777
1.849261
2.602681
0.728513
0.098731
3.682160
5.755986
-5.324244
-1.326910
-0.350121
1.850201
-5.741403
-11.208496
-5.152036
-2.846048
-0.369891
1.860507
0.941240
-0.602768
-0.368117
0.702072
2.709955
3.552372
1.981028
1.368001
6.466766
7.909791
-1.597976
-0.214250
0.512572
2.105608
-4.729810
-11.885231
-5.295244
-1.959210
0.129397
2.358247
0.810209
-0.394710
0.218121
0.508821
2.542283
3.084187
0.662952
-0.338350
4.227273
6.096329
-5.799078
-1.311349
-0.337936
1.589661
-3.769500
-11.217803
-5.409191
-2.538553
-0.685884
1.122288
-0.528353
-1.123422
-0.075069
-0.234070
1.811268
3.671060
2.185050
0.983519
4.979221
6.885665
-2.588836
-0.470438
0.332026
2.186776
-6.625600
-11.842086
-5.794215
-2.768940
0.121688
3.132333
3.011885
0.542054
0.085062
1.849038
3.866973
2.963145
0.848547
0.418175
5.085351
6.446172
-2.847771
-0.841387
0.006373
1.680723
-2.120405
-11.358553
-5.736309
-2.299815
-0.889467
0.943248
-0.446997
-1.118033
-0.270763
-1.174706
1.218414
3.324126
1.125707
-1.746911
0.778502
3.611320
13.522408
-2.332005
-1.110557
0.843146
-1.360976
-10.603270
-6.564748
-3.639627
-2.343387
-0.045648
-0.347602
-1.363482
-0.853863
0.781021
3.345090
6.572666
3.447699
4.682155
8.235202
-5.301243
-0.943039
0.638817
1.210437
2.728723
-7.163110
-11.422673
-4.716056
-0.303953
0.898036
2.669578
0.919572
-0.426327
0.151628
-0.920339
2.449523
3.916015
2.716180
3.106092
4.703102
6.290410
-2.719812
-1.378226
-0.424115
1.168650
1.236353
-10.376600
-6.630531
-4.115310
-2.363476
-0.230711
-0.944457
-1.242555
-0.121572
0.036605
2.395537
4.867073
3.134204
0.449688
5.646634
6.001827
-1.601772
-0.476690
0.439925
1.780166
-1.101232
-11.662319
-6.483562
-3.045065
-1.624913
0.586927
-0.333552
-1.110273
-0.684601
-0.003980
2.271600
3.517108
2.886459
4.185252
6.499486
7.800516
-1.684062
-0.481479
0.307363
2.407607
-3.125595
-10.383855
-5.759339
-3.500148
-0.611158
1.226508
-0.392082
-1.209140
-0.496577
-1.138244
1.467388
3.510481
4.088621
3.089982
4.520521
6.634274
0.063514
-0.232795
0.768899
2.399783
-3.944264
-10.858109
-5.266367
-3.392895
-1.860153
0.888061
0.661256
-0.530824
-0.469194
0.912770
3.202866
4.439505
2.284838
1.440509
6.398625
7.790700
-1.536817
-0.275235
0.651271
2.046599
-1.133584
-11.419554
-6.060794
-3.299916
-1.930774
0.442805
-0.269712
-0.866607
-0.334017
-0.711954
1.877433
4.321515
1.886718
0.267037
3.718118
6.064879
-3.157386
-1.098408
-0.217847
1.914070
-3.846443
-11.009956
-5.771837
-3.054962
-1.084241
1.256890
0.498575
-0.643073
-0.167769
1.015040
3.169707
4.418828
1.910236
2.271514
6.662693
7.510880
-1.459190
-0.227719
0.775836
2.470434
-4.826837
-10.355791
-4.288746
-2.331873
-0.767258
1.517762
-0.520917
-1.405111
-0.419146
-0.416416
2.167627
4.343501
2.054110
1.278954
5.333532
6.230812
-2.891358
-0.764083
0.088124
2.094374
-4.161923
-10.419944
-5.139615
-3.388633
-1.823310
1.013819
0.325981
-1.157869
-0.802907
0.707714
3.120722
5.006227
2.597938
3.682032
7.201546
1.624886
-1.219512
-0.063346
0.862210
2.464940
-4.455455
-10.187818
-4.093238
-1.603395
-0.398244
1.350364
-0.571796
-1.495754
-0.470772
-1.341542
1.741523
3.789099
2.343035
0.482511
2.560924
3.443694
-4.596076
-1.746025
-0.512889
1.445150
-1.737569
-10.072412
-5.833211
-4.400601
-3.235297
-0.277357
-0.370322
-1.838107
-1.378752
0.925369
3.775567
8.191555
4.634480
5.380618
7.857806
-4.656567
-0.929042
0.378117
0.972246
2.860299
-6.969127
-9.997530
-4.001794
-1.561482
0.306117
2.635082
0.326427
-0.845067
-0.212812
-0.952783
2.678153
4.248154
4.717036
4.678979
6.904607
6.217296
-1.815781
-0.527744
0.358194
2.155350
-2.009724
-9.894296
-5.121577
-4.088019
-2.828816
-0.297095
-1.417216
-1.620447
-0.621791
0.219540
3.034858
6.324405
3.531460
1.824184
6.729281
-2.275885
-1.169082
-0.036592
0.800817
2.193698
-0.046182
-10.870879
-6.153133
-4.112987
-2.785554
0.061943
-1.130309
-1.733957
-1.146222
-0.182499
2.623592
5.369874
3.922552
3.072093
6.633996
7.536548
-2.231371
-0.320778
0.432974
2.677041
-3.973687
-10.039730
-5.258630
-2.747464
-1.182760
0.562212
-0.951883
-1.608842
-0.902203
-0.056750
2.828945
4.326160
4.902308
4.456628
6.988297
-0.026187
-0.971497
0.147225
1.083821
2.663538
-3.162257
-4.697427
-4.882271
-4.169964
-4.000028
-3.653300
-3.421999
-3.193846
-2.979057
-2.779075
3.101136
1.723456
2.182811
2.777147
3.546589
4.802654
5.658177
6.359168
6.847399
7.412265
7.876661
6.939675
-5.975459
-8.936541
-8.166251
-4.605418
-1.210153
-0.356790
-0.378927
1.082574
8.312900
12.509291
13.661473
10.698405
-1.391250
-0.981503
-0.823550
-0.123124
0.542981
0.682286
2.011341
-3.132601
-8.480785
-6.083669
-5.799483
-3.350421
-1.617875
-3.302200
-4.552473
-3.831407
-2.192489
1.926864
8.256508
8.015811
-0.998834
-0.546824
4.872128
14.616105
-2.395777
-0.866017
0.332510
-2.308307
-11.482145
-5.040792
-3.231581
-2.733701
-1.786599
-2.971490
-3.050874
-1.962494
-0.558412
3.738313
9.078545
6.792894
4.482181
-3.772249
-3.396220
-1.536505
-0.389736
0.343077
1.459737
-1.375319
-10.239185
-6.923356
-5.257504
-2.776471
-0.343349
-1.585970
-2.503103
-1.465611
1.707284
6.555882
10.728112
8.066799
7.434442
-2.857371
-0.041332
-0.348155
0.467756
1.210984
2.637045
-0.941189
-9.226687
-7.391092
-5.889682
-3.006302
-0.157804
-1.475038
-2.191563
-0.970809
2.200304
6.934203
10.495771
7.710701
7.088800
-6.030793
0.557963
-0.522372
0.352710
1.300013
2.045865
-1.211385
-9.689878
-7.854408
-6.829199
-4.442912
-1.299515
-1.944928
-2.311671
-1.336393
1.826403
7.584903
10.650827
9.285109
7.343938
-2.694361
-1.885102
-0.964685
0.087880
0.772664
0.963762
-1.600230
-10.415435
-7.611540
-5.748362
-3.271116
-0.534192
-1.575162
-2.389284
-1.343406
1.981515
7.825644
11.072439
8.110104
8.190959
-1.957371
-1.309931
-0.455604
0.601503
1.220560
2.351508
-1.015593
-9.117470
-7.508502
-6.421443
-3.817861
-1.218889
-2.391355
-2.526631
-1.328274
1.966738
7.037948
10.601964
8.774159
6.569733
-4.873947
1.672976
-0.478512
0.568113
1.255956
1.859502
-0.790000
-9.887135
-8.332701
-7.498468
-4.701736
-1.285163
-1.957729
-2.681756
-1.677706
1.344350
6.895766
10.477410
10.386044
8.619407
-2.684320
-1.823919
-0.878621
0.187369
0.874027
1.299259
-1.210662
-9.639807
-7.725441
-6.233019
-3.485465
-0.700779
-1.764177
-2.116327
-1.065203
2.055989
7.249860
10.466399
9.559892
7.916517
-1.046163
-1.953678
-0.255049
0.553513
1.453236
2.147853
-0.789716
-9.611343
-8.102081
-7.343320
-4.362981
-1.386625
-2.533842
-2.758026
-1.702493
1.516428
6.636552
10.415524
10.344528
6.167840
-3.444298
-1.154663
-0.974104
-0.168241
0.779866
0.967512
-1.240575
-10.932679
-8.376184
-7.109106
-4.497065
-1.334826
-1.981348
-2.617356
-1.667782
1.397035
7.766006
11.453291
11.181385
9.099694
-1.977717
-1.226704
-0.362062
0.687342
1.303567
2.592151
-0.471191
-8.506297
-7.108839
-6.889626
-3.427732
-0.925184
-2.108620
-2.250749
-1.217640
1.863106
6.706756
10.296468
9.876636
7.869800
-2.204229
-1.722385
-0.755104
0.406833
1.070088
1.283694
-1.002713
-9.850044
-8.458057
-7.921498
-4.675889
-1.036851
-1.122915
-2.918124
-2.342233
0.380663
6.003572
10.393891
10.256116
8.376345
-2.967309
-1.954640
-1.114868
-0.128732
0.571174
0.784010
-1.235458
-10.172335
-8.220925
-6.088284
-2.883868
-0.440102
-1.666523
-2.561113
-1.802660
1.513725
6.948155
10.430033
9.785846
7.817946
-2.083549
-1.534275
-0.636593
0.570671
1.264753
2.488708
-0.613753
-9.011858
-7.663641
-7.671240
-4.197983
-1.778305
-3.291437
-3.568069
-2.124745
1.479849
7.127082
11.153858
10.892735
6.595964
-1.763596
-1.538456
-0.702516
0.308380
0.891453
0.941260
-1.510197
-11.087547
-9.569038
-7.530779
-4.374819
-0.877108
-0.852771
-2.690243
-2.570965
-0.382694
5.093408
10.872804
11.422905
8.213078
-4.107666
2.020659
-0.963571
0.095144
0.828782
2.083962
-0.325973
-8.833791
-7.803481
-6.154066
-3.508129
-1.433634
-2.229267
-2.484154
-1.407131
3.049031
6.788711
10.747724
10.424006
7.302870
-1.713426
-1.576426
-0.349905
0.554436
1.363081
1.989101
3.725458
-8.979028
-8.765673
-8.574368
-5.660146
-2.340188
-2.633556
-3.525575
-2.768705
0.641323
5.521924
11.246757
11.127857
8.494476
-4.874034
-3.654397
-1.146498
0.250259
1.026441
1.631805
3.743539
-9.670534
-9.341957
-7.632597
-4.397717
-1.687381
-2.437246
-2.594802
-1.746295
1.928465
6.411686
10.382156
9.083887
6.206871
-2.405163
-2.081807
-1.026104
0.158529
0.652762
2.347735
3.721793
-8.746515
-8.474386
-7.854197
-4.862348
-1.914076
-2.806417
-2.983807
-1.884844
2.003675
6.506456
11.019822
10.992175
6.320359
6.850611
-2.929078
-0.435682
0.618468
1.128655
1.604840
3.343575
-9.654941
-9.036195
-7.680203
-4.611838
-1.743842
-2.798609
-2.833075
-2.016359
1.004767
5.775393
10.246638
10.437155
8.341342
-2.285707
-1.577918
-0.446351
0.432505
1.195927
2.400815
4.385481
-8.135893
-8.124296
-8.338102
-5.591324
-2.601212
-3.185515
-2.993443
-1.722556
1.988037
6.328032
10.408230
10.296301
5.990559
-3.520915
-2.576680
-1.014266
-0.152656
0.705390
1.214126
2.691613
-10.474766
-10.143408
-8.355284
-5.255194
-2.133550
-2.024870
-2.976272
-2.493678
0.791527
5.182488
11.728360
11.912817
7.405884
-2.442932
-1.833191
-0.794983
0.215334
0.713645
2.191525
3.801338
-8.864607
-8.349634
-6.428953
-3.473906
-1.498814
-2.473629
-2.958822
-1.921243
2.430593
6.426604
11.091977
9.472488
5.707792
-1.912951
-1.364040
-0.240496
0.692162
1.459134
2.801549
4.790398
-8.345066
-8.622898
-8.891694
-6.049303
-2.752431
-3.252066
-3.853349
-2.885250
0.617947
5.489464
11.555559
11.525009
7.686020
7.291727
-1.814090
-0.645742
0.126452
0.963779
1.591023
2.899445
-10.106085
-8.631624
-6.107672
-3.046273
-1.244301
-2.470619
-2.800836
-2.308606
0.253453
4.760672
9.911733
10.472715
5.757202
-1.021796
-2.513801
-0.882253
0.434146
0.983473
2.849627
4.444279
-7.718028
-7.328943
-8.498678
-5.574337
-2.801565
-3.507504
-3.473266
-1.895114
2.094136
6.443510
10.780280
10.701616
5.359104
6.357952
-5.185690
-0.615316
0.242454
0.820442
1.697613
2.920922
-10.764995
-10.244761
-9.062053
-6.076190
-2.717533
-2.133209
-3.161061
-2.701175
0.233077
4.404175
12.337698
12.475526
10.444644
-1.829230
-1.391112
-0.204196
0.556188
1.212807
2.847508
4.380491
-7.500067
-6.469001
-6.998881
-3.695515
-1.217803
-1.938254
-2.052180
-1.148983
1.342525
5.456244
9.623063
9.496612
6.596526
5.930415
-4.726085
-0.632993
0.656754
1.281353
2.596579
3.770610
-8.372872
-7.779352
-9.473747
-6.613352
-3.025973
-3.090369
-4.674543
-4.140386
-1.634114
4.013195
11.013803
11.469855
9.208158
6.667293
-4.067317
-0.927616
-0.144646
0.769844
1.563604
2.879109
-10.989734
-8.784906
-5.894222
-2.884241
-1.198078
-2.601675
-3.153162
-2.594762
0.499490
4.379422
9.573537
8.173645
5.023335
6.980958
-3.832455
-1.315068
-0.012636
0.609260
2.520622
3.741860
-8.456476
-7.223308
-6.520874
-4.298497
-3.072129
-3.476903
-3.434294
-2.042474
2.357749
6.268837
11.342336
10.877643
5.038797
-2.018260
-1.709131
-0.440203
0.460821
1.271104
2.123345
4.138828
-9.644736
-9.727993
-9.017279
-5.765289
-2.319990
-1.966059
-3.631817
-3.052269
0.185925
4.546191
12.296672
12.551477
7.442090
7.229712
-3.625583
-0.295671
0.529221
1.283836
2.355209
4.031452
-8.516367
-7.046343
-6.030341
-3.309107
-1.040299
-1.878168
-2.118736
-1.427709
0.583243
4.744205
9.236137
9.330816
4.728617
5.853116
-4.360582
-0.943401
0.342080
0.992794
2.532494
3.423908
-8.622295
-7.685568
-8.292118
-5.828089
-2.961735
-4.111672
-3.965975
-2.630138
0.444934
5.423842
10.800611
10.709095
5.816031
6.635370
-2.579742
-0.688606
0.199874
1.076182
1.810547
3.016019
-10.399911
-8.922618
-6.805941
-3.981052
-1.542321
-2.942961
-3.021249
-2.252659
0.175816
4.308679
9.973535
10.625127
4.604153
6.779541
-4.281304
-0.991315
0.231337
0.870069
2.450833
3.853982
-8.708161
-7.526965
-6.602443
-4.480789
-2.693971
-3.364829
-3.448432
-2.016021
1.474456
5.862789
10.859803
10.721134
3.703015
-2.563954
-2.369291
-1.058782
-0.095036
0.812707
1.223777
2.914507
-10.887247
-9.956287
-7.749936
-4.684623
-2.075347
-2.672131
-3.411414
-2.490283
0.691569
4.940951
12.201427
12.803733
5.432522
0.294566
-2.599348
-0.693258
0.400063
0.916399
2.438002
4.022116
-8.424931
-7.447223
-6.311109
-3.681821
-0.808473
-1.997061
-2.285682
-1.260868
1.236567
5.253541
9.948697
9.987074
3.360674
6.443977
-1.972940
-0.645032
0.558987
1.180072
2.309018
3.632977
-9.296805
-8.050156
-7.183597
-4.662863
-1.880368
-3.045815
-3.448658
-2.361873
0.473636
5.177630
9.946282
10.065180
5.190768
6.422998
-3.166003
-0.746989
0.191407
1.083403
1.804105
3.393527
-9.774837
-8.172812
-6.326958
-4.095319
-2.031390
-3.177229
-3.315484
-2.274513
0.421079
4.714820
9.580002
9.949735
4.673810
6.311420
-3.319685
-1.025275
0.208614
0.854266
2.042705
3.418411
-9.742193
-8.310017
-6.710544
-4.442549
-2.503690
-3.892594
-3.923772
-2.493385
0.593761
5.376345
10.598312
10.824874
4.684836
6.601197
-4.131711
-0.970329
0.588651
1.161274
2.263242
3.964363
-9.700420
-8.749331
-7.355950
-4.841184
-2.677297
-4.231486
-4.202383
-2.683363
0.340703
5.326066
11.131435
11.396068
5.109681
6.996989
-2.246827
-0.942638
0.001523
0.898140
1.903510
3.472539
-9.510787
-8.492171
-7.106242
-4.277294
-1.468251
-2.571573
-3.306696
-2.232492
0.608576
5.018951
11.065683
11.414201
4.775254
6.930547
-4.274902
-0.686324
0.488569
1.082468
2.507348
4.071642
-9.027713
-8.061397
-7.172256
-4.740455
-2.114509
-3.386240
-3.776887
-2.368381
0.600252
5.398812
10.764005
10.985907
5.212451
6.886522
-4.086365
-1.001335
0.423618
1.300554
2.175684
3.873807
-9.407042
-8.520590
-7.549785
-5.279798
-2.439610
-3.328417
-3.930085
-2.621358
0.306254
5.229483
10.932625
11.188114
6.157181
7.046483
-4.259010
-0.786837
0.188372
1.084708
2.159101
3.883401
-9.243305
-8.432231
-7.322734
-4.990612
-2.460463
-3.762597
-4.008991
-2.468312
0.575091
5.584028
11.255060
11.502657
5.413254
7.067151
-3.049908
-0.927720
0.277653
0.930768
2.106848
3.524148
-9.518935
-8.584194
-7.438394
-4.652606
-1.573743
-2.134362
-3.544778
-2.795177
-0.033099
4.571294
11.425616
11.632137
7.216447
7.348461
-3.797743
-0.399247
0.563112
1.384065
2.491305
4.223222
-8.896630
-7.462592
-6.989173
-4.491692
-2.517140
-3.839174
-3.986427
-2.348077
0.376842
5.141051
10.371208
10.753029
5.158934
6.709928
-2.036861
-0.940638
0.293443
0.980782
1.739174
3.175599
-10.202686
-9.317145
-7.920360
-4.708846
-1.730360
-2.074423
-4.250597
-4.055297
-1.732569
3.072828
11.866679
12.617701
8.279729
7.844656
-2.601408
-0.578359
0.463531
1.018024
2.476497
4.096964
-9.091544
-7.338094
-5.973012
-3.589548
-2.324275
-3.466527
-3.908098
-2.482562
0.230320
4.447885
10.334500
10.999816
3.892749
6.700926
-4.572728
-0.825691
0.222216
1.190724
1.900432
3.666903
-10.170785
-9.542611
-8.293415
-5.071323
-2.394966
-2.700466
-4.727206
-4.197821
-1.403063
3.475704
11.803972
13.347790
7.714592
8.354419
-3.228034
-0.298052
0.563742
1.370780
2.723655
4.453116
-8.944222
-6.928110
-5.939247
-3.525872
-1.811874
-3.253263
-3.901870
-2.495149
0.178469
4.588387
10.176933
10.712614
3.651450
6.635290
-2.169908
-0.818425
0.443153
1.129782
2.218781
3.300169
-9.461941
-9.032295
-7.805953
-5.337109
-2.500129
-2.794719
-4.388120
-3.523416
-1.069981
3.486736
10.701834
11.686111
7.776588
7.588573
-3.670418
-0.688555
0.434649
1.304245
2.632657
3.874420
-8.197424
-7.021941
-6.569547
-5.158167
-3.406270
-4.046883
-4.210464
-2.666642
-0.454605
4.262136
10.226454
10.885416
4.664406
6.091556
-3.329062
-1.208713
-0.116460
0.913941
1.724960
2.603150
-9.538129
-9.663491
-7.903786
-5.225708
-2.799767
-3.466382
-4.537481
-3.402251
-1.317463
3.025485
10.550461
12.728706
6.423675
8.104405
-4.025205
-0.203292
0.701076
1.498809
2.908131
3.171739
-8.568899
-6.417591
-5.625171
-3.756143
-1.941012
-3.047325
-3.765389
-2.415253
-0.290176
3.786766
9.454862
10.087726
2.578879
3.913378
5.620362
-1.444307
-0.242811
0.819947
1.737151
2.499125
-9.805450
-9.070855
-7.030714
-4.777336
-2.505082
-3.642673
-4.217331
-3.137357
-1.382540
2.990057
9.897424
11.490658
7.146710
7.776168
-3.829167
-0.584722
0.721518
1.595242
3.289736
-0.250809
-9.050075
-5.192343
-4.534400
-2.745181
-1.811619
-3.037005
-3.901726
-2.312173
-0.407801
3.398367
8.082389
9.430667
3.356630
2.473509
4.561751
-2.016740
-0.654092
0.471800
1.447274
2.036874
-10.148657
-9.693662
-7.840063
-5.760531
-2.916904
-2.828357
-4.010354
-3.040287
-1.488080
2.583747
9.953889
12.175106
6.157498
7.850550
-3.947237
-0.620301
0.585081
1.178431
3.169458
0.232219
-8.587928
-4.925401
-4.109956
-2.269792
-1.303762
-2.689694
-3.682503
-2.355422
-0.742796
3.403274
8.056621
9.100335
2.548867
0.502332
3.156914
0.508852
-1.144084
0.101975
1.194046
1.769574
-10.042616
-9.183756
-7.071141
-5.596149
-3.698791
-4.460716
-4.376049
-2.547302
-1.103365
3.041543
10.444788
12.135183
6.607273
7.983642
-3.857888
-0.745723
0.537410
1.147155
3.287691
0.616812
-8.190627
-5.107621
-5.077728
-3.279336
-1.891908
-3.466351
-3.986475
-2.491680
-0.713983
4.063336
9.586843
10.162333
4.136787
0.578692
3.138099
-3.616434
-1.127200
0.079168
1.092843
1.901784
-9.937507
-9.166654
-7.012825
-5.331757
-3.218506
-3.915742
-3.862075
-2.237212
-0.835232
3.235195
10.556013
12.189982
6.533775
8.030308
-4.122011
-0.516545
0.738209
1.329278
3.420776
-0.523892
-8.446522
-4.650334
-4.759342
-2.902021
-1.403836
-3.289156
-4.097309
-2.484674
-0.619330
4.093949
9.133483
9.760094
4.471772
0.372739
2.923994
0.520794
-1.103101
0.113965
1.129615
1.863397
-10.061325
-9.198002
-7.101879
-5.544049
-3.419508
-4.166863
-4.258912
-2.532304
-1.110484
2.960088
10.516772
12.153495
6.242352
7.862768
-3.511963
-0.758817
0.470347
1.108206
3.026109
0.876772
-8.408199
-5.171977
-5.215128
-3.157040
-1.455493
-3.393919
-4.075841
-2.472817
-0.747209
4.048961
9.516734
10.010195
4.571154
0.332084
2.811265
-3.858811
-1.043534
0.124695
1.114311
1.963504
-10.052941
-9.184628
-7.188261
-5.340481
-3.139612
-4.084989
-4.414463
-2.728289
-1.321954
2.793743
10.443407
12.527760
6.177421
7.994154
-3.273781
-0.554485
0.466779
1.322261
2.927820
2.570152
-8.391664
-5.760770
-5.360425
-3.482922
-1.888513
-3.710550
-4.422290
-2.754873
-1.007944
3.904360
9.737130
10.327683
5.026832
1.227874
3.460934
-2.719651
-0.778350
0.112540
1.345504
2.182434
-9.868260
-9.332401
-7.265202
-5.126122
-2.806323
-3.864496
-4.608346
-3.108157
-1.767965
2.360553
10.195645
12.842089
6.068295
8.151112
-3.355845
-0.335923
0.661329
1.516110
3.088111
2.538898
-8.728410
-5.835085
-4.659550
-3.206487
-2.157440
-4.081766
-4.824854
-3.175943
-1.406837
3.596475
9.747601
10.468837
5.293060
1.243717
3.488230
-2.701269
-0.904955
0.014501
1.284969
2.139592
-9.887299
-9.361605
-7.283072
-5.060964
-2.677450
-3.644339
-4.570337
-3.157061
-1.735875
2.376401
10.077609
13.100648
5.859165
8.281262
-3.762439
-0.546454
0.967221
1.540402
3.372074
1.597329
-8.855943
-5.546984
-4.248026
-3.128716
-2.308085
-4.414340
-5.039393
-3.338370
-1.631961
3.525844
9.922415
10.713536
6.107422
1.326880
3.557490
-2.395456
-1.066764
0.097264
1.097340
1.999452
-10.009065
-9.324533
-7.017974
-4.756183
-2.526382
-3.698985
-4.498405
-2.895174
-1.462445
2.558839
10.157753
13.059793
5.387566
8.189786
-2.264964
-0.263195
0.899056
1.469637
2.971486
3.191638
-8.756875
-6.030378
-4.832213
-3.627213
-2.411259
-4.668493
-5.279627
-3.447755
-1.803945
3.485684
10.165453
11.028151
7.067065
1.614720
3.678154
-2.044124
-0.861597
0.299527
1.071295
2.469046
-9.886966
-9.034119
-6.525540
-4.556620
-2.347460
-3.909016
-4.583457
-2.976673
-1.371329
2.974585
10.062804
12.406598
6.923543
8.167092
-3.696744
-0.235035
0.815073
1.687894
3.393271
1.328621
-8.598615
-5.728418
-4.695166
-4.490797
-2.905515
-4.838445
-5.288161
-3.594685
-2.359600
3.408043
10.274607
11.261947
9.027980
2.776464
5.274754
-2.217815
-0.939468
0.246790
1.288270
2.235027
-7.973278
-9.700910
-7.510660
-5.572033
-3.319561
-4.715238
-4.953485
-3.266123
-1.987888
2.232331
9.192328
12.610333
5.730279
4.225257
6.651721
-0.693439
0.402947
1.283536
2.426888
4.052711
-9.247623
-7.231713
-5.094745
-3.364491
-0.744087
-2.612040
-4.155253
-3.006066
-1.372139
3.042205
7.513357
9.532094
6.292079
-0.566258
3.244693
12.031545
-1.088059
-0.211751
1.340500
2.286998
-7.976411
-8.652275
-5.711178
-5.716060
-4.909579
-5.903456
-5.444598
-3.182243
-1.265306
3.398854
9.975368
11.915814
6.390118
7.483564
-5.283778
5.468370
0.836421
1.450817
3.256761
0.860279
-9.600800
-6.746563
-6.209898
-4.727313
-1.672181
-2.188523
-4.436759
-3.599207
-1.535325
3.551230
9.305427
11.243026
9.025178
2.193020
3.961949
-1.712295
-0.553677
0.486763
1.540069
2.967641
-9.609144
-8.224009
-5.120525
-4.276507
-2.748006
-4.835282
-4.892296
-2.812775
-1.067972
3.340467
9.723108
11.377655
6.014735
5.415476
-0.970156
-0.687619
0.446438
1.428978
2.534477
3.660727
-9.000441
-6.797149
-6.534521
-4.843510
-2.005965
-3.407622
-5.675992
-4.556457
-2.524619
2.893700
10.248472
11.898357
10.163024
2.222429
3.853269
-1.797215
-0.462060
0.414360
1.886341
3.320333
-9.558542
-8.192265
-5.331003
-4.249654
-2.772910
-4.792012
-4.828551
-2.978564
-0.767417
3.878636
10.246105
11.537891
5.215156
4.924224
5.470747
-0.766928
0.622588
1.346396
2.590797
3.934201
-9.105779
-7.140413
-6.634178
-4.986778
-2.418703
-4.337019
-6.145561
-4.700594
-2.705813
2.816956
10.506195
12.609062
10.969967
2.509113
-4.133266
-1.595284
-0.283423
0.429694
2.165183
3.548438
-9.298548
-8.047523
-5.706008
-4.605064
-2.745677
-4.881448
-4.859636
-2.985345
-0.632080
4.048313
10.512368
11.841572
5.589928
6.704972
-4.700212
0.014155
0.993143
1.909613
3.119762
1.422872
-8.996269
-6.119784
-6.610723
-4.660806
-2.505872
-5.028830
-6.404181
-5.130570
-3.150356
2.747252
11.100926
13.239536
11.529633
4.380825
-3.341866
-1.791200
-0.423697
0.380175
2.358723
3.490690
-8.618237
-7.968502
-6.901431
-5.450178
-2.707417
-3.823110
-4.437822
-2.690954
-0.741670
3.544176
11.016631
12.845514
5.093964
8.055960
-2.077631
-0.094661
0.941386
1.830031
2.699225
3.881523
-8.911304
-6.615949
-5.700939
-5.102201
-3.520067
-6.270856
-6.330139
-3.608201
-1.738784
3.386909
11.009863
12.266237
8.983485
5.783731
-4.415955
-1.415132
0.009997
0.788926
2.743856
2.200392
-8.656867
-7.346746
-7.228517
-5.510456
-2.509255
-3.514897
-5.198507
-3.921313
-1.906932
2.889109
10.673735
13.362235
8.409896
6.623653
-3.572752
-0.632488
0.690852
1.326409
2.841740
2.481306
-8.648091
-6.547800
-5.974578
-5.218973
-3.050544
-5.404722
-5.898255
-3.628328
-1.737993
3.087126
10.784312
12.627021
8.988116
5.702549
-2.535306
-1.042204
0.082080
1.135607
2.648383
2.131032
-8.456057
-6.654652
-6.770470
-5.375717
-2.603953
-4.074986
-5.740184
-4.179133
-2.091709
2.867421
10.758701
13.148207
9.328342
6.587282
-1.960158
-0.714322
0.555081
1.286474
2.890468
1.528931
-8.553289
-6.505280
-6.140894
-5.248112
-3.222820
-5.465747
-5.916200
-3.784221
-1.689969
3.469093
11.392464
13.060756
8.336124
8.008098
-3.607919
-0.834414
0.536071
1.215546
2.979000
1.852414
-8.355162
-6.451818
-6.714492
-5.328487
-2.970326
-4.891918
-6.160744
-4.157679
-1.956777
3.151437
11.413871
13.796795
9.698256
7.311263
-4.077106
-1.030752
0.632616
1.253273
3.182589
1.677624
-8.363697
-6.702135
-6.882299
-5.475840
-3.376826
-5.508237
-6.190562
-4.040159
-1.735250
3.552522
12.602547
14.739953
8.748049
-5.690606
-2.042171
-0.738052
0.426001
1.249625
2.713677
4.039214
-8.209512
-7.176481
-6.979076
-5.609914
-3.229292
-5.164472
-5.844045
-3.607847
-1.181226
3.802622
12.219611
13.983323
7.089815
8.766720
-3.436954
-0.821917
0.559506
1.147979
2.902812
3.937920
-7.734305
-6.846636
-7.371596
-6.378311
-4.143423
-6.189703
-6.150523
-3.744102
-1.584749
3.988088
13.199604
14.718505
8.305409
-5.714939
-1.804660
-0.462526
0.595316
1.499659
2.923253
3.641500
-8.147496
-6.817950
-6.770194
-5.656760
-3.751380
-6.175468
-6.154319
-3.761803
-1.356037
3.792820
12.127787
13.948878
7.920684
9.130000
-3.786034
-0.560511
0.586816
1.561229
3.027654
-5.076755
-4.950682
-4.374414
-4.176118
-3.778951
-3.461631
-3.213734
-2.992179
-2.772174
3.179457
1.385632
2.404488
2.653627
3.450171
4.481987
5.691558
6.441558
7.111053
7.653672
8.249480
8.836844
9.541147
-1.876817
-6.888602
-7.605268
-4.570031
-2.677295
-2.983745
-2.855638
0.030630
8.681906
11.683735
17.116268
18.340710
1.892390
2.305985
2.544147
3.062601
3.391746
4.285909
5.441749
-9.088762
-2.555253
-2.623313
-6.754018
-4.922781
-4.214306
-5.586053
-4.799964
-8.060443
-5.708036
-1.114059
2.621160
7.328208
12.229873
-5.108750
-4.275843
-2.467198
-1.114059
0.709535
1.940402
-6.958093
-8.279066
-9.039136
-9.197043
-7.438190
-7.739174
-6.801421
-4.805501
-4.341465
2.039923
12.994807
17.971710
-2.214823
-1.596944
-0.798518
-0.056151
0.762993
1.387814
2.173598
3.453836
-6.800736
-8.799591
-7.174221
-3.876354
-0.808208
-2.331479
-4.398472
-3.266360
-0.328955
2.052833
7.363247
13.906215
3.294898
9.799335
-2.795153
0.186729
1.194485
1.999244
3.184438
1.318900
-8.499031
-5.205544
-4.879272
-6.126749
-3.210209
-4.752081
-5.605456
-4.284617
-3.057639
4.593346
12.466247
14.901324
9.550091
-5.213790
-2.656553
-1.578785
-0.319382
0.621202
2.163514
3.722035
-6.384991
-7.486278
-7.386024
-6.162793
-3.467620
-5.472448
-6.597776
-4.379702
-1.545033
3.460893
11.933860
16.254227
5.273838
-0.811319
-1.411129
-0.396454
0.719709
1.430294
2.699666
4.101776
-7.601599
-7.106238
-6.824744
-4.701573
-1.486886
-4.407034
-6.793884
-4.865258
-2.208152
2.914430
11.442772
14.948181
10.548289
1.748178
-5.187189
-1.295503
-0.066210
0.612302
2.306836
3.705173
-6.663621
-6.887113
-6.669916
-6.267332
-3.163061
-4.980190
-6.787220
-4.803556
-2.230251
3.406525
12.202862
15.184333
9.913527
5.371226
-2.509054
-1.356630
-0.115593
0.775277
2.222579
3.704912
-6.276859
-6.921943
-7.200200
-6.369714
-3.045677
-4.552662
-6.701942
-5.062400
-2.688987
3.566242
12.939402
15.852519
10.225720
-6.339268
-2.165002
-1.111416
0.069386
0.911687
2.316574
3.840031
-6.154367
-6.999273
-7.583294
-6.112238
-3.015761
-4.845265
-6.888453
-5.066969
-2.742886
3.493715
13.187845
16.217722
10.767313
-4.007870
-2.195488
-1.121137
0.050454
0.912929
2.240211
3.828555
-5.846859
-6.815743
-7.885946
-6.489006
-3.175943
-4.439993
-6.788046
-5.245157
-2.890886
3.740748
13.747314
16.741091
11.005304
-3.080741
-1.782862
-0.765001
0.318586
1.121632
2.445471
4.006271
-5.898008
-6.781075
-7.847499
-6.517352
-3.145067
-4.420348
-6.608833
-5.350928
-3.285979
3.600348
13.666265
16.539495
11.924355
-3.272408
-1.941085
-0.901733
0.212452
1.076301
2.438268
4.066244
-5.725230
-6.457330
-7.507047
-7.144123
-3.798777
-4.788637
-6.508514
-5.411527
-3.629632
4.157285
13.876711
16.503304
11.056341
-2.893599
-1.824623
-0.850134
0.235915
1.110412
2.552101
4.197051
-5.566890
-6.539470
-7.582346
-6.964966
-3.882709
-5.204479
-6.667623
-5.527893
-3.533625
4.054545
14.052427
16.719061
10.571040
-3.045986
-1.790149
-0.806675
0.293238
1.147500
2.556010
4.136139
-5.552736
-6.651845
-7.930850
-6.852602
-3.692302
-4.845180
-6.677295
-5.511491
-3.288745
3.828538
13.907540
17.085695
10.845781
-2.005112
-1.542596
-0.557062
0.504202
1.304842
2.670413
4.252550
-5.584972
-6.482038
-7.750635
-7.007921
-3.735294
-4.907948
-6.647218
-5.412724
-3.372728
3.684200
13.861124
16.929832
11.027748
-3.199322
-1.898703
-0.878841
0.235711
1.095156
2.498105
4.090185
-5.629466
-6.513538
-7.736497
-6.923038
-3.537179
-4.505292
-6.656991
-5.372546
-3.205173
3.926842
14.092793
17.005049
11.528992
-2.693003
-1.526700
-0.517040
0.531739
1.344656
2.710122
4.298946
-6.353645
-6.529066
-7.422885
-6.708685
-3.291432
-4.630490
-6.401311
-5.478102
-3.873586
3.296421
13.383014
16.430479
12.049122
-3.751598
-2.144800
-1.096761
0.055535
0.975837
2.385592
4.059226
-5.492272
-6.348033
-7.485394
-7.247168
-4.137187
-5.115029
-6.781649
-5.357751
-3.367622
4.194478
14.293465
17.050617
10.804599
-2.991154
-1.702662
-0.710377
0.363630
1.192883
2.599721
4.164203
-5.502237
-6.514218
-8.026590
-6.766393
-3.517628
-4.590489
-6.792222
-5.492368
-3.380707
3.813445
14.172957
17.335072
12.188315
-2.322641
-1.613936
-0.590960
0.477254
1.309056
2.613067
4.218044
-5.524223
-6.146600
-7.482400
-7.456290
-3.946844
-4.783716
-6.613895
-5.505522
-3.849122
4.096718
14.089316
17.060232
12.277861
-2.309303
-1.755076
-0.753405
0.317133
1.204192
2.626616
4.259420
-5.581478
-6.197093
-7.185294
-7.357451
-4.063943
-5.130159
-6.605524
-5.413409
-4.062837
4.202612
13.773363
16.695631
11.383402
-3.300899
-2.138608
-1.106095
0.009411
0.974912
2.418898
4.100818
-5.259768
-6.212436
-7.615468
-7.101676
-4.353256
-5.486294
-6.993539
-5.529459
-3.366134
4.009017
14.536193
17.672531
10.600615
-2.660204
-1.386350
-0.416640
0.597121
1.413559
2.777628
4.335829
-5.745809
-6.364455
-7.691567
-6.798351
-3.347805
-4.437706
-6.586164
-5.547107
-3.560452
3.517227
13.888256
17.183657
12.224362
-2.965757
-1.728719
-0.689757
0.435716
1.274388
2.660851
4.238271
-5.638647
-6.085103
-7.070106
-7.551785
-4.035942
-5.026104
-6.514287
-5.495256
-4.341760
3.871935
13.797441
17.113155
12.431252
-2.610560
-1.844220
-0.844946
0.258250
1.169248
2.644577
4.274854
-5.346865
-5.984583
-6.988504
-7.416059
-4.345656
-5.459814
-6.774947
-5.531901
-3.726572
3.864366
14.062381
17.002275
10.851748
-3.041713
-1.627157
-0.650508
0.450244
1.319156
2.746006
4.341287
-5.233561
-6.000182
-7.467106
-7.448252
-4.156514
-5.080744
-6.757018
-5.745363
-4.050913
3.627874
14.293098
17.516203
11.941050
-2.490476
-1.594104
-0.567607
0.531115
1.359075
2.708291
4.370319
-5.455336
-6.027383
-7.227263
-7.325667
-4.027218
-5.061802
-6.702622
-5.501641
-3.796711
3.339536
13.879227
17.227694
11.400418
-3.222940
-1.875559
-0.843387
0.288176
1.179971
2.624726
4.202843
-5.369888
-5.933287
-7.148650
-7.792783
-4.065951
-4.637118
-6.675430
-5.575884
-3.770174
4.034059
14.030884
17.309824
12.856960
-2.682924
-1.201156
-0.423219
0.849357
1.425621
2.736807
4.358619
-4.020497
-6.072598
-6.957595
-8.112871
-4.204231
-5.527533
-6.601017
-5.377234
-4.532428
2.209959
12.208454
16.347158
14.342830
-5.037455
-2.012320
-1.164573
0.255271
0.977576
2.459588
4.159441
-2.739861
-5.750480
-7.194096
-8.930737
-5.461842
-6.337226
-6.927731
-5.631373
-4.747482
3.222748
13.768277
17.321886
12.704874
-3.183202
-1.579933
-0.836614
0.476734
1.148269
2.497050
4.252450
-2.491129
-6.026456
-7.818575
-8.272763
-4.784010
-5.519882
-7.010921
-5.723333
-3.775574
3.016994
13.289793
17.560640
12.251281
-3.101592
-1.410552
-0.601677
0.752069
1.353621
2.635632
4.283375
-3.873524
-5.993095
-7.711330
-7.978054
-4.164362
-4.803674
-6.764410
-5.560187
-3.944824
2.593756
13.015332
17.472204
14.244800
-2.931653
-1.347967
-0.537358
0.815251
1.408302
2.723683
4.284000
-3.134667
-5.553302
-6.062227
-8.333142
-5.395434
-6.521014
-6.582674
-5.277815
-4.764147
2.849422
12.662905
16.292582
12.560381
-3.191957
-2.221146
-1.376307
-0.160872
0.886923
2.186696
3.990054
-2.863317
-6.165254
-7.408688
-7.996514
-5.747360
-6.683178
-7.024053
-5.064351
-3.160282
3.286747
13.296492
17.704514
10.738693
-2.740747
-1.184290
-0.444651
0.857362
1.454309
2.755384
4.318754
-4.052618
-6.433843
-8.480148
-6.955354
-3.164699
-4.188080
-6.586656
-5.912447
-3.864678
2.068673
13.070873
17.718809
15.636852
-1.882197
-0.656024
0.101609
1.313375
1.806108
3.036525
4.661224
-3.642553
-5.379598
-4.400544
-6.955591
-5.552829
-7.410506
-6.465793
-5.042866
-4.397001
1.861214
11.272052
14.154499
12.682316
-5.356883
-2.324800
-1.605522
-0.086025
0.827808
2.360087
4.033056
-3.203183
-5.888502
-6.222433
-7.959378
-6.958892
-8.222355
-7.418564
-5.647581
-4.293755
3.034193
13.932496
17.553217
11.767197
-2.333372
-0.899193
-0.217019
0.969036
1.660381
2.927625
4.505915
-5.059301
-6.831495
-8.223569
-6.082273
-2.801718
-4.907856
-7.263734
-6.138045
-4.328694
1.171895
11.194792
17.255674
16.406006
-3.274147
-1.163782
-0.286614
1.032953
1.619738
2.830350
4.539913
-2.647198
-4.774454
-4.616200
-7.804901
-6.481263
-7.397604
-6.759575
-5.189943
-4.283872
3.344249
12.604090
15.728970
12.513545
-2.991149
-1.565298
-0.897183
0.489773
1.332463
2.700409
4.352375
-2.863367
-5.328938
-5.552888
-8.058899
-5.772286
-7.160301
-7.281244
-5.688568
-4.329313
3.233156
13.717529
17.143461
10.345154
-2.513351
-1.280505
-0.521556
0.812562
1.474578
2.684626
4.146698
-5.389099
-6.611819
-8.217854
-6.478482
-3.050983
-4.720581
-7.391061
-5.990264
-4.078474
1.153220
11.730971
17.275646
16.033258
-3.988501
-1.184204
-0.316433
1.031220
1.652203
2.826255
4.551531
-3.095590
-4.882524
-4.454787
-7.661475
-6.064445
-7.186696
-6.663141
-5.169900
-4.181369
2.984368
12.202271
15.296663
12.444929
-3.171682
-2.149373
-1.385128
0.055826
1.074978
2.496043
4.091052
-3.111511
-5.586510
-5.601552
-7.925452
-6.025387
-7.376970
-7.232498
-5.707511
-4.385890
3.177248
13.872379
17.545652
10.727440
-2.551286
-1.325738
-0.590530
0.807911
1.443804
2.691618
4.204084
-4.586177
-6.229881
-7.891570
-6.566405
-3.242884
-4.567516
-7.212146
-5.889965
-4.003252
1.348953
11.845432
17.583538
14.824522
-3.263625
-0.902366
-0.076592
1.205788
1.781209
2.872336
4.574378
-3.339120
-4.956897
-4.670465
-7.648791
-5.650789
-6.891556
-6.809735
-5.349560
-4.186008
2.245930
12.168028
15.544164
11.392447
-5.723282
-2.402497
-1.580129
-0.063240
0.997408
2.353423
4.001940
-2.874907
-5.462696
-6.050501
-8.514442
-5.594728
-6.490430
-7.282126
-5.886230
-4.594368
2.732178
13.639300
18.026865
13.026915
-3.039958
-1.386868
-0.568749
0.794042
1.446323
2.644415
4.291527
-3.160842
-5.732090
-7.245236
-7.542903
-4.045182
-4.654364
-6.828494
-5.661589
-3.743035
1.504724
11.792354
17.502508
13.765253
-4.810710
-1.463797
-0.636582
0.791809
1.443565
2.531993
4.199747
-3.122075
-5.038984
-5.453837
-8.368029
-5.439392
-6.068027
-7.051373
-5.468234
-4.152102
2.614598
12.796223
16.665134
12.928222
-4.027419
-2.146474
-1.316634
0.183770
0.982472
2.261181
4.057828
-2.753180
-5.320953
-5.773966
-8.539033
-5.530128
-6.248192
-7.155241
-5.731672
-4.488767
3.050242
13.677815
17.597557
12.276091
-3.294235
-1.634689
-0.849648
0.561114
1.275763
2.485554
4.167516
-2.416793
-5.299762
-6.742107
-8.676636
-5.093747
-5.326900
-7.245827
-5.942229
-4.052314
1.968329
12.597757
17.823414
13.994880
-3.387019
-1.513882
-0.638792
0.751132
1.471554
2.615541
4.241035
-3.795423
-5.301140
-5.942013
-8.279909
-4.589540
-5.353028
-6.941261
-5.737851
-4.466895
1.205224
11.690762
16.818062
15.016584
-3.841907
-2.058840
-1.217012
0.314711
1.112781
2.421267
4.012278
-3.332323
-5.058533
-5.243095
-8.491693
-5.429245
-6.082891
-7.214024
-5.614729
-4.606518
2.055767
12.773401
16.971973
14.678462
-3.575991
-1.616842
-0.779982
0.619441
1.338963
2.581221
4.222134
-3.357528
-5.271503
-5.921003
-8.575869
-4.990409
-5.607126
-7.233435
-5.999606
-4.764322
1.000618
11.748310
16.972239
15.700852
-3.418317
-1.862971
-0.972897
0.470160
1.272115
2.529038
4.149754
-4.219196
-5.316216
-5.777417
-8.437594
-4.678999
-5.324704
-6.885839
-5.753695
-4.936387
0.765555
11.754464
17.000399
15.868617
-4.535911
-1.756506
-0.882686
0.519690
1.292459
2.553922
4.316530
-2.632059
-5.099575
-5.319121
-8.349767
-5.663954
-6.802907
-7.456285
-5.873909
-4.819849
1.153907
12.060926
16.830540
15.266088
-4.832883
-2.073475
-1.213493
0.259003
1.089224
2.406613
4.179218
-1.906839
-4.993719
-6.512123
-9.187435
-5.527926
-5.586987
-6.899317
-6.065294
-4.989574
1.753670
13.492013
18.033062
15.751015
-2.240265
-1.022904
-0.270728
1.022383
1.667252
2.897301
4.630940
-3.603695
-5.241120
-4.565402
-7.297428
-4.894556
-6.639197
-7.126801
-5.710359
-4.825657
0.608612
10.690011
15.706554
15.544498
3.038764
-2.625886
-1.693476
-0.149564
0.868941
2.295139
4.013477
-2.109187
-5.280796
-6.699171
-9.221674
-5.818029
-5.760646
-7.121927
-6.212474
-5.080684
1.268494
13.186327
18.144339
17.572086
-2.133060
-0.448823
0.257067
1.071753
2.004412
2.797007
4.593376
0.432100
-5.964717
-5.101480
-7.609677
-5.139849
-6.974180
-7.099649
-5.448757
-4.498513
-0.001028
8.659091
14.822572
15.578539
4.063587
-2.468481
-1.461242
-0.094800
1.147839
2.147152
3.982816
1.386588
-5.013885
-6.620722
-10.302350
-6.722673
-6.221801
-6.890085
-6.251895
-5.511878
-0.314770
11.602994
17.690327
15.916242
-2.469150
-0.702031
0.046506
0.926812
1.986882
2.732760
4.430298
-3.199855
-6.211873
-5.437442
-6.801749
-3.367009
-5.897193
-6.957732
-5.681325
-4.517141
-0.501484
7.030006
14.197794
15.734459
4.311611
-2.308148
-1.336846
0.028450
1.300008
2.255559
4.160140
-0.853483
-5.216264
-5.744312
-9.401600
-5.885318
-5.864000
-6.970695
-6.268836
-5.393086
-0.842246
10.348186
16.829350
17.460875
-4.169785
-1.450984
-0.626848
0.497605
1.514816
2.331898
4.151248
-0.185261
-5.330809
-4.881523
-7.913222
-5.339860
-6.977148
-7.285164
-5.784362
-4.814919
-0.370042
8.332797
15.084501
16.106165
3.948953
-2.385211
-1.431348
-0.090625
1.142092
2.066317
4.063981
1.033523
-5.142254
-6.391615
-10.025327
-6.308138
-5.626343
-6.623858
-6.329800
-5.520520
-0.402844
11.560043
17.730480
16.150517
-2.923566
-0.652007
0.095853
1.026009
2.110880
2.779346
4.480474
-2.363158
-5.996327
-4.597434
-6.910482
-3.702421
-6.285758
-7.098173
-5.718057
-4.545917
-0.833728
6.291022
13.558477
14.986466
4.089479
2.374640
-1.309048
-0.069926
1.334042
2.268260
4.029428
-3.743987
-5.880887
-5.565979
-8.156220
-4.653542
-5.583592
-7.110094
-6.326510
-5.234300
-1.522713
9.338871
15.995346
17.453066
-3.287452
-1.624141
-0.837467
0.329330
1.449527
2.248375
4.069889
-1.208649
-5.357018
-4.772932
-8.011528
-4.586836
-5.619833
-7.349563
-6.201086
-4.556448
0.014781
9.017799
15.704499
16.726694
3.380396
-1.986293
-1.048349
0.268311
1.451401
2.238618
4.086129
-0.375334
-4.920838
-5.113130
-8.969927
-6.126909
-5.659391
-6.699469
-6.314275
-5.550071
-0.644445
10.897728
17.096548
16.289841
-5.020529
-1.383001
-0.561898
0.570950
1.627383
2.358497
4.066028
-1.153155
-5.489496
-5.147033
-8.082463
-4.593030
-5.771678
-7.454464
-6.296596
-4.724703
-0.803740
8.052095
15.582026
17.043650
2.954686
-2.018255
-0.972041
0.189334
1.401804
2.262916
4.039025
-1.813864
-5.335628
-5.506627
-8.868624
-5.231342
-5.270738
-6.731315
-6.318694
-5.299678
-1.238482
9.726135
16.754723
16.553280
-1.003785
-1.752520
-0.920268
0.314445
1.407956
2.263446
4.109633
-0.259923
-5.528952
-4.997473
-8.116077
-4.864968
-5.858279
-7.528605
-6.283001
-4.803813
-0.840586
8.316092
15.406230
16.661486
3.651192
-2.427181
-1.421475
-0.163407
1.156341
2.091385
3.935208
0.581711
-5.212227
-5.520838
-9.108713
-5.946425
-5.906449
-7.023996
-6.526762
-5.491095
-1.379836
9.921356
16.946356
17.102373
-5.180336
-1.696425
-0.847655
0.353926
1.439146
2.305699
4.208410
-0.311862
-5.484918
-4.887449
-7.963957
-4.729258
-5.903172
-7.449258
-6.340289
-5.099302
-1.127061
8.160028
15.531447
17.274523
4.600515
-2.149049
-1.202962
0.109752
1.384002
2.224362
4.109922
-1.060785
-5.459875
-5.054695
-8.541193
-5.235546
-5.385931
-6.831782
-6.485332
-5.442190
-1.750296
9.025641
16.332254
17.272833
0.934338
-1.716591
-0.861199
0.363346
1.624694
2.415765
4.194191
-1.759754
-5.718790
-4.858265
-7.819328
-4.202411
-5.323152
-7.332186
-6.459689
-5.119184
-1.513546
7.492271
15.186330
17.284637
4.361455
-2.423529
-1.278222
0.038306
1.375831
2.213722
4.061497
-0.592379
-5.491048
-5.200712
-8.487595
-5.331711
-5.991088
-7.331198
-6.605854
-5.359087
-1.923756
8.373814
16.006334
17.823967
6.184744
-1.915665
-1.047069
0.167014
1.445627
2.260403
4.168251
-0.339841
-5.579810
-4.630699
-7.796784
-4.713162
-5.751821
-7.622438
-6.529283
-5.101099
-1.295117
7.760605
15.492133
17.591000
5.593218
-2.138283
-1.140965
0.103714
1.543716
2.265697
4.126665
0.254187
-5.339245
-4.786891
-8.345021
-5.667486
-6.118329
-7.258823
-6.589881
-5.487992
-2.250854
8.253417
15.938896
18.060009
2.353076
-1.934314
-1.065824
0.090300
1.436877
2.277492
4.087492
1.140597
-5.783222
-5.286273
-8.255420
-5.302662
-6.004262
-7.698799
-6.585532
-5.220049
-1.598845
7.750147
15.853617
17.948812
6.599478
-1.837251
-0.903365
0.268031
1.541315
2.415378
4.492401
1.206015
-5.720139
-4.967300
-8.022799
-5.815726
-6.489149
-7.681537
-6.495743
-5.341807
-1.758291
7.926493
15.751073
17.929873
3.808455
-1.907468
-1.059261
0.085516
1.425586
2.298360
4.161952
1.200151
-5.814176
-5.192039
-8.029945
-5.660669
-6.382451
-7.619520
-6.464137
-5.347436
-1.634516
8.102421
15.912955
17.966259
3.688008
-1.843712
-1.005399
0.163303
1.487417
2.373238
4.335534
1.318740
-5.564961
-5.150459
-8.165461
-5.869569
-6.345024
-7.692056
-6.307110
-5.219613
-1.231636
8.550487
16.097298
17.935455
-5.281893
-1.635795
-0.846542
0.325798
1.603193
2.462455
4.230186
1.176127
-5.693186
-5.385141
-8.315374
-5.605422
-6.507540
-7.772971
-6.430925
-5.247567
-1.724483
8.203937
15.882233
17.954306
2.131596
-1.816237
-0.982974
0.173070
1.464789
2.409361
4.240276
-0.093663
-5.696537
-5.405962
-8.193994
-5.062181
-6.107501
-7.710228
-6.426763
-5.207830
-1.588479
8.100860
15.875277
18.024923
6.633849
-1.766976
-0.837878
0.322510
1.697458
2.584428
4.375796
0.868911
-5.666738
-5.307739
-8.118375
-5.530961
-7.088858
-7.869373
-6.442413
-5.316249
-1.578797
7.810283
15.707371
17.928852
7.098961
-1.898099
-1.017782
0.199522
1.518849
2.444316
4.308585
1.111597
-5.589847
-5.423612
-8.209972
-5.707662
-6.821192
-7.710365
-6.386088
-5.395975
-1.332052
8.810371
16.327164
18.058352
-5.087736
-1.590947
-0.712132
0.373903
1.661007
2.556846
4.480852
1.273752
-5.200061
-4.959956
-7.948822
-6.230729
-7.195696
-7.682771
-6.247568
-5.314137
-1.183255
8.689775
16.133747
17.837585
-5.088705
-1.553324
-0.703355
0.375096
1.635074
2.606910
4.557777
1.297346
-5.166409
-5.301729
-8.452026
-6.005535
-6.942748
-7.711161
-6.391330
-5.552468
-1.669099
8.958447
16.277887
18.086483
-5.125682
-1.608733
-0.781372
0.383950
1.629354
2.503109
4.416637
0.237620
-5.081646
-5.044721
-8.082126
-5.475078
-7.361470
