-0.000158
-0.000596
-0.001456
-0.004011
-0.007906
-0.012176
-0.016443
-0.019699
-0.021087
-0.020399
-0.018580
-0.015948
-0.012388
-0.008165
-0.005363
-0.023790
-0.064965
-0.103851
-0.110874
-0.092517
-0.060042
-0.020808
0.021694
0.064267
0.104673
0.139020
0.157686
0.162151
0.156758
0.146140
0.134542
0.122845
0.110783
0.099952
0.098320
0.107572
0.119929
0.132038
0.147519
0.164079
0.178991
0.202956
0.220960
0.221426
0.212685
0.168624
0.095312
0.007556
-0.044064
-0.071319
-0.094015
-0.104767
-0.094991
-0.048323
0.018279
0.086659
0.126941
0.149784
0.139307
0.118479
0.103111
0.113629
0.106095
0.090736
0.079054
0.063425
0.036441
0.019236
-0.002055
-0.031813
-0.065891
-0.085810
-0.092827
-0.102463
-0.081235
-0.029438
0.025565
0.055752
0.051738
0.021447
-0.004799
0.010645
0.041029
0.082454
0.134742
0.196763
0.263085
0.328753
0.382169
0.431982
0.481971
0.541895
0.610592
0.676792
0.754250
0.830591
0.861667
0.855527
0.815081
0.765979
0.727533
0.738610
0.760833
0.765352
0.765936
0.767630
0.767754
0.764254
0.755916
0.755220
0.775395
0.805210
0.843273
0.857843
0.871792
0.892379
0.910486
0.921633
0.930154
0.931473
0.923748
0.906940
0.885313
0.866836
0.867636
0.883353
0.002161
0.014329
0.023528
0.026385
0.019877
0.005054
-0.015290
-0.039220
-0.062423
-0.081319
-0.093626
-0.099431
-0.100229
-0.096922
-0.091597
-0.098455
-0.126899
-0.154557
-0.154072
-0.122699
-0.077255
-0.025798
0.029552
0.073605
0.109143
0.127635
0.141654
0.156545
0.172006
0.174327
0.175354
0.194790
0.240947
0.273682
0.278866
0.256835
0.223414
0.193108
0.169993
0.154650
0.151702
0.160734
0.205562
0.229016
0.237219
0.252331
0.262061
0.270778
0.281072
0.290799
0.299819
0.308499
0.317055
0.325803
0.335685
0.340969
0.379406
0.419269
0.464218
0.514796
0.575671
0.650247
0.730299
0.791023
0.848062
0.921849
1.007832
0.002215
0.046153
0.113253
0.174453
0.220057
0.244879
0.261384
0.279264
0.298029
0.313432
0.297883
0.254358
0.203809
0.173874
0.161128
0.150191
0.142307
0.137291
0.125807
0.112136
0.093777
0.068982
0.044283
0.027151
0.021107
0.020813
0.016431
-0.002912
-0.021694
-0.036607
-0.052772
-0.072115
-0.094152
-0.099562
-0.097513
-0.100319
-0.106959
-0.113291
-0.125877
-0.126312
-0.115155
-0.112002
-0.092874
-0.024991
0.070154
0.123325
0.133676
0.103140
0.093172
0.100842
0.099086
0.085544
0.070258
0.050035
0.039285
0.037294
0.036973
0.038203
0.038008
0.040382
0.031584
0.023530
0.029671
0.081188
0.157313
0.194572
0.170208
0.114150
0.085925
0.074432
0.053560
0.028822
0.008229
-0.008614
-0.021009
-0.023304
-0.024401
-0.024081
-0.027283
-0.018871
-0.014647
-0.014162
0.001774
0.065196
0.146282
0.180082
0.155657
0.100009
0.074520
0.068719
0.055295
0.037273
0.020656
0.009794
0.003601
0.006188
0.010339
0.015850
0.017352
0.034529
0.045896
0.046260
0.054760
0.106514
0.177918
0.203895
0.171953
0.109928
0.076488
0.061632
0.041542
0.019642
0.000992
-0.012632
-0.019706
-0.017424
-0.014360
-0.010619
-0.011729
-0.001354
-0.003880
-0.010140
0.001822
0.059554
0.137594
0.169693
0.160466
0.113896
0.089877
0.084721
0.072872
0.057087
0.043367
0.036469
0.033490
0.040462
0.047361
0.051970
0.052426
0.068637
0.079608
0.079581
0.085924
0.129212
0.200331
0.225595
0.192284
0.128983
0.093961
0.075782
0.052171
0.028960
0.009197
-0.005676
-0.014121
-0.013408
-0.012129
-0.009780
-0.011576
-0.003188
-0.006740
-0.014072
-0.002769
0.056703
0.137312
0.171200
0.166881
0.127516
0.112838
0.112366
0.103634
0.088947
0.076139
0.071404
0.070175
0.076620
0.081818
0.084110
0.084393
0.104412
0.122811
0.122667
0.122304
0.147439
0.207853
0.226150
0.191085
0.127824
0.091172
0.069218
0.041753
0.013841
-0.011200
-0.030858
-0.042172
-0.045084
-0.046769
-0.047055
-0.051392
-0.040164
-0.040268
-0.047020
-0.031724
0.034245
0.119558
0.158431
0.157870
0.121423
0.109903
0.115638
0.114962
0.102376
0.086877
0.070112
0.065478
0.067349
0.068750
0.068867
0.067352
0.079626
0.083111
0.074219
0.071886
0.099195
0.163978
0.191988
0.178593
0.141646
0.124924
0.116371
0.091323
0.068118
0.051289
0.037751
0.027569
0.026176
0.026186
0.028223
0.027152
0.044433
0.059128
0.051699
0.047658
0.074303
0.137921
0.161338
0.151476
0.129654
0.122552
0.119162
0.104397
0.086100
0.072314
0.062754
0.058235
0.061239
0.064007
0.063571
0.060380
0.078964
0.094706
0.088047
0.082736
0.112370
0.178483
0.200450
0.185377
0.151295
0.136266
0.126647
0.103019
0.079344
0.063116
0.050786
0.042105
0.042230
0.043879
0.046159
0.045098
0.062318
0.074044
0.065846
0.061986
0.085440
0.146586
0.167196
0.151539
0.115331
0.097848
0.087902
0.071322
0.049966
0.031100
0.017634
0.008786
0.008475
0.008624
0.010118
0.008474
0.018850
0.020180
0.009480
0.010328
0.064453
0.140298
0.167441
0.157195
0.123194
0.111370
0.111415
0.102387
0.084524
0.069085
0.060083
0.053369
0.054282
0.054709
0.055213
0.053791
0.071740
0.083617
0.075077
0.072042
0.107248
0.176567
0.200335
0.188683
0.156171
0.142302
0.137030
0.118946
0.096725
0.079869
0.066922
0.057206
0.055990
0.055465
0.054548
0.050796
0.064356
0.070072
0.058172
0.054595
0.085014
0.151788
0.177491
0.166261
0.136785
0.123995
0.119643
0.104164
0.083301
0.066812
0.054277
0.044673
0.042992
0.041587
0.041198
0.038645
0.054546
0.063190
0.052145
0.048998
0.079690
0.146389
0.172582
0.163964
0.140990
0.132753
0.132190
0.118565
0.099454
0.084161
0.072361
0.063493
0.062488
0.061409
0.059623
0.056127
0.075311
0.090261
0.081121
0.073863
0.105288
0.174062
0.197511
0.182093
0.142989
0.125563
0.115740
0.095356
0.073491
0.055799
0.041032
0.029907
0.027169
0.026325
0.027768
0.027723
0.041083
0.042742
0.029699
0.028142
0.081383
0.157998
0.185223
0.174607
0.133848
0.115928
0.115069
0.104881
0.084807
0.067069
0.054087
0.043531
0.040469
0.037592
0.035562
0.032132
0.046866
0.052879
0.040149
0.036814
0.074111
0.146641
0.174958
0.166728
0.139329
0.128679
0.130817
0.120808
0.102252
0.086095
0.074231
0.064481
0.061999
0.059480
0.056507
0.052384
0.071466
0.085725
0.075716
0.067876
0.099133
0.169059
0.193621
0.178825
0.137241
0.117560
0.108752
0.090541
0.069720
0.051533
0.035908
0.023220
0.019114
0.016510
0.016293
0.015573
0.030223
0.032542
0.022605
0.023641
0.077892
0.158082
0.193244
0.191186
0.163293
0.150121
0.156986
0.152169
0.135900
0.118402
0.107209
0.100286
0.098504
0.096435
0.089280
0.082557
0.097499
0.120961
0.116153
0.105389
0.113575
0.163481
0.182529
0.171066
0.149497
0.135794
0.131777
0.115942
0.093779
0.075447
0.062072
0.053352
0.051517
0.049784
0.049675
0.050225
0.070658
0.095332
0.097093
0.094773
0.111595
0.166835
0.191671
0.184623
0.165713
0.153678
0.151869
0.136601
0.115549
0.097669
0.085124
0.073947
0.068602
0.062430
0.054971
0.047269
0.065042
0.104133
0.113728
0.105075
0.107990
0.141794
0.154839
0.138716
0.111635
0.091009
0.081950
0.066405
0.045344
0.024438
0.007631
-0.003548
-0.010066
-0.015675
-0.018688
-0.019303
-0.000487
0.018820
0.014404
0.013712
0.043450
0.093488
0.128165
0.130989
0.118094
0.112192
0.120791
0.120845
0.108171
0.091994
0.081389
0.072509
0.066459
0.060124
0.051977
0.043649
0.057401
0.090462
0.097351
0.091231
0.097912
0.135481
0.158917
0.150350
0.126089
0.110544
0.105948
0.094948
0.074844
0.057698
0.044683
0.034046
0.031640
0.030571
0.031967
0.036350
0.063435
0.096710
0.102468
0.101112
0.124030
0.188475
0.218115
0.211800
0.183975
0.167144
0.165202
0.151255
0.129385
0.110356
0.096759
0.084491
0.077813
0.071946
0.065439
0.058397
0.076725
0.108259
0.108977
0.098164
0.106463
0.151951
0.170335
0.158346
0.135764
0.120632
0.118158
0.107322
0.088843
0.069812
0.056579
0.046057
0.042552
0.038799
0.036279
0.034966
0.057088
0.088716
0.093659
0.091332
0.106888
0.154394
0.178137
0.170753
0.151559
0.139014
0.139426
0.129039
0.110332
0.091810
0.078980
0.067260
0.061996
0.056051
0.049850
0.043548
0.063137
0.103782
0.114959
0.107946
0.112501
0.146882
0.162463
0.148925
0.124544
0.107380
0.102522
0.090654
0.070782
0.050632
0.035147
0.025253
0.020667
0.016786
0.015233
0.016226
0.039460
0.068533
0.070920
0.067291
0.087505
0.142180
0.170892
0.166441
0.148383
0.137246
0.140498
0.133607
0.116543
0.098657
0.086568
0.075429
0.068672
0.062323
0.055194
0.048055
0.066527
0.104796
0.113493
0.104039
0.107087
0.147078
0.162706
0.148295
0.122883
0.105322
0.101658
0.092963
0.074145
0.054232
0.040004
0.027408
0.021569
0.015551
0.011151
0.009928
0.031621
0.054747
0.054368
0.052231
0.076423
0.133983
0.169141
0.167914
0.148873
0.138171
0.143085
0.138455
0.122526
0.104346
0.092652
0.082409
0.076067
0.071689
0.065843
0.059867
0.079315
0.116429
0.124715
0.115350
0.118944
0.168316
0.190635
0.178817
0.153172
0.136488
0.135414
0.128143
0.109065
0.089379
0.076895
0.066475
0.061234
0.057444
0.054168
0.052565
0.074663
0.097576
0.097643
0.094418
0.111809
0.173154
0.201903
0.194268
0.168730
0.152684
0.153754
0.145374
0.127119
0.107701
0.095712
0.085929
0.079638
0.075287
0.069378
0.062262
0.081166
0.114580
0.119769
0.111071
0.115488
0.167522
0.191861
0.178851
0.150246
0.130644
0.127667
0.118909
0.101487
0.081421
0.067866
0.055843
0.048145
0.041167
0.034616
0.030380
0.049658
0.071240
0.069371
0.063086
0.085937
0.154945
0.187355
0.180758
0.149587
0.129658
0.130883
0.125905
0.109906
0.090690
0.078764
0.068670
0.061447
0.056470
0.050497
0.045189
0.063125
0.089934
0.089683
0.081154
0.089151
0.145267
0.172766
0.161462
0.129733
0.107729
0.106915
0.103338
0.088235
0.068238
0.055451
0.044397
0.036317
0.031184
0.025265
0.022204
0.038931
0.056632
0.053855
0.047190
0.069541
0.139295
0.173891
0.169080
0.131936
0.107723
0.110316
0.110410
0.098850
0.080821
0.070412
0.062565
0.057313
0.052197
0.046153
0.038591
0.057398
0.094030
0.104324
0.099504
0.107574
0.162450
0.189509
0.179605
0.148714
0.128831
0.129790
0.126752
0.113218
0.094816
0.083690
0.074751
0.068919
0.064910
0.060729
0.056461
0.077790
0.110963
0.117714
0.114022
0.123711
0.179598
0.206842
0.196042
0.150323
0.117837
0.110910
0.103714
0.088558
0.067929
0.053379
0.039605
0.029622
0.021961
0.015258
0.013212
0.031416
0.048001
0.043577
0.036651
0.071505
0.146425
0.183230
0.177438
0.136953
0.103544
0.103492
0.105481
0.094291
0.075727
0.065191
0.056866
0.051919
0.047536
0.043399
0.041013
0.058901
0.076913
0.073448
0.068244
0.087840
0.154224
0.188233
0.174598
0.124961
0.087294
0.084332
0.086509
0.075818
0.055604
0.042697
0.031137
0.023770
0.021101
0.018523
0.020173
0.040722
0.059078
0.057017
0.053050
0.081287
0.151344
0.190706
0.167877
0.115588
0.079436
0.079129
0.087301
0.080173
0.063625
0.054100
0.046623
0.044568
0.042723
0.041337
0.041542
0.058707
0.073012
0.068005
0.066437
0.102319
0.174302
0.213958
0.191710
0.141174
0.106089
0.107405
0.117074
0.111006
0.095387
0.086070
0.077269
0.076122
0.073725
0.066051
0.057798
0.074614
0.093970
0.090451
0.086346
0.107376
0.171426
0.206368
0.178377
0.122269
0.083335
0.077899
0.082318
0.073056
0.053161
0.038299
0.024601
0.020698
0.019724
0.020714
0.027560
0.049062
0.068836
0.070211
0.071575
0.108830
0.182240
0.220261
0.194938
0.145586
0.114450
0.117877
0.129235
0.123495
0.107226
0.092339
0.081937
0.081760
0.081570
0.081799
0.078654
0.101811
0.137679
0.146728
0.144988
0.162413
0.221631
0.244115
0.204747
0.146072
0.104353
0.096564
0.101859
0.094493
0.067865
0.041826
0.019594
0.009955
0.002909
-0.009038
-0.015686
-0.001036
0.011776
0.005047
0.008239
0.064861
0.144487
0.179760
0.150482
0.100836
0.070548
0.076537
0.092203
0.089428
0.067899
0.048609
0.036685
0.036458
0.038190
0.041685
0.046564
0.066831
0.080348
0.076679
0.080018
0.128896
0.203343
0.232822
0.205256
0.159410
0.132028
0.138027
0.151711
0.146655
0.124387
0.094508
0.073603
0.066799
0.063503
0.051225
0.038740
0.047068
0.051534
0.041116
0.039667
0.089073
0.162514
0.190717
0.157072
0.104963
0.071847
0.073292
0.084652
0.078589
0.052993
0.029902
0.009846
0.003315
0.000222
-0.000389
0.003596
0.019203
0.028898
0.028718
0.037252
0.093319
0.171370
0.204229
0.179140
0.135555
0.111529
0.125551
0.146739
0.149659
0.131095
0.102177
0.074800
0.068041
0.066846
0.056633
0.047168
0.049094
0.042109
0.027824
0.023174
0.068189
0.138397
0.164247
0.129060
0.076031
0.041746
0.043016
0.053047
0.048127
0.022990
-0.004185
-0.026851
-0.037226
-0.047253
-0.058888
-0.065372
-0.057606
-0.055209
-0.065040
-0.056204
0.006538
0.088548
0.128911
0.102269
0.055583
0.030267
0.043416
0.064458
0.066186
0.047065
0.030527
0.017550
0.015627
0.016858
0.019776
0.025527
0.037950
0.044834
0.036881
0.036982
0.084582
0.159393
0.200884
0.179887
0.137859
0.103964
0.109258
0.130107
0.131208
0.111372
0.090726
0.074620
0.069308
0.070166
0.059480
0.045548
0.047307
0.053789
0.044864
0.042753
0.091028
0.164543
0.204814
0.179562
0.132256
0.094442
0.092765
0.107068
0.103876
0.080829
0.058553
0.041020
0.033700
0.031931
0.030685
0.029160
0.037068
0.044718
0.040004
0.040406
0.088924
0.161579
0.200204
0.177228
0.133226
0.098140
0.100791
0.120688
0.122251
0.102464
0.080231
0.065331
0.061499
0.063326
0.053620
0.040509
0.043093
0.049452
0.040327
0.038901
0.086594
0.159973
0.199375
0.173983
0.126601
0.088588
0.087212
0.101914
0.100062
0.077477
0.054450
0.035667
0.028015
0.024577
0.021490
0.018998
0.027845
0.037333
0.030270
0.029518
0.079235
0.153034
0.193690
0.171443
0.127675
0.092183
0.094748
0.114186
0.114836
0.093626
0.071518
0.055165
0.049903
0.049680
0.038783
0.026659
0.026483
0.030213
0.018950
0.015472
0.064495
0.139551
0.185453
0.162992
0.116673
0.079888
0.080398
0.097318
0.095491
0.074678
0.053884
0.039215
0.034491
0.035154
0.036405
0.037192
0.046285
0.054978
0.051754
0.052201
0.100035
0.175765
0.219753
0.199333
0.156613
0.121640
0.126306
0.146711
0.148602
0.131318
0.112273
0.099679
0.097485
0.100940
0.092600
0.075735
0.080193
0.092197
0.083006
0.079898
0.125108
0.197018
0.234258
0.207952
0.159601
0.120010
0.116111
0.127172
0.123584
0.099522
0.074217
0.051733
0.040001
0.032642
0.021447
0.012023
0.014973
0.021075
0.011458
0.008668
0.057715
0.132012
0.170716
0.145818
0.100080
0.064516
0.066417
0.082934
0.083121
0.058599
0.033161
0.012864
0.003498
-0.001680
-0.007428
-0.009684
-0.003033
0.002346
-0.007317
-0.010123
0.039379
0.115003
0.157791
0.135470
0.091386
0.057236
0.061256
0.082139
0.085878
0.063953
0.039832
0.019956
0.011447
0.009227
-0.002127
-0.009476
-0.007138
-0.002413
-0.011640
-0.015393
0.033961
0.111139
0.154336
0.130747
0.085369
0.050790
0.054325
0.073332
0.074346
0.051745
0.029410
0.011700
0.004539
0.003958
0.006130
0.011362
0.024588
0.035442
0.030758
0.029982
0.077308
0.153345
0.197599
0.178444
0.137296
0.104729
0.110841
0.133624
0.136585
0.117700
0.094643
0.078602
0.073413
0.075616
0.067657
0.056494
0.061236
0.070216
0.062765
0.059875
0.101876
0.173281
0.210774
0.185065
0.137908
0.100158
0.099513
0.113147
0.111868
0.087175
0.060786
0.038304
0.027979
0.024206
0.020104
0.019948
0.030614
0.040636
0.035754
0.034524
0.082443
0.155925
0.197330
0.176740
0.134276
0.101225
0.106333
0.124876
0.127612
0.104111
0.070688
0.041823
0.029660
0.025608
0.014622
0.004621
0.007065
0.009497
-0.007129
-0.016338
0.027901
0.100169
0.139660
0.112355
0.063488
0.024667
0.023895
0.038529
0.038833
0.014985
-0.010215
-0.032161
-0.043751
-0.050954
-0.065642
-0.065085
-0.060547
-0.058357
-0.064458
-0.062428
-0.005731
0.075898
0.130721
0.112291
0.068863
0.037283
0.046209
0.070124
0.075487
0.056819
0.037554
0.022306
0.016275
0.019287
0.026074
0.037668
0.055389
0.067089
0.063907
0.064826
0.104199
0.176552
0.217502
0.198623
0.159292
0.128724
0.136154
0.159060
0.161952
0.142552
0.112289
0.088336
0.077971
0.076696
0.065655
0.054186
0.055082
0.059272
0.053301
0.050821
0.094957
0.166627
0.206857
0.181425
0.133307
0.094206
0.094138
0.108966
0.111017
0.088546
0.057734
0.033370
0.020511
0.014526
0.000600
-0.009397
-0.009173
-0.010057
-0.025204
-0.032364
0.014476
0.089232
0.129288
0.102279
0.054160
0.017409
0.019367
0.035197
0.036190
0.012980
-0.011923
-0.033858
-0.045700
-0.053859
-0.062071
-0.059964
-0.051254
-0.046266
-0.055345
-0.056041
-0.000957
0.081064
0.137028
0.121749
0.081684
0.053387
0.065639
0.091881
0.099053
0.081394
0.059977
0.043798
0.038067
0.038450
0.034430
0.035107
0.046871
0.055979
0.047551
0.043517
0.072033
0.142200
0.184129
0.161434
0.116587
0.081067
0.081719
0.098023
0.097854
0.071406
0.040100
0.013574
-0.002640
-0.010539
-0.024990
-0.029718
-0.027384
-0.024904
-0.034802
-0.038327
0.012503
0.089804
0.141819
0.122006
0.077659
0.044403
0.052189
0.071857
0.078077
0.058469
0.027622
0.002502
-0.009118
-0.014817
-0.025724
-0.030130
-0.023971
-0.022604
-0.038426
-0.047133
-0.001257
0.074535
0.122450
0.100470
0.055643
0.022511
0.028800
0.047413
0.048361
0.024318
-0.002457
-0.026460
-0.040780
-0.049117
-0.059491
-0.054289
-0.046102
-0.043590
-0.052923
-0.057004
-0.006433
0.073015
0.124330
0.104666
0.061580
0.030297
0.040323
0.064320
0.072098
0.053062
0.025962
0.002580
-0.010387
-0.015842
-0.027476
-0.030200
-0.023639
-0.021101
-0.034703
-0.043053
0.003335
0.080090
0.127076
0.105086
0.061035
0.029037
0.036502
0.055727
0.057686
0.033926
0.006167
-0.019058
-0.035482
-0.044938
-0.054023
-0.050864
-0.041592
-0.036769
-0.047083
-0.051526
-0.001124
0.077731
0.131673
0.115388
0.075346
0.047098
0.059574
0.083665
0.090111
0.069086
0.037044
0.012190
-0.000992
-0.006313
-0.017300
-0.024045
-0.018889
-0.013391
-0.029339
-0.040089
0.003188
0.077420
0.122560
0.099629
0.054660
0.020995
0.025375
0.041273
0.040386
0.014239
-0.015094
-0.042110
-0.058523
-0.069424
-0.084758
-0.084997
-0.077646
-0.074918
-0.083556
-0.083364
-0.029200
0.052166
0.111913
0.098241
0.057986
0.029640
0.043405
0.068194
0.075630
0.056349
0.029685
0.008302
-0.003040
-0.008062
-0.012121
-0.007393
0.005130
0.010898
-0.002403
-0.009262
0.034579
0.109184
0.152423
0.130871
0.088706
0.057200
0.063406
0.083544
0.085218
0.059315
0.027422
-0.000949
-0.019667
-0.029348
-0.045448
-0.054298
-0.048072
-0.042227
-0.048484
-0.047749
0.006029
0.085872
0.133983
0.113825
0.071727
0.042298
0.053437
0.074066
0.077049
0.053559
0.021912
-0.002115
-0.015729
-0.021089
-0.022126
-0.019306
-0.008043
-0.003562
-0.016953
-0.023401
0.022646
0.097879
0.140141
0.118705
0.076365
0.044507
0.051467
0.071741
0.075314
0.051412
0.015779
-0.012386
-0.028155
-0.036003
-0.051814
-0.063868
-0.067662
-0.071775
-0.084007
-0.090052
-0.041718
0.034183
0.091727
0.074614
0.028466
-0.006446
-0.000351
0.018974
0.023365
0.003671
-0.017483
-0.036775
-0.046223
-0.051484
-0.054438
-0.048130
-0.038628
-0.036122
-0.047465
-0.051400
0.000817
0.080556
0.136558
0.123836
0.085417
0.057823
0.069427
0.095936
0.100411
0.080673
0.057381
0.036865
0.027162
0.023304
0.014336
0.009576
0.016066
0.021683
0.010174
0.002132
0.045694
0.119305
0.165949
0.145602
0.101818
0.067755
0.070172
0.085585
0.080528
0.053591
0.025418
0.001497
-0.012409
-0.021781
-0.028862
-0.029373
-0.023573
-0.018730
-0.028356
-0.036703
0.009887
0.087208
0.136003
0.115546
0.070879
0.036694
0.039932
0.060329
0.062212
0.039866
0.016209
-0.002685
-0.011307
-0.015287
-0.027545
-0.035083
-0.035890
-0.035128
-0.049921
-0.060230
-0.013539
0.064839
0.121689
0.106088
0.060344
0.024916
0.027718
0.046521
0.045562
0.024448
0.001568
-0.016467
-0.025310
-0.026155
-0.023346
-0.014002
-0.003703
0.005149
0.002530
-0.001288
0.037643
0.113808
0.166235
0.151725
0.109690
0.075553
0.082537
0.106225
0.110975
0.095329
0.075249
0.059140
0.054123
0.054943
0.046023
0.035009
0.036954
0.044247
0.031278
0.023353
0.051669
0.121304
0.170554
0.150585
0.100685
0.059153
0.053734
0.064225
0.058975
0.033973
0.005830
-0.017688
-0.030820
-0.037574
-0.040161
-0.035141
-0.022681
-0.009735
-0.007989
-0.008577
0.033379
0.112082
0.165906
0.151599
0.109753
0.076872
0.083717
0.106122
0.108755
0.089910
0.069397
0.053875
0.047777
0.044871
0.038722
0.035096
0.041641
0.054741
0.045013
0.037798
0.068178
0.138493
0.187856
0.170993
0.124564
0.086268
0.083425
0.096779
0.093814
0.071300
0.045192
0.023382
0.012678
0.007657
-0.003927
-0.009842
-0.005240
0.003009
-0.005806
-0.012623
0.023480
0.098889
0.150419
0.133455
0.086051
0.046656
0.044708
0.058398
0.053231
0.029642
0.007039
-0.009483
-0.016117
-0.018033
-0.016814
-0.009524
0.002312
0.015790
0.015868
0.013309
0.033423
0.098208
0.150268
0.133857
0.087101
0.047677
0.047632
0.065660
0.066097
0.046077
0.021142
0.001539
-0.007409
-0.012032
-0.024971
-0.027004
-0.019580
-0.009880
-0.018679
-0.024457
0.004266
0.074995
0.131733
0.118388
0.068890
0.027442
0.024323
0.039324
0.037793
0.016013
-0.005014
-0.019380
-0.021031
-0.019925
-0.013130
0.001230
0.027358
-0.000304
0.001321
-0.001645
-0.009909
-0.025055
-0.046492
-0.073884
-0.103180
-0.130331
-0.152766
-0.175961
-0.200876
-0.216646
-0.201379
-0.164171
-0.124207
-0.090667
-0.070388
-0.055186
-0.054599
-0.061180
-0.069754
-0.062007
-0.033866
-0.002519
0.015670
0.018632
0.021607
0.020102
0.007418
-0.007771
-0.023854
-0.036985
-0.038315
-0.036694
-0.031532
-0.021324
-0.010598
0.012309
0.029689
0.026614
0.031607
0.067124
0.121644
0.147833
0.147746
0.136372
0.136041
0.130411
0.111853
0.091470
0.071035
0.054402
0.042630
0.037399
0.034414
0.035924
0.040708
0.059485
0.060565
0.053861
0.057509
0.105160
0.172081
0.186611
0.144144
0.076927
0.040400
0.015227
0.003495
-0.017759
-0.044843
-0.066709
-0.083379
-0.092137
-0.099510
-0.103482
-0.106318
-0.092109
-0.086212
-0.080066
-0.052948
0.017000
0.103470
0.141445
0.116394
0.062049
0.044322
0.042432
0.039748
0.026576
0.008918
-0.000558
-0.008288
-0.010744
-0.012442
-0.010712
-0.008190
0.009878
0.015557
0.023357
0.062033
0.134863
0.216161
0.225345
0.186711
0.135233
0.118120
0.111342
0.096263
0.068466
0.038253
0.005744
-0.015079
-0.028666
-0.040090
-0.046277
-0.052148
-0.048835
-0.050367
-0.047858
-0.005907
0.071901
0.158179
0.176745
0.140014
0.086621
0.067246
0.061094
0.056373
0.035139
0.011045
-0.015941
-0.029765
-0.035496
-0.039253
-0.038919
-0.039501
-0.028879
-0.028013
-0.026802
0.001398
0.069912
0.152552
0.193776
0.174553
0.123608
0.105878
0.101179
0.091323
0.070153
0.046184
0.017738
0.002943
-0.003174
-0.008137
-0.010629
-0.014903
-0.013829
-0.019075
-0.019267
0.002487
0.069097
0.147883
0.182127
0.153949
0.097202
0.075303
0.069582
0.062974
0.046071
0.022824
-0.006508
-0.022399
-0.028669
-0.038840
-0.046927
-0.057343
-0.057957
-0.066558
-0.071639
-0.041947
0.029878
0.109164
0.145032
0.117169
0.070754
0.060585
0.063355
0.063270
0.051606
0.035235
0.013620
0.004613
0.001843
0.000307
-0.003998
-0.008944
0.001077
-0.004505
-0.012099
0.002134
0.060849
0.136119
0.170784
0.143901
0.088681
0.067825
0.059887
0.054258
0.035442
0.009947
-0.021839
-0.036633
-0.044255
-0.051082
-0.056490
-0.063957
-0.065830
-0.074708
-0.079645
-0.059342
0.007318
0.085521
0.123429
0.098874
0.042186
0.021886
0.022486
0.022745
0.014462
-0.003558
-0.027675
-0.037113
-0.041033
-0.044870
-0.048476
-0.055104
-0.050152
-0.058315
-0.064445
-0.044581
0.020336
0.097467
0.133377
0.119325
0.091162
0.092333
0.102725
0.108149
0.097646
0.082592
0.065048
0.058559
0.058378
0.059274
0.057181
0.055957
0.073140
0.075429
0.068453
0.071418
0.118622
0.185919
0.202128
0.161925
0.096506
0.062721
0.040786
0.027618
0.004514
-0.026902
-0.055170
-0.075153
-0.085872
-0.095056
-0.102092
-0.108880
-0.096608
-0.093690
-0.092408
-0.054512
0.022296
0.108996
0.150913
0.128710
0.077408
0.063944
0.068627
0.072032
0.061800
0.045693
0.023843
0.014258
0.011171
0.008798
0.005148
0.001808
0.013097
0.007927
-0.000062
0.009857
0.064907
0.137504
0.166113
0.134268
0.074689
0.049391
0.040577
0.038722
0.021996
-0.003769
-0.031602
-0.047751
-0.054474
-0.063182
-0.069549
-0.076288
-0.068464
-0.069294
-0.070774
-0.050377
0.016244
0.096895
0.134212
0.112707
0.057888
0.039400
0.040264
0.040021
0.028363
0.009636
-0.009639
-0.019543
-0.022581
-0.024657
-0.024917
-0.025604
-0.008220
-0.007957
-0.012046
0.008470
0.069885
0.147763
0.170868
0.137659
0.081330
0.059729
0.054327
0.049495
0.029336
0.001572
-0.031950
-0.049700
-0.058482
-0.065951
-0.071274
-0.077834
-0.077004
-0.084076
-0.088727
-0.063551
0.005930
0.086088
0.123562
0.097859
0.043702
0.026802
0.031090
0.036152
0.024696
0.006031
-0.017313
-0.025850
-0.026654
-0.025883
-0.026656
-0.028424
-0.013454
-0.016654
-0.024274
-0.015821
0.040330
0.115001
0.147125
0.118034
0.059973
0.036455
0.032731
0.026855
0.012460
-0.014049
-0.048013
-0.064695
-0.072618
-0.084391
-0.094096
-0.104554
-0.099099
-0.103409
-0.111840
-0.092465
-0.024664
0.051439
0.090011
0.088928
0.073863
0.081425
0.100394
0.114009
0.110585
0.101008
0.086777
0.084052
0.087106
0.090199
0.090297
0.092312
0.111392
0.113438
0.106207
0.108699
0.139695
0.201668
0.217582
0.178341
0.122931
0.099373
0.083947
0.067029
0.043470
0.008543
-0.033121
-0.060936
-0.077744
-0.097395
-0.114534
-0.129899
-0.120477
-0.122983
-0.128985
-0.098301
-0.024221
0.060555
0.106905
0.104791
0.085625
0.092445
0.112747
0.126253
0.122425
0.112642
0.097462
0.090067
0.090730
0.093039
0.094069
0.099637
0.123186
0.129809
0.120502
0.120866
0.155528
0.217640
0.226577
0.183916
0.123715
0.095269
0.074280
0.056431
0.024542
-0.015716
-0.051313
-0.080149
-0.098531
-0.116809
-0.130955
-0.142302
-0.128841
-0.127441
-0.129480
-0.088508
-0.011522
0.074983
0.116623
0.095281
0.046082
0.035800
0.045901
0.055722
0.046225
0.028900
0.007280
-0.002986
-0.006521
-0.008492
-0.011287
-0.012268
0.006596
0.007747
-0.000553
0.007299
0.060741
0.133886
0.163085
0.134822
0.079210
0.057391
0.052713
0.050771
0.029734
-0.000652
-0.036580
-0.054509
-0.063288
-0.070224
-0.074583
-0.078881
-0.069918
-0.071417
-0.075959
-0.061166
0.003215
0.082476
0.117866
0.095116
0.041578
0.024984
0.029818
0.033918
0.022497
0.001006
-0.022161
-0.035046
-0.039650
-0.046859
-0.051604
-0.056878
-0.042122
-0.049291
-0.060153
-0.048922
0.011368
0.088617
0.121844
0.095666
0.042125
0.026581
0.029787
0.030162
0.013341
-0.011509
-0.035547
-0.049424
-0.054996
-0.059153
-0.060248
-0.060762
-0.040839
-0.043259
-0.051059
-0.035317
0.027287
0.109147
0.147125
0.138000
0.111179
0.112675
0.124926
0.128198
0.112444
0.090342
0.064338
0.049690
0.045570
0.045572
0.045145
0.046363
0.066676
0.070478
0.061715
0.061348
0.105631
0.171199
0.182678
0.139527
0.074926
0.042583
0.026947
0.017897
-0.004495
-0.038717
-0.075774
-0.099479
-0.111983
-0.127652
-0.140107
-0.150366
-0.133432
-0.130013
-0.133264
-0.102720
-0.027284
0.046314
0.093446
0.103458
0.096075
0.102314
0.127070
0.143610
0.142483
0.134129
0.126414
0.126581
0.132200
0.138541
0.143505
0.150052
0.175470
0.194582
0.191218
0.189214
0.202312
0.252112
0.264871
0.229279
0.180414
0.153013
0.133487
0.104124
0.067868
0.025599
-0.010761
-0.042341
-0.063519
-0.084828
-0.102999
-0.119721
-0.116506
-0.123628
-0.134618
-0.102709
-0.032823
0.051086
0.097611
0.075911
0.020433
-0.005212
-0.003197
0.007122
-0.002308
-0.023299
-0.049106
-0.060470
-0.066162
-0.072020
-0.074739
-0.078045
-0.063072
-0.062064
-0.069166
-0.056521
0.003014
0.086011
0.135101
0.130887
0.109597
0.112488
0.128869
0.135276
0.123124
0.103064
0.085473
0.075424
0.072417
0.071249
0.072770
0.073203
0.090247
0.102552
0.094729
0.090150
0.124062
0.188745
0.209475
0.174670
0.130532
0.110774
0.100463
0.088331
0.062951
0.031809
0.007482
-0.010819
-0.019738
-0.026442
-0.031416
-0.037539
-0.018836
-0.012922
-0.017521
-0.001970
0.061034
0.144101
0.181777
0.158786
0.105074
0.079875
0.077671
0.077383
0.058004
0.029612
-0.001335
-0.018078
-0.027897
-0.036885
-0.042146
-0.047128
-0.031919
-0.033538
-0.041902
-0.031513
0.028239
0.111583
0.160335
0.152839
0.128181
0.128541
0.143531
0.149158
0.138574
0.119812
0.095763
0.082674
0.079442
0.076919
0.075622
0.072964
0.088223
0.095321
0.084713
0.080160
0.112924
0.179095
0.207048
0.175812
0.138223
0.123599
0.117498
0.108383
0.086701
0.056709
0.029352
0.010740
0.001698
-0.005364
-0.010271
-0.015634
0.003150
0.008292
0.002258
0.011819
0.069825
0.150932
0.187586
0.163949
0.110738
0.088374
0.087315
0.087011
0.068389
0.039168
0.005216
-0.015566
-0.025507
-0.033047
-0.036971
-0.040607
-0.024266
-0.024952
-0.035285
-0.026373
0.031744
0.112922
0.159549
0.148439
0.116280
0.111901
0.123517
0.129378
0.115990
0.093156
0.066142
0.051493
0.047257
0.045103
0.045373
0.044415
0.060635
0.065479
0.053741
0.050400
0.082960
0.150824
0.184026
0.162869
0.131754
0.122430
0.124808
0.121321
0.102115
0.074895
0.047791
0.031613
0.025019
0.021274
0.019319
0.016043
0.034482
0.037497
0.027617
0.028987
0.074854
0.151408
0.189210
0.174893
0.148982
0.145330
0.155510
0.158336
0.143633
0.120727
0.095016
0.081700
0.077325
0.076262
0.073274
0.069674
0.088945
0.101909
0.090653
0.082282
0.111690
0.176321
0.204846
0.176137
0.139592
0.125324
0.123022
0.118237
0.097228
0.066422
0.030587
0.010878
0.000308
-0.008153
-0.013843
-0.019340
-0.004461
-0.001003
-0.012410
-0.014243
0.026656
0.102977
0.144026
0.141332
0.125419
0.126409
0.143924
0.153200
0.143475
0.124796
0.102950
0.093592
0.091528
0.091455
0.090879
0.091124
0.114418
0.131996
0.122504
0.110871
0.119369
0.169862
0.192188
0.172794
0.142422
0.128949
0.123754
0.114666
0.093856
0.063089
0.025316
0.003078
-0.009746
-0.019252
-0.025783
-0.030706
-0.006535
0.001579
-0.010494
-0.013924
0.020725
0.093526
0.134360
0.134620
0.121032
0.120740
0.141110
0.151082
0.141210
0.122445
0.108357
0.103939
0.104768
0.106240
0.106706
0.108675
0.139555
0.173837
0.179296
0.172386
0.176973
0.214289
0.223550
0.205122
0.177947
0.165134
0.157387
0.140031
0.115924
0.085652
0.056731
0.035618
0.025441
0.018360
0.016892
0.018891
0.046799
0.059601
0.048143
0.042551
0.089549
0.163587
0.192228
0.164373
0.107919
0.077712
0.071271
0.068116
0.042587
0.005048
-0.029476
-0.052857
-0.066849
-0.079367
-0.087086
-0.091347
-0.070366
-0.066020
-0.075215
-0.067069
-0.005679
0.080457
0.128973
0.115875
0.072991
0.062317
0.078575
0.090426
0.076320
0.050166
0.029815
0.015094
0.009598
0.006601
0.008409
0.013454
0.042195
0.051934
0.043484
0.044700
0.087172
0.162800
0.195508
0.173430
0.123738
0.101808
0.103083
0.100517
0.078404
0.047233
0.020529
-0.002911
-0.015746
-0.025077
-0.030519
-0.032703
-0.008640
-0.001235
-0.007617
-0.001549
0.057509
0.139277
0.175097
0.154451
0.105618
0.087076
0.095878
0.104892
0.089821
0.061982
0.037174
0.022627
0.018723
0.018722
0.021849
0.025711
0.054793
0.070976
0.063420
0.060593
0.102908
0.175945
0.204698
0.176708
0.121298
0.092802
0.088838
0.088410
0.066806
0.031637
0.000709
-0.022121
-0.033717
-0.046393
-0.055872
-0.062392
-0.040258
-0.035325
-0.045209
-0.040492
0.020550
0.105039
0.148102
0.129089
0.078624
0.058806
0.069454
0.081298
0.067734
0.041942
0.019277
0.007165
0.005827
0.006941
0.012167
0.018902
0.048630
0.070278
0.068063
0.066090
0.095125
0.163388
0.195429
0.168416
0.111480
0.080645
0.075141
0.073319
0.050714
0.014718
-0.015418
-0.038606
-0.050972
-0.059692
-0.064098
-0.064616
-0.036217
-0.026632
-0.032686
-0.026855
0.033658
0.119050
0.161237
0.144154
0.096645
0.079760
0.092446
0.105312
0.094297
0.069696
0.048739
0.035589
0.033254
0.031639
0.033959
0.037045
0.067368
0.095901
0.096488
0.091265
0.113805
0.176343
0.199198
0.165084
0.102343
0.066044
0.054450
0.047377
0.029102
-0.005169
-0.038482
-0.065310
-0.079498
-0.093736
-0.105491
-0.112321
-0.086364
-0.065881
-0.072324
-0.067333
-0.010668
0.073468
0.117118
0.114529
0.075433
0.062122
0.077226
0.093177
0.082543
0.061108
0.044653
0.039085
0.042798
0.048448
0.055547
0.065803
0.103570
0.139311
0.146868
0.146714
0.158817
0.211295
0.231312
0.198357
0.138216
0.103367
0.089704
0.075300
0.048572
0.006486
-0.038287
-0.071888
-0.092703
-0.107977
-0.116572
-0.119402
-0.094061
-0.087112
-0.097015
-0.079024
-0.008478
0.080410
0.126863
0.112442
0.067640
0.052601
0.072283
0.091574
0.082277
0.058559
0.038306
0.028737
0.028609
0.029142
0.033626
0.039973
0.070355
0.092674
0.089465
0.083519
0.110751
0.177066
0.205751
0.176938
0.120506
0.091945
0.087287
0.086981
0.069940
0.035785
-0.001277
-0.028537
-0.042484
-0.053045
-0.066109
-0.074620
-0.060828
-0.044500
-0.052161
-0.052228
0.000900
0.083186
0.129712
0.122502
0.077075
0.057378
0.066653
0.081335
0.071427
0.046224
0.031387
0.022617
0.023021
0.025629
0.031399
0.039036
0.067666
0.105770
0.113450
0.113527
0.129654
0.187664
0.217154
0.190590
0.136105
0.107647
0.100522
0.095784
0.075358
0.039598
0.008644
-0.017282
-0.031577
-0.042081
-0.047906
-0.050155
-0.032485
-0.013390
-0.020272
-0.023152
0.027246
0.107821
0.153672
0.137203
0.088360
0.066961
0.073970
0.088536
0.079454
0.053061
0.034869
0.023318
0.022061
0.020794
0.021398
0.022941
0.045037
0.080518
0.085979
0.081248
0.095677
0.153640
0.183154
0.153407
0.093868
0.058327
0.049777
0.047889
0.034831
0.001334
-0.029166
-0.053910
-0.066243
-0.075975
-0.083837
-0.087443
-0.067807
-0.039109
-0.042327
-0.045084
-0.008924
0.068218
0.113675
0.116880
0.080585
0.062302
0.074136
0.091547
0.084640
0.062373
0.051300
0.045934
0.049991
0.057126
0.065776
0.075611
0.104856
0.136115
0.140777
0.140450
0.153225
0.208441
0.237638
0.210752
0.156592
0.128657
0.121608
0.116071
0.095956
0.059941
0.024301
-0.003672
-0.019883
-0.032620
-0.041517
-0.045873
-0.029067
-0.001873
-0.006563
-0.013746
0.026522
0.102794
0.145713
0.124351
0.071190
0.044536
0.047154
0.059639
0.050310
0.022567
-0.000091
-0.012990
-0.015443
-0.016526
-0.014738
-0.010884
0.011360
0.030289
0.023528
0.018701
0.049865
0.122979
0.167761
0.165105
0.125645
0.105320
0.113525
0.125603
0.116401
0.090405
0.069190
0.054146
0.049686
0.046581
0.038952
0.036933
0.056396
0.077921
0.072429
0.063148
0.075307
0.133840
0.163538
0.142773
0.086721
0.054223
0.048840
0.049933
0.034017
0.002094
-0.027372
-0.051933
-0.065138
-0.073744
-0.078283
-0.077992
-0.055330
-0.034689
-0.042105
-0.045893
-0.010831
0.066912
0.112193
0.115001
0.080389
0.062333
0.078054
0.097001
0.091179
0.069451
0.054687
0.044639
0.043333
0.045054
0.048529
0.054132
0.076083
0.088370
0.080502
0.075135
0.088848
0.148425
0.181845
0.168049
0.120148
0.095390
0.096002
0.101354
0.087896
0.057716
0.031529
0.009891
-0.000679
-0.009263
-0.015448
-0.017359
0.003546
0.036783
0.038368
0.028119
0.043823
0.104449
0.137164
0.126456
0.079821
0.051414
0.051066
0.060628
0.050069
0.020259
-0.002921
-0.020003
-0.026375
-0.030444
-0.031643
-0.029074
-0.006668
0.014417
0.009609
0.005036
0.030455
0.098440
0.142095
0.144411
0.109133
0.089194
0.099945
0.114290
0.106525
0.081375
0.060821
0.046631
0.042684
0.038713
0.036259
0.037841
0.059486
0.083728
0.081326
0.071641
0.079648
0.135645
0.167402
0.140383
0.081052
0.044006
0.037755
0.038966
0.026187
-0.008210
-0.040866
-0.070582
-0.088359
-0.102214
-0.112141
-0.116312
-0.095974
-0.058666
-0.057691
-0.061141
-0.036677
0.030060
0.072183
0.072470
0.033469
0.010372
0.021182
0.040749
0.034933
0.012455
-0.002834
-0.012843
-0.013672
-0.010819
-0.006426
0.002179
0.024378
0.036824
0.030758
0.027088
0.045627
0.111089
0.153054
0.154822
0.124253
0.109123
0.121672
0.136079
0.129169
0.105603
0.085853
0.072100
0.068586
0.066572
0.065761
0.070172
0.092957
0.121352
0.122338
0.114623
0.119532
0.171682
0.199462
0.167062
0.105917
0.064201
0.052362
0.047596
0.031526
-0.005872
-0.044908
-0.078098
-0.099123
-0.116953
-0.131896
-0.141201
-0.125301
-0.092348
-0.093736
-0.097393
-0.072705
-0.004719
0.040511
0.042814
0.003953
-0.018264
-0.007239
0.013449
0.009204
-0.012869
-0.026161
-0.033601
-0.031512
-0.027257
-0.019801
-0.007524
0.019403
0.040102
0.038620
0.035757
0.053005
0.116997
0.157419
0.159513
0.142291
0.140121
0.157508
0.173163
0.166867
0.144997
0.122739
0.110216
0.108465
0.109429
0.114498
0.122569
0.153102
0.190674
0.199268
0.194075
0.197903
0.221879
0.233155
0.195766
0.131662
0.089149
0.071162
0.060318
0.038425
-0.003507
-0.044635
-0.081413
-0.106578
-0.128590
-0.146713
-0.158681
-0.144282
-0.110344
-0.108729
-0.109530
-0.074269
0.004398
0.052192
0.056508
0.020410
0.000911
0.015756
0.038821
0.035114
0.013347
0.000185
-0.003382
0.001712
0.010032
0.022578
0.040156
0.073055
0.111110
0.125355
0.125814
0.135404
0.189337
0.220204
0.199116
0.149862
0.126639
0.127345
0.127333
0.110985
0.078227
0.048148
0.023763
0.012104
0.007424
0.009071
0.015766
0.042290
0.076669
0.079871
0.071346
0.085442
0.144666
0.179541
0.153038
0.096935
0.054992
0.047469
0.052768
0.045676
0.013067
-0.029669
-0.058851
-0.073563
-0.083702
-0.099374
-0.109284
-0.095238
-0.075824
-0.086517
-0.093910
-0.060287
0.016326
0.064842
0.070985
0.040353
0.025666
0.041304
0.060395
0.054072
0.032206
0.019971
0.011819
0.014076
0.020509
0.029057
0.041820
0.061969
0.070239
0.063936
0.057706
0.066351
0.124868
0.161603
0.154622
0.115007
0.095538
0.104604
0.116811
0.106614
0.077946
0.054082
0.033967
0.024968
0.019131
0.017391
0.020527
0.044280
0.074261
0.076030
0.066676
0.075798
0.133567
0.168658
0.140531
0.082636
0.042661
0.036391
0.042221
0.032234
-0.001913
-0.037429
-0.065768
-0.081340
-0.093640
-0.107761
-0.115896
-0.098088
-0.063277
-0.061023
-0.066762
-0.047868
0.014566
0.054790
0.054233
0.026803
0.011193
0.024533
0.043216
0.036312
0.013644
-0.002380
-0.011962
-0.013680
-0.009493
-0.003239
0.007472
0.025408
0.032965
0.026872
0.020044
0.033858
0.096659
0.138594
0.139863
0.117449
0.109087
0.127535
0.146771
0.144539
0.125577
0.105412
0.092647
0.092189
0.094816
0.091011
0.094332
0.118391
0.150295
0.153795
0.146008
0.147437
0.195186
0.214907
0.179900
0.118782
0.081480
0.068724
0.060485
0.039746
-0.001860
-0.042529
-0.080518
-0.106707
-0.126484
-0.141350
-0.150038
-0.133634
-0.102623
-0.104057
-0.106630
-0.074778
0.001393
0.051380
0.049763
0.009805
-0.012175
0.001480
0.023402
0.017044
-0.009646
-0.030980
-0.043365
-0.047124
-0.046561
-0.041048
-0.029976
-0.003431
0.011389
0.004771
0.000201
0.023587
0.090520
0.137533
0.142313
0.111041
0.096472
0.112149
0.130747
0.127361
0.105466
0.084938
0.068046
0.063786
0.063529
0.055375
0.051723
0.073627
0.106646
0.110960
0.101520
0.104513
0.149744
0.169241
0.145418
0.088906
0.052937
0.040898
0.031363
0.009727
-0.026604
-0.064715
-0.100029
-0.121783
-0.139375
-0.151981
-0.159232
-0.140886
-0.118084
-0.125545
-0.124072
-0.085680
-0.004643
0.047437
0.054594
0.035937
0.030265
0.055227
0.079837
0.076818
0.056155
0.041960
0.032816
0.031637
0.035288
0.043033
0.056065
0.081590
0.095869
0.089724
0.082787
0.091579
0.147492
0.181856
0.171467
0.128690
0.107615
0.111408
0.114108
0.100326
0.069612
0.038327
0.009774
-0.006636
-0.017872
-0.033036
-0.041790
-0.025884
0.007782
0.008024
-0.005250
0.011112
0.071091
0.100570
0.069974
0.007770
-0.032325
-0.041568
-0.041867
-0.056007
-0.090094
-0.120304
-0.146605
-0.161753
-0.176134
-0.188324
-0.196046
-0.176597
-0.142968
-0.138841
-0.136519
-0.112120
-0.053801
-0.010155
0.005305
-0.001664
-0.002612
0.020729
0.046862
0.046508
0.030927
0.023571
0.023528
0.030415
0.039813
0.052776
0.068903
0.095396
0.109974
0.106616
0.103609
0.112911
0.165443
0.194542
0.189025
0.169968
0.165643
0.174704
0.177868
0.162575
0.136432
0.112513
0.092436
0.084150
0.080724
0.073893
0.073433
0.093853
0.124914
0.126009
0.112428
0.119631
0.166466
0.177851
0.134680
0.065301
0.020404
0.001098
-0.008077
-0.034812
-0.078281
-0.122582
-0.158603
-0.181715
-0.205471
-0.228895
-0.245987
-0.225349
-0.192782
-0.185545
-0.181608
-0.147373
-0.088309
-0.049358
-0.035873
-0.041021
-0.034962
-0.004102
0.018904
0.012610
-0.003726
-0.008615
-0.008107
0.001141
0.011534
0.027895
0.049701
0.096990
0.145589
0.166422
0.172409
0.184412
0.208036
0.225002
0.222618
0.212988
0.215590
0.220145
0.203073
0.176288
0.148111
0.118967
0.096828
0.087837
0.086871
0.093803
0.108041
0.147480
0.189762
-0.000864
-0.011957
-0.026566
-0.042490
-0.059360
-0.077701
-0.099126
-0.122199
-0.143352
-0.158084
-0.168073
-0.171595
-0.159478
-0.127261
-0.082842
-0.039042
-0.003916
0.020717
0.037543
0.035898
0.020915
0.009465
0.006166
0.005014
0.008837
0.015407
0.022230
0.029756
0.032439
0.029135
0.021346
0.009756
-0.002917
-0.010157
-0.015039
-0.017020
-0.009907
0.000956
0.024273
0.039275
0.033592
0.031402
0.051388
0.087277
0.104805
0.095621
0.080827
0.076627
0.069972
0.058922
0.033768
0.003457
-0.033137
-0.053160
-0.063051
-0.066945
-0.062917
-0.054050
-0.028758
-0.006234
-0.005155
0.002286
0.032744
0.079079
0.108782
0.112105
0.105398
0.107107
0.109385
0.100812
0.081494
0.059388
0.034233
0.023206
0.018691
0.018506
0.022970
0.028862
0.054132
0.069907
0.061540
0.055515
0.076977
0.113632
0.132857
0.122879
0.101877
0.091236
0.080718
0.065754
0.039007
0.006392
-0.031677
-0.050654
-0.062621
-0.072794
-0.079991
-0.086777
-0.071271
-0.069151
-0.075912
-0.065425
-0.024413
0.029933
0.064327
0.065344
0.054579
0.059798
0.072917
0.082970
0.073868
0.056580
0.033299
0.023624
0.020016
0.016275
0.013653
0.011533
0.032493
0.042073
0.030082
0.025923
0.055907
0.098866
0.120547
0.111496
0.092525
0.087964
0.088686
0.086211
0.067840
0.041520
0.009364
-0.006410
-0.015782
-0.024852
-0.030440
-0.035648
-0.019003
-0.022281
-0.036980
-0.032329
0.000394
0.044883
0.074267
0.074032
0.061912
0.063225
0.072544
0.078163
0.063191
0.040986
0.015061
0.001433
-0.005336
-0.009373
-0.010198
-0.010095
0.017908
0.037988
0.029745
0.025255
0.048103
0.084729
0.106965
0.101620
0.084924
0.080256
0.081465
0.080224
0.061556
0.034978
0.003618
-0.013064
-0.022718
-0.029696
-0.032489
-0.033943
-0.012914
-0.011907
-0.024073
-0.024605
0.003711
0.045591
0.073145
0.071525
0.058277
0.058950
0.069093
0.074320
0.059697
0.036996
0.009972
-0.003670
-0.009756
-0.012849
-0.012495
-0.011112
0.015098
0.027776
0.016478
0.011957
0.035832
0.072636
0.093781
0.086644
0.068685
0.064104
0.067749
0.068694
0.050372
0.024019
-0.006259
-0.021490
-0.029703
-0.035518
-0.037955
-0.039312
-0.014982
-0.011405
-0.023813
-0.024441
0.002829
0.042642
0.069859
0.069367
0.056857
0.058082
0.069469
0.075893
0.060907
0.038430
0.012948
0.000575
-0.004705
-0.007908
-0.006341
-0.002977
0.027606
0.047404
0.041290
0.038127
0.059034
0.095119
0.116205
0.110888
0.095819
0.093180
0.096405
0.095741
0.075169
0.047151
0.015980
-0.001318
-0.011214
-0.019740
-0.022473
-0.022866
0.001633
0.004300
-0.010691
-0.014165
0.009910
0.046591
0.072413
0.071124
0.056924
0.056304
0.065856
0.070327
0.051752
0.025911
-0.002770
-0.018564
-0.027834
-0.036332
-0.038689
-0.038773
-0.013721
-0.005122
-0.017699
-0.022304
-0.000934
0.033733
0.060532
0.061855
0.048588
0.048519
0.059463
0.064251
0.046412
0.020933
-0.007947
-0.024384
-0.034130
-0.043453
-0.046824
-0.046875
-0.018812
-0.010759
-0.024359
-0.027784
-0.004009
0.032598
0.060269
0.060710
0.047301
0.047727
0.058216
0.062526
0.045575
0.020759
-0.008615
-0.025675
-0.035642
-0.045509
-0.050484
-0.052441
-0.026408
-0.021981
-0.036495
-0.039720
-0.015175
0.021217
0.049714
0.053147
0.040876
0.042671
0.056278
0.062691
0.046867
0.023803
-0.003430
-0.018886
-0.028030
-0.037628
-0.041639
-0.042777
-0.015545
-0.000916
-0.010926
-0.013940
0.008973
0.044440
0.071107
0.072205
0.059757
0.060404
0.069823
0.073779
0.056689
0.031644
0.001649
-0.016728
-0.027665
-0.038357
-0.043074
-0.044594
-0.018604
-0.008394
-0.022180
-0.027785
-0.006772
0.027459
0.052123
0.050977
0.035353
0.033236
0.041654
0.045350
0.027804
0.001819
-0.028763
-0.046404
-0.056916
-0.067203
-0.072562
-0.075032
-0.049308
-0.046351
-0.058272
-0.055390
-0.026821
0.014061
0.045904
0.050403
0.040553
0.044781
0.060369
0.069701
0.056055
0.034160
0.008214
-0.006238
-0.013260
-0.018879
-0.019171
-0.016652
0.013017
0.033624
0.027621
0.023994
0.044334
0.078901
0.101104
0.096474
0.080732
0.077955
0.082206
0.081933
0.061778
0.033880
0.002090
-0.016808
-0.028013
-0.037458
-0.041484
-0.042773
-0.017108
-0.007616
-0.021459
-0.026082
-0.003461
0.031070
0.056055
0.054563
0.038519
0.035433
0.042887
0.046384
0.028749
0.003347
-0.025762
-0.041409
-0.050417
-0.058597
-0.061465
-0.062236
-0.037172
-0.034135
-0.048833
-0.051234
-0.026921
0.010023
0.039218
0.043553
0.031281
0.032411
0.045770
0.053728
0.037888
0.014031
-0.013632
-0.028762
-0.037454
-0.045799
-0.048513
-0.048761
-0.023161
-0.017062
-0.031311
-0.035398
-0.012916
0.022556
0.050429
0.054997
0.042725
0.043523
0.056044
0.063348
0.047915
0.023920
-0.004612
-0.021207
-0.030233
-0.037898
-0.040756
-0.041125
-0.014257
-0.005893
-0.019049
-0.022623
0.001584
0.038081
0.064755
0.064362
0.050751
0.051096
0.061266
0.066265
0.049689
0.025077
-0.003583
-0.019754
-0.028593
-0.036725
-0.039367
-0.039701
-0.014353
-0.008225
-0.022434
-0.025377
-0.001891
0.033862
0.060267
0.059872
0.045625
0.045178
0.055415
0.060406
0.043130
0.017708
-0.011517
-0.028235
-0.037862
-0.046595
-0.050101
-0.051119
-0.024890
-0.016528
-0.030878
-0.034617
-0.011797
0.023033
0.049672
0.052117
0.038106
0.037372
0.049235
0.055712
0.039448
0.014716
-0.014158
-0.030564
-0.039652
-0.047451
-0.050394
-0.050544
-0.023324
-0.018572
-0.032682
-0.035390
-0.011065
0.026010
0.054552
0.058151
0.046527
0.048654
0.062118
0.069752
0.053882
0.029756
0.001604
-0.014697
-0.023667
-0.031046
-0.033583
-0.033669
-0.007111
0.002225
-0.011504
-0.016356
0.005753
0.040186
0.065388
0.066125
0.052435
0.052362
0.062929
0.068212
0.051627
0.026037
-0.004283
-0.022496
-0.032354
-0.039500
-0.042468
-0.042730
-0.015332
-0.010030
-0.023731
-0.025348
0.000489
0.039078
0.066180
0.065977
0.052821
0.054008
0.066286
0.073002
0.057720
0.033017
0.003459
-0.013597
-0.022369
-0.028537
-0.030402
-0.029760
-0.002612
0.003536
-0.010129
-0.012470
0.012343
0.049518
0.074304
0.072375
0.058245
0.058357
0.069068
0.074227
0.057698
0.031894
0.001712
-0.015455
-0.023412
-0.027951
-0.028697
-0.027073
0.001319
0.012724
-0.000264
-0.005129
0.016987
0.051651
0.073874
0.069411
0.052699
0.049843
0.058389
0.062316
0.044436
0.017118
-0.014605
-0.031399
-0.040277
-0.046839
-0.049420
-0.049485
-0.021756
-0.016896
-0.028322
-0.027072
0.000307
0.040622
0.069114
0.071288
0.061237
0.065253
0.080559
0.089467
0.074935
0.051253
0.023884
0.008540
0.002500
-0.000182
0.001696
0.006459
0.038199
0.060482
0.054817
0.050276
0.069031
0.102122
0.120293
0.112764
0.095942
0.092173
0.095795
0.094936
0.072931
0.042162
0.007654
-0.012698
-0.023264
-0.030205
-0.032309
-0.031687
-0.004777
-0.001254
-0.014665
-0.018133
0.005877
0.043623
0.069543
0.068166
0.054251
0.054631
0.068142
0.075193
0.059230
0.033299
0.002926
-0.014064
-0.021288
-0.026080
-0.026449
-0.023845
0.005322
0.017876
0.004739
-0.002513
0.017532
0.051490
0.072342
0.065353
0.046655
0.042708
0.051711
0.055396
0.036523
0.007208
-0.026614
-0.044410
-0.053502
-0.061142
-0.064891
-0.065397
-0.036139
-0.029827
-0.041723
-0.041850
-0.015678
0.022645
0.051546
0.054319
0.044015
0.048484
0.065235
0.074600
0.059001
0.034505
0.007471
-0.007657
-0.013849
-0.017346
-0.015484
-0.010371
0.021668
0.046425
0.042312
0.038092
0.056533
0.089170
0.109578
0.105472
0.090942
0.089584
0.096936
0.098443
0.077159
0.047286
0.014387
-0.005750
-0.016055
-0.023954
-0.025183
-0.022872
0.005397
0.017220
0.003862
-0.004419
0.013400
0.044881
0.067218
0.063646
0.046412
0.042907
0.052409
0.056225
0.036381
0.006741
-0.026677
-0.045799
-0.055607
-0.062317
-0.064238
-0.062603
-0.031795
-0.026315
-0.040786
-0.044297
-0.020355
0.015809
0.043685
0.045528
0.033331
0.036151
0.052314
0.061574
0.046652
0.021394
-0.008163
-0.023924
-0.031084
-0.035851
-0.036723
-0.034312
-0.004898
0.000872
-0.013499
-0.018070
0.004256
0.039106
0.064318
0.063207
0.049626
0.051426
0.065628
0.072951
0.055670
0.028123
-0.003233
-0.021213
-0.030291
-0.036727
-0.038812
-0.037248
-0.008088
-0.002203
-0.017283
-0.023031
-0.001519
0.032337
0.057574
0.056845
0.042957
0.044411
0.058459
0.065936
0.049327
0.022812
-0.007615
-0.024725
-0.032955
-0.038770
-0.040515
-0.038658
-0.009755
-0.003562
-0.018852
-0.024634
-0.003268
0.030785
0.056396
0.056614
0.043462
0.045369
0.059787
0.067832
0.051803
0.025300
-0.005901
-0.023777
-0.032616
-0.039375
-0.042178
-0.041231
-0.010725
-0.001276
-0.015020
-0.019961
0.002104
0.039639
0.071320
0.076718
0.067340
0.068260
0.082264
0.090477
0.076104
0.050226
0.019822
0.002048
-0.007694
-0.014616
-0.017932
-0.018922
0.007867
0.017964
0.004935
0.001613
0.025822
0.065176
0.098127
0.105980
0.099518
0.102336
0.117937
0.125267
0.111990
0.089040
0.061222
0.043920
0.033766
0.026145
0.022266
0.020289
0.044922
0.068586
0.064317
0.055088
0.068006
0.098264
0.121985
0.122700
0.109958
0.107075
0.113830
0.115578
0.099028
0.072306
0.040108
0.017102
0.004015
-0.005363
-0.009176
-0.009753
0.015904
0.033378
0.023240
0.016992
0.036715
0.072892
0.102607
0.107439
0.097671
0.097270
0.107253
0.111732
0.096275
0.070309
0.039533
0.018928
0.007355
-0.000412
-0.004052
-0.004856
0.019857
0.035534
0.023852
0.017248
0.037719
0.074470
0.103464
0.108015
0.097790
0.097149
0.106776
0.110595
0.095124
0.069156
0.038154
0.018079
0.006471
-0.002225
-0.007208
-0.010221
0.012725
0.025409
0.012794
0.007121
0.029199
0.066272
0.096258
0.105016
0.096797
0.097823
0.109899
0.115897
0.102129
0.078834
0.050699
0.032292
0.021749
0.014873
0.011446
0.009817
0.034222
0.058748
0.054831
0.047377
0.063982
0.096886
0.122291
0.124184
0.111680
0.108425
0.114633
0.116661
0.100924
0.075135
0.044182
0.022830
0.011442
0.004593
0.001575
0.000983
0.025916
0.044324
0.033718
0.026162
0.045077
0.080378
0.108003
0.111403
0.099456
0.096723
0.103956
0.107515
0.091340
0.064346
0.032063
0.010778
-0.000546
-0.009907
-0.014625
-0.016692
0.008742
0.024616
0.014441
0.009219
0.031398
0.068705
0.098058
0.102710
0.092381
0.091912
0.103287
0.108822
0.094687
0.070526
0.042051
0.023314
0.014617
0.009924
0.009344
0.011343
0.039380
0.064928
0.062155
0.056476
0.073544
0.107305
0.132836
0.132161
0.118996
0.114932
0.119620
0.120062
0.102116
0.073768
0.040483
0.017498
0.006068
-0.001619
-0.005162
-0.005804
0.019105
0.033191
0.021260
0.014085
0.034559
0.071006
0.099582
0.103392
0.092589
0.091423
0.102012
0.107620
0.092573
0.066824
0.036274
0.016085
0.008292
0.003326
0.002527
0.004316
0.031955
0.053935
0.046755
0.039851
0.057190
0.092504
0.118679
0.118159
0.104551
0.100551
0.106444
0.109040
0.091041
0.061707
0.027092
0.004265
-0.006459
-0.015030
-0.019385
-0.021119
0.005145
0.020495
0.012472
0.009504
0.033450
0.074108
0.105286
0.109875
0.101009
0.102393
0.116582
0.123094
0.109901
0.086920
0.060252
0.041452
0.036123
0.035663
0.039526
0.045589
0.078861
0.115434
0.120078
0.113791
0.120803
0.148172
0.164593
0.155635
0.137150
0.127138
0.123276
0.116628
0.091199
0.056818
0.017395
-0.010793
-0.022408
-0.029341
-0.031185
-0.029547
0.000177
0.017678
0.008596
0.005040
0.028282
0.067657
0.098310
0.101617
0.091411
0.090756
0.103594
0.112102
0.097262
0.070957
0.040599
0.021417
0.017011
0.015466
0.019163
0.026563
0.060393
0.090552
0.091324
0.086833
0.100045
0.132347
0.153417
0.148561
0.133523
0.128059
0.131810
0.127947
0.105978
0.073274
0.035653
0.010370
0.000462
-0.007548
-0.010750
-0.010362
0.018624
0.037121
0.027803
0.020039
0.040089
0.076983
0.103698
0.102884
0.089511
0.086884
0.097487
0.102692
0.085415
0.057091
0.025868
0.006721
0.000859
-0.000368
0.002839
0.009442
0.041541
0.069268
0.068326
0.062802
0.078278
0.111468
0.135477
0.133529
0.119721
0.115485
0.122639
0.125066
0.105151
0.073214
0.036988
0.013063
0.002978
-0.004512
-0.007001
-0.005357
0.023463
0.036420
0.023586
0.016667
0.037606
0.074712
0.104418
0.108202
0.098323
0.099209
0.112721
0.118051
0.102397
0.075150
0.043443
0.022570
0.014058
0.008226
0.007016
0.009538
0.037837
0.057044
0.048997
0.041025
0.056760
0.089991
0.115999
0.115994
0.102795
0.100239
0.110356
0.114523
0.097161
0.067173
0.031351
0.006276
-0.005180
-0.014797
-0.019983
-0.021444
0.007458
0.028324
0.019041
0.010425
0.028648
0.061785
0.087905
0.089845
0.076783
0.074613
0.086670
0.093634
0.077733
0.049594
0.016679
-0.005375
-0.014777
-0.020737
-0.022402
-0.019997
0.009377
0.023652
0.012372
0.005925
0.024798
0.060562
0.090307
0.094589
0.084356
0.085018
0.099181
0.107168
0.093159
0.065871
0.031277
0.006202
-0.002465
-0.009861
-0.012989
-0.011976
0.019565
0.047412
0.043492
0.033983
0.049492
0.081039
0.103611
0.101008
0.085285
0.080293
0.087783
0.091589
0.074314
0.045023
0.010082
-0.014732
-0.022912
-0.028075
-0.028983
-0.025630
0.006355
0.027828
0.019285
0.012256
0.031135
0.067314
0.095681
0.097924
0.086257
0.085099
0.098454
0.106536
0.091792
0.064135
0.029980
0.005962
-0.001566
-0.006398
-0.008278
-0.006001
0.019350
0.054065
0.056974
0.050152
0.062988
0.094006
0.121454
0.121315
0.108199
0.101779
0.106993
0.108665
0.092068
0.061948
0.026886
0.000060
-0.008973
-0.014706
-0.016080
-0.012832
0.011761
0.043900
0.043424
0.033408
0.045652
0.077403
0.106149
0.108716
0.096736
0.091029
0.098225
0.102036
0.088981
0.060959
0.026599
0.001409
-0.006583
-0.013278
-0.018574
-0.019591
0.001979
0.038168
0.041875
0.032272
0.041590
0.069592
0.094098
0.091084
0.074096
0.063851
0.065783
0.068004
0.051963
0.022394
-0.012038
-0.036384
-0.044598
-0.048303
-0.048455
-0.043903
-0.016997
0.017626
0.019397
0.013395
0.029362
0.065368
0.098718
0.105825
0.097825
0.095561
0.107054
0.116083
0.105483
0.079889
0.048024
0.023199
0.016327
0.011420
0.005615
0.005455
0.028474
0.064019
0.068594
0.060998
0.068287
0.094049
0.116902
0.113044
0.095653
0.084885
0.083950
0.082249
0.062863
0.030274
-0.007226
-0.039544
-0.052284
-0.061677
-0.065046
-0.062538
-0.037733
-0.008270
-0.011045
-0.018043
-0.003149
0.029215
0.062275
0.070625
0.060686
0.056187
0.066399
0.075679
0.064208
0.037002
0.004469
-0.017992
-0.026556
-0.032124
-0.034250
-0.031881
-0.007813
0.027334
0.029669
0.021886
0.035899
0.067783
0.097872
0.101821
0.091097
0.087280
0.096917
0.103882
0.092461
0.067080
0.035578
0.010449
0.002430
-0.003902
-0.008002
-0.008490
0.012636
0.045789
0.047505
0.038257
0.048608
0.076851
0.103089
0.102126
0.086330
0.077367
0.081774
0.084780
0.069504
0.040409
0.006357
-0.020279
-0.029699
-0.034127
-0.034094
-0.029265
-0.001701
0.034588
0.037947
0.032809
0.048702
0.082040
0.113996
0.119492
0.110448
0.107870
0.118519
0.124605
0.113022
0.087154
0.055720
0.029602
0.020359
0.014851
0.013672
0.017303
0.043932
0.080195
0.085179
0.078924
0.087084
0.113924
0.139019
0.138331
0.124428
0.117232
0.120313
0.119338
0.102753
0.073214
0.037428
0.003977
-0.010962
-0.020925
-0.025784
-0.025677
-0.003023
0.029018
0.027952
0.017782
0.029010
0.057122
0.084066
0.090374
0.077352
0.070477
0.077829
0.084666
0.072768
0.045892
0.014234
-0.008473
-0.017473
-0.022367
-0.023443
-0.020061
0.006362
0.043227
0.048678
0.044676
0.059600
0.091555
0.122838
0.128495
0.120021
0.118272
0.128985
0.135962
0.124256
0.099221
0.068147
0.036110
0.022143
0.011873
0.005374
0.003671
0.022456
0.050008
0.046644
0.032898
0.037444
0.059559
0.081754
0.085298
0.071177
0.062930
0.067464
0.073586
0.060996
0.033386
-0.001097
-0.031029
-0.044307
-0.050457
-0.052152
-0.048970
-0.023679
0.013668
0.017775
0.011770
0.025915
0.056705
0.087292
0.094268
0.084374
0.080843
0.091854
0.101814
0.092068
0.067495
0.036352
0.009012
-0.000977
-0.008012
-0.011705
-0.010389
0.014181
0.050903
0.055736
0.048034
0.056056
0.081139
0.105870
0.107064
0.093056
0.085913
0.089557
0.092723
0.078602
0.049960
0.014849
-0.021057
-0.038345
-0.049568
-0.055213
-0.055437
-0.034579
-0.007344
-0.012881
-0.025822
-0.017408
0.009228
0.036586
0.048855
0.038919
0.032679
0.041738
0.051912
0.044274
0.020286
-0.009314
-0.032329
-0.040235
-0.044811
-0.045833
-0.042075
-0.014511
0.029664
0.040165
0.037876
0.051598
0.082163
0.111686
0.117064
0.108246
0.105243
0.112938
0.120350
0.108293
0.082539
0.049600
0.014388
-0.001704
-0.013354
-0.024325
-0.029235
-0.011942
0.019554
0.017875
0.005181
0.009867
0.030809
0.051446
0.053271
0.037013
0.025760
0.027589
0.038684
0.028995
0.001683
-0.029249
-0.051365
-0.056398
-0.057871
-0.053206
-0.042903
-0.010668
0.024627
0.031809
0.034874
0.054546
0.093092
0.132256
0.145229
0.143691
0.147185
0.158674
0.158719
0.142002
0.116471
0.085284
0.054138
0.040125
0.030187
0.023967
0.022171
0.036116
0.063887
0.063557
0.049601
0.053138
0.077146
0.098914
0.094432
0.074235
0.060066
0.056627
0.054677
0.038512
0.007663
-0.030161
-0.059666
-0.071359
-0.079138
-0.083183
-0.083721
-0.062389
-0.019381
-0.011258
-0.010395
0.009999
0.046640
0.081525
0.093102
0.087348
0.087067
0.100674
0.111791
0.104044
0.083851
0.060542
0.040430
0.035221
0.035706
0.041303
0.052026
0.083241
0.124027
0.135276
0.136004
0.145298
0.175402
0.203080
0.203656
0.194703
0.192120
0.194463
0.186275
0.164987
0.136795
0.103436
0.067571
0.048537
0.037656
0.032642
0.031834
0.051021
0.080322
0.078093
0.064414
0.067245
0.088222
0.108929
0.110931
0.095840
0.085860
0.087022
0.089099
0.072932
0.044364
0.010299
-0.017419
-0.029717
-0.036088
-0.037265
-0.034055
-0.008591
0.036956
0.047352
0.045921
0.060097
0.090414
0.119581
0.123618
0.114291
0.110525
0.117128
0.123734
0.110461
0.084313
0.052638
0.020127
0.004788
-0.005359
-0.010404
-0.010446
0.012177
0.045752
0.046489
0.037771
0.047486
0.072534
0.097836
0.103769
0.093346
0.088343
0.094990
0.102100
0.087666
0.060196
0.028209
0.001987
-0.008881
-0.014599
-0.014213
-0.009315
0.025781
0.059872
0.063267
0.058925
0.074025
0.104208
0.128490
0.129030
0.117027
0.114191
0.120597
0.123657
0.105400
0.076345
0.040786
0.006331
-0.011436
-0.024607
-0.031556
-0.033642
-0.005615
0.022994
0.019552
0.009856
0.021413
0.045189
0.065300
0.069354
0.057393
0.052666
0.060884
0.073609
0.059824
0.035538
0.005887
-0.016689
-0.024345
-0.024805
-0.019881
-0.010856
0.027547
0.064630
0.072523
0.073575
0.091969
0.126213
0.152400
0.155440
0.147311
0.147716
0.153593
0.151282
0.132617
0.104705
0.069531
0.032597
0.012071
-0.003797
-0.015079
-0.021274
0.000080
0.024165
0.016378
0.002036
0.009529
0.028942
0.044246
0.045332
0.029068
0.018418
0.020669
0.034272
0.024571
0.000732
-0.027909
-0.046564
-0.052275
-0.054781
-0.050814
-0.043164
-0.004814
0.028274
0.034596
0.038870
0.063183
0.106447
0.143567
0.154552
0.152816
0.158807
0.169315
0.164660
0.147036
0.123552
0.093439
0.061641
0.048259
0.039417
0.036392
0.037656
0.061294
0.084114
0.078778
0.067005
0.074856
0.098866
0.116360
0.109844
0.090888
0.081250
0.078697
0.076881
0.057475
0.027814
-0.008816
-0.036624
-0.048622
-0.053643
-0.053987
-0.052412
-0.022061
0.020106
0.027306
0.030086
0.052341
0.087906
0.116832
0.121433
0.112616
0.111478
0.120854
0.127095
0.112902
0.089811
0.061272
0.036160
0.026445
0.022764
0.026510
0.034726
0.073331
0.109796
0.116986
0.117428
0.135267
0.168741
0.193709
0.192663
0.183878
0.183569
0.186462
0.176916
0.154531
0.126345
0.093308
0.061238
0.045956
0.039493
0.039756
0.043658
0.075452
0.107822
-0.000742
-0.007601
-0.014729
-0.021306
-0.028610
-0.037442
-0.048112
-0.057599
-0.063545
-0.066344
-0.072901
-0.095157
-0.125813
-0.139921
-0.121399
-0.084534
-0.048870
-0.022831
-0.007341
-0.000781
-0.004627
-0.023637
-0.045964
-0.053257
-0.056656
-0.057590
-0.054584
-0.053437
-0.055891
-0.062977
-0.077368
-0.095068
-0.115490
-0.123774
-0.122277
-0.122370
-0.124941
-0.121515
-0.114316
-0.083251
-0.056664
-0.059254
-0.067064
-0.057887
-0.042347
-0.028924
-0.024674
-0.024779
-0.026531
-0.026831
-0.015009
0.015389
0.022412
0.005506
-0.013737
-0.021782
-0.024922
-0.025414
-0.015656
0.017455
0.049973
0.060558
0.069254
0.090925
0.129168
0.144130
0.131533
0.117175
0.113901
0.106751
0.088211
0.060206
0.029150
-0.003301
-0.019883
-0.027180
-0.030423
-0.027898
-0.019652
0.008425
0.035239
0.036977
0.039295
0.060490
0.097922
0.122163
0.115023
0.101945
0.097823
0.093410
0.082691
0.059714
0.032580
0.002282
-0.016242
-0.022240
-0.022260
-0.017050
-0.007642
0.024798
0.057943
0.062246
0.064049
0.085975
0.122836
0.146763
0.138969
0.126031
0.122683
0.117105
0.103097
0.079741
0.052433
0.020531
-0.001816
-0.012872
-0.019003
-0.018870
-0.013849
0.015643
0.045876
0.048263
0.048789
0.069711
0.104409
0.127678
0.119187
0.105643
0.101675
0.094226
0.082032
0.059808
0.033737
0.001216
-0.022332
-0.031766
-0.034745
-0.032601
-0.027525
-0.002381
0.022064
0.024116
0.030315
0.056340
0.096628
0.124055
0.119388
0.107414
0.105517
0.102425
0.092238
0.073621
0.051255
0.024662
0.009985
0.006757
0.008441
0.014138
0.022408
0.054969
0.085730
0.090781
0.094202
0.116464
0.150421
0.170516
0.157618
0.139741
0.133714
0.124011
0.105415
0.082030
0.056308
0.025279
0.004792
-0.005553
-0.010364
-0.010332
-0.007325
0.017557
0.044667
0.046583
0.046720
0.068541
0.101436
0.122721
0.114380
0.099316
0.093966
0.084853
0.079997
0.064360
0.043615
0.017246
0.000757
-0.004101
-0.003875
0.000544
0.007404
0.033808
0.060494
0.066247
0.071998
0.099951
0.140521
0.165682
0.156634
0.141750
0.137996
0.129935
0.110815
0.089457
0.067296
0.040262
0.025048
0.021759
0.023354
0.027798
0.034169
0.060908
0.088141
0.092286
0.093547
0.114162
0.145361
0.163471
0.150698
0.132106
0.124263
0.111610
0.094626
0.072180
0.046847
0.015039
-0.007662
-0.019301
-0.024375
-0.025547
-0.025086
-0.011103
0.004544
0.002771
0.004922
0.027748
0.060889
0.082744
0.075320
0.060479
0.056363
0.050405
0.055127
0.047831
0.033087
0.013479
0.007383
0.011852
0.019711
0.030977
0.044302
0.077480
0.111580
0.124099
0.134195
0.161238
0.202732
0.226763
0.219597
0.198829
0.187485
0.174029
0.145553
0.120651
0.097048
0.068190
0.050816
0.043556
0.039750
0.037552
0.036252
0.045406
0.053833
0.046169
0.037588
0.051421
0.073199
0.083842
0.077248
0.058489
0.043677
0.026256
0.021323
0.015048
-0.000624
-0.020273
-0.029497
-0.029586
-0.025234
-0.017553
-0.009167
0.015921
0.042276
0.053026
0.066260
0.102150
0.150931
0.180200
0.173788
0.161227
0.157434
0.150241
0.130377
0.111627
0.094761
0.073789
0.065756
0.069643
0.076277
0.084391
0.094197
0.119756
0.142964
0.146254
0.146263
0.161700
0.189097
0.202500
0.186661
0.154898
0.133115
0.111677
0.091204
0.069562
0.043139
0.010743
-0.008866
-0.018794
-0.023052
-0.024923
-0.027595
-0.027396
-0.022395
-0.030970
-0.034030
-0.014626
0.011804
0.028014
0.028459
0.015615
0.006573
-0.002757
0.003801
0.005493
-0.003040
-0.017872
-0.019753
-0.012838
-0.003764
0.008828
0.023742
0.061376
0.102397
0.121216
0.134934
0.163356
0.206479
0.233929
0.230703
0.210723
0.195929
0.183762
0.157320
0.130831
0.106380
0.077114
0.061253
0.059418
0.060753
0.063478
0.066349
0.076967
0.088917
0.083780
0.071173
0.076161
0.091261
0.099038
0.085549
0.058507
0.040620
0.020305
0.010631
0.008215
-0.006899
-0.028706
-0.038649
-0.039078
-0.034914
-0.025715
-0.015861
0.006998
0.038436
0.052493
0.061868
0.089591
0.130288
0.158671
0.153435
0.135682
0.127491
0.118995
0.103416
0.082470
0.061640
0.037426
0.026782
0.029658
0.035674
0.043293
0.051021
0.070757
0.096738
0.101998
0.098913
0.111868
0.136251
0.151914
0.139550
0.114637
0.100562
0.085047
0.077816
0.066478
0.047074
0.020944
0.006627
0.003756
0.006648
0.013782
0.021495
0.036736
0.056702
0.060741
0.059181
0.075936
0.105087
0.124375
0.113173
0.094424
0.086753
0.076062
0.073082
0.062250
0.045029
0.023648
0.015282
0.019196
0.026681
0.036556
0.046217
0.072522
0.107728
0.122283
0.126837
0.145173
0.176810
0.196972
0.187220
0.160768
0.144118
0.128731
0.108113
0.084314
0.057935
0.026017
0.006720
-0.002103
-0.005265
-0.005764
-0.006144
-0.001436
0.009503
0.004894
-0.001952
0.008894
0.028745
0.043054
0.037447
0.015894
0.001555
-0.010997
-0.008468
0.000193
-0.008379
-0.026286
-0.034193
-0.029163
-0.018542
-0.003996
0.010381
0.040978
0.080875
0.102110
0.114725
0.142467
0.183922
0.209450
0.203281
0.181223
0.166265
0.154603
0.132056
0.107850
0.084105
0.056517
0.043196
0.042993
0.047248
0.053165
0.059053
0.077189
0.102354
0.103365
0.092234
0.095345
0.108653
0.115792
0.102537
0.073759
0.053781
0.032690
0.023237
0.021931
0.008510
-0.013617
-0.025177
-0.024557
-0.016718
-0.005347
0.006103
0.023040
0.046572
0.054334
0.058112
0.079902
0.115571
0.138008
0.127526
0.110550
0.104090
0.096054
0.095826
0.085113
0.069106
0.049217
0.043210
0.047909
0.056545
0.066885
0.077316
0.105829
0.144070
0.159238
0.162153
0.174778
0.202248
0.217830
0.206117
0.177083
0.155632
0.136335
0.113215
0.087744
0.058780
0.023314
-0.000027
-0.011557
-0.017818
-0.020220
-0.021588
-0.016266
-0.003988
-0.010210
-0.019445
-0.012117
0.004038
0.016278
0.010952
-0.012329
-0.030265
-0.041634
-0.037141
-0.020597
-0.024118
-0.037002
-0.036010
-0.023654
-0.009656
0.007675
0.025135
0.060812
0.109190
0.136392
0.153066
0.178851
0.221500
0.247946
0.244880
0.227869
0.218404
0.208333
0.181211
0.154670
0.132082
0.104764
0.091713
0.089813
0.089915
0.091317
0.093347
0.105829
0.122155
0.117744
0.102292
0.098481
0.105636
0.106167
0.089579
0.056230
0.028571
-0.000530
-0.020531
-0.028795
-0.038531
-0.055246
-0.067328
-0.069350
-0.063558
-0.053145
-0.042260
-0.023938
0.001505
0.012256
0.023527
0.050996
0.095712
0.127180
0.123804
0.109005
0.104443
0.103098
0.105196
0.093894
0.078506
0.058490
0.049334
0.053730
0.063207
0.076992
0.092321
0.127737
0.171826
0.192936
0.200489
0.214805
0.245598
0.259234
0.246517
0.219670
0.198758
0.180214
0.149988
0.119902
0.089646
0.054225
0.032876
0.025565
0.023187
0.022552
0.021800
0.033062
0.050564
0.046285
0.031000
0.031123
0.039291
0.044339
0.033663
0.005212
-0.019397
-0.040930
-0.044189
-0.030877
-0.035978
-0.051309
-0.054533
-0.047374
-0.035995
-0.020157
-0.004122
0.030481
0.076825
0.101851
0.114637
0.138367
0.180024
0.205258
0.199793
0.186443
0.181019
0.173020
0.150081
0.126664
0.104940
0.078110
0.063752
0.062047
0.063921
0.069102
0.075497
0.099318
0.130405
0.136491
0.128993
0.131639
0.146622
0.154463
0.136111
0.104707
0.084778
0.064411
0.054535
0.049123
0.031090
0.003230
-0.018319
-0.025110
-0.022519
-0.015217
-0.007462
0.008838
0.032637
0.037180
0.036101
0.051476
0.078051
0.096970
0.087828
0.071551
0.066376
0.061459
0.065927
0.061324
0.047737
0.027824
0.015340
0.017821
0.027025
0.040874
0.056018
0.091536
0.137198
0.159106
0.166739
0.181985
0.212091
0.227860
0.216792
0.191124
0.172230
0.155836
0.131467
0.104199
0.074666
0.038535
0.011857
0.000536
-0.002638
-0.001109
0.001533
0.013474
0.028864
0.024557
0.014043
0.018586
0.033542
0.045054
0.037312
0.009712
-0.010235
-0.020562
-0.016986
-0.009572
-0.021020
-0.042122
-0.052308
-0.051001
-0.043938
-0.032666
-0.021802
0.005938
0.046954
0.066097
0.073334
0.092651
0.125720
0.149063
0.144651
0.131178
0.126626
0.120373
0.115520
0.102981
0.084706
0.059038
0.033707
0.025244
0.026505
0.032951
0.040071
0.060975
0.088653
0.095559
0.090246
0.098909
0.119306
0.131552
0.120695
0.101718
0.092797
0.081204
0.079609
0.074787
0.059133
0.034919
0.015408
0.011169
0.015615
0.024409
0.033330
0.057025
0.089475
0.102329
0.105180
0.121680
0.150403
0.168129
0.157533
0.137437
0.128285
0.118181
0.112001
0.100115
0.081049
0.054866
0.034108
0.029512
0.033156
0.041443
0.050431
0.074721
0.105700
0.116806
0.115814
0.125966
0.148109
0.161415
0.147258
0.118422
0.100280
0.084878
0.080969
0.073924
0.055685
0.029394
0.008311
0.002563
0.005562
0.014509
0.024519
0.050012
0.081834
0.092108
0.089262
0.098845
0.119166
0.132618
0.121352
0.093776
0.075134
0.060061
0.058963
0.058572
0.042442
0.017221
-0.004924
-0.012150
-0.010354
-0.004092
0.003022
0.024527
0.053036
0.060824
0.056358
0.066194
0.086532
0.100583
0.094019
0.072647
0.060124
0.049723
0.051299
0.054658
0.042096
0.019504
0.000319
-0.004633
-0.001189
0.007626
0.017340
0.043801
0.079542
0.092143
0.090527
0.100324
0.121424
0.135295
0.127076
0.104309
0.091142
0.079029
0.078479
0.075867
0.060670
0.035952
0.010970
0.000785
0.000049
0.005826
0.012938
0.035749
0.065763
0.073722
0.068674
0.077452
0.096852
0.109998
0.103823
0.079309
0.063771
0.051743
0.052933
0.054351
0.040001
0.016318
-0.004156
-0.011193
-0.009695
-0.001983
0.006919
0.033085
0.067639
0.079955
0.078866
0.090711
0.112596
0.127774
0.121593
0.096983
0.079692
0.067149
0.068078
0.069535
0.055218
0.030915
0.007025
-0.002205
-0.002281
0.002625
0.008266
0.025949
0.048576
0.051932
0.043670
0.050549
0.067274
0.078069
0.072260
0.047211
0.029028
0.015054
0.015337
0.025682
0.018052
-0.001247
-0.011921
-0.009268
0.000799
0.016128
0.031805
0.065711
0.108343
0.129889
0.138051
0.152827
0.180486
0.196954
0.187844
0.163971
0.146243
0.130877
0.120225
0.106159
0.084390
0.055122
0.026693
0.014794
0.012926
0.016248
0.019935
0.031193
0.045840
0.042983
0.029949
0.034242
0.046364
0.053193
0.045084
0.016548
-0.008366
-0.026699
-0.028907
-0.016045
-0.019012
-0.031222
-0.031652
-0.021296
-0.004995
0.014757
0.034308
0.074074
0.124244
0.153668
0.168706
0.187107
0.219281
0.235489
0.226475
0.204368
0.187002
0.170952
0.150249
0.127407
0.101369
0.068664
0.037402
0.023099
0.018864
0.021842
0.026399
0.043245
0.064289
0.063538
0.048868
0.049546
0.056676
0.060052
0.049870
0.019565
-0.009344
-0.027939
-0.029397
-0.012899
-0.015021
-0.028260
-0.029672
-0.019204
-0.003595
0.015722
0.035151
0.073531
0.123335
0.150223
0.161592
0.174559
0.200098
0.213146
0.202010
0.178076
0.159854
0.143583
0.131323
0.116041
0.092710
0.061224
0.029579
0.016160
0.013464
0.016956
0.022961
0.037395
0.062901
0.069051
0.057886
0.056955
0.067472
0.075020
0.069250
0.040735
0.020025
0.006273
0.004867
0.015579
0.009601
-0.004961
-0.012630
-0.006545
0.006022
0.022670
0.041803
0.078772
0.133705
0.167256
0.179785
0.189566
0.211118
0.225041
0.216682
0.195157
0.179169
0.163850
0.147969
0.130736
0.106642
0.075246
0.041384
0.025525
0.020676
0.022100
0.026218
0.035919
0.053649
0.054339
0.039981
0.035148
0.041924
0.046973
0.037407
0.005243
-0.018158
-0.031987
-0.034853
-0.023084
-0.026769
-0.041565
-0.045092
-0.034507
-0.018677
0.000608
0.021349
0.059750
0.117968
0.154631
0.171038
0.184756
0.208953
0.225243
0.218064
0.197818
0.183817
0.171330
0.156737
0.138923
0.114025
0.081489
0.046006
0.030475
0.026105
0.027977
0.032156
0.042875
0.062134
0.064291
0.051231
0.048288
0.058414
0.066641
0.056594
0.031376
0.018054
0.010073
0.009258
0.019249
0.012862
-0.003062
-0.011469
-0.004526
0.009059
0.026975
0.046939
0.087340
0.146087
0.181423
0.199334
0.216421
0.240937
0.258017
0.252301
0.234124
0.221507
0.210032
0.189332
0.163965
0.135281
0.098443
0.055529
0.032434
0.021057
0.015534
0.012805
0.015904
0.027015
0.021951
0.004922
0.001091
0.010528
0.018333
0.012235
-0.012047
-0.027106
-0.039091
-0.043161
-0.027818
-0.029692
-0.044327
-0.049930
-0.039993
-0.024425
-0.005428
0.015602
0.055668
0.114202
0.150568
0.169157
0.186980
0.212287
0.230747
0.227633
0.212878
0.202573
0.193782
0.180884
0.162644
0.137311
0.102558
0.060133
0.037256
0.026271
0.020541
0.018964
0.023132
0.034557
0.031336
0.016710
0.013252
0.024843
0.036010
0.027909
0.003231
-0.007760
-0.016417
-0.020166
-0.008375
-0.014153
-0.031708
-0.039439
-0.032082
-0.019537
-0.004204
0.013484
0.051456
0.107434
0.140393
0.155724
0.171122
0.191409
0.209313
0.207668
0.195123
0.184512
0.175037
0.166847
0.155618
0.136357
0.106089
0.066311
0.044139
0.034031
0.028103
0.026059
0.029395
0.038421
0.032053
0.016095
0.012677
0.024885
0.036971
0.028597
0.004144
-0.006160
-0.013876
-0.017364
-0.007084
-0.013792
-0.032305
-0.041209
-0.034428
-0.022023
-0.006270
0.011322
0.048345
0.101759
0.132595
0.147829
0.164373
0.186891
0.206588
0.206481
0.194438
0.184582
0.176397
0.169091
0.157862
0.138871
0.108888
0.068795
0.045539
0.034782
0.028525
0.026019
0.028074
0.036433
0.030370
0.014750
0.011938
0.024453
0.035845
0.027252
0.000361
-0.012902
-0.023160
-0.028210
-0.017763
-0.024205
-0.042686
-0.051082
-0.043885
-0.031348
-0.016275
0.000270
0.035641
0.089672
0.121623
0.136503
0.151795
0.173636
0.192358
0.190314
0.176365
0.165541
0.156547
0.150014
0.142183
0.125245
0.097317
0.060200
0.039938
0.031470
0.026964
0.025985
0.030488
0.041050
0.036788
0.021608
0.017854
0.028951
0.039103
0.030372
0.001978
-0.014439
-0.026895
-0.033167
-0.022644
-0.027628
-0.045043
-0.052515
-0.043513
-0.028628
-0.011421
0.006983
0.043556
0.098534
0.131688
0.145868
0.158610
0.177664
0.193534
0.189705
0.173619
0.160757
0.149563
0.141350
0.133654
0.116081
0.087734
0.051448
0.032580
0.025043
0.022667
0.023066
0.028628
0.040669
0.037284
0.021021
0.017054
0.026679
0.034625
0.026111
-0.003592
-0.023007
-0.037138
-0.043802
-0.031642
-0.033999
-0.049630
-0.055653
-0.044810
-0.027240
-0.006639
0.014998
0.054708
0.112745
0.147902
0.163374
0.176111
0.193508
0.207080
0.200803
0.183702
0.169850
0.157165
0.147390
0.138459
0.119889
0.090692
0.053525
0.034084
0.026008
0.023335
0.023484
0.029325
0.041738
0.038920
0.022397
0.017502
0.025925
0.032719
0.024120
-0.005938
-0.026654
-0.041547
-0.048610
-0.037114
-0.038764
-0.054228
-0.060207
-0.049215
-0.031523
-0.010144
0.012312
0.053897
0.112613
0.147554
0.163238
0.176275
0.191916
0.204676
0.198807
0.183200
0.169657
0.157003
0.148114
0.141535
0.125421
0.097603
0.060537
0.040488
0.032358
0.029990
0.030619
0.036632
0.048197
0.044922
0.028150
0.022531
0.030746
0.037680
0.028109
-0.003040
-0.024426
-0.039970
-0.047950
-0.037471
-0.041635
-0.059151
-0.066860
-0.056471
-0.038405
-0.017729
0.003177
0.042074
0.098975
0.133141
0.147221
0.158148
0.171347
0.182688
0.176574
0.159856
0.145655
0.132719
0.124277
0.120881
0.108418
0.084076
0.050947
0.034043
0.028505
0.028951
0.032013
0.043360
0.062050
0.066109
0.053883
0.051611
0.062822
0.071964
0.063680
0.035642
0.017533
0.004815
-0.001392
0.005926
-0.001314
-0.019278
-0.030121
-0.024128
-0.010738
0.006243
0.024625
0.062136
0.118784
0.153071
0.166407
0.174839
0.182963
0.192749
0.190359
0.177789
0.163963
0.150655
0.137926
0.131513
0.118638
0.096018
0.061833
0.041979
0.035099
0.034339
0.037956
0.045185
0.058537
0.060246
0.045519
0.036586
0.043139
0.049944
0.039606
0.007818
-0.018917
-0.036261
-0.044636
-0.036558
-0.039276
-0.056346
-0.070005
-0.063220
-0.047589
-0.031078
-0.014201
0.012257
0.060808
0.093956
0.104661
0.110216
0.126540
0.141163
0.139806
0.120773
0.107923
0.099111
0.093539
0.094300
0.084735
0.064959
0.036893
0.025271
0.025765
0.028137
0.035924
0.053771
0.088091
0.110228
0.108601
0.105530
0.114869
0.122953
0.111341
0.084267
0.061445
0.047199
0.039490
0.042992
0.029912
0.005803
-0.017274
-0.021366
-0.016716
-0.009275
0.002377
0.027658
0.072722
0.091986
0.090724
0.086437
0.096526
0.105504
0.107489
0.090099
0.072922
0.062591
0.057804
0.060820
0.055391
0.037434
0.012532
0.001366
0.000793
0.007180
0.016564
0.038795
0.071558
0.087072
0.083937
0.086285
0.100052
0.110980
0.100441
0.075026
0.057474
0.049032
0.045789
0.050634
0.037799
0.013731
-0.010387
-0.014901
-0.010364
-0.001145
0.009171
0.033553
0.073000
0.091014
0.089407
0.087059
0.095478
0.099923
0.095989
0.072771
0.052621
0.038992
0.032684
0.035030
0.033719
0.018674
-0.001145
-0.008250
-0.006487
0.001544
0.012338
0.039723
0.082959
0.106813
0.110273
0.116355
0.132516
0.144748
0.135679
0.112866
0.091466
0.078969
0.074842
0.078183
0.063880
0.038463
0.012422
0.006205
0.010233
0.019608
0.030416
0.052371
0.085632
0.100431
0.095637
0.089682
0.095302
0.097300
0.089374
0.063740
0.042936
0.028552
0.022551
0.025316
0.024236
0.009366
-0.009919
-0.017003
-0.015777
-0.007849
0.003358
0.032204
0.078592
0.102534
0.105242
0.110054
0.123727
0.135028
0.125819
0.102420
0.079756
0.066213
0.061722
0.065863
0.051312
0.025543
0.000299
-0.005759
-0.001773
0.008811
0.021774
0.049954
0.088461
0.101842
0.096190
0.090951
0.093514
0.093980
0.086032
0.061749
0.040318
0.026273
0.020256
0.023023
0.022058
0.006831
-0.014459
-0.024602
-0.026246
-0.022978
-0.015699
0.009332
0.049408
0.063809
0.057474
0.056331
0.063930
0.070726
0.065215
0.039076
0.011626
-0.006913
-0.014591
-0.004841
-0.010875
-0.033910
-0.049179
-0.044791
-0.030576
-0.012141
0.007611
0.040625
0.084771
0.106691
0.108502
0.105888
0.112754
0.117639
0.106881
0.083609
0.067161
0.056871
0.051278
0.053006
0.046773
0.026333
0.001603
-0.008065
-0.008786
-0.004824
0.002317
0.025787
0.062493
0.072285
0.061892
0.056793
0.061126
0.062256
0.054131
0.026802
-0.001253
-0.020654
-0.028687
-0.020850
-0.020636
-0.036403
-0.050309
-0.048507
-0.038130
-0.023661
-0.007023
0.024487
0.067240
0.085139
0.082902
0.078425
0.084604
0.088150
0.078684
0.053672
0.034592
0.024011
0.019996
0.025358
0.021666
0.003052
-0.017464
-0.022412
-0.018222
-0.009666
0.001769
0.027666
0.065187
0.077756
0.070493
0.063922
0.067576
0.068005
0.059459
0.031926
0.005735
-0.011127
-0.016654
-0.009679
-0.010936
-0.027043
-0.041718
-0.042004
-0.033009
-0.019552
-0.003587
0.028915
0.072288
0.090093
0.088135
0.083846
0.089872
0.093862
0.085406
0.061136
0.036308
0.020504
0.015580
0.021861
0.017086
-0.002399
-0.020338
-0.022455
-0.015823
-0.004967
0.008818
0.037092
0.075277
0.087975
0.080896
0.073836
0.077254
0.078056
0.068645
0.040272
0.011382
-0.008167
-0.015477
-0.008684
-0.008138
-0.024394
-0.039983
-0.041336
-0.033966
-0.021780
-0.006116
0.026309
0.068174
0.082437
0.076330
0.069801
0.073702
0.076267
0.067153
0.039369
0.005419
-0.019419
-0.030565
-0.024285
-0.017973
-0.033942
-0.049863
-0.047529
-0.036536
-0.022227
-0.005057
0.024281
0.064251
0.080308
0.075670
0.068229
0.072161
0.074750
0.065483
0.037464
0.006918
-0.014144
-0.022341
-0.014241
-0.017301
-0.036723
-0.047307
-0.042308
-0.030016
-0.015254
0.002134
0.033061
0.074178
0.090179
0.085162
0.076016
0.078829
0.080866
0.068700
0.040033
0.007815
-0.015225
-0.025325
-0.018256
-0.012900
-0.028725
-0.042247
-0.037050
-0.022946
-0.005399
0.013855
0.045488
0.086604
0.103431
0.099659
0.090902
0.092716
0.093557
0.079563
0.050644
0.020720
-0.000384
-0.009403
-0.002404
-0.004666
-0.023641
-0.034974
-0.030640
-0.018041
-0.001963
0.016602
0.048290
-0.000633
-0.005970
-0.015975
-0.025409
-0.034398
-0.042066
-0.049822
-0.056401
-0.059814
-0.060039
-0.059644
-0.070732
-0.098465
-0.126863
-0.127298
-0.096750
-0.057025
-0.024096
-0.002121
0.008267
0.007286
-0.003154
-0.024282
-0.047660
-0.058234
-0.063871
-0.068174
-0.068179
-0.071002
-0.071465
-0.077321
-0.088870
-0.097576
-0.100062
-0.083040
-0.057130
-0.037835
-0.020396
0.002121
0.024350
0.053994
0.065093
0.070339
0.078755
0.092068
0.106267
0.112756
0.106498
0.108151
0.112312
0.114273
0.115096
0.105620
0.089464
0.070509
0.062163
0.060210
0.059720
0.061363
0.076345
0.110829
0.127445
0.119593
0.098079
0.087047
0.082241
0.066499
0.034394
-0.007550
-0.049284
-0.079097
-0.095889
-0.097571
-0.103188
-0.104137
-0.089252
-0.067879
-0.045666
-0.020856
0.005552
0.032437
0.041587
0.034319
0.021208
0.019723
0.025580
0.024800
0.005551
-0.021532
-0.045024
-0.050987
-0.037811
-0.033810
-0.048286
-0.060406
-0.051991
-0.034288
-0.014189
0.005877
0.032475
0.073786
0.096569
0.098315
0.092387
0.088207
0.086292
0.084170
0.072404
0.053300
0.039406
0.036854
0.040884
0.048629
0.037498
0.010698
-0.000743
-0.002986
-0.001066
0.008236
0.030161
0.069139
0.085979
0.077910
0.068579
0.071313
0.075794
0.070331
0.043899
0.008322
-0.027776
-0.047199
-0.044114
-0.045331
-0.067641
-0.091144
-0.090652
-0.079172
-0.065418
-0.050191
-0.025464
0.016668
0.036138
0.030670
0.024770
0.030530
0.037272
0.035723
0.015697
-0.013932
-0.034625
-0.041255
-0.031146
-0.016313
-0.027291
-0.050256
-0.057763
-0.055571
-0.049144
-0.037156
-0.013697
0.028315
0.049887
0.047291
0.039991
0.043749
0.050462
0.050231
0.031553
0.002495
-0.019454
-0.027084
-0.018481
-0.009461
-0.023013
-0.045165
-0.050750
-0.046821
-0.040370
-0.029259
-0.007171
0.032544
0.052678
0.048950
0.041322
0.044131
0.049580
0.048914
0.030626
0.000407
-0.024113
-0.033656
-0.025652
-0.014158
-0.025768
-0.047356
-0.050536
-0.044973
-0.036795
-0.024515
-0.001242
0.038013
0.057154
0.053256
0.046586
0.049152
0.054457
0.053204
0.033899
0.003381
-0.022290
-0.032807
-0.026054
-0.013413
-0.024026
-0.046060
-0.049320
-0.044121
-0.036554
-0.025137
-0.003894
0.031149
0.048102
0.042750
0.035026
0.036120
0.039858
0.037951
0.019040
-0.012865
-0.041383
-0.053822
-0.047836
-0.034637
-0.044230
-0.063164
-0.061544
-0.052271
-0.041052
-0.027289
-0.004381
0.033030
0.052342
0.049410
0.043089
0.042064
0.045696
0.044920
0.027681
-0.001851
-0.027275
-0.037422
-0.029804
-0.013315
-0.019772
-0.037771
-0.036651
-0.028260
-0.017776
-0.003805
0.019629
0.056565
0.075836
0.074266
0.067283
0.063610
0.065258
0.063367
0.046209
0.017378
-0.007457
-0.014739
-0.005862
0.006247
-0.002087
-0.019993
-0.018152
-0.009421
0.001342
0.015690
0.041081
0.081938
0.103448
0.102805
0.095152
0.090409
0.091015
0.087234
0.066838
0.035688
0.006817
-0.005618
-0.000123
0.008785
-0.002746
-0.022714
-0.022625
-0.014878
-0.004869
0.008335
0.032803
0.072538
0.092492
0.089502
0.080057
0.075488
0.075895
0.071378
0.050031
0.016586
-0.015159
-0.030928
-0.027478
-0.017214
-0.027932
-0.046130
-0.043047
-0.032459
-0.019696
-0.004342
0.021662
0.063148
0.084732
0.082789
0.073956
0.069190
0.070040
0.066387
0.046462
0.015495
-0.014274
-0.028488
-0.023997
-0.011607
-0.021469
-0.041184
-0.041016
-0.033048
-0.022967
-0.009733
0.013698
0.051969
0.071385
0.068086
0.059404
0.055571
0.056764
0.053560
0.033531
0.000736
-0.029499
-0.043800
-0.039417
-0.026469
-0.035594
-0.053742
-0.050471
-0.039482
-0.026222
-0.011028
0.013403
0.053486
0.074379
0.073054
0.067328
0.064616
0.066770
0.065289
0.049055
0.021603
-0.002664
-0.010674
-0.002276
0.012752
0.005589
-0.014105
-0.015684
-0.009375
-0.000432
0.012552
0.035756
0.072295
0.091072
0.088770
0.080285
0.075063
0.075657
0.071742
0.050943
0.018447
-0.011782
-0.026127
-0.022412
-0.012717
-0.023673
-0.043490
-0.041978
-0.033017
-0.022320
-0.009411
0.013971
0.051938
0.070305
0.065820
0.057692
0.054500
0.055987
0.053038
0.033917
0.001683
-0.029344
-0.043838
-0.039795
-0.026011
-0.033584
-0.051047
-0.047528
-0.036574
-0.023795
-0.008942
0.014689
0.051272
0.070212
0.067909
0.060279
0.055063
0.055123
0.052627
0.035149
0.005522
-0.021418
-0.030326
-0.022548
-0.006637
-0.012360
-0.029016
-0.025558
-0.015229
-0.003146
0.011617
0.036254
0.074883
0.094973
0.094351
0.087533
0.082190
0.081682
0.079054
0.061923
0.034430
0.009604
0.003847
0.012151
0.025969
0.018692
-0.001306
-0.003165
0.003078
0.012047
0.024817
0.048461
0.085099
0.103188
0.100199
0.090466
0.085155
0.085287
0.080272
0.056563
0.021317
-0.014630
-0.033671
-0.033588
-0.027534
-0.040159
-0.057683
-0.052580
-0.039959
-0.025827
-0.010689
0.013976
0.053861
0.074547
0.071643
0.063306
0.058999
0.059910
0.056918
0.038020
0.006805
-0.023781
-0.038257
-0.033777
-0.018977
-0.026018
-0.042887
-0.039689
-0.028878
-0.016132
-0.001024
0.023531
0.062540
0.083139
0.082069
0.074713
0.068782
0.067244
0.064338
0.048329
0.021443
-0.002817
-0.009888
-0.001522
0.014150
0.009079
-0.008252
-0.006590
0.002018
0.012839
0.027178
0.051650
0.090842
0.112104
0.112048
0.105044
0.098819
0.098248
0.094077
0.073596
0.042268
0.011737
-0.002891
0.000869
0.007535
-0.005042
-0.024236
-0.021854
-0.011988
-0.000381
0.013464
0.037708
0.077418
0.097263
0.094000
0.084253
0.076777
0.075129
0.070324
0.050237
0.018207
-0.014921
-0.031457
-0.028688
-0.016423
-0.025482
-0.043826
-0.041052
-0.030515
-0.017592
-0.002492
0.022412
0.063338
0.084890
0.083430
0.075236
0.069596
0.070039
0.066834
0.047969
0.018014
-0.012013
-0.026063
-0.021496
-0.008660
-0.017799
-0.037108
-0.036034
-0.027258
-0.016546
-0.003089
0.020116
0.059109
0.079354
0.076560
0.064924
0.056501
0.055269
0.051483
0.032733
0.001964
-0.031945
-0.050261
-0.049690
-0.034740
-0.040309
-0.056053
-0.048928
-0.033154
-0.016758
0.001257
0.024653
0.065565
0.092069
0.093991
0.084715
0.077713
0.074942
0.071151
0.053384
0.026827
0.000835
-0.010412
-0.006885
0.012267
0.012348
-0.005281
-0.005498
0.003588
0.013797
0.028076
0.049232
0.090037
0.116989
0.119182
0.109185
0.099200
0.094343
0.088372
0.068670
0.039531
0.008774
-0.007401
-0.006665
0.005491
-0.001749
-0.021837
-0.019842
-0.009361
0.002186
0.016618
0.037119
0.077689
0.104445
0.104470
0.091786
0.081601
0.079409
0.074090
0.052082
0.019526
-0.018681
-0.041170
-0.043938
-0.033171
-0.042579
-0.062793
-0.060453
-0.048278
-0.034783
-0.019739
0.000077
0.039307
0.063983
0.061574
0.049685
0.042005
0.041930
0.038498
0.020430
-0.009072
-0.043535
-0.062533
-0.062316
-0.045117
-0.048090
-0.061197
-0.052437
-0.034468
-0.016246
0.004055
0.028973
0.071651
0.100896
0.106298
0.099864
0.094233
0.090720
0.086807
0.073407
0.052789
0.032668
0.027627
0.032399
0.047814
0.044542
0.024256
0.021885
0.028602
0.037677
0.051757
0.073203
0.114822
0.142876
0.144862
0.133532
0.125194
0.124172
0.117275
0.091912
0.056485
0.014920
-0.012546
-0.021800
-0.023748
-0.042609
-0.067333
-0.066711
-0.055814
-0.043606
-0.031206
-0.013726
0.021980
0.040838
0.030961
0.016000
0.013029
0.014360
0.009498
-0.011205
-0.045952
-0.084150
-0.105443
-0.106042
-0.088253
-0.087698
-0.091069
-0.071859
-0.043482
-0.015468
0.012886
0.044821
0.093613
0.129954
0.144512
0.146697
0.149163
0.153720
0.150928
0.141109
0.124889
0.112907
0.111874
0.120070
0.115328
0.102309
0.083240
0.081013
0.088112
0.097736
0.112578
0.134989
0.174119
0.198968
0.200310
0.187859
0.176393
0.173886
0.161708
0.133622
0.094476
0.051272
0.021553
0.011151
0.003580
-0.020865
-0.042937
-0.038145
-0.024475
-0.009139
0.006025
0.026993
0.065168
0.084755
0.075227
0.059491
0.057387
0.059309
0.052779
0.027605
-0.007518
-0.044426
-0.065660
-0.066968
-0.050690
-0.053128
-0.062736
-0.051021
-0.029534
-0.007620
0.016596
0.044887
0.093861
0.131346
0.143996
0.143335
0.141006
0.140404
0.137459
0.125809
0.106606
0.087148
0.078119
0.078936
0.072103
0.055733
0.037776
0.042174
0.054022
0.066120
0.081428
0.102417
0.141943
0.167933
0.169279
0.158988
0.150838
0.145444
0.136650
0.112404
0.078399
0.040292
0.016422
0.012150
0.011389
-0.008662
-0.034618
-0.035521
-0.026421
-0.015175
-0.002984
0.014414
0.049698
0.066651
0.054707
0.035358
0.030307
0.031273
0.025100
0.000836
-0.034593
-0.073500
-0.096022
-0.096809
-0.079573
-0.077445
-0.085963
-0.073884
-0.051021
-0.028052
-0.003341
0.024528
0.071829
0.107438
0.118662
0.117230
0.116170
0.117352
0.116307
0.107073
0.090580
0.073364
0.065654
0.068902
0.069767
0.057795
0.039027
0.040295
0.050262
0.061380
0.076107
0.097078
0.136846
0.162400
0.163859
0.153914
0.145875
0.143087
0.136206
0.114167
0.081623
0.043670
0.020166
0.015541
0.014792
-0.005618
-0.032647
-0.034547
-0.026344
-0.016377
-0.005191
0.010953
0.046449
0.064905
0.054528
0.039338
0.034522
0.035480
0.030709
0.008539
-0.025912
-0.063696
-0.084702
-0.084858
-0.069918
-0.074755
-0.085572
-0.072703
-0.049687
-0.026634
-0.002944
0.023274
0.068761
0.102641
0.111691
0.108634
0.105524
0.105785
0.104954
0.094107
0.074888
0.052176
0.042392
0.047387
0.053618
0.041735
0.019804
0.016494
0.023642
0.032336
0.043834
0.060890
0.098440
0.122694
0.120841
0.107746
0.098299
0.094995
0.088416
0.065479
0.031075
-0.008583
-0.032646
-0.037537
-0.030852
-0.043770
-0.066589
-0.065712
-0.054818
-0.042781
-0.029820
-0.012936
0.023542
0.045310
0.039275
0.026303
0.019755
0.021635
0.019760
0.002794
-0.026629
-0.060684
-0.078958
-0.077563
-0.061848
-0.067699
-0.083977
-0.077861
-0.061080
-0.044418
-0.026625
-0.006578
0.033843
0.061627
0.064419
0.056565
0.050255
0.047667
0.046532
0.035519
0.014340
-0.011009
-0.022451
-0.017040
0.002655
-0.000442
-0.021911
-0.023219
-0.014357
-0.004467
0.008527
0.025755
0.062806
0.088131
0.088961
0.079737
0.071712
0.068300
0.066134
0.051926
0.026937
-0.002624
-0.017594
-0.014582
-0.000454
-0.008393
-0.031700
-0.032336
-0.023313
-0.012992
-0.000689
0.015530
0.052239
0.075963
0.072908
0.059078
0.047932
0.045926
0.042309
0.023912
-0.007124
-0.043189
-0.063549
-0.064689
-0.050903
-0.057902
-0.074918
-0.069383
-0.053618
-0.037653
-0.021525
-0.002519
0.035492
0.060144
0.059407
0.048528
0.040925
0.038575
0.036518
0.022319
-0.003384
-0.033909
-0.049681
-0.047014
-0.028116
-0.029447
-0.045933
-0.043754
-0.031528
-0.018996
-0.004336
0.014355
0.052380
0.078321
0.079893
0.071445
0.063737
0.058958
0.054752
0.039177
0.012598
-0.017255
-0.032567
-0.031539
-0.015176
-0.017743
-0.036582
-0.032889
-0.020007
-0.006685
0.007509
0.025695
0.062172
0.085040
0.083370
0.071693
0.061970
0.057462
0.053223
0.035304
0.005256
-0.029774
-0.049178
-0.049704
-0.034310
-0.038035
-0.054268
-0.049765
-0.035679
-0.021413
-0.006782
0.011880
0.049172
0.073075
0.072381
0.061448
0.052854
0.048394
0.044368
0.028361
0.000466
-0.031457
-0.048764
-0.048141
-0.030731
-0.025834
-0.038061
-0.031443
-0.015650
0.000461
0.017800
0.039603
0.079452
0.107234
0.111027
0.103866
0.097105
0.092873
0.087538
0.069166
0.040688
0.007369
-0.011502
-0.012552
-0.000001
-0.006734
-0.028470
-0.029400
-0.020429
-0.010750
-0.000117
0.015126
0.050572
0.073349
0.070716
0.057653
0.046407
0.041904
0.036933
0.020614
-0.009109
-0.044761
-0.065732
-0.067715
-0.053435
-0.053432
-0.062900
-0.049541
-0.027001
-0.004287
0.017586
0.042784
0.084550
0.114111
0.120800
0.117022
0.113921
0.112618
0.109317
0.092677
0.066880
0.036948
0.020572
0.020586
0.033490
0.026714
0.003889
-0.002869
0.002077
0.008960
0.017628
0.032310
0.066912
0.088684
0.084150
0.068721
0.055588
0.050068
0.042044
0.020466
-0.015397
-0.059174
-0.089418
-0.100271
-0.092665
-0.090195
-0.090554
-0.070266
-0.039780
-0.010295
0.016049
0.043104
0.084497
0.119156
0.129994
0.125818
0.122121
0.120419
0.116207
0.098774
0.072608
0.039958
0.018405
0.011904
0.023870
0.019143
-0.002589
-0.008136
-0.000464
0.008032
0.017377
0.029637
0.061784
0.086625
0.083801
0.064847
0.047872
0.036150
0.024947
0.004394
-0.029558
-0.072051
-0.101453
-0.112522
-0.104989
-0.099185
-0.103031
-0.086364
-0.058676
-0.031425
-0.007786
0.015626
0.055458
0.085047
0.089192
0.081745
0.078043
0.082265
0.079687
0.060408
0.033303
0.001555
-0.017463
-0.020459
-0.005513
-0.005552
-0.024362
-0.027847
-0.018801
-0.007775
0.004376
0.018451
0.052259
0.077785
0.076329
0.060217
0.045960
0.037159
0.027985
0.008410
-0.023774
-0.058410
-0.081012
-0.085562
-0.072796
-0.063224
-0.067854
-0.054241
-0.029934
-0.006841
0.014751
0.037911
0.080079
0.115542
0.125485
0.120112
0.114963
0.112399
0.108220
0.090486
0.063216
0.029693
0.007245
-0.000592
0.010082
0.003881
-0.019421
-0.025341
-0.018120
-0.010507
-0.002053
0.008868
0.040096
0.064397
0.060217
0.041476
0.026050
0.016233
0.005928
-0.012252
-0.044719
-0.086230
-0.114587
-0.122475
-0.111861
-0.103646
-0.105417
-0.087013
-0.057370
-0.028562
-0.003957
0.020611
0.061515
0.092918
0.099867
0.092859
0.088946
0.089803
0.086557
0.068115
0.041672
0.009995
-0.009370
-0.012721
0.001936
-0.000309
-0.020848
-0.025279
-0.017470
-0.005828
0.006635
0.019469
0.050864
0.071932
0.067209
0.053518
0.042394
0.036794
0.029615
0.009515
-0.022775
-0.054395
-0.073610
-0.076242
-0.062606
-0.050143
-0.057302
-0.047916
-0.027985
-0.009459
0.007886
0.026147
0.064088
0.096414
0.102924
0.094915
0.087899
0.084993
0.081102
0.063037
0.033573
-0.001711
-0.023945
-0.028574
-0.015552
-0.021161
-0.040840
-0.040629
-0.027512
-0.015253
-0.003145
0.010029
0.043278
0.070895
0.071238
0.056633
0.044559
0.035271
0.027170
0.012964
-0.015460
-0.052139
-0.076884
-0.081307
-0.067880
-0.056598
-0.064900
-0.055640
-0.035195
-0.015635
0.002212
0.020498
0.056621
0.085896
0.089437
0.077913
0.067850
0.064208
0.060427
0.041627
0.011437
-0.024614
-0.047803
-0.053837
-0.040989
-0.041261
-0.058214
-0.058874
-0.045668
-0.031921
-0.018542
-0.004596
0.028646
0.054473
0.053417
0.037860
0.026067
0.019828
0.013223
-0.002595
-0.031303
-0.067871
-0.092200
-0.097226
-0.083810
-0.071901
-0.079049
-0.070960
-0.051078
-0.032067
-0.014529
0.003511
0.040945
0.071440
0.075645
0.065516
0.057008
0.054138
0.051505
0.034146
0.005391
-0.028638
-0.049998
-0.055370
-0.042094
-0.037573
-0.053080
-0.053349
-0.040610
-0.028035
-0.015753
-0.002210
0.031494
0.058623
0.058480
0.043865
0.032180
0.025366
0.018726
0.003460
-0.024929
-0.061346
-0.085700
-0.090999
-0.078220
-0.067250
-0.074052
-0.064716
-0.043830
-0.023978
-0.006340
0.012026
0.049866
0.080828
0.086107
0.077324
0.072014
0.069704
0.066609
0.049203
0.020672
-0.013683
-0.035997
-0.042983
-0.031096
-0.027947
-0.044028
-0.043688
-0.030047
-0.016443
-0.003908
0.010128
0.043251
0.069027
0.068539
0.053860
0.043106
0.036283
0.028844
0.012433
-0.017987
-0.056128
-0.081372
-0.087219
-0.075260
-0.064304
-0.071823
-0.064055
-0.044660
-0.025627
-0.009061
0.008087
0.043600
0.071587
0.074157
0.062594
0.054259
0.052192
0.048246
0.030163
-0.000140
-0.036127
-0.058893
-0.064736
-0.051996
-0.043142
-0.055275
-0.053298
-0.038195
-0.022377
-0.007572
0.008160
0.043025
0.070246
0.071106
0.057391
0.046453
0.040853
0.034230
0.016232
-0.013945
-0.050603
-0.074867
-0.081725
-0.070388
-0.059664
-0.066925
-0.059778
-0.040430
-0.021432
-0.004449
0.013429
0.050097
0.080465
0.085189
0.075996
0.070837
0.068343
0.064143
0.045354
0.014340
-0.022489
-0.046343
-0.053962
-0.042751
-0.040151
-0.052963
-0.048772
-0.031654
-0.014632
0.000316
0.016427
0.050242
0.077445
0.079193
0.067208
0.060605
0.054294
0.047298
0.029882
-0.000306
-0.037396
-0.062593
-0.070068
-0.059634
-0.049846
-0.057761
-0.050763
-0.032117
-0.013745
0.002333
0.019233
0.054978
0.083935
0.087299
0.076673
0.069668
0.066168
0.061493
0.042529
0.010938
-0.026656
-0.051583
-0.061593
-0.052385
-0.047206
-0.057066
-0.049699
-0.029343
-0.008888
0.008919
0.027251
0.062569
0.091506
0.095645
0.085844
0.078965
0.074151
0.069040
0.049621
0.018575
-0.018769
-0.044245
-0.055119
-0.047138
-0.042053
-0.052343
-0.045196
-0.025763
-0.006275
0.010745
0.028403
0.063879
0.092635
0.096754
0.087135
0.080452
0.076363
0.071980
0.053088
0.022350
-0.014776
-0.040258
-0.051751
-0.044277
-0.040243
-0.051446
-0.044995
-0.026049
-0.007040
0.009650
0.027145
0.061883
0.090215
0.094000
0.084126
0.077276
0.073172
0.068522
0.050042
0.018879
-0.018695
-0.044997
-0.058190
-0.051513
-0.048344
-0.059815
-0.051424
-0.030609
-0.009646
0.008110
0.025918
0.059828
0.086455
0.088821
0.077538
0.070998
0.066169
0.060089
0.039682
0.007395
-0.030800
-0.056489
-0.069185
-0.062675
-0.056292
-0.064242
-0.055755
-0.035411
-0.014891
0.002638
0.020198
0.054472
0.081363
0.083187
0.070677
0.061359
0.058738
0.052689
0.031225
-0.002477
-0.041391
-0.067137
-0.078691
-0.070471
-0.062536
-0.068195
-0.057629
-0.034356
-0.010772
0.009706
0.030402
0.066955
0.095959
0.100241
0.089697
0.083029
0.079568
0.072854
0.049804
0.016954
-0.021504
-0.048029
-0.062068
-0.056401
-0.052227
-0.060766
-0.051734
-0.029943
-0.008237
0.010741
0.030246
0.065913
0.093900
0.097824
0.087492
0.080496
0.077078
0.071146
0.049970
0.018002
-0.020620
-0.047293
-0.060174
-0.053345
-0.050113
-0.058414
-0.046881
-0.023325
-0.000269
0.020118
0.041290
0.078076
0.107295
0.113244
0.105263
0.098141
0.093962
0.089010
0.068693
0.037528
-0.000529
-0.027466
-0.041467
-0.035514
-0.039019
-0.051164
-0.041583
-0.020096
0.000780
0.018703
0.037116
0.071153
0.098114
0.101125
0.089865
0.082592
0.077286
0.070145
0.048557
0.015959
-0.023386
-0.049010
-0.060563
-0.052957
-0.046605
-0.053830
-0.042185
-0.018904
0.004034
0.024304
0.045477
0.083357
0.114133
0.119851
0.110047
0.103030
0.099568
0.091932
