0.932141
0.960706
0.991964
1.025337
1.062384
1.102883
1.146221
1.192252
1.239997
1.279199
1.301996
1.316301
1.325630
1.328676
1.323060
1.306690
1.280689
1.245535
1.278337
1.343304
1.398992
1.435598
1.446154
1.441236
1.428352
1.409211
1.369331
1.310349
1.251047
1.208468
1.180032
1.160743
1.154659
1.160794
1.173806
1.180556
1.156791
1.106904
1.062231
1.033064
1.011235
0.989888
0.965710
0.936230
0.904158
0.868671
0.831401
0.795028
0.760376
0.739369
0.733051
0.725584
0.718575
0.722459
0.723523
0.798877
0.877292
0.941278
0.987352
1.017509
1.035289
1.047111
1.053014
1.056128
1.058039
1.054369
1.039084
1.101007
1.149022
1.151730
1.105740
1.061766
1.043484
1.049565
1.050745
1.033323
0.978467
0.881830
0.817068
0.864189
0.905671
0.946875
0.988488
1.029327
1.072466
1.114747
1.156083
1.194704
1.245662
1.296615
1.327739
1.357525
1.385208
1.394540
1.365561
1.388343
1.421897
1.449774
1.466201
1.471961
1.471291
1.474589
1.477560
1.478416
1.476788
1.471496
1.459001
1.439496
1.501280
1.592892
1.651637
1.653431
1.612750
1.546088
1.466371
1.387405
1.312765
1.242072
1.191111
1.173939
1.189654
1.230711
1.287196
1.342714
1.370407
1.369929
0.905177
0.930293
0.954952
0.981661
1.010598
1.042898
1.078236
1.116034
1.155879
1.197737
1.234356
1.257539
1.269890
1.278061
1.280319
1.273282
1.256473
1.253967
1.310084
1.387919
1.445347
1.470406
1.459509
1.413033
1.343558
1.235678
1.139010
1.081697
1.049167
1.026176
0.992107
0.946244
0.863119
0.735302
0.626113
0.526999
0.406114
0.265276
0.108774
-0.056990
-0.227243
-0.393835
-0.400983
-0.375410
-0.363375
-0.357835
-0.365866
-0.382906
-0.380117
-0.378306
-0.377757
-0.377761
-0.377611
-0.379873
-0.379540
-0.338464
-0.272659
-0.237785
-0.229373
-0.218129
-0.218730
-0.201947
-0.183616
-0.168479
-0.165186
-0.145932
-0.119905
0.905094
0.938947
0.972262
1.004837
1.038092
1.073432
1.110830
1.151587
1.194291
1.238865
1.280183
1.303017
1.308825
1.319415
1.343020
1.346385
1.312689
1.260940
1.209398
1.162036
1.120515
1.084655
1.050990
1.017896
0.986863
0.939350
0.832062
0.830163
0.836159
0.843386
0.853358
0.865722
0.880133
0.919796
0.968597
1.009216
1.038800
1.058197
1.070121
1.085403
1.112261
1.142430
1.162322
1.147514
1.111830
1.130653
1.134080
1.124104
1.114405
1.110096
1.106969
1.103268
1.099497
1.092538
1.100268
1.156319
1.206687
1.229189
1.228728
1.221920
1.219341
1.216432
1.203564
1.139617
1.020656
1.037721
1.034805
1.019886
1.006199
0.996217
0.985286
0.975087
0.984324
0.984594
0.973891
1.006347
1.048262
1.076157
1.086488
1.086169
1.088130
1.089968
1.080224
1.028545
0.990726
1.008434
1.009423
0.999271
0.990865
0.987516
0.984249
0.980457
0.987017
0.991047
0.980590
1.012020
1.055106
1.084206
1.094530
1.097579
1.102840
1.109342
1.099659
1.038752
1.031910
1.047379
1.045621
1.032521
1.021217
1.014203
1.007229
1.000056
1.008871
1.008495
1.000443
1.043806
1.094592
1.125847
1.134180
1.130511
1.124315
1.117633
1.100892
1.039490
1.002456
1.019571
1.022127
1.012376
1.003366
0.999365
0.995646
0.991438
0.995638
0.997484
0.992914
1.037457
1.086215
1.111450
1.113726
1.109339
1.106756
1.104140
1.091776
1.036998
1.019490
1.034159
1.031728
1.018316
1.006559
0.998898
0.991232
0.985551
0.997126
0.996233
0.989287
1.032605
1.081419
1.110804
1.118559
1.113741
1.106428
1.098893
1.082356
1.025314
0.979475
0.998215
1.002988
0.995865
0.990322
0.988972
0.987764
0.985893
0.988414
0.994384
0.994459
1.043273
1.093620
1.117385
1.118421
1.115192
1.114527
1.112463
1.099915
1.055385
1.026658
1.041369
1.039646
1.027258
1.016589
1.009409
1.001941
0.998739
1.010398
1.009131
1.000043
1.043271
1.093798
1.125263
1.134385
1.130129
1.121330
1.110967
1.091261
1.036253
0.992360
1.013232
1.019809
1.014329
1.010473
1.011810
1.013918
1.014668
1.015409
1.015724
1.049975
1.110989
1.159565
1.178260
1.172835
1.162519
1.153506
1.141117
1.123661
1.087908
0.989173
0.989429
0.990689
0.981783
0.974134
0.968806
0.962364
0.961473
0.973993
0.976032
0.970182
1.005794
1.048787
1.075565
1.083605
1.082906
1.081154
1.075088
1.062958
1.019855
0.972557
0.988961
0.991782
0.986163
0.980965
0.978222
0.975014
0.974489
0.988722
0.998081
1.016936
1.065081
1.107880
1.126938
1.125407
1.117984
1.110315
1.096761
1.078287
1.041885
0.986982
1.002184
1.003572
0.995875
0.989282
0.985117
0.980258
0.975736
0.989932
0.994801
0.993375
1.033910
1.079448
1.105203
1.109540
1.104167
1.097130
1.085844
1.068969
1.020952
0.980915
0.996393
0.997774
0.989337
0.981859
0.977562
0.973325
0.968564
0.980116
0.987745
0.996899
1.046309
1.095573
1.124662
1.133000
1.128764
1.118613
1.103543
1.080373
1.024617
0.973255
0.989334
0.991358
0.983154
0.976296
0.973531
0.970786
0.966943
0.976673
0.983815
0.987594
1.038755
1.090303
1.117512
1.121703
1.116558
1.108834
1.093750
1.073197
1.029496
0.979372
0.994509
0.995976
0.987887
0.980636
0.976727
0.972173
0.971103
0.984745
0.991819
0.998508
1.043059
1.087550
1.110233
1.111526
1.103897
1.094227
1.078071
1.057496
1.016115
0.954160
0.970748
0.973199
0.966259
0.959821
0.956937
0.953810
0.950105
0.964916
0.974828
0.988138
1.035389
1.080991
1.106696
1.112769
1.108983
1.101666
1.085945
1.065297
1.025587
0.953065
0.969890
0.972499
0.966362
0.960541
0.958119
0.955274
0.955939
0.970865
0.981436
0.999951
1.047837
1.091771
1.113865
1.115946
1.110923
1.103556
1.085180
1.061674
1.027452
0.960310
0.976157
0.977590
0.968953
0.961625
0.957859
0.953973
0.956298
0.970036
0.976936
0.977938
1.018794
1.064836
1.093276
1.102412
1.098946
1.090287
1.074467
1.052113
1.004624
0.961527
0.977391
0.979103
0.969513
0.961234
0.957856
0.954727
0.951012
0.965635
0.975079
0.992358
1.041770
1.087350
1.112007
1.116542
1.110849
1.100845
1.081822
1.057855
1.015344
0.946839
0.963285
0.965684
0.958492
0.951755
0.949329
0.946822
0.947086
0.962190
0.973211
0.993798
1.044383
1.090073
1.113696
1.117366
1.112592
1.103973
1.080553
1.050712
1.014822
0.945487
0.961012
0.961764
0.951787
0.943186
0.938685
0.934429
0.938340
0.952384
0.961273
0.966806
1.011016
1.058157
1.087777
1.098574
1.096758
1.088279
1.071154
1.045839
0.998408
0.953650
0.969666
0.971701
0.963145
0.953828
0.948912
0.943532
0.951993
0.964480
0.982659
1.016541
1.063926
1.099773
1.111701
1.104741
1.092670
1.081684
1.054100
1.016216
0.977942
0.922541
0.937301
0.938644
0.931566
0.922354
0.916221
0.917920
0.931234
0.940358
0.961704
0.994192
1.028806
1.052876
1.063404
1.062445
1.056022
1.046865
1.023141
0.988970
0.953398
0.918689
0.933511
0.935078
0.928330
0.919861
0.914426
0.909039
0.923456
0.933917
0.962895
1.003674
1.040864
1.062660
1.068076
1.062426
1.052677
1.042363
1.018128
0.984306
0.953967
0.903928
0.919413
0.921131
0.913923
0.904374
0.898809
0.901614
0.915475
0.926517
0.955933
0.987702
1.020229
1.046411
1.062986
1.071257
1.070822
1.061251
1.034433
0.998187
0.957787
0.890250
0.904520
0.906390
0.898726
0.889873
0.885710
0.883160
0.889677
0.904601
0.942254
0.987765
1.024239
1.049524
1.062447
1.066388
1.063372
1.054199
1.028756
0.993435
0.955779
0.891251
0.909038
0.910819
0.902564
0.892357
0.886438
0.897958
0.909219
0.918932
0.937002
0.965750
1.008370
1.046224
1.069798
1.079624
1.080784
1.077210
1.056268
1.020185
0.969913
0.963924
0.976497
0.975348
0.964374
0.952599
0.944724
0.936478
0.947564
0.958881
0.982965
1.015864
1.063722
1.102575
1.121633
1.123051
1.114994
1.101623
1.069410
1.026175
0.981303
0.919250
0.933679
0.934401
0.926684
0.917135
0.911234
0.909719
0.924230
0.935452
0.964718
1.002702
1.040768
1.067897
1.081453
1.083613
1.078999
1.069011
1.040608
1.000381
0.958931
0.924191
0.938378
0.939501
0.931992
0.923027
0.918035
0.913516
0.928493
0.940772
0.972601
1.013094
1.052112
1.078262
1.089172
1.088156
1.081517
1.071743
1.044614
1.006308
0.968291
0.923233
0.936734
0.937200
0.928751
0.918525
0.912422
0.915354
0.929056
0.939793
0.969793
1.004176
1.037472
1.062791
1.077626
1.083409
1.081178
1.071832
1.042902
1.001572
0.956541
0.922924
0.935876
0.935842
0.926858
0.916814
0.911013
0.906069
0.918049
0.931943
0.965831
1.006501
1.046910
1.076924
1.091730
1.093599
1.087406
1.075472
1.046255
1.005712
0.963413
0.907331
0.919637
0.918756
0.908920
0.897546
0.890463
0.895775
0.908042
0.918259
0.948036
0.987718
1.027494
1.056595
1.073189
1.079858
1.077107
1.065496
1.035196
0.993883
0.946323
0.909583
0.926118
0.926480
0.917226
0.907059
0.901408
0.897050
0.909514
0.922733
0.956188
0.995558
1.035153
1.066504
1.082064
1.084112
1.078712
1.068727
1.043804
1.006288
0.960298
0.918828
0.930875
0.929000
0.917993
0.905824
0.897883
0.901421
0.912958
0.922885
0.950399
0.988555
1.033230
1.067749
1.085900
1.089342
1.082860
1.068391
1.036413
0.991949
0.941054
0.922309
0.934657
0.933336
0.922733
0.911350
0.903967
0.897254
0.911803
0.923505
0.957609
1.002599
1.042351
1.069535
1.080162
1.076960
1.066823
1.052975
1.023944
0.982736
0.936335
0.898649
0.911928
0.910951
0.900936
0.890128
0.883457
0.880981
0.895208
0.907372
0.940875
0.983561
1.026860
1.058501
1.075430
1.080033
1.074860
1.061900
1.032035
0.989461
0.938654
0.901871
0.914788
0.913770
0.902190
0.890079
0.882761
0.877013
0.888664
0.900980
0.936932
0.982341
1.021501
1.049493
1.062710
1.063861
1.057063
1.045691
1.018623
0.980139
0.932378
0.884977
0.897794
0.895911
0.883843
0.871003
0.863209
0.863871
0.874126
0.882745
0.916764
0.963696
1.004877
1.035050
1.050493
1.054394
1.047787
1.033958
1.006443
0.969411
0.922794
0.880308
0.894292
0.894421
0.882694
0.870452
0.864007
0.860279
0.871649
0.880477
0.917170
0.968850
1.007633
1.032917
1.044900
1.045561
1.040093
1.030141
1.005815
0.968000
0.922687
0.889691
0.902525
0.901493
0.890704
0.879781
0.873869
0.869976
0.885118
0.897814
0.936232
0.986210
1.027468
1.056294
1.070053
1.070757
1.063864
1.052047
1.025588
0.985744
0.935447
0.911349
0.923047
0.920703
0.905849
0.890676
0.881173
0.874139
0.886060
0.896784
0.934869
0.984215
1.029411
1.061290
1.078395
1.084330
1.080215
1.068082
1.041177
1.002528
0.951639
0.895699
0.908972
0.907749
0.894683
0.880174
0.872215
0.866689
0.874577
0.888407
0.930183
0.981265
1.027213
1.063048
1.083670
1.089500
1.083762
1.071340
1.047168
1.012053
0.960363
0.894533
0.907837
0.905708
0.891077
0.875382
0.866553
0.860580
0.868750
0.879739
0.919060
0.967048
1.016535
1.059324
1.085117
1.094860
1.092582
1.081403
1.057797
1.022764
0.968710
0.899043
0.910882
0.905376
0.889283
0.873285
0.864656
0.859387
0.858302
0.871762
0.914597
0.962298
1.016884
1.067887
1.101158
1.112777
1.105801
1.091454
1.069309
1.037230
0.981117
0.897303
0.908984
0.903517
0.887738
0.871769
0.863012
0.857790
0.854790
0.868229
0.908425
0.952690
1.010361
1.066537
1.107252
1.120933
1.115389
1.101815
1.079270
1.046820
0.989362
0.912028
0.926393
0.923130
0.909025
0.894440
0.886638
0.882140
0.883685
0.897876
0.930262
0.959622
1.021889
1.085844
1.128227
1.147917
1.150393
1.141846
1.120652
1.086601
1.019313
0.950277
0.964991
0.962006
0.948655
0.934930
0.928223
0.924701
0.919744
0.925930
0.946619
0.974454
1.047786
1.123766
1.173720
1.189363
1.186174
1.175884
1.155946
1.122912
1.050546
0.985178
0.997978
0.993186
0.979003
0.964166
0.955287
0.949822
0.943643
0.936270
0.944113
0.945971
1.011348
1.094965
1.164532
1.201878
1.209321
1.199220
1.177911
1.147716
1.080674
1.003283
1.018682
1.016638
1.005779
0.995226
0.991111
0.989379
0.985806
0.980557
0.984758
0.992563
1.062240
1.144964
1.205580
1.232865
1.234682
1.221551
1.197699
1.163303
1.087072
1.021000
1.032234
1.027391
1.013921
1.000150
0.992456
0.987530
0.981699
0.974479
0.967739
0.985677
1.066057
1.153840
1.220310
1.246877
1.246038
1.229642
1.203232
1.168525
1.099447
0.985218
1.002054
1.000471
0.990113
0.979490
0.974887
0.972576
0.968381
0.963902
0.971987
0.970897
1.036869
1.119130
1.183867
1.219923
1.230143
1.223635
1.206903
1.179025
1.105567
1.036762
1.051012
1.049143
1.038950
1.029210
1.026268
1.026055
1.024978
1.022142
1.015342
1.013497
1.087344
1.178991
1.251816
1.284053
1.281790
1.256786
1.222550
1.182021
1.100035
1.012203
1.026836
1.024259
1.013028
1.001635
0.996111
0.992737
0.987230
0.979549
0.981795
0.980829
1.039242
1.120415
1.190899
1.234437
1.248074
1.237413
1.214008
1.179822
1.110554
0.997795
1.013791
1.011020
0.999442
0.988446
0.984212
0.981945
0.977199
0.969955
0.978701
0.978363
1.032533
1.105835
1.163467
1.192937
1.195774
1.181612
1.159292
1.129683
1.056392
1.005299
1.018465
1.014040
1.000473
0.983915
0.973863
0.967323
0.958878
0.949522
0.959344
0.963275
1.029228
1.110957
1.176320
1.207070
1.209537
1.196310
1.173367
1.143349
1.075166
0.990888
1.009667
1.010387
1.001331
0.989119
0.982714
0.979710
0.974756
0.975597
0.986764
0.983244
1.034680
1.104247
1.155673
1.175938
1.173570
1.159149
1.138025
1.108675
1.037792
0.999722
1.014342
1.011593
0.999788
0.985299
0.977174
0.972556
0.966116
0.957289
0.956616
0.968136
1.042722
1.129674
1.197625
1.229366
1.231651
1.217477
1.193151
1.161847
1.095002
0.991027
1.009751
1.010074
1.000575
0.987943
0.981218
0.977957
0.972883
0.973176
0.983097
0.978155
1.029034
1.100178
1.156114
1.183106
1.186132
1.174375
1.152874
1.122716
1.051558
1.009836
1.024853
1.021952
1.009725
0.994607
0.985715
0.979976
0.972059
0.961441
0.967406
0.975765
1.045569
1.128886
1.195060
1.225311
1.227299
1.213029
1.188321
1.156614
1.092607
0.986089
1.005860
1.005868
0.995721
0.982480
0.975506
0.971619
0.965096
0.972315
0.983568
0.982486
1.036617
1.107019
1.158167
1.177756
1.174496
1.158660
1.135453
1.104653
1.036847
0.988591
1.003134
0.999844
0.987193
0.971739
0.962982
0.957846
0.951085
0.942167
0.947864
0.963701
1.038626
1.122876
1.186946
1.213349
1.211985
1.197155
1.173063
1.142744
1.080003
0.982314
1.000466
1.000947
0.991751
0.979569
0.973164
0.970479
0.966667
0.960566
0.971036
0.971270
1.021476
1.093381
1.154490
1.185578
1.192118
1.184294
1.166651
1.140560
1.072287
1.013140
1.032124
1.033517
1.025166
1.014056
1.008797
1.006544
1.001930
0.993960
0.996658
0.996265
1.050347
1.125678
1.190156
1.227503
1.236709
1.225088
1.200806
1.168267
1.096820
1.020143
1.035907
1.033512
1.021393
1.006768
0.998323
0.993123
0.985464
0.974537
0.978939
0.975632
1.028837
1.104477
1.171165
1.209844
1.219577
1.209862
1.188529
1.159713
1.093464
1.004559
1.023978
1.025284
1.016464
1.004870
0.999399
0.996974
0.991762
0.987916
0.996629
0.991666
1.041509
1.113995
1.173224
1.205823
1.211896
1.198611
1.173509
1.140043
1.067731
1.014586
1.029511
1.026541
1.014011
0.998678
0.989777
0.984173
0.976589
0.966533
0.963858
0.970274
1.037337
1.121553
1.190120
1.225916
1.230613
1.217504
1.193854
1.164111
1.099168
1.001082
1.020941
1.023123
1.015620
1.005170
1.000362
0.998793
0.995770
0.989947
0.995286
0.995920
1.048990
1.127917
1.198348
1.240346
1.253885
1.247048
1.226903
1.196761
1.122589
1.057102
1.074706
1.075315
1.066362
1.054785
1.049132
1.046782
1.042762
1.035653
1.025704
1.025818
1.093980
1.179671
1.250510
1.287420
1.292675
1.274185
1.240603
1.199943
1.125226
1.012453
1.030942
1.028731
1.016978
1.002656
0.994141
0.988549
0.980196
0.968228
0.974150
0.973648
1.028231
1.105947
1.177126
1.226847
1.245345
1.238195
1.216666
1.185371
1.125926
1.011973
1.013743
1.015289
1.006583
0.995625
0.991332
0.990042
0.986040
0.982621
0.994541
0.994438
1.037808
1.107649
1.167320
1.200695
1.207343
1.195259
1.172701
1.141968
1.076126
1.014228
1.029557
1.027681
1.016504
1.002544
0.994812
0.990386
0.984486
0.976281
0.964629
0.973767
1.049450
1.140165
1.212790
1.249061
1.251639
1.234025
1.206012
1.172293
1.110400
0.987358
0.995633
0.998182
0.991181
0.981582
0.978031
0.977914
0.976723
0.973011
0.971952
0.979138
1.035633
1.114792
1.183889
1.223337
1.234201
1.223578
1.199772
1.169079
1.102713
1.003426
1.024175
1.026296
1.018355
1.007659
1.002802
1.000705
0.995852
0.987406
0.990734
0.989307
1.040181
1.118762
1.192027
1.243523
1.264504
1.258117
1.235589
1.202842
1.140747
1.026607
1.035597
1.037452
1.028560
1.017171
1.012296
1.010164
1.005460
0.997490
0.998517
1.000387
1.048001
1.120586
1.186525
1.224725
1.235133
1.225020
1.201578
1.168964
1.102689
1.021841
1.040455
1.040987
1.031165
1.018185
1.010738
1.006362
0.999789
0.989908
0.989197
0.989124
1.034414
1.108352
1.179691
1.228718
1.247926
1.243635
1.224213
1.195895
1.133641
1.020918
1.043679
1.046582
1.039743
1.030638
1.027869
1.027858
1.025764
1.020654
1.012867
1.019082
1.080788
1.164702
1.238872
1.285556
1.301590
1.290519
1.261732
1.222382
1.152357
1.029821
1.037845
1.038492
1.028752
1.016410
1.010100
1.006244
0.999591
0.989322
0.990709
0.990018
1.033140
1.105582
1.176615
1.229106
1.252108
1.247929
1.226675
1.195098
1.133734
1.019174
1.027768
1.028679
1.019538
1.008315
1.003815
1.002222
0.998322
0.991161
0.990632
0.993704
1.040686
1.116404
1.189787
1.240508
1.261766
1.257146
1.235258
1.202814
1.137260
1.019148
1.038086
1.040455
1.032428
1.021838
1.017317
1.015238
1.010551
1.002275
1.003211
1.003427
1.039562
1.112250
1.187392
1.243457
1.269531
1.267739
1.247718
1.216183
1.150061
1.034649
1.056918
1.059665
1.051962
1.041699
1.037771
1.036442
1.032662
1.025441
1.016836
1.023705
1.076760
1.154018
1.225729
1.272513
1.289684
1.280416
1.252485
1.213770
1.140000
1.028537
1.049678
1.050583
1.040839
1.027967
1.020829
1.016105
1.008352
0.996710
0.996747
0.992779
1.040491
1.115966
1.189435
1.244623
1.271758
1.270380
1.250691
1.218295
1.156932
1.043741
1.039382
1.042117
1.034268
1.024170
1.020883
1.020267
1.017212
1.010630
1.009407
1.012951
1.057030
1.129547
1.198707
1.245173
1.261988
1.253208
1.228320
1.193753
1.119590
1.032360
1.049996
1.049377
1.038809
1.025486
1.018009
1.013289
1.005871
0.994853
0.993910
0.992794
1.037407
1.110907
1.183844
1.236821
1.264284
1.265540
1.250092
1.222845
1.158573
1.037590
1.059848
1.064824
1.059886
1.052551
1.051496
1.052824
1.051343
1.045918
1.039555
1.047302
1.097206
1.174738
1.243889
1.286960
1.299338
1.285835
1.256384
1.216557
1.137938
1.040595
1.057038
1.055725
1.044708
1.031095
1.023340
1.018230
1.010545
0.999510
0.985456
0.992291
1.058892
1.145389
1.221409
1.273765
1.292104
1.280992
1.252349
1.214009
1.151485
1.035056
0.983101
0.986822
0.979599
0.969713
0.966115
0.965168
0.961453
0.955502
0.967311
0.966007
1.012292
1.085540
1.151885
1.198582
1.216002
1.207814
1.186421
1.156204
1.093768
0.990549
1.013893
1.015943
1.006816
0.994588
0.988905
0.985851
0.979515
0.974105
0.984204
0.980712
1.026503
1.095102
1.156965
1.192903
1.202900
1.192233
1.166857
1.131240
1.063466
0.999454
1.020457
1.022763
1.013752
1.001057
0.994202
0.989847
0.982194
0.978698
0.987155
0.981146
1.028008
1.096889
1.154906
1.189460
1.196306
1.180948
1.151350
1.113044
1.048537
0.970043
0.989793
0.990219
0.979939
0.966893
0.959993
0.955962
0.948834
0.938290
0.948544
0.957765
1.023040
1.104024
1.172857
1.214178
1.224291
1.210814
1.181451
1.142468
1.081302
0.975697
0.964465
0.967800
0.959154
0.947337
0.942002
0.939158
0.932848
0.943098
0.954630
0.954387
1.003753
1.074020
1.130855
1.163689
1.170301
1.156637
1.130301
1.094754
1.033534
0.946186
0.964285
0.962864
0.950338
0.934912
0.926644
0.921880
0.914347
0.910538
0.924596
0.939647
1.011070
1.096148
1.164939
1.202758
1.206781
1.192215
1.164755
1.128853
1.065725
0.956277
0.965542
0.968953
0.959731
0.946553
0.939289
0.934837
0.930561
0.946030
0.957565
0.956101
1.003255
1.071280
1.127436
1.160366
1.170759
1.161349
1.138972
1.105287
1.042323
0.963696
0.985245
0.987838
0.978717
0.966361
0.960774
0.958195
0.952580
0.947139
0.961008
0.968673
1.031296
1.108748
1.170282
1.199494
1.200413
1.185484
1.159286
1.123989
1.060687
0.965232
0.987186
0.988863
0.978359
0.963885
0.954964
0.949261
0.941147
0.943180
0.952973
0.949246
1.000720
1.071938
1.132984
1.166938
1.173993
1.161788
1.136065
1.101052
1.038634
0.956607
0.979760
0.983799
0.975292
0.962927
0.956615
0.952796
0.945639
0.950518
0.962817
0.972571
1.038548
1.116214
1.172565
1.201255
1.206215
1.193235
1.164939
1.123990
1.058766
0.948458
0.963060
0.963213
0.950643
0.934374
0.924911
0.918643
0.908945
0.916000
0.928180
0.940050
1.008680
1.093055
1.163620
1.204021
1.213842
1.200277
1.172079
1.135394
1.077412
0.976180
0.950571
0.954969
0.945926
0.933026
0.926700
0.923055
0.926639
0.942681
0.955544
0.963900
1.026900
1.101855
1.156651
1.185038
1.193816
0.904989
0.932132
0.960214
0.990921
1.022901
1.058008
1.095875
1.137240
1.181132
1.225712
1.257445
1.271895
1.297451
1.355011
1.403317
1.409673
1.372342
1.314141
1.257611
1.209599
1.162662
1.105461
1.049524
1.005120
0.955765
0.948555
0.953077
0.956594
0.960200
0.964611
0.971358
0.981124
0.993799
1.038263
1.097135
1.145804
1.175170
1.187507
1.195412
1.206114
1.211733
1.205714
1.166016
1.081604
1.097424
1.097312
1.088911
1.081007
1.072911
1.063953
1.055109
1.046450
1.053466
1.060559
1.120184
1.187960
1.229365
1.242049
1.240458
1.236153
1.229480
1.209766
1.136991
1.051311
1.067806
1.066205
1.053247
1.042593
1.034139
1.024876
1.011504
1.005431
1.011056
1.020094
1.082504
1.150878
1.196811
1.217083
1.218912
1.217602
1.211915
1.186322
1.112161
1.004282
1.022392
1.022116
1.011427
1.005236
1.003084
1.000576
0.996462
0.992040
1.009777
1.014856
1.067899
1.134869
1.183631
1.208448
1.216746
1.224694
1.227933
1.203964
1.119669
1.106707
1.124287
1.126171
1.118871
1.113312
1.110224
1.106030
1.100149
1.093397
1.086586
1.097730
1.166420
1.244231
1.299594
1.322668
1.321326
1.314410
1.304357
1.280206
1.200737
1.086394
1.112071
1.118159
1.114752
1.113204
1.114151
1.113893
1.111015
1.107374
1.099559
1.112052
1.185201
1.258981
1.303247
1.317736
1.314858
1.311159
1.305357
1.284015
1.206343
1.070613
1.085760
1.090720
1.083708
1.078547
1.076361
1.073261
1.068615
1.063341
1.053743
1.070913
1.141859
1.214161
1.257683
1.269095
1.259674
1.247935
1.236268
1.216951
1.147107
1.013172
1.030957
1.036860
1.032203
1.030097
1.031534
1.032219
1.031191
1.029556
1.024047
1.043411
1.114479
1.189066
1.236122
1.251346
1.245983
1.237570
1.229860
1.212319
1.145789
1.013020
1.023865
1.029519
1.026837
1.028088
1.032340
1.035557
1.036931
1.037959
1.035132
1.061602
1.135268
1.204723
1.240593
1.246045
1.237852
1.230971
1.225585
1.212431
1.145882
1.018129
1.034759
1.038426
1.030691
1.025692
1.023947
1.021654
1.017210
1.011872
1.002184
1.044066
1.118854
1.183220
1.220489
1.228087
1.216780
1.204518
1.193517
1.172839
1.111046
0.982586
0.965836
0.969455
0.962874
0.960776
0.963428
0.965664
0.965902
0.965561
0.964558
1.001810
1.072812
1.144248
1.189580
1.204349
1.200086
1.193425
1.186677
1.169692
1.106937
0.980301
0.996826
1.003552
1.002660
1.005032
1.010565
1.015325
1.018002
1.020324
1.021685
1.040740
1.106979
1.176645
1.213866
1.219376
1.211260
1.202547
1.194416
1.180329
1.116126
1.020630
1.040467
1.041240
1.030620
1.022234
1.016467
1.010387
1.001483
0.991093
0.997529
1.006057
1.071031
1.147461
1.203795
1.229939
1.233184
1.225883
1.213647
1.190779
1.126388
0.996510
1.016714
1.021965
1.017314
1.017051
1.021321
1.024883
1.026392
1.027140
1.022948
1.052138
1.127934
1.199692
1.239138
1.248053
1.241447
1.233919
1.224877
1.204551
1.130650
0.997977
1.016494
1.019333
1.010664
1.004485
1.002128
0.999481
0.993718
0.986414
0.987069
1.002470
1.070662
1.148168
1.201890
1.224627
1.223599
1.214090
1.200529
1.175877
1.110587
0.980916
0.993013
0.997222
0.990632
0.988336
0.990720
0.992671
0.992721
0.991976
0.999298
1.010001
1.071012
1.142130
1.190368
1.210169
1.212557
1.210544
1.206435
1.185632
1.109994
1.040942
1.063358
1.068062
1.061525
1.057301
1.056714
1.055742
1.052496
1.047912
1.038722
1.068596
1.147523
1.224869
1.274989
1.291189
1.283365
1.267865
1.250102
1.223601
1.153646
1.018245
1.024323
1.029788
1.025411
1.025166
1.029674
1.033424
1.034329
1.034138
1.029785
1.063603
1.140085
1.210832
1.250350
1.259374
1.251602
1.239146
1.224639
1.200194
1.126979
0.994386
1.014498
1.017040
1.008297
1.002662
1.001286
0.999581
0.995877
0.991100
0.982985
1.025647
1.106400
1.180703
1.229873
1.248632
1.242404
1.225792
1.205031
1.175362
1.115654
0.995376
0.966006
0.975121
0.977250
0.982951
0.991966
1.000056
1.005649
1.010644
1.011592
1.045220
1.113470
1.177234
1.207764
1.208460
1.197240
1.185086
1.173615
1.157606
1.101751
0.990806
1.014031
1.016505
1.009196
1.004585
1.002223
0.999356
0.994983
0.989652
0.984352
1.003222
1.076409
1.158199
1.218877
1.247857
1.251169
1.238355
1.218852
1.192596
1.138637
1.022155
0.986005
0.998511
1.003661
1.012368
1.024737
1.035748
1.044008
1.051547
1.054921
1.063262
1.132146
1.202983
1.239344
1.245136
1.238580
1.230672
1.221141
1.207905
1.149850
1.044463
1.064052
1.063516
1.052667
1.044201
1.037516
1.029955
1.019369
1.006664
1.013834
1.017160
1.076757
1.149965
1.206442
1.234829
1.241180
1.231707
1.215080
1.189274
1.124600
0.996149
1.020685
1.028777
1.026668
1.028999
1.036027
1.042155
1.045116
1.046757
1.043648
1.071025
1.150141
1.224734
1.266586
1.277547
1.272256
1.262634
1.248352
1.222428
1.144876
1.017957
1.042924
1.046971
1.039024
1.033535
1.031993
1.030124
1.025287
1.018774
1.008049
1.040617
1.116513
1.192569
1.242872
1.261160
1.254988
1.237867
1.215486
1.183525
1.115409
0.983900
0.989846
0.993201
0.986004
0.983423
0.985699
0.987345
0.986223
0.983818
0.988500
1.006706
1.078168
1.158935
1.215298
1.239317
1.240648
1.230146
1.213114
1.184620
1.114702
0.986300
1.008705
1.013144
1.006970
1.004909
1.007051
1.008394
1.006970
1.004155
1.009835
1.027007
1.099687
1.178337
1.231684
1.254074
1.255861
1.247199
1.230577
1.202633
1.131810
1.016816
1.045318
1.053462
1.051833
1.052927
1.057224
1.060416
1.060896
1.060218
1.055150
1.066438
1.135077
1.209612
1.253023
1.262465
1.253566
1.237738
1.218291
1.191819
1.116377
1.019499
1.039081
1.040879
1.031633
1.024745
1.021131
1.017426
1.010453
1.001572
0.998892
1.016676
1.091563
1.175894
1.241649
1.277005
1.285112
1.272588
1.248445
1.213207
1.148375
1.024312
1.002053
1.013096
1.016161
1.019605
1.027797
1.034531
1.037704
1.039188
1.050991
1.060174
1.113271
1.174317
1.206909
1.210036
1.203136
1.194199
1.178784
1.154749
1.101546
1.045722
1.063991
1.065452
1.057292
1.049011
1.041998
1.033588
1.023548
1.011763
1.021318
1.021363
1.075181
1.143356
1.197418
1.223442
1.228089
1.213904
1.193945
1.170342
1.113471
0.993281
1.016624
1.026400
1.024457
1.024414
1.030234
1.036286
1.038435
1.038502
1.034727
1.076326
1.155462
1.223963
1.265455
1.278979
1.275593
1.266856
1.252409
1.221301
1.148481
1.021490
1.032090
1.037935
1.034025
1.030730
1.031361
1.030778
1.026716
1.020627
1.027480
1.032453
1.079480
1.140404
1.179522
1.189247
1.182490
1.169388
1.150483
1.124948
1.063637
0.997770
1.019319
1.022912
1.017122
1.011377
1.007885
1.003969
0.997467
0.994901
1.005638
1.008609
1.067444
1.136809
1.185602
1.202347
1.196824
1.179973
1.157402
1.132241
1.072373
1.003595
1.027301
1.033481
1.028301
1.024311
1.025290
1.025770
1.022810
1.018168
1.012840
1.048456
1.122725
1.194501
1.238115
1.250696
1.244796
1.231146
1.211429
1.182829
1.118710
1.000616
0.995162
1.004621
1.004360
1.005081
1.009744
1.013547
1.014489
1.013836
1.009434
1.031514
1.097602
1.167434
1.208193
1.214916
1.204104
1.187655
1.166779
1.141702
1.085230
0.973123
0.986994
0.992928
0.990208
0.987801
0.987642
0.987369
0.985024
0.981474
0.992107
1.001063
1.060067
1.130192
1.177612
1.193454
1.188834
1.175148
1.155685
1.132404
1.072509
0.998991
1.025751
1.034399
1.030930
1.028580
1.031035
1.033079
1.032235
1.029948
1.023986
1.047940
1.126580
1.205175
1.254755
1.270962
1.266565
1.252317
1.230812
1.199522
1.131613
1.009431
1.007580
1.016801
1.015722
1.015950
1.020206
1.023711
1.023903
1.022345
1.017152
1.041507
1.113688
1.186679
1.229547
1.238050
1.226780
1.207038
1.180917
1.151201
1.091967
0.978801
0.980364
0.988488
0.987647
0.986827
0.989295
0.991313
0.990413
0.987912
0.992731
1.012112
1.081114
1.154657
1.199743
1.211309
1.202119
1.182788
1.156218
1.128707
1.074385
0.968157
0.988039
0.998950
1.000824
1.003391
1.009632
1.015475
1.018210
1.019167
1.016595
1.055056
1.129331
1.197087
1.231188
1.230021
1.212354
1.190373
1.164051
1.136900
1.084930
0.978051
0.973959
0.981911
0.981324
0.981007
0.983998
0.986906
0.987006
0.985622
0.981040
1.029013
1.105676
1.171805
1.209799
1.217057
1.202139
1.175362
1.141734
1.107935
1.058171
0.962081
0.948520
0.962041
0.966319
0.970805
0.979728
0.988171
0.993432
0.997068
0.997021
1.047797
1.119458
1.179377
1.207136
1.202284
1.183420
1.162485
1.133588
1.101586
1.061938
0.970258
0.937675
0.946618
0.946682
0.946793
0.949646
0.953048
0.954556
0.954702
0.951451
1.003808
1.080838
1.145053
1.182217
1.191165
1.183113
1.159511
1.124543
1.086452
1.036764
0.944612
0.932628
0.946664
0.951048
0.955139
0.964577
0.973324
0.978752
0.982472
0.991129
1.033585
1.103671
1.169175
1.204423
1.208359
1.198622
1.186448
1.162522
1.126726
1.071082
0.997673
1.017989
1.025008
1.023322
1.021171
1.021233
1.021402
1.020291
1.017589
1.026367
1.034860
1.098955
1.171018
1.219320
1.235684
1.230101
1.211634
1.181210
1.143168
1.081026
1.019900
1.042870
1.047796
1.040426
1.033740
1.032311
1.030976
1.025488
1.017229
1.018718
1.039444
1.115497
1.193242
1.245550
1.267318
1.266922
1.248085
1.215721
1.171917
1.103856
0.991156
1.007869
1.014769
1.008924
1.005147
1.007239
1.008343
1.004662
0.998108
1.005731
1.010956
1.069017
1.137190
1.183350
1.200295
1.199209
1.185638
1.158866
1.121244
1.057095
0.995117
1.016574
1.020255
1.011345
1.002598
0.999232
0.995672
0.988121
0.990552
1.000171
0.996906
1.049692
1.116492
1.164256
1.181902
1.179810
1.163223
1.136891
1.102005
1.035594
0.984854
1.011489
1.020254
1.016595
1.013669
1.016498
1.019196
1.017511
1.012926
1.017827
1.029515
1.095485
1.171437
1.224145
1.242352
1.238452
1.220100
1.187618
1.145393
1.078310
0.990918
1.013664
1.018527
1.011325
1.004218
1.002353
1.000591
0.994550
0.985352
0.991416
1.000506
1.067682
1.146058
1.205386
1.232652
1.235862
1.216817
1.183199
1.140494
1.075902
0.964561
0.993237
1.004025
1.001922
1.000960
1.006032
1.010589
1.010557
1.007928
1.012834
1.030039
1.103486
1.182989
1.235628
1.254915
1.253015
1.236637
1.202177
1.156119
1.094077
0.984331
1.008478
1.013218
1.005463
0.998346
0.996697
0.995383
0.989917
0.981246
0.990303
0.996541
1.062252
1.138528
1.194119
1.218131
1.221253
1.204378
1.172820
1.131458
1.066500
0.971696
1.002019
1.010136
1.005535
1.002136
1.004980
1.007564
1.005771
1.001065
1.009774
1.016187
1.075311
1.147607
1.199725
1.219022
1.216998
1.202193
1.171790
1.127746
1.061639
0.997556
1.018746
1.022142
1.013118
1.004502
1.000473
0.996969
0.990640
0.981481
0.988184
0.992132
1.058448
1.140901
1.211572
1.251943
1.265753
1.252150
1.219625
1.171932
1.099167
0.987017
1.016249
1.030261
1.030592
1.031682
1.038548
1.044545
1.045686
1.044438
1.048481
1.070274
1.148110
1.229275
1.279212
1.292483
1.286093
1.269050
1.232126
1.181237
1.123398
1.031863
1.056460
1.060368
1.052532
1.045415
1.042749
1.040540
1.035811
1.028172
1.027875
1.032572
1.095337
1.171818
1.234287
1.266809
1.274228
1.253790
1.216730
1.169488
1.099896
0.997471
1.025698
1.031157
1.025126
1.021332
1.024553
1.026371
1.022709
1.015928
1.018639
1.035097
1.106681
1.185367
1.238625
1.257446
1.254203
1.236535
1.201278
1.153728
1.093016
0.980058
0.997308
1.002904
0.996326
0.990264
0.988929
0.988441
0.984661
0.977760
0.979487
0.986742
1.051953
1.130696
1.195632
1.229947
1.237691
1.219714
1.185708
1.140090
1.069071
0.965707
0.998295
1.010642
1.008640
1.005862
1.008643
1.011517
1.009196
1.003252
1.013683
1.020856
1.085703
1.160424
1.212016
1.231231
1.230639
1.219290
1.190604
1.145691
1.079366
1.022930
1.045355
1.049696
1.041330
1.032213
1.026983
1.022544
1.014871
1.003573
1.013633
1.010850
1.066829
1.139752
1.199792
1.229846
1.233456
1.213825
1.178509
1.131407
1.057171
1.000899
1.028486
1.036175
1.030455
1.024480
1.023664
1.023291
1.017867
1.008446
1.017340
1.022906
1.087246
1.163674
1.222697
1.248212
1.248875
1.234732
1.202796
1.153606
1.082741
1.002366
1.025478
1.030488
1.022386
1.013316
1.008467
1.004672
0.997878
0.986894
0.994844
0.996166
1.057901
1.137093
1.205286
1.243550
1.254180
1.238669
1.204562
1.157062
1.083015
0.977542
1.007306
1.019636
1.017376
1.013271
1.015026
1.017017
1.013706
1.006281
1.022459
1.036008
1.107817
1.188057
1.242358
1.260647
1.256365
1.237676
1.197646
1.142436
1.081270
1.005161
1.027923
1.033208
1.026242
1.019048
1.015808
1.013494
1.008415
0.999775
1.003655
1.006991
1.065730
1.140571
1.201481
1.231134
1.235078
1.217622
1.185042
1.141334
1.068713
0.987060
1.015116
1.024076
1.019441
1.014401
1.014416
1.014843
1.010309
1.001764
1.006945
1.022781
1.099851
1.185905
1.249728
1.278962
1.279489
1.258450
1.216428
1.159223
1.090631
0.984781
0.976551
0.984081
0.977791
0.970177
0.968015
0.966613
0.960929
0.951244
0.959458
0.969642
1.032968
1.104859
1.158688
1.181583
1.183304
1.170406
1.139485
1.095501
1.037370
0.939847
0.957104
0.966065
0.960539
0.953956
0.952249
0.951826
0.947757
0.952318
0.964249
0.963750
1.024186
1.099719
1.157310
1.186467
1.193888
1.179936
1.147902
1.103510
1.042055
0.946727
0.970066
0.981245
0.977557
0.971856
0.972831
0.974083
0.970111
0.966972
0.983596
1.001118
1.071918
1.148880
1.200195
1.219494
1.215282
1.193621
1.151656
1.096070
1.040983
0.947610
0.958474
0.966039
0.959745
0.952678
0.950673
0.950235
0.946450
0.940067
0.951937
0.955434
1.015912
1.090114
1.147006
1.174305
1.179623
1.167261
1.136530
1.093581
1.030154
0.937009
0.965450
0.976016
0.972291
0.966842
0.966715
0.967953
0.964993
0.958010
0.971163
0.983214
1.057267
1.143020
1.207880
1.241394
1.247475
1.229767
1.190236
1.135418
1.072174
0.976834
0.965671
0.974601
0.969351
0.962391
0.961416
0.961363
0.957071
0.948779
0.957049
0.971679
1.040940
1.118576
1.176116
1.201589
1.204289
1.190864
1.157213
1.108101
1.051252
0.958338
0.951072
0.958339
0.951919
0.944573
0.942387
0.941928
0.938729
0.931540
0.942322
0.942368
1.000486
1.080065
1.146340
1.184888
1.198993
1.192851
1.169820
1.133861
1.073297
0.977240
0.969066
0.981181
0.978089
0.972874
0.973885
0.975304
0.971066
0.970427
0.987776
1.010614
1.089673
1.175345
1.235553
1.263775
1.264897
1.242713
1.197219
1.134915
1.070892
0.975886
0.964722
0.974067
0.970131
0.964486
0.964541
0.965849
0.963442
0.957104
0.966197
0.973662
1.031307
1.100981
1.154595
1.178487
1.178651
1.165240
1.133447
1.085657
1.024806
0.957211
0.982034
0.988821
0.982603
0.974841
0.972240
0.971237
0.967883
0.960697
0.966853
0.972293
1.035038
1.117922
1.188020
1.229366
1.244149
1.231854
1.203216
1.163455
1.099637
1.001211
0.976850
0.991643
0.991045
0.988206
0.991185
0.994383
0.992085
0.985727
0.999594
1.023097
1.105851
1.195621
1.260522
1.293658
1.299777
1.281911
1.238338
1.174578
1.106503
1.007877
0.997432
1.006768
1.005143
1.001879
1.003175
1.005378
1.004261
0.999508
1.002738
1.011199
1.067668
1.137788
1.188577
1.207616
1.204123
1.188608
1.154067
1.101243
1.034418
0.987811
1.009929
1.015578
1.008596
1.000550
0.997021
0.995087
0.990574
0.982111
0.988237
0.991638
1.053526
1.136065
1.208333
1.252410
1.268966
1.254254
1.222811
1.180740
1.114508
1.012802
1.009989
1.026064
1.026890
1.025791
1.030307
1.034266
1.032486
1.026765
1.028378
1.054129
1.136666
1.224870
1.287978
1.317782
1.321026
1.304366
1.263515
1.201738
1.131014
1.038630
1.064982
1.070703
1.064021
1.057102
1.054502
1.053065
1.048903
1.040817
1.045963
1.049950
1.110062
1.188675
1.254655
1.288880
1.292348
1.273559
1.233227
1.173655
1.092734
1.036072
1.059149
1.063637
1.055272
1.044407
1.038838
1.034603
1.026772
1.014750
0.998857
1.022696
1.110703
1.208895
1.290227
1.335881
1.347079
1.325083
1.280951
1.223579
1.147571
1.037959
0.958026
0.973155
0.973859
0.972273
0.975754
0.978646
0.975996
0.969332
0.991004
1.010122
1.084475
1.166732
1.222812
1.247756
1.247789
1.226639
1.181067
1.117291
1.055376
0.963331
0.968400
0.977259
0.972395
0.966425
0.966333
0.967708
0.965196
0.958310
0.970125
0.970427
1.026086
1.097846
1.152757
1.178443
1.181174
1.166355
1.131835
1.081410
1.015661
0.956151
0.980858
0.986806
0.979450
0.970207
0.966601
0.964872
0.959684
0.950166
0.955234
0.963512
1.034395
1.123610
1.199574
1.243094
1.257957
1.244690
1.211286
1.164111
1.099190
1.002058
0.952238
0.963496
0.961786
0.957318
0.958089
0.958555
0.953263
0.953297
0.972930
1.008732
1.087510
1.169217
1.225391
1.251366
1.251081
1.226124
1.177887
1.113381
1.046929
0.955855
0.928039
0.937497
0.934936
0.930613
0.932067
0.935137
0.934868
0.930585
0.936778
0.951290
1.018583
1.094336
1.151218
1.178234
1.181121
1.170125
1.139608
1.089339
1.015743
0.970362
0.994349
1.000924
0.994716
0.987672
0.985096
0.983800
0.979994
0.974017
0.987557
0.988521
1.048398
1.128583
1.197179
1.238076
1.252923
1.240469
1.209698
1.165372
1.097741
0.997304
1.005201
1.016235
1.012198
1.006252
1.006294
1.006178
1.000126
0.989664
0.991691
1.015540
1.095362
1.183994
1.249865
1.284059
1.290618
1.271730
1.229833
1.170741
1.098820
0.995728
0.954895
0.962503
0.955817
0.947199
0.944179
0.942378
0.936443
0.925924
0.938151
0.947088
1.010723
1.086219
1.143950
1.173022
1.179874
1.171111
1.141919
1.093317
1.021184
0.944525
0.969323
0.978395
0.972931
0.965846
0.962902
0.960592
0.955282
0.968014
0.981061
0.981216
1.039246
1.115828
1.177434
1.211173
1.223291
1.211322
1.179375
1.134209
1.071632
0.979001
0.976124
0.988942
0.988705
0.985957
0.988924
0.990837
0.987038
0.978890
0.989133
1.007810
1.079898
1.159558
1.214436
1.237981
1.238461
1.221266
1.181646
1.125887
1.067785
0.973588
0.968615
0.977336
0.972318
0.966027
0.963919
0.963039
0.959479
0.952237
0.960823
0.965385
1.022034
1.096693
1.158414
1.191126
1.202051
1.194816
1.172358
1.133235
1.060207
0.972362
1.004422
1.013832
1.008590
1.001364
0.998830
0.997156
0.991065
0.982572
0.995111
0.995781
1.059577
1.142245
1.213836
1.261677
1.282104
1.273967
1.244638
1.196616
1.125632
1.024945
0.984417
0.998753
0.998517
0.994313
0.994649
0.994227
0.987727
0.982615
1.000946
1.040395
1.116688
1.192118
1.242265
1.261656
1.257991
1.235491
1.188720
1.124807
1.061367
0.962726
0.978401
0.988206
0.987406
0.984459
0.984708
0.985541
0.983818
0.979372
0.990202
0.996572
1.050514
1.119878
1.174242
1.199149
1.200274
1.189531
1.164046
1.114032
1.030124
1.032917
1.056587
1.062346
1.055584
1.048734
1.046127
1.043680
1.036868
1.026466
1.026421
1.033649
1.102110
1.189721
1.266962
1.318379
1.341926
1.332781
1.304587
1.259294
1.182417
1.066897
1.021406
1.039369
1.045068
1.049199
1.056819
1.061079
1.059127
1.054470
1.062908
1.090188
1.171139
1.255478
1.313240
1.337957
1.340092
1.325492
1.282350
1.219307
1.147928
1.090230
1.114146
1.123369
1.123714
1.123373
1.124111
1.123215
1.121073
1.117048
1.120610
1.129858
1.195073
1.272665
1.332360
1.357046
1.356282
1.340153
0.904797
0.929369
0.949865
0.970178
0.993076
1.018768
1.048329
1.079327
1.111926
1.146255
1.178537
1.205940
1.266863
1.358280
1.419018
1.420205
1.371000
1.291885
1.203648
1.123287
1.063078
1.015142
0.962560
0.910699
0.870273
0.844611
0.830251
0.817094
0.800369
0.827403
0.858499
0.889385
0.919854
0.979606
1.055179
1.117270
1.156305
1.175756
1.187084
1.200401
1.204724
1.180314
1.133705
1.143494
1.165832
1.172487
1.169094
1.165277
1.161418
1.156702
1.150807
1.144956
1.133753
1.168168
1.246588
1.322185
1.375608
1.397424
1.395725
1.384287
1.365865
1.331372
1.255767
1.126794
1.115710
1.129148
1.132989
1.135590
1.137885
1.138710
1.137140
1.134326
1.127780
1.160589
1.234029
1.298590
1.332500
1.334611
1.321332
1.305739
1.287247
1.266126
1.204284
1.083087
1.031067
1.041008
1.041274
1.040794
1.040031
1.037735
1.033145
1.027308
1.016516
1.071441
1.148830
1.207824
1.240290
1.245260
1.233192
1.216111
1.196674
1.171828
1.118832
1.007073
0.946265
0.960760
0.967204
0.975481
0.986045
0.994808
1.000144
1.004367
1.003721
1.046353
1.117627
1.180871
1.217703
1.225647
1.218279
1.208288
1.196320
1.179101
1.124229
1.013171
0.968600
0.982599
0.987108
0.991573
0.997217
1.001802
1.003453
1.003764
0.999299
1.051631
1.127537
1.189924
1.225727
1.232160
1.219070
1.198823
1.175051
1.152662
1.105581
1.006033
0.932530
0.952348
0.962600
0.973262
0.985915
0.997227
1.005223
1.012405
1.015496
1.060419
1.132864
1.193224
1.226879
1.232734
1.223892
1.212685
1.197024
1.179721
1.134989
1.036321
0.961790
0.975737
0.980288
0.985016
0.991082
0.996635
0.999356
1.001015
0.998355
1.052871
1.128563
1.186591
1.218511
1.223250
1.210825
1.190486
1.163864
1.137922
1.091361
0.996225
0.922154
0.938917
0.946123
0.954182
0.964538
0.973939
0.980288
0.985686
0.986622
1.036604
1.111454
1.172881
1.209069
1.218195
1.210222
1.195244
1.172418
1.148112
1.100898
1.002218
0.935074
0.949553
0.954857
0.960727
0.968450
0.975397
0.979201
0.982065
0.980748
1.040400
1.119491
1.179327
1.213030
1.219697
1.208122
1.186186
1.155910
1.125914
1.081482
0.992254
0.915846
0.934402
0.942449
0.951290
0.962768
0.973231
0.980401
0.986662
0.988505
1.045112
1.123697
1.184258
1.217841
1.224590
1.214303
1.196670
1.170331
1.143732
1.097136
1.001298
0.950167
0.964554
0.969802
0.975463
0.982878
0.989748
0.993360
0.995776
0.993553
1.052322
1.133348
1.193338
1.224928
1.229239
1.215709
1.192995
1.162382
1.133630
1.092108
1.005165
0.902996
0.921363
0.930009
0.939366
0.951376
0.962257
0.969478
0.975790
0.977843
1.039450
1.118563
1.174365
1.202957
1.207133
1.195525
1.176200
1.146878
1.118073
1.079771
1.000939
0.883187
0.905068
0.913053
0.921905
0.933577
0.944490
0.952030
0.958673
0.961405
1.022101
1.100891
1.157772
1.188374
1.195634
1.188530
1.171482
1.142168
1.111583
1.072845
0.993358
0.889619
0.909062
0.915102
0.921966
0.931579
0.940610
0.946457
0.951137
0.950931
1.013911
1.095728
1.155137
1.188034
1.196729
1.189819
1.171502
1.141884
1.110191
1.071174
0.992823
0.866495
0.887801
0.897073
0.907132
0.920371
0.932785
0.941777
0.949667
0.953151
1.016128
1.096692
1.154728
1.186367
1.194286
1.186551
1.169965
1.141662
1.113141
1.077399
1.001253
0.890700
0.917533
0.924759
0.932849
0.943405
0.953532
0.960661
0.966722
0.967891
1.024507
1.103916
1.163887
1.197383
1.206257
1.199607
1.184314
1.158255
1.130510
1.091924
1.010428
0.894131
0.920491
0.927090
0.934582
0.944414
0.953364
0.959204
0.964063
0.964170
1.023035
1.104493
1.165705
1.201077
1.212105
1.207773
1.193355
1.168540
1.137814
1.093106
1.007909
0.908778
0.928725
0.937447
0.946909
0.959179
0.970448
0.978350
0.985044
0.986784
1.038634
1.116565
1.178450
1.214335
1.224214
1.217446
1.203452
1.180677
1.154809
1.108966
1.015132
0.944237
0.960168
0.966565
0.973319
0.981790
0.989725
0.994588
0.998120
0.996625
1.049833
1.130034
1.192756
1.228157
1.236682
1.226921
1.207405
1.178001
1.149327
1.109188
1.024092
0.906453
0.932776
0.940379
0.948628
0.959157
0.968582
0.974626
0.979680
0.980281
1.039808
1.120349
1.179438
1.212051
1.219899
1.211727
1.194042
1.166496
1.135540
1.094910
1.013937
0.885584
0.907691
0.916736
0.926461
0.939060
0.950531
0.958453
0.965413
0.968035
1.027374
1.105213
1.162068
1.193526
1.201013
1.193049
1.176628
1.149920
1.121153
1.084788
1.008242
0.879535
0.899825
0.908742
0.918344
0.930818
0.942738
0.951468
0.959181
0.962324
1.017126
1.093096
1.151392
1.185289
1.194936
1.188834
1.173169
1.147279
1.118557
1.080492
1.000289
0.893222
0.916091
0.924108
0.932899
0.944019
0.954288
0.961280
0.967108
0.968085
1.025498
1.105845
1.166686
1.201300
1.210443
1.202393
1.185055
1.157459
1.128782
1.089827
1.008207
0.897545
0.922043
0.930196
0.939164
0.950600
0.960954
0.967926
0.973821
0.975115
1.032240
1.111698
1.171624
1.205723
1.214785
1.207038
1.189864
1.161530
1.131553
1.093287
1.014083
0.884903
0.906318
0.915595
0.925582
0.938346
0.950099
0.958485
0.965897
0.968974
1.024591
1.101059
1.159238
1.192930
1.202406
1.196051
1.179577
1.152916
1.122848
1.084969
1.006655
0.881007
0.903762
0.913342
0.923729
0.936729
0.948689
0.957209
0.964674
0.967599
1.022155
1.098247
1.156809
1.190693
1.199711
1.192132
1.175539
1.148274
1.119231
1.082587
1.004910
0.886590
0.909904
0.918651
0.928360
0.940463
0.951692
0.959798
0.966897
0.969414
1.017847
1.093041
1.154480
1.191617
1.203156
1.198009
1.183041
1.158429
1.129519
1.087256
1.002240
0.910266
0.928374
0.936665
0.945789
0.957330
0.967643
0.974650
0.980485
0.981686
1.026094
1.101439
1.166436
1.206623
1.219453
1.213810
1.198466
1.173578
1.144825
1.100516
1.010596
0.931891
0.950772
0.958313
0.966568
0.977047
0.986240
0.992082
0.996602
0.996344
1.038761
1.115792
1.182936
1.224669
1.238074
1.231848
1.215001
1.187239
1.156066
1.109467
1.015936
0.934177
0.952925
0.959899
0.967445
0.977168
0.985355
0.989915
0.993197
0.992095
1.042009
1.120441
1.185475
1.225109
1.236998
1.229758
1.210735
1.181532
1.148593
1.101446
1.011115
0.933981
0.954935
0.964211
0.974209
0.986529
0.997167
1.004176
1.009850
1.010838
1.047320
1.121366
1.189556
1.232161
1.245511
1.238889
1.223008
1.197032
1.165892
1.114143
1.014997
0.968059
0.983565
0.989768
0.996212
1.004128
1.010939
1.014205
1.015814
1.012608
1.055609
1.134151
1.200975
1.240782
1.251132
1.240909
1.218567
1.186016
1.150993
1.102401
1.010540
0.933536
0.952294
0.961087
0.970712
0.982717
0.992930
0.999490
1.004768
1.005696
1.040926
1.113965
1.182775
1.226071
1.240397
1.235009
1.218817
1.190543
1.156401
1.105581
1.009185
0.934989
0.951174
0.957579
0.964626
0.973670
0.980986
0.984539
0.986686
0.984418
1.034514
1.114682
1.182528
1.223926
1.237425
1.232744
1.213938
1.182440
1.144107
1.094402
1.006396
0.917044
0.938061
0.949135
0.960874
0.974974
0.987226
0.995694
1.002842
1.005361
1.051814
1.129521
1.194481
1.233365
1.244831
1.237388
1.219967
1.190728
1.155583
1.105262
1.012864
0.959788
0.976795
0.984404
0.992369
1.002187
1.010849
1.015707
1.018857
1.017174
1.060892
1.140705
1.207211
1.245755
1.255557
1.245004
1.222484
1.186475
1.148953
1.103673
1.018584
0.919876
0.938695
0.947434
0.956863
0.968642
0.978770
0.985191
0.990395
0.991366
1.039095
1.115560
1.178022
1.215468
1.226871
1.222362
1.205136
1.175125
1.137380
1.089726
1.003853
0.900755
0.922329
0.931004
0.940383
0.952136
0.962128
0.968451
0.973450
0.973840
1.023763
1.101943
1.167693
1.208084
1.221517
1.215992
1.196746
1.163460
1.124084
1.077049
0.991301
0.893585
0.912635
0.921926
0.931939
0.944315
0.955144
0.962186
0.967776
0.968663
1.018222
1.096131
1.160237
1.199001
1.211386
1.205734
1.187071
1.154752
1.117196
1.073100
0.991429
0.886480
0.910248
0.919907
0.930391
0.943264
0.954507
0.962059
0.968280
0.969887
1.020727
1.099397
1.163858
1.203044
1.215970
1.210163
1.190841
1.156294
1.116215
1.071881
0.991509
0.883037
0.910772
0.919376
0.928962
0.940785
0.951069
0.957743
0.963116
0.963823
1.010087
1.087665
1.154710
1.196102
1.210524
1.207468
1.190784
1.159804
1.121701
1.075991
0.993604
0.886876
0.917290
0.926342
0.933960
0.944377
0.953656
0.958851
0.961887
0.960169
1.010436
1.088174
1.152230
1.190267
1.201387
1.195351
1.177603
1.147034
1.110767
1.070808
0.993560
0.870611
0.896981
0.909709
0.920776
0.935352
0.948863
0.958326
0.965497
0.968023
1.017259
1.089190
1.148638
1.182409
1.189563
1.178250
1.159453
1.129736
1.095160
1.061114
0.992135
0.870717
0.893066
0.906343
0.919061
0.934654
0.949822
0.961779
0.972119
0.978319
1.009696
1.078069
1.141394
1.180091
1.192451
1.186817
1.172788
1.146737
1.116193
1.081882
1.012553
0.900186
0.924990
0.935922
0.945895
0.958412
0.970036
0.978141
0.984468
0.986640
1.018736
1.087786
1.152609
1.192348
1.204103
1.197378
1.182515
1.156846
1.124872
1.087558
1.012142
0.888158
0.911875
0.922712
0.932103
0.944039
0.955141
0.962626
0.968069
0.969136
1.007871
1.078621
1.141010
1.178858
1.189683
1.182405
1.166567
1.141250
1.110390
1.077344
1.007907
0.886603
0.897106
0.910501
0.922553
0.937710
0.952069
0.962784
0.971552
0.975990
1.015356
1.085610
1.147992
1.185514
1.195933
1.187178
1.171471
1.147101
1.117485
1.083315
1.012364
0.891142
0.916048
0.928760
0.940221
0.954009
0.967291
0.977452
0.985892
0.990168
1.017310
1.085460
1.151501
1.192444
1.205077
1.197689
1.181981
1.155800
1.125261
1.091310
1.019346
0.895329
0.918753
0.929841
0.939775
0.951966
0.963342
0.971336
0.977685
0.980003
1.006672
1.074430
1.139710
1.180728
1.194178
1.190266
1.178555
1.158212
1.130251
1.093671
1.017979
0.896950
0.924253
0.937331
0.949082
0.963291
0.976428
0.985996
0.993623
0.996882
1.024170
1.094392
1.162175
1.204535
1.218346
1.211597
1.196460
1.171977
1.140998
1.100636
1.020803
0.931936
0.952898
0.963551
0.972709
0.983622
0.993818
1.000748
1.005735
1.006495
1.023951
1.092950
1.164459
1.209139
1.223317
1.216128
1.199612
1.174366
1.144258
1.106443
1.028462
0.914293
0.946791
0.958332
0.968674
0.981196
0.992361
0.999889
1.005626
1.007174
1.019699
1.087635
1.160733
1.208357
1.225812
1.221524
1.207987
1.183919
1.151742
1.108197
1.023893
0.935707
0.955905
0.965436
0.973543
0.983369
0.992075
0.997111
1.000182
0.999070
1.015025
1.084792
1.156731
1.203427
1.220045
1.217126
1.204129
1.182052
1.152264
1.108382
1.023569
0.944856
0.969021
0.981777
0.993100
1.006685
1.018727
1.027099
1.033293
1.034980
1.034889
1.104738
1.182482
1.236568
1.258039
1.255832
1.243197
1.222255
1.191048
1.133623
1.031278
1.017568
1.035346
1.042506
1.047431
1.053235
1.057889
1.059452
1.059245
1.054594
1.049449
1.125847
1.203999
1.261383
1.286485
1.287198
1.272219
1.244455
1.208887
1.156754
1.059082
0.984679
1.007883
1.019796
1.029878
1.042140
1.052335
1.058131
1.061814
1.061642
1.059809
1.125199
1.202151
1.255005
1.275144
1.271004
1.256195
1.231193
1.195410
1.140797
1.041135
0.999649
1.017873
1.025620
1.031307
1.038230
1.043376
1.044733
1.043541
1.038134
1.037101
1.106950
1.185148
1.240484
1.262637
1.260964
1.245075
1.217364
1.180267
1.127902
1.032391
0.959766
0.983252
0.995735
1.006489
1.019241
1.029863
1.036101
1.039998
1.039541
1.053542
1.126083
1.201781
1.250683
1.268019
1.261651
1.243224
1.212784
1.173735
1.122027
1.029111
0.971427
0.991722
1.001442
1.009451
1.019243
1.027421
1.031268
1.032698
1.029992
1.038549
1.108270
1.183408
1.231922
1.248474
1.242090
1.222925
1.192255
1.154016
1.109345
1.025867
0.923585
0.949676
0.962696
0.974450
0.988137
0.999787
1.007299
1.012374
1.013102
1.028395
1.096048
1.167118
1.212300
1.227484
1.220513
1.202685
1.172631
1.133869
1.090469
1.011081
0.912293
0.936430
0.947895
0.958088
0.970418
0.981137
0.987769
0.992110
0.992168
1.000416
1.069198
1.143785
1.192800
1.211546
1.210900
1.198763
1.173967
1.137780
1.095520
1.017922
0.901309
0.929135
0.942297
0.954228
0.968574
0.981176
0.989735
0.996208
0.998253
1.014237
1.085966
1.160369
1.207760
1.225425
1.222102
1.206259
1.176531
1.137571
1.094238
1.016298
0.909055
0.939510
0.950027
0.959353
0.971002
0.980900
0.986855
0.990686
0.990273
0.987264
1.056525
1.137120
1.193802
1.218592
1.222460
1.215006
1.194680
1.158673
1.108070
1.018876
0.943085
0.966967
0.976886
0.985098
0.995465
1.004511
1.009857
1.012986
1.011338
1.011345
1.090592
1.171763
1.229544
1.255607
1.258196
1.245417
1.216722
1.175473
1.125019
1.036229
0.942571
0.964568
0.975457
0.984935
0.996478
1.006102
1.011556
1.014777
1.013872
1.009922
1.078559
1.159468
1.217412
1.243026
1.245270
1.235951
1.214185
1.175889
1.119173
1.025050
0.961093
0.982626
0.992579
0.998783
1.006521
1.013103
1.016218
1.016468
1.013105
1.009957
1.087526
1.167643
1.223460
1.247295
1.247856
1.235455
1.209374
1.167761
1.113214
1.022929
0.947137
0.971156
0.980120
0.985397
0.992611
0.998682
1.001101
1.000629
0.996902
0.994040
1.071884
1.152877
1.211971
1.238495
1.241932
1.233644
1.213187
1.175263
1.116733
1.023675
0.955628
0.978811
0.988816
0.994970
1.002829
1.009629
1.012836
1.013360
1.010165
1.011730
1.090592
1.172613
1.231701
1.259732
1.265127
1.256260
1.232073
1.191152
1.136163
1.043830
0.965740
0.989612
0.998502
1.003613
1.010696
1.016675
1.018590
1.017597
1.013352
1.007221
1.084408
1.163927
1.221314
1.245917
1.247010
1.237582
1.217192
1.179285
1.118034
1.022150
0.962712
0.985850
0.997171
1.004480
1.013126
1.020729
1.025198
1.027243
1.025498
1.021437
1.100995
1.182087
1.238872
1.264501
1.268717
1.259162
1.233332
1.191437
1.139587
1.055400
0.935108
0.962499
0.973576
0.981036
0.990630
0.999220
1.003698
1.005433
1.003816
1.003482
1.072823
1.152345
1.205923
1.228714
1.231096
1.224439
1.206247
1.171659
1.123770
1.039012
0.933462
0.961733
0.972269
0.979030
0.987764
0.995631
1.000110
1.001811
0.999827
1.000168
1.075934
1.153956
1.208748
1.232703
1.233082
1.221276
1.198347
1.159644
1.107570
1.023839
0.933432
0.958174
0.970769
0.979761
0.990701
1.000545
1.006741
1.010405
1.010738
1.007116
1.078077
1.160984
1.220110
1.247608
1.252253
1.244299
1.222582
1.184862
1.136504
1.052022
0.948684
0.975695
0.986866
0.994578
1.004147
1.012563
1.017336
1.019204
1.017729
1.011157
1.079635
1.160672
1.218073
1.242402
1.241965
1.230638
1.208637
1.170742
1.119623
1.032308
0.942252
0.966173
0.978566
0.987305
0.997546
1.006662
1.012873
1.016609
1.016984
1.010849
1.079577
1.160821
1.217807
1.242238
1.242537
1.229893
1.204791
1.166280
1.122644
1.046701
0.923326
0.926527
0.941443
0.953006
0.966764
0.979802
0.989061
0.995752
0.999345
1.001272
1.068957
1.147009
1.198650
1.220024
1.220689
1.211674
1.191635
1.156432
1.113071
1.038338
0.941364
0.970557
0.982901
0.991871
1.002841
1.012919
1.019689
1.023876
1.024653
1.017407
1.084424
1.164431
1.221020
1.244381
1.240583
1.223390
1.194533
1.151223
1.105989
1.034328
0.920519
0.910445
0.926586
0.940266
0.956182
0.971478
0.983322
0.993078
0.999812
1.002249
1.067626
1.147150
1.201170
1.225177
1.229183
1.223246
1.205452
1.171113
1.126824
1.050295
0.931352
0.958640
0.971051
0.980003
0.991103
1.001373
1.008041
1.012214
1.013166
1.008791
1.077976
1.160371
1.218509
1.244132
1.245734
1.235893
1.214813
1.176504
1.124620
1.041113
0.934056
0.970280
0.982983
0.992169
1.003019
1.013004
1.019997
1.024752
1.026063
1.019304
1.088921
1.171958
1.231113
1.258180
1.260264
1.246544
1.217861
1.175044
1.129879
1.060261
0.947722
0.900178
0.915884
0.928123
0.942896
0.957135
0.967954
0.976782
0.983701
0.988578
1.055366
1.135795
1.192516
1.219471
1.226738
1.227115
1.217500
1.189256
1.139293
1.052352
0.979385
1.004676
1.015153
1.021514
1.029474
1.036529
1.040478
1.042244
1.040504
1.030243
1.101007
1.186717
1.253175
1.285690
1.290100
1.278823
1.255488
1.215965
1.160485
1.074830
0.947749
0.951933
0.969027
0.982826
0.998506
1.013428
1.023051
1.029448
1.032363
1.032259
1.100051
1.180034
1.232959
1.255666
1.260720
1.256697
1.238044
1.199058
1.146742
1.062145
0.995470
1.019536
1.028453
1.033484
1.039768
1.044022
1.045351
1.044443
1.039395
1.035491
1.101738
1.174860
1.224355
1.242228
1.236887
1.222415
1.200558
1.164164
1.107657
1.019328
0.939427
0.963735
0.974981
0.981925
0.990120
0.996853
0.999902
1.000208
0.996730
0.991681
1.069886
1.150900
1.208855
1.236453
1.243582
1.244101
1.234012
1.207720
1.161298
1.076638
0.950206
0.983260
1.000056
1.012948
1.027537
1.040731
1.049835
1.056158
1.059026
1.056094
1.124004
1.202937
1.257411
1.279958
1.275611
1.259316
1.233111
1.195622
1.145244
1.056188
0.997169
1.021216
1.034232
1.043464
1.052793
1.060327
1.065494
1.068720
1.068658
1.060725
1.121736
1.196006
1.244979
1.259634
1.247902
1.225489
1.195370
1.155966
1.112920
1.041752
0.924464
0.914254
0.931456
0.946309
0.962826
0.978521
0.990707
1.001141
1.009045
1.013907
1.075215
1.149346
1.199843
1.221095
1.223555
1.221853
1.212027
1.186031
1.136705
1.051532
0.986769
1.012767
1.024395
1.032022
1.040993
1.048896
1.053372
1.055556
1.054274
1.044469
1.112156
1.193374
1.253365
1.279813
1.279040
1.264512
1.238029
1.198037
1.145813
1.061646
0.933757
0.951100
0.967377
0.980517
0.995305
1.009247
1.019340
1.027173
1.031864
1.032433
1.095736
1.172494
1.223116
1.242205
1.241911
1.232691
1.212810
1.177972
1.127980
1.044153
0.962500
0.986234
0.998951
1.010026
1.022480
1.033446
1.040955
1.046713
1.048057
1.042124
1.108054
1.187796
1.242659
1.263954
1.262748
1.249827
1.225311
1.186932
1.140186
1.063900
0.945627
0.936178
0.953836
0.970303
0.989102
1.006637
1.019381
1.030292
1.036839
1.039895
1.104319
1.182283
1.233698
1.253385
1.254653
1.247677
1.229597
1.194631
1.139290
1.046408
1.003553
1.024701
1.034743
1.042337
1.050568
1.056849
1.060150
1.061500
1.058120
1.045914
1.111833
1.192274
1.252846
1.278849
1.278805
1.265465
1.241324
1.203850
1.153022
1.071905
0.951028
0.913974
0.934182
0.952885
0.973842
0.994221
1.009246
1.021788
1.030075
1.038947
1.102079
1.172293
1.217306
1.234995
1.239689
1.237212
1.221268
1.187831
1.138354
1.056247
0.998956
1.020039
1.030904
1.039570
1.048862
1.055594
1.059600
1.061518
1.058101
1.048567
1.124190
1.195420
1.239953
1.251823
1.242032
1.224305
1.199712
1.163575
1.111506
1.025739
0.917049
0.950752
0.964068
0.975607
0.988141
0.999131
1.006543
1.012146
1.013047
1.010647
1.078143
1.155382
1.209115
1.232317
1.238400
1.239524
1.230862
1.205930
1.156822
1.068477
0.979056
1.005716
1.020702
1.033235
1.047095
1.059340
1.067669
1.073919
1.075643
1.070877
1.136617
1.213456
1.266428
1.287242
1.284782
1.271361
1.247388
1.212466
1.154855
1.058097
1.009336
1.032558
1.045172
1.055509
1.065464
1.073151
1.078089
1.080920
1.079266
1.070166
1.132736
1.206018
1.254935
1.270236
1.262757
1.245922
0.904812
0.929812
0.953515
0.978556
1.006288
1.037357
1.071843
1.109740
1.150101
1.192125
1.229640
1.249327
1.254951
1.300325
1.386449
1.448359
1.452414
1.406499
1.328697
1.233515
1.136226
1.056198
0.998187
0.949072
0.894923
0.839218
0.792351
0.776996
0.785766
0.793260
0.799791
0.807935
0.821398
0.882962
0.962931
1.026095
1.063686
1.082580
1.089262
1.091814
1.090847
1.075617
1.043104
1.011330
0.975683
0.924837
0.908580
0.935750
0.961410
0.986816
1.010986
1.034135
1.052269
1.066635
1.079250
1.138685
1.219120
1.281489
1.314824
1.331315
1.339498
1.337653
1.296057
1.199624
1.134191
1.162243
1.172352
1.170850
1.167103
1.161078
1.151799
1.140047
1.126536
1.117805
1.158251
1.236771
1.307685
1.355552
1.374846
1.372295
1.359322
1.339252
1.301095
1.226989
1.113805
1.094912
1.114233
1.122316
1.128552
1.133220
1.135442
1.134824
1.133167
1.127396
1.142917
1.212291
1.280357
1.320331
1.331390
1.325675
1.313939
1.295793
1.266762
1.208214
1.110330
1.053070
1.071303
1.079190
1.086078
1.091419
1.094449
1.095363
1.095315
1.090664
1.104596
1.172585
1.239792
1.278228
1.289378
1.289597
1.284638
1.271904
1.246724
1.192743
1.101940
1.031023
1.053869
1.063582
1.072560
1.079993
1.085171
1.088885
1.091936
1.089980
1.093883
1.159690
1.229637
1.274964
1.292996
1.298976
1.298141
1.287738
1.262895
1.208536
1.112989
1.050761
1.071493
1.080592
1.087974
1.093680
1.097076
1.098326
1.098503
1.093816
1.120811
1.190947
1.254431
1.289503
1.297156
1.290054
1.278779
1.264661
1.242095
1.190956
1.096820
1.031789
1.051956
1.060553
1.067736
1.072997
1.075581
1.076700
1.077117
1.073396
1.101925
1.171446
1.232687
1.265128
1.271451
1.267818
1.260820
1.249125
1.228499
1.185482
1.103359
0.977538
1.005445
1.019926
1.034019
1.046605
1.057410
1.065722
1.072954
1.076042
1.099203
1.163937
1.226197
1.262045
1.272186
1.271410
1.266953
1.257776
1.237694
1.190596
1.101867
1.039383
1.059078
1.067107
1.073528
1.077726
1.078964
1.079047
1.078464
1.073509
1.104015
1.174200
1.235850
1.268333
1.273582
1.266039
1.254768
1.240932
1.219089
1.173599
1.088028
0.999513
1.022002
1.033465
1.043735
1.052086
1.057977
1.062763
1.067162
1.067944
1.088468
1.155264
1.220421
1.258026
1.269157
1.269289
1.266355
1.257423
1.238187
1.197879
1.116466
0.986254
1.014717
1.030848
1.045885
1.059345
1.070967
1.078957
1.085266
1.087682
1.120862
1.186937
1.245251
1.277778
1.285092
1.277832
1.269200
1.259025
1.239355
1.193443
1.097683
1.056976
1.075144
1.079926
1.082171
1.081749
1.077297
1.072415
1.067630
1.057610
1.094430
1.168607
1.229727
1.258171
1.256610
1.239809
1.218520
1.195188
1.168412
1.133876
1.064078
0.950821
0.882597
0.903449
0.922929
0.941947
0.960221
0.976296
0.991173
1.003891
1.032347
1.097438
1.161169
1.201793
1.220531
1.231912
1.241219
1.245324
1.234517
1.192241
1.103418
1.072646
1.091805
1.098843
1.102947
1.104334
1.102186
1.099108
1.095960
1.087351
1.119406
1.194863
1.260670
1.295279
1.299137
1.282662
1.262057
1.240939
1.212726
1.164205
1.072792
1.001005
1.024312
1.033865
1.041202
1.046817
1.049764
1.051390
1.052596
1.050969
1.082442
1.151416
1.212560
1.245300
1.251017
1.243658
1.235007
1.221510
1.200237
1.167053
1.097132
0.985770
0.919870
0.943128
0.964203
0.985325
1.006475
1.024582
1.040308
1.052860
1.090294
1.157337
1.217046
1.253194
1.266711
1.267422
1.268038
1.268057
1.254455
1.207097
1.112421
1.105048
1.124563
1.129921
1.130312
1.128129
1.121928
1.114869
1.107500
1.095981
1.126951
1.201713
1.267280
1.299091
1.298054
1.277774
1.251231
1.223027
1.190808
1.146901
1.071098
0.956302
0.920630
0.939735
0.956996
0.973273
0.988982
1.002924
1.015145
1.024993
1.048561
1.113271
1.179061
1.220708
1.239336
1.248902
1.257294
1.260785
1.248493
1.202986
1.113324
1.073202
1.094895
1.102712
1.106568
1.108288
1.107095
1.104675
1.102002
1.095353
1.124553
1.200155
1.268407
1.306102
1.313148
1.298691
1.278791
1.258480
1.229804
1.176574
1.088071
1.007025
1.031870
1.044316
1.054433
1.062690
1.068968
1.072841
1.075530
1.075100
1.092267
1.156853
1.223256
1.261976
1.272456
1.268830
1.262872
1.251121
1.225510
1.175921
1.091025
0.993946
1.021435
1.034528
1.045422
1.054674
1.061911
1.066300
1.069284
1.068436
1.098347
1.167983
1.231886
1.267647
1.276123
1.270052
1.260813
1.249849
1.227035
1.177949
1.089354
1.027130
1.050520
1.060105
1.066279
1.070624
1.071983
1.072185
1.072140
1.068855
1.094850
1.165981
1.231927
1.268158
1.275419
1.266608
1.253895
1.237593
1.214511
1.176458
1.104358
0.996044
0.942507
0.966029
0.986399
1.006043
1.026191
1.044200
1.059344
1.071848
1.087629
1.148679
1.216431
1.260960
1.280170
1.285343
1.286987
1.286390
1.269919
1.217413
1.115622
1.118222
1.137812
1.143079
1.143636
1.141980
1.136752
1.130181
1.123128
1.112148
1.145186
1.222093
1.288422
1.321210
1.321376
1.299942
1.273293
1.247023
1.216184
1.169021
1.088798
0.969725
0.966544
0.984251
0.999803
1.014513
1.028578
1.040916
1.051487
1.059426
1.068091
1.128961
1.201328
1.248430
1.266600
1.269422
1.269020
1.261759
1.236931
1.182696
1.087426
1.055636
1.077985
1.087795
1.094560
1.099688
1.102625
1.102161
1.099933
1.093642
1.120935
1.196645
1.266070
1.303470
1.309017
1.293938
1.274945
1.254400
1.222440
1.166744
1.072933
1.020416
1.045179
1.056175
1.063374
1.068771
1.071351
1.072749
1.073834
1.071982
1.090859
1.158772
1.225977
1.263901
1.272589
1.265434
1.254606
1.239250
1.216298
1.179205
1.110482
1.009385
0.936179
0.962283
0.984454
1.006930
1.030086
1.049551
1.064011
1.075508
1.109523
1.173418
1.231422
1.265195
1.274504
1.269694
1.264903
1.259166
1.239706
1.191672
1.095412
1.088603
1.106942
1.111164
1.111160
1.108386
1.100680
1.091897
1.082677
1.068452
1.106527
1.186023
1.251168
1.279632
1.273286
1.245198
1.210871
1.175990
1.138389
1.097459
1.029637
0.925491
0.857079
0.880828
0.901957
0.923220
0.944228
0.964087
0.983229
1.001785
1.020941
1.085220
1.161947
1.216346
1.243290
1.256023
1.266742
1.269298
1.249854
1.195383
1.101053
1.082558
1.107112
1.117584
1.123948
1.128721
1.131668
1.131831
1.130937
1.126219
1.126408
1.196907
1.270581
1.319425
1.336215
1.329131
1.314288
1.293769
1.253175
1.178640
1.061224
1.097636
1.119313
1.127095
1.129865
1.129990
1.126374
1.121487
1.115945
1.106955
1.136281
1.210686
1.276106
1.307880
1.307123
1.287190
1.260190
1.232911
1.204336
1.164647
1.094541
0.994269
0.903618
0.937524
0.960078
0.982593
1.006349
1.027408
1.043326
1.056566
1.082310
1.146334
1.209773
1.247843
1.260201
1.261669
1.262092
1.259044
1.238158
1.183426
1.085335
1.084416
1.103373
1.109372
1.111690
1.111414
1.106684
1.100436
1.093382
1.081663
1.103516
1.180143
1.249781
1.289110
1.294821
1.278988
1.255557
1.227985
1.189707
1.132351
1.046432
0.951544
0.988369
1.004972
1.019638
1.033278
1.045700
1.056078
1.064767
1.070309
1.073456
1.135975
1.212328
1.261033
1.277627
1.276887
1.272459
1.260150
1.231544
1.177594
1.090376
1.002259
1.032302
1.049336
1.064169
1.078157
1.090754
1.099756
1.106734
1.110502
1.111266
1.177050
1.254025
1.303369
1.320501
1.318133
1.308937
1.293851
1.259554
1.190858
1.080487
1.089585
1.112275
1.121196
1.125876
1.128531
1.127819
1.125691
1.122988
1.117041
1.113390
1.181264
1.254712
1.303001
1.319279
1.314701
1.300103
1.278626
1.246520
1.194081
1.112171
0.999136
0.982182
1.006531
1.026731
1.046881
1.066386
1.081241
1.091826
1.100007
1.115411
1.177560
1.243417
1.283116
1.294798
1.290433
1.283000
1.272895
1.249691
1.201640
1.115492
1.049596
1.073970
1.085624
1.094618
1.102126
1.107400
1.110225
1.111877
1.109973
1.100881
1.161747
1.235072
1.282543
1.295953
1.288139
1.272087
1.248806
1.212303
1.159379
1.074440
0.946325
0.980410
0.998495
1.014962
1.030052
1.043730
1.054831
1.064323
1.070320
1.072596
1.133495
1.207397
1.252983
1.266181
1.262290
1.254516
1.240729
1.211047
1.154896
1.062791
1.013678
1.040351
1.054478
1.066097
1.076294
1.084473
1.090219
1.094599
1.095390
1.092115
1.156723
1.232396
1.280879
1.295275
1.289126
1.275119
1.254998
1.220149
1.160782
1.067001
1.004660
1.033876
1.049519
1.062358
1.074297
1.084732
1.092376
1.098446
1.101551
1.101037
1.164522
1.240572
1.287900
1.301969
1.297341
1.285535
1.268103
1.236834
1.180806
1.089819
0.999908
1.032223
1.050011
1.064710
1.079147
1.092564
1.103084
1.111323
1.116766
1.117972
1.180581
1.256029
1.302068
1.314262
1.306190
1.290353
1.270417
1.239975
1.191803
1.112435
0.994745
1.007174
1.027259
1.044900
1.062173
1.078396
1.091544
1.102100
1.109719
1.113362
1.172913
1.245002
1.289385
1.301606
1.294837
1.281724
1.264647
1.236077
1.187884
1.105568
0.993387
1.026698
1.044146
1.059324
1.073876
1.087126
1.097577
1.106374
1.112112
1.112225
1.171709
1.245271
1.289870
1.300919
1.293048
1.278749
1.259849
1.229889
1.182199
1.102889
0.985071
0.991110
1.011728
1.029716
1.047657
1.064723
1.078857
1.090654
1.099331
1.104232
1.165630
1.238288
1.283103
1.296422
1.292008
1.281347
1.267242
1.242325
1.196628
1.115786
0.997011
1.031523
1.050370
1.065753
1.080813
1.094705
1.105700
1.114381
1.120098
1.120628
1.180415
1.254334
1.299306
1.309978
1.299560
1.280699
1.258481
1.228102
1.185444
1.112763
1.004110
0.965772
0.988181
1.007725
1.027583
1.046989
1.063399
1.076092
1.085014
1.092427
1.154084
1.226339
1.271710
1.286379
1.284915
1.278673
1.267980
1.241726
1.188529
1.091275
1.056186
1.081870
1.093981
1.102065
1.108760
1.112968
1.114639
1.115132
1.112328
1.103311
1.165858
1.241724
1.291226
1.304995
1.294370
1.272947
1.245297
1.209484
1.165447
1.092131
0.987485
0.882232
0.914434
0.940473
0.967512
0.994840
1.018458
1.037076
1.053363
1.071361
1.133949
1.202881
1.246693
1.262536
1.264148
1.262445
1.258429
1.236711
1.179798
1.075608
1.107629
1.130766
1.140486
1.145766
1.148692
1.148062
1.145446
1.142089
1.135608
1.122172
1.186903
1.264070
1.318189
1.337169
1.329383
1.306980
1.277363
1.241056
1.193694
1.114993
1.006124
0.899923
0.933983
0.960749
0.988483
1.016792
1.041696
1.060270
1.076139
1.094684
1.155253
1.221923
1.263326
1.276206
1.272720
1.265568
1.256810
1.232995
1.178921
1.081895
1.087920
1.111565
1.122061
1.128883
1.134114
1.136690
1.136591
1.135080
1.130339
1.118520
1.180381
1.256834
1.308030
1.323066
1.311460
1.289537
1.260222
1.220565
1.165823
1.084657
0.973925
0.920855
0.948635
0.972823
0.997147
1.021522
1.042356
1.059085
1.073667
1.087026
1.147933
1.218695
1.262745
1.276716
1.273741
1.267050
1.257861
1.233161
1.174941
1.074414
1.079383
1.106052
1.119168
1.127265
1.133558
1.136851
1.137568
1.137475
1.135372
1.126624
1.188968
1.266886
1.319163
1.334336
1.321197
1.297658
1.267026
1.225973
1.166339
1.081346
0.970510
0.941010
0.970527
0.995068
1.019182
1.042536
1.061960
1.075652
1.086739
1.100045
1.160991
1.230422
1.273181
1.285751
1.280783
1.272391
1.261760
1.235682
1.177359
1.076756
1.080946
1.106551
1.118600
1.125975
1.131811
1.134780
1.135226
1.134626
1.131960
1.122309
1.183523
1.261385
1.313893
1.328396
1.314138
1.289851
1.257642
1.212113
1.145845
1.056071
0.939505
0.951302
0.979311
1.004156
1.028143
1.050377
1.067983
1.080976
1.091362
1.099952
1.159816
1.231345
1.275014
1.286603
1.278897
1.267366
1.251649
1.220174
1.160843
1.058461
1.063323
1.089665
1.102603
1.110796
1.117131
1.119997
1.120921
1.121360
1.119524
1.110723
1.170401
1.248027
1.300039
1.313392
1.297983
1.273527
1.241827
1.198142
1.138339
1.057946
0.956072
0.907236
0.944064
0.972818
1.000127
1.025706
1.048186
1.064545
1.077787
1.090942
1.152553
1.224354
1.268779
1.282310
1.276201
1.266596
1.253452
1.224756
1.168251
1.069040
1.072490
1.097903
1.110032
1.117571
1.123872
1.127099
1.127960
1.127969
1.125592
1.116088
1.173785
1.252919
1.309414
1.326310
1.313495
1.292104
1.262817
1.214623
1.137307
1.041232
0.927328
0.968172
0.998068
1.024148
1.047592
1.067574
1.083202
1.093446
1.100629
1.106739
1.168783
1.240380
1.283339
1.295279
1.286766
1.273455
1.256122
1.224995
1.173016
1.081843
1.049105
1.078717
1.095270
1.106606
1.116783
1.124809
1.130386
1.135144
1.137656
1.133601
1.185810
1.263289
1.317287
1.331540
1.316519
1.291807
1.259648
1.212717
1.140782
1.051359
0.941416
0.985991
1.013342
1.037034
1.058308
1.075900
1.088738
1.096329
1.100629
1.103473
1.165236
1.237568
1.281186
1.293310
1.284871
1.271445
1.253482
1.221490
1.171650
1.082471
1.026911
1.057137
1.074525
1.086965
1.098355
1.107587
1.114439
1.120495
1.124194
1.121511
1.170447
1.246104
1.300043
1.314701
1.300635
1.278461
1.249146
1.203734
1.133083
1.044588
0.935213
0.976972
1.004682
1.028428
1.049566
1.067251
1.080591
1.088551
1.093204
1.097465
1.160840
1.234331
1.278890
1.291527
1.283632
1.270701
1.254465
1.224869
1.176335
1.088327
1.025347
1.056358
1.074167
1.087021
1.098968
1.108865
1.116226
1.122524
1.126531
1.124245
1.174500
1.250836
1.304838
1.319924
1.306356
1.282982
1.252253
1.207096
1.137825
1.049913
0.941383
0.968316
0.997377
1.021862
1.044247
1.063738
1.079118
1.088795
1.095307
1.101044
1.162747
1.236542
1.282258
1.295719
1.288880
1.276439
1.261074
1.232253
1.180231
1.087379
1.039002
1.069129
1.086254
1.098362
1.109407
1.118303
1.124540
1.129455
1.132033
1.128350
1.181450
1.259064
1.312151
1.325930
1.310397
1.283973
1.250509
1.205176
1.138790
1.052992
0.946530
0.950830
0.981787
1.008334
1.032518
1.054299
1.072361
1.084281
1.093050
1.101701
1.163668
1.238436
1.285611
1.300294
1.294246
1.282112
1.266578
1.237442
1.182143
1.083466
1.053418
1.083289
1.100208
1.111882
1.122198
1.130209
1.135423
1.139279
1.140775
1.136009
1.190271
1.268818
1.322588
1.336379
1.319588
1.290435
1.254614
1.208352
1.142650
1.058686
0.954970
0.945572
0.977846
1.005467
1.030471
1.052975
1.071742
1.084440
1.093943
1.103402
1.165165
1.239265
1.285890
1.300476
1.294999
1.283205
1.266917
1.237033
1.181838
1.083386
1.052784
1.083872
1.102259
1.115020
1.126338
1.135546
1.141971
1.146950
1.149466
1.145832
1.197777
1.276010
1.330110
1.343827
1.326197
1.295254
1.257838
1.210022
1.141184
1.054842
0.949014
0.970014
1.000231
1.025183
1.047291
1.066492
1.081775
1.090827
1.096686
1.102104
1.164053
1.239931
1.287957
1.302763
1.296948
1.284092
1.267233
1.236695
1.181572
1.084148
1.028553
1.061935
1.082590
1.097777
1.111695
1.123783
1.133187
1.140680
1.145514
1.144546
1.195968
1.272867
1.325352
1.338204
1.321046
1.290834
1.255350
1.210649
1.145567
1.059924
0.949806
0.975442
1.004616
1.029029
1.051764
1.072024
1.087574
1.097557
1.104716
1.110335
1.170219
1.243708
1.289343
1.301234
1.291195
1.272521
1.248865
1.214623
1.162649
1.076421
1.003520
1.040744
1.064880
1.081581
1.096317
1.108482
1.117919
1.126154
1.132832
1.134140
1.182241
1.259018
1.314718
1.331127
1.314690
1.284604
1.247472
1.199201
1.124835
1.032902
0.927651
0.974415
1.003958
1.027064
1.047493
1.065269
1.079089
1.087312
1.092567
1.096446
1.158375
1.238901
1.292559
1.310794
1.303122
1.284018
1.261407
1.228080
1.177418
1.092292
0.964037
1.003972
1.027020
1.045154
1.062480
1.078357
1.092366
1.103932
1.113424
1.118018
1.161213
1.232393
1.288818
1.310231
1.304094
1.287730
1.264601
1.224369
1.140004
1.027382
1.020936
1.058504
1.082570
1.099675
1.115002
1.127624
1.135234
1.137647
1.137188
1.131177
1.192681
1.272652
1.322188
1.334701
1.320833
1.295091
1.262223
1.220810
1.172248
1.099689
0.992578
0.938287
0.975918
0.999538
1.023377
1.046756
1.067788
1.085567
1.100692
1.112547
1.156932
1.225039
1.276626
1.295716
1.290890
1.274614
1.253237
1.219845
1.155664
1.063343
1.010669
1.050107
1.072429
1.089129
1.104941
1.117856
1.125434
1.128017
1.127332
1.121019
1.179997
1.258837
1.309006
1.320630
1.305300
1.277790
1.245375
1.203004
1.151872
1.073869
0.957687
0.905280
0.937437
0.963942
0.991027
1.017873
1.042083
1.063143
1.081224
1.097345
1.148425
1.218379
1.267819
1.285209
1.280964
1.267474
1.250930
1.222970
1.162305
1.068719
1.047614
1.083392
1.104893
1.119724
1.133154
1.143691
1.149086
1.149897
1.147969
1.140446
1.198185
1.276832
1.327166
1.337291
1.318680
1.285961
1.246959
1.198081
1.138161
1.051797
0.931453
0.897586
0.930444
0.958839
0.987624
1.016135
1.041486
1.062793
1.081260
1.098488
1.152812
1.223290
1.271501
1.287794
1.282712
1.269170
1.253715
1.228773
1.174050
1.087323
1.037485
1.074091
1.097314
1.113978
1.129202
1.141614
1.148759
1.150819
1.149904
1.143355
1.201971
1.280313
1.328651
1.337531
1.319314
1.288285
1.249546
1.200851
1.144326
1.059192
0.939777
0.898198
0.932413
0.961676
0.991784
1.021698
1.048092
1.069858
1.088572
1.105496
1.163523
1.234704
1.280672
1.294607
1.285875
1.268494
1.249282
1.225413
1.182011
1.113781
1.020939
1.039249
1.066002
1.084463
1.101151
1.115432
1.125457
1.129101
1.128524
1.125983
1.188836
1.270696
1.322866
1.336903
1.325399
1.301913
1.270150
1.222733
1.147026
1.038827
0.940046
0.984810
1.012767
1.035647
1.058228
1.079323
1.096516
1.109799
1.119664
1.125299
1.184013
1.258798
1.304920
1.315184
1.299620
1.273261
1.242777
1.209129
1.166860
1.100058
1.005471
0.951980
0.984015
1.009204
1.033607
1.057065
1.076708
1.090903
1.101705
1.111428
1.172040
1.247411
1.295463
1.309452
1.300410
1.280673
1.254438
1.218027
1.159780
1.072103
0.956656
0.994816
1.023122
1.046210
1.068949
1.089944
1.106289
1.117365
1.124816
1.129220
1.188896
1.265501
1.313270
1.324376
1.308995
1.281968
1.249478
1.210449
1.161023
1.087565
0.986803
0.944421
0.976825
1.002548
1.028064
1.052813
1.073244
1.088047
1.099512
1.109831
1.171307
1.246482
1.293803
1.307169
1.298059
1.278907
1.253285
1.218760
1.163132
1.077692
0.965585
0.996210
1.025956
1.049342
1.072159
1.093537
1.110164
1.121297
1.129046
1.134379
1.195608
1.272320
1.319429
1.330154
1.314696
1.287482
1.253751
1.212909
1.158523
1.078352
0.973114
0.960003
0.991350
1.016351
1.040876
1.064541
1.083920
1.098043
1.108793
1.118433
1.180730
1.256250
1.303141
1.316566
1.306664
1.285583
1.256989
1.220384
1.165437
1.083095
0.979128
0.999935
1.030348
1.052862
1.074240
1.094224
1.109927
1.121241
1.128595
1.134605
1.197155
1.275279
1.324241
1.338140
1.325869
1.301059
1.269424
1.227947
1.164475
1.077385
0.971997
0.990588
1.020855
1.044144
1.066241
1.086745
1.102750
1.112828
1.119455
1.127858
1.191593
1.266888
1.312825
1.324946
1.312786
1.289122
1.258928
1.218825
1.154071
1.064834
0.958310
1.007492
1.036677
1.058684
1.079579
1.098721
1.113338
1.123337
1.129423
1.134511
1.197854
1.276865
1.326523
1.340176
1.327272
1.301604
1.269488
1.227056
1.157648
1.060461
0.957874
1.001916
1.031150
1.053712
1.075060
1.094676
1.109885
1.119585
1.125849
1.132393
1.195073
1.271319
1.318231
1.329924
1.316074
0.905022
0.930750
0.954913
0.980785
1.009418
1.041329
1.077070
1.115606
1.156551
1.198857
1.237672
1.261617
1.268020
1.281978
1.352055
1.433250
1.472333
1.459865
1.405591
1.320749
1.216943
1.111493
1.023102
0.957381
0.902820
0.853700
0.801374
0.757414
0.711904
0.698101
0.701853
0.715568
0.735682
0.781274
0.863226
0.924633
0.961734
0.978786
0.980826
0.969869
0.955592
0.947501
0.936361
0.910575
0.872290
0.821241
0.801633
0.833700
0.865084
0.896955
0.926534
0.952621
0.976087
0.996146
1.008273
1.082808
1.172493
1.233968
1.256161
1.246089
1.218429
1.188479
1.156500
1.090726
1.014452
0.977966
1.027903
1.065941
1.094782
1.118936
1.139350
1.153631
1.164075
1.171327
1.175707
1.241757
1.325300
1.381346
1.402294
1.389325
1.355165
1.314404
1.262259
1.189575
1.102796
1.011549
0.981814
1.019937
1.049618
1.074197
1.095714
1.113873
1.126179
1.135858
1.143496
1.204758
1.278588
1.322509
1.330783
1.312784
1.281769
1.242470
1.189018
1.122325
1.047402
0.964619
0.969034
1.010621
1.039107
1.065897
1.092351
1.114550
1.133193
1.148199
1.157588
1.214831
1.290822
1.339756
1.353091
1.336730
1.304280
1.265233
1.219338
1.158288
1.082699
0.994474
0.991634
1.027547
1.055182
1.078262
1.098445
1.114550
1.125010
1.132452
1.137723
1.201041
1.279345
1.327438
1.341092
1.328274
1.300991
1.264727
1.215413
1.156273
1.080282
0.981512
0.943465
0.991895
1.019657
1.045572
1.070383
1.090855
1.106763
1.117876
1.126065
1.180948
1.254690
1.304109
1.321324
1.312792
1.290790
1.260616
1.218025
1.158992
1.084077
0.989818
0.955873
0.993496
1.021961
1.047912
1.072630
1.092898
1.108123
1.119465
1.127773
1.186047
1.260180
1.307795
1.322932
1.312331
1.288229
1.257364
1.217737
1.166692
1.098407
1.007697
0.950323
0.988158
1.017162
1.043504
1.068786
1.089792
1.105959
1.118155
1.127536
1.185242
1.258412
1.305711
1.320965
1.311057
1.287063
1.256164
1.217172
1.167639
1.098674
1.006288
0.966084
1.010787
1.038078
1.062390
1.085284
1.103665
1.117447
1.127173
1.133652
1.191334
1.265837
1.314292
1.330055
1.319513
1.293862
1.261421
1.221475
1.173428
1.107112
1.019654
0.946130
0.996459
1.025343
1.050783
1.074728
1.094199
1.108909
1.119307
1.126958
1.186273
1.260451
1.308081
1.323435
1.312997
1.287956
1.256646
1.218322
1.172315
1.106785
1.018035
0.952386
0.996967
1.025960
1.051757
1.076285
1.096517
1.112341
1.123631
1.131892
1.190039
1.263554
1.310961
1.325641
1.313978
1.287141
1.254699
1.216594
1.169140
1.102501
1.015322
0.963127
1.001343
1.030680
1.057038
1.082307
1.103017
1.118875
1.131236
1.140344
1.198388
1.271999
1.319434
1.333702
1.321321
1.293371
1.259689
1.222152
1.174671
1.105826
1.014652
0.982560
1.019773
1.048173
1.073134
1.096435
1.115216
1.129136
1.139744
1.147290
1.205726
1.279787
1.326897
1.340247
1.326748
1.297418
1.262110
1.223164
1.176725
1.109906
1.021069
0.970473
1.008400
1.037546
1.062924
1.086563
1.105760
1.120211
1.130940
1.139468
1.198927
1.273156
1.320587
1.335042
1.323239
1.295809
1.261847
1.222297
1.174301
1.106672
1.018018
0.975294
1.015938
1.044887
1.069950
1.093121
1.111747
1.125804
1.135788
1.142960
1.202390
1.277332
1.325026
1.339142
1.326153
1.297287
1.262140
1.221535
1.174318
1.108865
1.023103
0.958777
1.005906
1.034400
1.059205
1.082371
1.101029
1.114940
1.124391
1.131126
1.190247
1.264726
1.312632
1.327425
1.315425
1.287952
1.254131
1.214329
1.168058
1.102211
1.013434
0.962584
1.001235
1.031070
1.057718
1.083155
1.104040
1.120403
1.132640
1.141659
1.198424
1.271867
1.319914
1.334513
1.321769
1.293034
1.258701
1.219966
1.172057
1.104676
1.018085
0.979475
1.023059
1.050713
1.074715
1.096777
1.114062
1.126455
1.135081
1.140270
1.199847
1.275523
1.324120
1.339151
1.326948
1.298005
1.262235
1.221485
1.176074
1.111225
1.024990
0.956383
1.012421
1.041081
1.065711
1.088475
1.106527
1.119884
1.128711
1.134753
1.194032
1.269061
1.317435
1.332465
1.320365
1.292108
1.257467
1.216518
1.167825
1.101087
1.015983
0.952672
1.001582
1.031089
1.057028
1.081658
1.101594
1.116834
1.127544
1.134936
1.193639
1.268122
1.316313
1.331048
1.318462
1.289353
1.254156
1.213977
1.165199
1.096909
1.009071
0.974797
1.023695
1.051929
1.076862
1.100568
1.119290
1.133411
1.143720
1.150188
1.206504
1.281701
1.331834
1.347679
1.335045
1.304739
1.267943
1.227280
1.177026
1.106604
1.017845
0.985404
1.024444
1.053505
1.077869
1.099633
1.116327
1.127812
1.135865
1.141516
1.202191
1.278062
1.326570
1.341484
1.328969
1.299785
1.263893
1.222829
1.177336
1.112521
1.025784
0.961268
1.007604
1.037372
1.062933
1.086553
1.105530
1.119821
1.129408
1.136423
1.195758
1.270601
1.318506
1.332663
1.319478
1.290069
1.254223
1.212287
1.162182
1.094142
1.007860
0.953925
0.994422
1.025634
1.053563
1.080298
1.102346
1.119772
1.132911
1.142473
1.200305
1.274093
1.322029
1.336331
1.322514
1.292149
1.256372
1.217065
1.169304
1.101252
1.014869
0.987731
1.025718
1.054636
1.079469
1.102023
1.119724
1.132161
1.141159
1.147031
1.206666
1.282073
1.329911
1.343433
1.328770
1.296826
1.258298
1.215714
1.167865
1.101521
1.016880
0.960834
1.001942
1.033023
1.059636
1.084187
1.103958
1.118993
1.129597
1.137764
1.197299
1.271816
1.319551
1.333878
1.320938
1.291747
1.256133
1.215012
1.166681
1.100070
1.015404
0.973240
1.013560
1.043866
1.069810
1.093547
1.112365
1.126409
1.136192
1.142916
1.202713
1.278414
1.326858
1.341331
1.327422
1.296686
1.259424
1.216872
1.167707
1.101825
1.020065
0.950763
0.997204
1.028275
1.054549
1.078874
1.098770
1.114114
1.123832
1.130334
1.191115
1.267610
1.316564
1.331178
1.317844
1.287617
1.250561
1.206969
1.151670
1.078176
0.986504
0.953992
0.995444
1.026172
1.052826
1.078203
1.099092
1.116067
1.128028
1.135868
1.194505
1.270189
1.319178
1.333411
1.319193
1.288206
1.251363
1.210840
1.157472
1.083913
0.995447
0.970146
1.010799
1.042099
1.068987
1.093737
1.113570
1.128999
1.140047
1.147067
1.206636
1.282225
1.330703
1.344950
1.330528
1.298878
1.261528
1.221444
1.172671
1.103659
1.017710
0.980450
1.025241
1.055316
1.079759
1.101332
1.117923
1.129843
1.136943
1.141376
1.203618
1.281697
1.331039
1.345466
1.331159
1.299474
1.260575
1.215155
1.163051
1.094906
1.011886
0.944659
0.999232
1.031054
1.057373
1.081271
1.100347
1.114925
1.123477
1.129800
1.191793
1.269931
1.319903
1.334955
1.321317
1.290871
1.253440
1.207917
1.144545
1.063147
0.970980
0.957704
0.999847
1.032569
1.061338
1.088741
1.110989
1.129479
1.144121
1.154358
1.210171
1.285736
1.336992
1.352816
1.338146
1.305093
1.266433
1.225929
1.168871
1.090882
0.999621
1.031076
1.069500
1.095663
1.115445
1.131364
1.141736
1.146943
1.148867
1.148047
1.210974
1.292457
1.344806
1.360741
1.346126
1.311826
1.268621
1.219008
1.167846
1.101251
1.019729
0.936944
0.990644
1.023137
1.049536
1.073275
1.091819
1.105273
1.112396
1.120334
1.184062
1.261824
1.312033
1.327724
1.315287
1.286648
1.251065
1.204660
1.128376
1.031472
0.945886
1.000373
1.038432
1.066589
1.091240
1.113871
1.131857
1.144107
1.154565
1.161297
1.216888
1.295624
1.349025
1.362896
1.341671
1.298749
1.250121
1.199915
1.125877
1.031920
0.969683
1.021357
1.058247
1.084026
1.103915
1.120464
1.132028
1.138052
1.141462
1.142316
1.205642
1.286536
1.339308
1.355618
1.341010
1.305651
1.261633
1.213207
1.163761
1.095017
1.006121
0.957588
0.998837
1.032021
1.060388
1.085784
1.105709
1.120667
1.129230
1.137648
1.200225
1.277882
1.327504
1.342527
1.328999
1.299498
1.263651
1.219028
1.150985
1.062634
0.968280
0.997390
1.038158
1.068869
1.095006
1.118598
1.137215
1.149655
1.159749
1.166295
1.227722
1.306786
1.356247
1.366724
1.343553
1.300510
1.251993
1.202147
1.141360
1.062096
0.972473
1.004031
1.043275
1.070652
1.092575
1.111459
1.125419
1.134043
1.139153
1.141395
1.203809
1.283680
1.334698
1.349128
1.333044
1.297067
1.252360
1.200936
1.147645
1.079985
0.998095
0.934609
0.995851
1.028717
1.056244
1.080471
1.099392
1.113226
1.121060
1.127801
1.192149
1.272479
1.324046
1.340601
1.328187
1.299301
1.263043
1.215625
1.143197
1.053055
0.958496
0.987352
1.029595
1.060967
1.087791
1.112129
1.131491
1.145366
1.156235
1.163198
1.221463
1.300465
1.352710
1.366033
1.345526
1.304856
1.257861
1.207678
1.141294
1.057437
0.965572
0.996237
1.036273
1.065887
1.089705
1.110246
1.125476
1.135451
1.141909
1.145463
1.206401
1.284659
1.334570
1.348439
1.331751
1.295837
1.252098
1.202967
1.153863
1.089586
1.010854
0.939723
0.984611
1.018497
1.047011
1.072739
1.093039
1.107909
1.116247
1.124013
1.187783
1.266944
1.317907
1.334139
1.321629
1.292233
1.255713
1.209248
1.142028
1.057553
0.967788
0.974906
1.017445
1.050171
1.077622
1.102702
1.122774
1.137653
1.148976
1.156439
1.213976
1.291476
1.342729
1.356213
1.337328
1.299645
1.255569
1.207576
1.148962
1.074865
0.990997
0.971088
1.012413
1.043787
1.069677
1.092775
1.110422
1.122810
1.130046
1.134317
1.196579
1.275753
1.326735
1.342489
1.328401
1.295536
1.254587
1.206909
1.153886
1.087191
1.010749
0.937280
0.983344
1.017647
1.045921
1.070959
1.090523
1.104823
1.112785
1.118710
1.183444
1.263772
1.314570
1.330332
1.317264
1.287270
1.249405
1.202215
1.139979
1.064272
0.984045
0.929005
0.992204
1.026617
1.055189
1.081325
1.102540
1.119345
1.129938
1.135292
1.193400
1.270583
1.321803
1.337951
1.323814
1.291181
1.251245
1.204626
1.145787
1.071398
0.989353
0.940013
0.986180
1.021511
1.051162
1.078375
1.100597
1.117817
1.129481
1.136425
1.194718
1.270201
1.319723
1.335192
1.321316
1.289497
1.250884
1.207261
1.156762
1.090546
1.014050
0.945902
0.991343
1.024911
1.052303
1.076473
1.095124
1.108496
1.115702
1.120937
1.185104
1.265069
1.316097
1.331470
1.317831
1.286199
1.246474
1.198262
1.139321
1.067390
0.987345
0.920182
0.968281
1.003754
1.033335
1.060482
1.082770
1.100287
1.111233
1.118771
1.179874
1.257375
1.307785
1.323517
1.310285
1.279576
1.242233
1.198291
1.143155
1.072097
0.992435
0.936775
0.993087
1.025663
1.052796
1.077953
1.098078
1.113254
1.121819
1.125087
1.184913
1.263495
1.315768
1.332469
1.318831
1.285756
1.244761
1.197485
1.141611
1.070323
0.989082
0.923183
0.973247
1.007342
1.035591
1.061343
1.082083
1.097665
1.106733
1.113155
1.175657
1.254174
1.305386
1.321411
1.308731
1.277995
1.239885
1.194887
1.141766
1.073516
0.993658
0.923920
0.970959
1.005670
1.034935
1.062400
1.085112
1.102823
1.114889
1.123089
1.182977
1.260708
1.313216
1.330744
1.318709
1.287802
1.249724
1.205840
1.149194
1.073555
0.987031
0.961869
1.004632
1.037570
1.064620
1.088716
1.107341
1.120788
1.128513
1.132334
1.192179
1.269963
1.321259
1.337151
1.323144
1.290417
1.250298
1.206007
1.156234
1.091748
1.016345
0.939702
0.979751
1.014704
1.043729
1.070095
1.091060
1.106441
1.115711
1.122431
1.183059
1.261803
1.315458
1.333981
1.322744
1.292110
1.253763
1.208141
1.148268
1.068784
0.976338
0.975412
1.017039
1.048579
1.074407
1.097596
1.115637
1.128856
1.136674
1.140528
1.195836
1.273176
1.326966
1.344290
1.330247
1.296309
1.254692
1.209782
1.160819
1.095886
1.018301
0.939038
0.987482
1.020980
1.048231
1.072570
1.091590
1.104668
1.112398
1.124248
1.187971
1.266921
1.321628
1.340756
1.329367
1.297461
1.257413
1.211356
1.146069
1.058509
0.957982
0.990395
1.033012
1.063055
1.086143
1.106157
1.121151
1.131618
1.136361
1.136238
1.193403
1.273803
1.329090
1.345791
1.329692
1.292648
1.246865
1.197381
1.141674
1.072227
0.994188
0.917299
0.951296
0.992085
1.021038
1.047858
1.069759
1.085888
1.097475
1.105648
1.170114
1.253537
1.311804
1.333323
1.323569
1.292216
1.250722
1.200886
1.138943
1.057594
0.957390
0.956665
0.999160
1.032399
1.059746
1.084161
1.103653
1.118186
1.126273
1.129410
1.186041
1.265625
1.320966
1.338805
1.324505
1.289505
1.245566
1.196104
1.139042
1.068875
0.990096
0.912226
0.939387
0.976223
1.007777
1.037249
1.061978
1.080906
1.094715
1.105561
1.168467
1.248593
1.303951
1.324097
1.314771
1.286030
1.249503
1.206598
1.147690
1.067603
0.973697
0.976716
1.019905
1.052468
1.078298
1.100551
1.117189
1.128848
1.134180
1.134713
1.193121
1.273206
1.327432
1.343830
1.328075
1.291612
1.246387
1.197027
1.142638
1.079301
1.007109
0.933685
0.931978
0.972032
1.002799
1.031291
1.055426
1.073821
1.087493
1.097914
1.162574
1.245473
1.303071
1.323887
1.314051
1.283353
1.243220
1.195129
1.132084
1.049963
0.952432
0.952880
0.995317
1.028102
1.054640
1.078228
1.097080
1.111080
1.118372
1.120392
1.175931
1.256145
1.312844
1.331015
1.315890
1.279251
1.232496
1.178832
1.120196
1.048078
0.967130
0.887843
0.945124
0.982264
1.014636
1.045160
1.070773
1.090402
1.105072
1.113971
1.175294
1.255138
1.310773
1.331451
1.321857
1.291944
1.254282
1.211119
1.158680
1.088917
1.005114
0.959565
1.003143
1.036668
1.063586
1.087025
1.105079
1.117573
1.122619
1.123835
1.186053
1.267023
1.320910
1.337651
1.323508
1.289063
1.245992
1.197108
1.141391
1.078025
1.006235
0.932898
0.937341
0.976671
1.008753
1.038634
1.064399
1.084481
1.099785
1.109654
1.171330
1.250737
1.305103
1.323839
1.312790
1.281883
1.242266
1.195424
1.137874
1.063842
0.979180
0.933260
0.978414
1.013837
1.042696
1.067962
1.087768
1.102025
1.109383
1.112766
1.174034
1.255867
1.311776
1.330570
1.318648
1.286515
1.244773
1.195382
1.137776
1.071195
0.996503
0.920929
0.933844
0.973052
1.005758
1.035753
1.061169
1.080953
1.095963
1.106026
1.168911
1.249794
1.305469
1.325414
1.315453
1.285579
1.246771
1.201058
1.144159
1.070073
0.985418
0.927660
0.984595
1.018729
1.046459
1.071027
1.090312
1.104141
1.111712
1.113990
1.174427
1.256588
1.313854
1.334387
1.323739
1.292307
1.251192
1.203743
1.147845
1.080148
1.003360
0.925798
0.938376
0.977691
1.010412
1.040312
1.065433
1.084703
1.098990
1.108885
1.170736
1.251067
1.307190
1.327657
1.318085
1.288425
1.250164
1.205738
1.150969
1.078899
0.993189
0.941031
0.986871
1.021704
1.050006
1.075184
1.094921
1.109116
1.117000
1.119973
1.179276
1.260086
1.316870
1.336533
1.324436
1.290837
1.247730
1.198581
1.143022
1.080401
1.006118
0.927503
0.931709
0.970201
1.002333
1.032278
1.057967
1.077835
1.092634
1.102596
1.163890
1.243658
1.299809
1.320408
1.311054
1.281233
1.242399
1.197066
1.143499
1.077324
0.996615
0.917744
0.966087
1.001815
1.031377
1.057990
1.079521
1.095373
1.105628
1.111006
1.169477
1.250273
1.308603
1.330481
1.321038
1.290467
1.249758
1.202158
1.145838
1.075920
0.994360
0.911671
0.950920
0.988721
1.020252
1.048994
1.072723
1.090532
1.103184
1.111418
1.171959
1.252517
1.310094
1.331879
1.322893
1.292774
1.253828
1.209307
1.155954
1.087949
1.004900
0.934134
0.985036
1.019504
1.047524
1.072292
1.091641
1.105045
1.111719
1.114510
1.173892
1.255425
1.314088
1.335782
1.325704
1.293734
1.252076
1.204656
1.149135
1.081549
1.001743
0.918934
0.953443
0.990852
1.021871
1.050325
1.074007
1.091629
1.103888
1.111529
1.170637
1.250459
1.308304
1.330466
1.321626
1.291769
1.252277
1.207952
1.154914
1.085718
1.002473
0.931676
0.982294
1.017620
1.046213
1.071524
1.091016
1.104504
1.112018
1.116151
1.175321
1.256761
1.316305
1.339194
1.330144
1.299022
1.257679
1.211017
1.154552
1.079547
0.992885
0.934149
0.985345
1.020233
1.048320
1.073135
1.092278
1.105336
1.112520
1.115893
1.174672
1.256420
1.316600
1.340230
1.331614
1.300777
1.259422
1.212835
1.156771
1.082079
0.994873
0.937610
0.987141
1.022668
1.051300
1.076445
1.095541
1.108531
1.115649
1.119059
1.177779
1.259149
1.318654
1.341782
1.332968
1.301957
1.260835
1.214927
1.160327
1.088679
1.004423
0.939183
1.003854
1.037069
1.063437
1.085994
1.102198
1.112306
1.116337
1.116511
1.175894
1.259157
1.320317
1.344249
1.335362
1.303497
1.260404
1.211596
1.153054
1.076234
0.987246
0.922951
0.985453
1.019716
1.047459
1.072078
1.090718
1.103270
1.110392
1.113625
1.174139
1.257375
1.318219
1.342116
1.333458
1.301969
1.259701
1.211729
1.155387
1.081866
0.993481
0.923990
0.984421
1.018599
1.046649
1.071600
1.090558
1.103430
1.110851
1.114957
1.175910
1.259511
1.320831
1.344963
1.336606
1.305480
1.263369
1.215212
1.154636
1.073584
0.979226
0.948269
0.998964
1.032646
1.059714
1.083230
1.100343
1.111285
1.116466
1.118377
1.179716
1.264124
1.325573
1.349422
1.340263
1.308359
1.265660
1.217365
1.157526
1.077556
0.985590
0.944794
0.992156
1.027262
1.055538
1.080081
1.098200
1.110118
1.116068
1.119453
1.180366
1.263164
1.322998
1.345981
1.336779
1.305059
1.263345
1.216564
1.157815
1.077415
0.985986
0.958340
1.004185
1.038244
1.064994
1.087795
1.104029
1.114132
1.117147
1.117843
1.179284
1.262519
1.321925
1.343707
1.332927
1.299543
1.255836
1.207233
1.149116
1.071708
0.983024
0.932606
0.978533
1.013981
1.042892
1.068851
1.088726
1.102425
1.110557
1.115444
1.177112
1.260317
1.320278
1.343239
1.334023
1.301977
1.259934
1.212343
1.153301
1.073229
0.977957
0.961698
