0.000000
3.087374
3.093839
3.096611
3.098173
3.098474
3.095844
11.639525
13.460813
14.994158
15.554154
15.815138
16.085297
14.734654
13.685591
14.433291
12.044599
6.191685
-13.037232
-2.653428
0.222828
2.383667
4.400877
1.894506
2.289405
2.346414
5.621387
3.289915
-1.680924
-4.447985
-1.877464
0.270945
1.937317
2.316276
2.042371
2.915739
4.853015
-0.059373
-7.240544
-5.139820
-2.523244
-1.085814
-0.615847
-0.568160
-0.804494
-1.571315
-1.764836
-1.719088
-0.622272
2.492543
5.262417
9.015249
1.443567
-5.123115
-1.897967
35.549999
30.889206
26.681900
24.587547
23.413124
0.000000
1.681697
1.369420
8.220239
11.208933
22.072308
17.145920
-3.354127
-0.558238
2.362862
4.711803
3.206151
1.655766
0.510219
6.097326
22.898779
14.097343
-0.108422
23.801006
26.756477
0.000000
0.539540
0.012468
-0.291926
-0.447328
-4.911865
-1.658923
6.739448
-5.921519
-3.383502
-0.449657
-1.454103
0.154757
-0.127190
-0.259647
7.226619
34.207363
31.651752
29.847998
27.628355
0.000000
9.869376
12.309012
3.172776
3.621199
28.840940
27.464960
20.696989
-4.016971
-1.598375
-3.780762
1.781163
0.220259
-1.120405
-0.522350
-0.048634
0.417167
0.731909
2.006915
2.575912
1.450007
0.191490
0.233866
0.561718
0.456861
-0.109992
-0.116707
0.000000
3.087524
3.093769
3.097478
3.099270
3.098059
3.095656
6.861367
11.616132
13.200127
14.171972
15.085511
15.865614
15.062306
16.697275
14.845842
-5.824188
-15.833160
-4.004906
-0.049402
1.897027
3.154611
1.949586
1.266430
10.890202
1.189009
-2.927175
0.155042
-0.513378
-0.541308
-4.330902
5.513372
-0.122907
26.640429
26.640396
26.640394
26.640398
26.640411
26.640409
26.640415
26.640572
27.666100
26.640419
26.640413
26.640621
26.640522
26.640438
26.640694
26.640572
26.640640
26.640625
26.640644
26.640636
26.640566
34.951435
34.065964
23.876289
24.212219
0.000000
8.339841
8.317723
8.839731
8.835782
7.134522
3.201077
1.223755
-0.392902
-0.795177
15.141946
3.091160
3.092280
3.084281
3.100749
3.101071
3.099289
8.934738
10.645127
19.526632
21.791700
-2.422417
-14.265650
-2.304305
2.777781
2.639469
4.110214
5.646221
4.654690
2.563763
0.322761
-1.238033
-4.140733
-2.593563
-0.121068
12.105613
0.000000
2.693858
2.583996
2.597698
2.464161
-3.446533
0.027720
1.816339
1.202172
1.341607
0.330092
-1.170028
-2.011119
-2.329908
-2.134670
1.613902
24.900431
29.802080
26.953506
23.471424
0.000000
2.146208
2.040834
1.895737
1.778178
24.358885
-2.955801
-3.861961
0.582274
0.575576
-0.720778
-2.623849
-2.619768
-1.131167
-0.898360
6.591622
0.329110
28.604097
24.258841
21.134993
0.000000
1.600265
1.584836
1.213920
1.117743
27.913952
12.757440
-2.770313
0.925522
1.750773
1.322690
-0.281842
-1.456157
-0.594085
-0.389300
5.222667
32.877014
28.424891
24.378065
21.224436
0.000000
2.008096
1.491340
0.553100
0.449778
27.598518
17.786068
-2.588576
0.706565
1.663478
1.394824
-0.342666
-1.425840
-0.692255
0.098061
5.329412
32.009350
27.589018
23.604839
20.667017
0.000000
1.838056
1.098825
0.276822
0.208570
27.481152
2.466071
-3.228546
0.946404
1.701039
1.274075
-0.481389
-1.774744
-1.034760
-0.351740
5.491901
33.300846
28.186569
25.109798
21.188503
0.000000
1.062400
0.121855
0.210500
0.194888
24.886305
3.516930
-3.190691
1.025324
1.882719
1.148860
-0.681583
-1.310571
-0.605321
-1.003442
3.528755
32.801609
27.987844
23.908224
20.611855
0.000000
1.703280
0.842063
0.344218
0.277415
21.029743
0.862201
-3.169184
0.968334
1.674205
1.038237
-0.517436
-1.759051
-0.995064
-0.542188
4.607468
35.549999
28.708181
25.616693
21.769335
0.000000
0.526214
-0.359185
0.309429
0.221789
19.421898
3.698376
-3.276127
0.947790
1.756014
0.865047
-0.920926
-1.049973
-0.809796
-1.181496
1.404988
32.674534
28.242344
24.351254
20.871647
0.000000
1.298543
0.491009
0.126957
0.266153
19.640318
1.107829
-3.323009
0.930863
1.824700
1.426692
-0.301805
-1.662340
-1.041020
-0.476105
4.174000
35.549999
29.400526
26.408548
22.646509
0.000000
0.989638
0.318745
1.249447
1.132727
21.567377
-0.966313
-2.724265
0.278567
0.264315
-0.388155
-2.112373
-1.720190
-0.649419
-2.006813
0.082729
5.889739
29.688259
25.998814
22.483759
0.000000
1.147800
0.690815
0.944012
1.257632
21.728817
7.631974
-2.770035
0.705867
1.642601
0.981262
-0.409386
-1.006799
-0.610136
-2.155972
1.449677
32.130318
28.428926
25.392830
22.536978
0.000000
0.257192
-0.641146
-0.052063
-0.107252
4.578294
-0.695932
-2.261188
0.337714
0.783185
0.214894
-0.936003
-1.061060
-0.485240
-2.558263
0.180279
17.643452
28.967489
25.667671
22.377672
0.000000
0.758851
0.063995
0.587072
0.558357
16.879236
3.392074
-3.143492
0.408961
1.326550
0.757399
-0.449741
-1.131250
-0.638763
-2.225117
1.616155
35.025028
28.509687
25.386312
22.187197
0.000000
0.165037
-0.562735
0.907024
0.676688
12.135840
-0.394883
-2.982103
0.410019
0.912148
0.218891
-0.796840
-1.496881
-1.210602
-1.820016
3.112000
35.549999
28.389303
25.271568
21.940466
0.000000
-0.500194
-1.013375
0.718243
0.473050
13.594754
0.417129
-3.419643
0.736017
1.332452
0.483288
-0.756824
-1.158448
-0.618754
-2.622440
0.882663
35.549999
28.387634
25.224421
21.860109
0.000000
0.363963
-0.649392
0.269292
0.168578
9.859323
-0.274938
-2.842271
0.375511
1.050968
0.309520
-0.760626
-1.216429
-0.529139
-2.535671
0.332146
7.400412
29.026939
25.840317
22.456167
0.000000
0.351465
-0.870633
0.817853
0.608337
8.387107
-0.492334
-2.600776
0.311128
0.721532
-0.020936
-0.838516
-1.319022
-0.708702
-2.798258
-0.276356
9.617443
28.853001
25.727272
22.492359
0.000000
0.015955
-0.841046
0.386661
0.222314
4.827259
-0.662852
-2.181087
0.309610
0.818480
-0.015100
-0.907865
-1.124187
-0.382082
-2.950214
-0.735775
6.215150
29.176254
25.794876
22.019747
0.000000
0.135549
-0.814199
0.709580
1.095611
12.602328
1.892375
-3.072268
0.249921
1.083142
0.465840
-0.455590
-1.312724
-0.899265
-2.614994
1.676648
35.549999
28.664347
25.400362
21.563267
0.000000
-0.458921
-1.136481
0.744768
0.313540
6.342600
-0.747650
-2.312757
0.446950
0.766327
-0.000085
-0.824262
-1.349325
-0.766718
-2.791590
0.027845
9.191022
28.865728
25.687874
22.181885
0.000000
-0.497077
-1.031694
0.692862
0.339251
4.223090
-0.925651
-2.145483
0.416390
0.811849
-0.138004
-0.855351
-1.185863
-0.206185
-3.029557
-1.390696
8.264390
29.351770
25.870169
21.880302
0.000000
0.107251
-1.056033
1.051054
1.178046
9.006608
-0.025213
-2.966193
0.246769
0.861719
0.331203
-0.571670
-1.340471
-0.743082
-2.405871
0.397507
35.549999
28.408281
25.217150
21.481377
0.000000
-0.734834
-0.967225
-0.295340
-0.261889
-2.041868
-0.351709
-0.614869
0.999033
1.021457
-0.053411
-0.651201
-1.167107
0.629894
-2.574906
-2.894580
10.234320
28.898838
25.650120
22.308100
0.000000
-0.443342
-0.919620
0.386434
0.420294
-1.927761
0.806389
-0.064603
0.718833
0.452142
-0.316380
-0.516837
-0.772784
0.145505
-2.541555
-2.766382
29.740089
29.989916
26.344412
23.018860
0.000000
-0.213549
-0.817958
-0.192791
-0.033583
-3.415076
1.026861
0.714719
1.296315
0.597090
-0.521594
-0.202866
-0.526778
0.118710
-2.589609
-3.569681
4.077417
30.279921
27.070522
23.436337
0.000000
-0.977654
-1.128905
0.921564
0.651478
-2.704142
1.775211
-0.227584
0.562094
0.416982
-0.111056
0.071428
-0.691354
-0.296361
-3.367929
-2.967469
-0.436817
21.088863
27.473011
24.563557
0.000000
-0.753824
-1.021602
0.579561
-0.115056
-4.477037
1.624591
1.108889
0.885549
0.653157
-0.507801
-0.399333
-0.839541
-0.412975
-3.400858
-3.491423
3.183898
19.037468
27.347521
23.291428
0.000000
-0.689574
-1.230310
1.428686
0.942416
-0.874874
0.460677
-0.675457
0.724076
0.747187
0.039137
-0.373986
-1.143919
-0.108655
-2.696022
-2.359403
31.425467
28.612881
25.511955
21.676794
0.000000
-0.519047
-0.977612
0.444925
0.535679
-2.086071
0.525273
-1.089724
0.865719
0.725783
-0.436486
-0.522439
-1.045877
0.196939
-3.039207
-3.318001
5.812546
29.169022
25.855732
22.521870
0.000000
-1.034027
-1.194307
0.181062
0.427148
-2.885182
1.233198
0.010807
0.764514
0.353964
-0.366634
-0.369716
-0.645685
0.250940
-2.841834
-3.341833
21.483118
30.087376
26.430740
23.135164
0.000000
-0.872870
-1.100210
-0.006737
-0.026467
-3.582885
1.353242
0.388012
1.097771
0.472167
-0.466247
-0.238057
-0.547716
0.197120
-2.916171
-3.753625
6.875210
30.086386
26.544140
23.013210
0.000000
-1.049019
-1.193625
0.736826
0.501877
-2.959265
1.855937
0.049423
0.625135
0.345730
-0.217170
-0.052670
-0.648048
0.211306
-3.137348
-3.146085
18.951511
30.370951
26.591974
23.261709
0.000000
-0.966941
-1.125934
0.518482
0.252695
-3.549964
1.289305
0.038656
0.746469
0.569830
-0.492893
-0.275635
-0.736458
-0.070088
-3.063061
-3.566387
4.544561
29.851690
26.256802
22.712502
0.000000
-1.083146
-1.224623
1.167023
0.745692
-2.745613
1.249281
0.220987
0.899562
0.358175
-0.242548
-0.122991
-0.752339
-0.025092
-3.127792
-2.582847
10.541384
27.121700
26.980282
23.729856
0.000000
-1.044987
-1.175772
0.586274
0.141902
-3.655085
1.439215
-0.007498
0.685935
0.836148
-0.339289
-0.359937
-1.017299
-0.293796
-2.833473
-3.135826
28.314934
29.344326
25.649351
22.203096
0.000000
-1.166754
-1.310457
1.476691
0.969813
-2.154434
0.830719
-0.486597
0.715647
0.475152
-0.292900
-0.422772
-0.985295
-0.178034
-2.816751
-2.675581
23.626665
29.246252
25.662346
22.151114
0.000000
-1.090895
-1.237104
0.439125
0.330238
-3.597892
1.217391
0.466490
0.622773
0.548149
-0.546589
-0.375538
-0.932622
-0.122948
-2.660923
-2.943416
25.178509
30.054094
26.243343
22.561489
0.000000
-1.083088
-1.216717
0.860505
0.893627
-2.897256
1.202383
-0.105618
0.636241
0.246979
-0.456450
-0.364526
-0.969172
-0.271852
-2.791723
-2.288254
20.838358
29.913998
26.075830
22.134300
0.000000
-1.072830
-1.221463
0.733109
0.414626
-3.753901
1.481067
0.584614
0.490479
0.460927
-0.437373
-0.474595
-1.175547
-0.324274
-2.815981
-2.248844
11.477072
29.756325
25.849358
22.003286
0.000000
-1.017781
-2.435965
1.369747
0.809839
-3.447746
1.619000
0.960649
0.691228
0.675646
-0.260248
-0.271008
-1.081723
-0.621504
-2.747256
-1.884102
13.283718
30.106033
26.131638
21.989872
0.000000
-1.736859
-3.359690
0.387744
0.083588
-4.504497
1.853942
2.012704
0.878293
0.595016
-0.207524
-0.237091
-0.744670
-0.515798
-2.644559
-2.893607
20.608561
30.017704
26.194576
22.407587
0.000000
-1.146964
-2.642946
0.700744
0.552603
-3.781709
1.556845
0.889527
0.421279
0.329000
-0.470411
-0.447747
-1.036531
-0.554737
-2.638713
-2.520454
25.067141
29.441832
25.925406
21.258373
0.000000
-1.025201
-3.026767
1.232853
0.982412
-3.539419
1.788565
0.613992
0.662632
0.075870
-0.482397
-0.448966
-1.220636
-0.786763
-2.459843
-0.931891
10.086244
29.849110
26.204138
21.613249
0.000000
-2.208005
-2.891139
1.590124
1.121107
-3.747453
1.796127
0.355684
-0.076252
-0.181899
-0.586135
-0.790695
-1.653919
-1.147092
-2.264848
-1.128499
6.861304
29.640224
25.598099
21.277679
0.000000
-2.538284
-2.248088
1.646489
1.272379
-3.346140
2.063248
0.031043
0.097886
0.245190
-0.378594
-0.732553
-1.586964
-1.443756
-2.220445
-0.258397
8.745679
30.390402
25.610451
21.778162
0.000000
-2.553088
-1.668168
1.488167
1.498560
-3.305196
2.368993
-0.719161
-0.388255
-0.253054
-0.361234
-1.030317
-2.363140
-2.017324
-1.950838
-0.128446
3.029172
29.993122
25.319708
21.603308
0.000000
-2.433254
-1.220215
1.390111
1.250122
-2.780023
2.022159
-1.309019
-0.664391
-0.564566
-0.247223
-0.972494
-2.268245
-2.007106
-2.131744
-0.373979
4.171978
29.414738
24.876631
21.407795
0.000000
-2.571856
-1.399255
1.536409
1.369486
-1.683947
1.402357
-2.536514
0.126364
0.221497
-0.200362
-1.031580
-1.846663
-1.520034
-2.418859
0.729198
35.549999
29.116365
24.859875
21.974773
0.000000
-2.266485
-1.025468
1.360668
1.463421
0.147040
-0.371029
-2.901882
-0.201150
0.117935
0.019773
-1.347629
-2.547317
-2.127882
-2.394395
0.937984
34.818344
28.122784
24.477194
21.980347
0.000000
-1.047218
0.876672
1.555257
1.455999
16.746767
9.395535
-1.557509
0.590328
0.779597
1.608821
-0.045125
-1.911647
-2.698246
-3.309415
1.491215
25.741982
28.644073
24.888769
22.355398
0.000000
-1.107460
0.060832
1.303746
1.473833
13.604105
7.802480
-1.774269
0.353437
0.789131
0.872909
-0.377904
-2.467600
-2.524626
-2.577727
2.411280
34.290298
28.256105
24.904676
22.455776
0.000000
0.251252
1.776157
1.470940
1.484064
20.868263
-0.798212
-1.357492
-0.014771
-0.327355
0.467440
-1.602242
-3.053816
-2.844099
-2.810741
1.350150
0.884248
28.478952
24.860813
22.091333
0.000000
-0.913080
0.268518
1.398199
1.387611
27.351982
26.738905
-3.057051
0.253452
0.552481
0.864674
-0.545775
-2.328009
-2.545261
-2.843129
3.895912
35.549999
29.115984
25.751980
23.316916
0.000000
0.462111
2.433777
1.409112
1.424977
22.993362
16.954802
-0.839268
-0.238045
0.224936
0.889171
-0.203343
-2.641731
-3.182132
-2.935507
4.237239
10.030709
28.068691
24.521399
22.073599
0.000000
-0.128467
1.127358
1.522045
1.448934
27.647982
22.279009
-2.475494
0.717213
1.233644
1.558327
0.316019
-1.561410
-2.823412
-2.865315
1.606160
0.677781
28.833708
24.909609
22.165066
0.000000
-0.260261
0.522968
1.240209
1.486195
12.100538
23.531311
-2.574005
0.690968
1.369046
1.661219
0.338234
-1.993308
-2.709420
-2.832203
4.858082
32.863701
28.100901
24.548426
21.828619
0.000000
-0.291848
1.117125
1.331823
1.423406
14.115276
5.740368
-2.637686
0.424292
0.037176
0.921623
-0.576998
-2.395545
-2.636703
-2.815682
1.777362
7.126585
28.226511
24.487818
21.811535
0.000000
-1.640294
-0.320033
1.188607
1.418776
17.004423
26.640348
-2.651154
0.972481
1.605257
2.101764
0.437899
-1.529572
-2.065765
-2.396164
4.513149
33.325661
28.407902
24.931791
22.288898
0.000000
-0.155073
1.136337
1.419227
1.518921
9.384888
0.374945
-2.083868
0.184439
-0.315703
0.480436
-0.970178
-2.821364
-2.885168
-2.978855
1.154684
0.914507
28.526268
24.788128
22.032721
0.000000
-1.296608
0.112618
1.236003
1.421218
22.898733
26.640345
-2.530191
0.693417
1.435458
1.894292
0.383046
-1.511859
-2.267622
-2.568962
3.837453
32.153214
27.964251
24.501980
21.944180
0.000000
-0.178539
1.074898
1.379805
1.492248
6.948713
3.412568
-2.668012
0.323221
-0.165304
0.924615
-1.072074
-2.611001
-2.929051
-2.957584
0.823057
1.444642
28.541449
24.571352
21.695747
0.000000
-1.493375
-0.412824
1.122244
1.420774
11.452250
15.118328
-2.752485
0.811045
1.362358
1.752472
0.245022
-1.633569
-1.987472
-2.503747
1.984788
32.998005
28.686480
24.999344
22.258419
0.000000
-0.457235
0.850855
1.401240
1.484012
2.570152
-0.811413
-3.034538
0.001709
-0.570637
0.317547
-1.065741
-2.828395
-2.778405
-2.757173
0.963093
1.238595
28.960217
25.231026
22.403891
0.000000
-0.852957
0.848583
1.402755
1.464425
15.806617
26.640343
-2.506260
0.137938
0.737703
1.761888
0.072674
-1.602259
-2.320370
-2.681140
3.552820
34.607082
28.353018
24.725370
22.423969
0.000000
-0.394779
0.911099
1.322173
1.485963
27.489059
26.640343
-2.641495
0.382023
0.783373
1.466344
0.448998
-1.561057
-2.583519
-3.163190
2.399219
35.088810
28.297195
24.627611
22.192667
0.000000
0.104701
1.443328
1.346484
1.449030
17.719608
26.640345
-2.330307
0.819355
0.627776
1.689524
0.105072
-1.720283
-2.712728
-3.197766
1.785163
0.693493
28.347523
24.605312
22.061602
0.000000
-0.984522
0.323733
1.175116
1.445506
23.145100
26.640343
-2.411240
0.682880
1.368251
1.790702
0.748639
-1.370292
-2.272419
-2.907976
2.753233
33.839836
28.447880
24.885935
22.407568
0.000000
0.334231
1.977677
1.453328
1.480462
14.644448
7.369303
-3.013365
0.252468
-0.199542
0.681262
-0.646882
-2.560379
-2.828887
-3.055814
1.150973
1.238138
28.641916
25.082510
22.438856
0.000000
-1.194253
0.853109
1.346015
1.446189
27.400335
26.712208
-2.627321
-0.684879
0.139328
1.176301
0.127438
-1.743294
-2.492524
-2.965235
2.946604
34.733910
28.616060
25.239183
22.950912
0.000000
0.249560
2.585315
1.412601
1.443956
21.776304
26.640526
-1.044911
0.337936
0.192133
1.012127
-0.329479
-2.251240
-3.091859
-3.262147
2.144270
1.672655
28.476624
24.740110
22.115623
0.000000
0.687127
1.778898
1.461326
1.478745
11.050133
26.640347
-2.186001
0.815195
0.739046
1.611507
0.355150
-1.528491
-2.755479
-3.482193
0.146312
3.751257
29.676973
25.140759
22.454403
0.000000
-0.683155
0.584173
1.155694
1.395145
15.557014
26.640343
-2.189754
-0.094494
1.076548
1.651514
0.637818
-1.656662
-2.230730
-2.622553
1.329858
35.515289
28.823750
25.383629
22.971460
0.000000
1.070313
2.753382
1.499865
1.486757
21.441673
0.388235
-1.883284
0.031973
-0.527896
0.315606
-1.059701
-2.896676
-2.864184
-3.161165
0.412316
2.969930
29.858717
25.873383
23.137445
0.000000
-0.287809
1.524106
1.419237
1.493920
20.330036
26.640347
-2.589514
-0.077446
0.230701
1.245399
0.000902
-1.775068
-2.653651
-3.197336
2.195019
1.436126
28.649998
24.941790
22.458679
0.000000
0.175673
1.406447
1.402400
1.480353
21.313992
26.640343
-2.205175
0.172222
0.882442
1.425221
0.665917
-1.354691
-2.807737
-3.409280
0.366999
4.280445
29.266533
25.166430
22.720057
0.000000
0.029242
1.494161
1.354327
1.424914
16.686968
26.640345
-2.451931
-0.374683
0.282052
1.416476
0.377456
-1.618243
-2.213624
-2.749729
0.631064
7.521848
28.421457
24.988882
22.505432
0.000000
0.578875
2.470864
1.438652
1.481886
27.815315
26.640345
-2.247623
-0.300636
0.115922
1.340981
0.610637
-1.306484
-2.426445
-3.476435
1.345146
2.550367
30.001270
25.834784
23.280924
0.000000
0.500652
2.129951
1.395812
1.454682
21.314373
26.640362
-2.757069
-0.024923
0.116356
0.894864
-0.079681
-2.022739
-2.894752
-3.042723
1.219055
3.702717
29.097294
25.045971
22.662283
0.000000
0.776893
2.191698
1.411194
1.490009
21.553743
26.640343
-2.045688
-0.262831
0.467959
1.460427
0.805799
-1.158337
-2.482409
-3.394272
0.543560
4.266854
29.844633
25.650864
23.137405
0.000000
0.706503
2.159678
1.376376
1.430428
27.692472
26.640347
-2.159163
-0.375780
0.136024
1.066619
0.328002
-1.584875
-2.621227
-3.108810
1.315206
3.447816
29.086433
25.108511
22.793764
0.000000
0.600418
2.192504
1.362155
1.468428
27.629650
26.640345
-1.995282
-1.088169
0.339678
1.471946
0.839429
-1.094367
-2.475541
-3.240848
1.328524
2.911867
29.378254
25.448938
23.092909
0.000000
0.779969
2.444508
1.390119
1.427299
20.505081
26.640347
-2.632178
-0.354908
-0.170363
0.756614
0.244030
-1.495452
-2.627164
-2.899478
2.039234
2.498565
28.416044
24.759121
22.403366
0.000000
1.012025
2.399156
1.459461
1.460643
27.695103
26.640339
-2.112807
0.232311
0.561297
1.437298
0.575953
-1.119539
-2.463167
-3.204727
0.261488
5.364315
30.422810
25.897802
23.262619
0.000000
0.984478
2.115950
1.342144
1.414073
28.993076
26.640345
-2.346752
-0.732300
0.247543
1.233418
0.597195
-1.580256
-2.583476
-2.878427
2.915272
5.372132
28.477659
24.948824
22.538969
0.000000
1.457699
3.133266
1.410193
1.442623
27.708879
26.640345
-2.267276
-0.242855
-0.111191
1.216487
-0.047189
-1.288188
-2.490770
-3.101110
1.663751
2.339909
29.440910
25.548077
23.201157
0.000000
1.062147
2.261353
1.305710
1.447404
20.211126
26.640348
-2.713318
-0.786240
0.335373
1.119037
0.770656
-1.729705
-2.546287
-2.630746
2.970577
1.177883
28.858128
25.388212
22.957541
0.000000
2.747958
3.701783
1.503807
1.506548
20.640091
10.506330
-2.770737
0.334190
-0.162283
0.381967
-0.268812
-2.065097
-2.974032
-3.500579
-0.013260
7.202616
30.874296
25.817169
22.811092
0.000000
0.842524
1.567406
1.310827
1.500933
22.688219
26.640345
-2.045102
0.169544
1.210867
1.558005
0.958948
-1.370766
-2.713010
-2.986774
1.432179
3.437562
28.860826
24.842340
22.128429
0.000000
0.602672
1.760290
1.317582
1.422257
27.394424
26.640339
-2.390415
0.177790
0.581292
1.665190
0.539320
-1.012535
-1.767510
-2.451924
2.347633
35.549999
28.188093
24.232008
21.892542
0.000000
0.168202
1.354846
1.367520
1.428833
27.562687
26.640347
-2.434271
0.645058
1.398973
2.065804
1.192584
-0.612422
-1.815534
-2.828457
1.168062
4.527328
29.176716
25.187702
22.483932
0.000000
1.104277
1.765918
1.432427
1.564116
5.990839
6.938175
-2.795578
0.255442
-0.008096
0.919454
-0.167946
-1.712834
-2.589946
-2.983207
-0.368452
8.319860
30.089987
25.385590
22.223507
0.000000
0.088519
0.919211
1.292573
1.464926
13.531711
17.066189
-2.344410
0.624771
1.428734
1.781886
0.801614
-0.933153
-1.735763
-2.709867
-0.145729
5.382708
29.559771
25.311415
22.320621
0.000000
0.880760
1.882952
1.402404
1.475504
4.380817
-0.059288
-2.909485
-0.124243
-0.459869
0.361922
-0.729601
-2.465748
-2.550989
-2.691067
-0.442672
7.223935
29.120577
24.544741
21.623070
0.000000
0.085165
1.304375
1.412324
1.342556
16.964228
23.766102
-2.236698
0.652794
1.358147
1.915669
0.729590
-0.682295
-1.581303
-2.487159
0.422579
4.869092
29.177370
25.100628
22.249048
0.000000
0.677717
1.489609
1.323944
1.495272
10.476807
7.607076
-3.041187
0.097332
0.401266
1.121573
-0.121444
-1.907055
-2.116783
-2.354390
-0.113801
4.642541
28.721388
24.737276
21.778036
0.000000
0.443940
1.911726
1.442474
1.472321
21.300573
17.729237
-2.532030
0.711235
0.875031
2.048646
0.765050
-0.784522
-1.803966
-2.556878
0.768286
6.721213
28.868469
24.614399
21.789186
0.000000
0.360651
1.073650
1.378697
1.362005
5.445325
2.852589
-3.108143
0.438562
0.828547
0.863823
-0.323613
-1.443450
-1.563482
-2.366053
-1.380012
6.424821
29.627457
25.072271
22.108870
0.000000
1.529232
2.297394
1.400786
1.481154
6.444096
1.171667
-2.862131
0.046175
-0.058268
0.973367
-0.337260
-2.050756
-2.793134
-3.051250
-1.566396
6.059116
29.817257
24.980497
21.555698
0.000000
0.163482
0.939519
1.187369
1.459047
6.132158
5.745716
-2.878086
0.540756
0.948186
0.971339
-0.422324
-1.491947
0.000000
4.391006
3.092362
3.095896
3.096301
3.096180
7.425658
9.376639
24.339258
15.809269
15.147350
-13.791935
-13.690426
-2.975899
2.947735
4.507224
2.944651
2.994013
3.527405
2.876920
1.060337
-4.331878
-4.177344
-3.454197
13.232376
0.000000
2.792381
2.743639
2.702780
2.596739
-1.152331
4.976231
-3.938033
-0.156791
1.565258
1.944030
0.229125
-2.098382
-2.697548
-2.185527
-2.988768
0.009019
2.629776
28.195711
25.769987
0.000000
2.115353
1.965650
1.861762
1.676356
9.716010
26.640387
5.231783
-4.168457
-0.335884
1.401807
0.870257
-1.164346
-2.019675
-1.196560
-1.139020
8.029747
-0.151149
27.690950
24.001734
0.000000
2.135805
2.003547
1.787356
1.689905
9.696756
26.640364
-1.473375
-2.753404
0.182867
1.678888
1.286970
-0.310022
-2.081196
-0.789719
0.441600
5.344943
-0.116652
29.118877
24.441074
0.000000
2.975655
1.955971
1.856160
1.711182
22.352507
26.640362
26.640360
-4.129200
-0.292208
1.450489
1.124208
-0.303940
-2.067774
-0.534924
0.895335
9.871920
30.406521
25.936283
23.276459
0.000000
2.079095
1.907182
1.794427
1.627029
24.401415
18.442070
7.355722
-2.134791
-1.902885
0.927370
1.000178
-1.009587
-2.349273
-1.224856
0.000314
9.813462
-0.109558
27.979624
24.903791
0.000000
6.891137
3.071834
2.010766
1.883003
26.245430
21.979033
-4.113450
-3.341848
-0.670010
1.335785
0.217220
-1.693800
-2.835775
-1.257481
0.054626
9.873322
-0.110202
29.183577
25.037199
0.000000
3.048257
2.087868
1.983156
1.859176
26.605301
20.371950
-4.065275
-3.784222
-0.892513
1.244190
0.558944
-1.377781
-2.151633
-1.354274
-0.989635
8.267670
0.046560
29.930902
25.412628
0.000000
4.597208
2.098841
2.028486
1.906113
27.472935
21.500446
-3.928932
-4.221678
-0.963503
1.177712
0.771013
-1.236225
-2.247511
-1.506185
-0.208493
6.648380
0.164667
29.795603
25.240673
0.000000
4.803005
2.091083
1.975951
1.866021
17.283524
21.065832
-4.257924
-4.531181
-0.527838
1.409031
0.409249
-1.443738
-2.418483
-1.249560
-0.728284
8.477175
0.161332
29.649933
25.276957
0.000000
2.384233
2.114404
2.013097
1.885954
24.177120
19.555859
-4.697859
-2.531317
-0.277907
0.960532
0.554392
-1.556297
-2.231627
-1.331673
-0.341551
4.506306
1.452687
30.524225
25.739138
0.000000
5.592382
2.134579
2.007192
1.892686
11.176867
19.380466
-0.992552
-4.005409
-0.606277
1.205347
0.634706
-1.237095
-2.341079
-1.364597
-0.579237
5.409533
0.752876
30.014826
25.732426
0.000000
4.170493
3.035189
1.759279
1.530463
13.257357
19.257730
4.549088
-4.901307
-0.741701
1.282869
1.139021
-0.734082
-1.556933
-1.033810
-1.452357
7.577446
0.095149
28.348721
24.552229
0.000000
2.169307
2.070733
1.860253
1.735577
11.436273
26.640385
1.117941
-2.857758
-1.255369
1.214051
1.747703
-0.046166
-1.689366
-1.542658
-0.696245
3.485300
0.611246
30.122087
25.332188
0.000000
6.604159
3.916813
1.900844
1.726598
25.753986
19.423733
-3.316857
-4.044683
-0.493988
1.141297
0.205564
-1.529856
-2.527600
-0.969501
-0.342286
9.249031
-0.112359
29.176905
24.861563
0.000000
2.062984
2.056701
1.966128
1.835479
17.508949
26.729830
-1.524652
-3.743030
-0.892357
1.044974
1.228743
-0.549296
-1.650609
-1.243570
-0.760323
3.867885
0.716292
30.256603
25.381842
0.000000
5.057484
2.689915
1.927482
1.781306
17.947985
26.811739
11.780460
-3.640015
-0.479013
1.540112
1.219556
-0.511379
-1.996030
-0.914476
0.398456
8.810059
35.549999
28.065723
24.572737
0.000000
4.693342
2.683031
1.936875
1.804352
25.777756
19.585367
-4.332538
-2.965375
-0.815523
0.913155
0.864668
-1.463244
-2.190610
-1.534547
-0.713033
5.276265
0.950243
30.467163
25.716290
0.000000
7.013494
4.565645
1.969839
1.814756
15.466312
20.382496
-4.515940
-3.908600
-0.618757
1.161623
0.493720
-1.204985
-2.294220
-1.195280
-0.545328
7.833867
-0.106558
29.603489
25.136570
0.000000
5.120990
3.123613
1.998229
1.871866
14.384304
19.571896
-4.419784
-2.766361
-0.446437
0.757835
0.768624
-0.901249
-1.873158
-1.783864
-0.945292
2.299420
6.333584
30.680065
27.206129
0.000000
6.279128
4.869807
1.669322
1.086166
4.983236
19.652832
-3.030153
-3.933531
-0.905988
1.089163
0.776197
-1.034756
-1.385028
-1.012523
-1.622583
4.382950
2.071847
29.457087
25.321920
0.000000
2.197452
2.105474
1.962394
1.812926
14.996355
19.085724
-1.261615
-3.040523
-1.552229
0.667493
1.380989
-0.128876
-1.540426
-2.063029
-1.318400
1.562136
6.713784
31.859970
27.551540
0.000000
7.813267
6.826823
1.635262
0.884552
5.628305
21.244101
-3.717419
-5.678315
-0.649734
1.119221
0.912537
-0.972985
-1.329536
-1.269880
-2.380396
5.769938
1.425361
28.097000
24.593336
0.000000
2.177147
2.047556
1.851377
1.694644
17.257809
26.640375
9.664077
-2.483105
-1.372663
1.161568
2.035005
0.404328
-1.093910
-1.832531
-0.766869
3.071355
0.924013
30.365311
25.707815
0.000000
8.733517
7.379029
1.848115
1.545360
15.876120
19.531689
-4.361838
-3.442851
-0.585503
1.076683
0.292221
-1.374864
-2.382067
-0.942867
-0.633794
8.644820
0.060392
29.329374
25.329088
0.000000
4.449469
3.354854
1.979071
1.846721
20.605404
18.557281
-2.871627
-3.396656
-0.737932
0.790108
0.913085
-0.893438
-1.725138
-1.434654
-1.094618
3.444343
1.690986
30.328079
25.594053
0.000000
7.637671
6.211744
1.928384
1.768178
11.283394
26.719727
-0.611802
-3.588684
-0.979019
1.011286
1.041372
-0.749923
-2.064561
-1.139298
-0.621258
4.805355
1.063774
29.718216
25.121187
0.000000
7.344751
6.280449
1.942037
1.806216
10.351438
26.776865
2.053064
-3.065253
-0.768330
1.048621
0.942180
-0.746141
-2.019084
-0.906855
-0.924533
4.345775
3.080586
29.815329
26.291124
0.000000
6.206222
6.619012
1.811488
1.668022
16.120916
19.793438
1.915864
-4.068565
-1.269520
1.225019
1.034627
-0.661303
-1.514085
-1.020708
-1.278575
8.173575
-0.107541
28.293385
24.738621
0.000000
3.911638
2.675044
1.912009
1.784905
11.476328
27.432558
-1.711157
-2.465405
-1.459230
0.575169
1.421660
0.145704
-1.469316
-1.890795
-1.173925
1.392818
5.476856
31.458141
26.995428
23.651821
0.000000
6.638877
5.751915
0.362174
-0.148846
25.270123
12.081347
-4.190357
-0.398573
1.728006
1.906575
-0.179876
-0.523803
-0.746393
-1.708166
1.635253
35.549999
28.303190
24.792093
22.538254
0.000000
2.030318
1.906153
1.660189
1.508575
27.969807
19.388113
-2.640439
-1.453749
0.880003
2.368741
0.556836
-0.638608
-2.214132
-1.132205
3.088542
2.283765
30.908895
26.227543
23.133169
0.000000
8.071221
8.848186
1.757473
1.602940
21.131187
-4.809915
-3.045206
-0.115347
0.590809
0.116075
-1.599046
-2.753454
-0.880191
0.006667
4.372717
2.849019
29.344847
25.583504
23.033218
0.000000
6.231034
5.358588
1.619103
1.650855
27.855728
18.511805
-4.193708
-0.748865
1.585826
1.666551
-0.078462
-0.367069
-0.574028
-1.947938
3.310742
24.080137
27.713806
23.782785
21.924564
0.000000
2.045170
1.903032
1.771117
1.437487
27.874279
7.125832
-2.849740
-1.230801
1.421326
2.295365
0.355142
-0.884893
-0.930442
-2.134772
4.028543
26.833956
29.379381
25.276295
22.328426
0.000000
6.621062
7.478528
1.828079
1.449972
19.489538
-1.042656
-3.940918
-0.334948
0.890108
0.538878
-1.268192
-2.273830
-0.821259
-1.075866
3.436189
5.661296
30.513660
26.492552
23.963284
0.000000
5.913933
6.011550
1.716573
1.749354
20.770359
-1.990327
-4.472689
-1.217142
0.824463
0.831990
-0.799965
-1.217385
-0.702017
-1.862735
2.599954
5.019328
29.433580
25.119658
23.250538
0.000000
2.085868
2.039525
1.844735
1.534811
27.969749
11.311622
-4.257372
-0.931013
1.155553
1.868510
0.172447
-1.016093
-0.747576
-2.012616
3.980611
2.905870
29.499706
25.767004
22.890839
0.000000
6.835842
7.327560
1.830587
1.541996
21.226473
-4.042146
-3.399697
-0.683128
0.870849
0.605400
-1.327952
-2.365912
-0.978869
-1.107584
3.687063
4.596286
30.386692
26.375559
23.848606
0.000000
7.438662
7.633184
1.743860
1.698104
20.931694
-4.107620
-4.196423
-1.020550
0.835343
0.652440
-0.885728
-1.443526
-0.960214
-2.255711
2.082098
7.079484
29.779293
25.837404
23.574884
0.000000
3.869562
5.008622
1.886286
1.581662
27.992756
-1.608788
-4.587190
-0.907587
0.983675
1.066654
-0.404932
-1.184677
-0.832437
-2.609753
2.109900
6.776155
30.385199
26.443384
24.220005
0.000000
5.562879
6.729885
1.718905
1.687396
20.598438
-4.522420
-3.276697
-1.018632
0.960953
0.897488
-0.866612
-1.309773
-0.876452
-2.474579
1.943314
7.985009
30.376053
26.167212
24.038805
0.000000
4.020254
5.712841
1.935079
1.624286
20.719589
-4.366241
-2.274288
-0.609569
0.649508
0.676950
-0.461218
-1.194899
-1.110005
-2.639079
0.474367
4.727342
30.647871
27.781548
25.064981
0.000000
6.702560
6.290770
1.604056
1.830629
21.437141
-5.152963
-1.897974
-0.932316
0.791546
0.917373
-0.796728
-1.201235
-0.483748
-2.458521
-0.972256
9.683849
31.279503
27.395809
24.761549
0.000000
2.179501
3.765406
1.974121
1.693807
21.254738
-4.365877
-1.619543
-0.406455
0.599067
0.536417
-0.343823
-0.807885
-1.195726
-2.885615
-1.097449
3.729838
30.494061
27.710730
24.770254
0.000000
6.558472
5.394590
1.255796
1.016585
11.394971
-2.318964
-3.090488
-0.887494
0.882326
0.879588
-0.415694
-0.908720
0.091081
-2.041579
-0.547716
6.726324
29.275688
26.493021
23.854918
0.000000
2.080556
1.946180
1.749260
1.440139
27.862072
11.497832
-2.707296
-1.245684
1.090133
1.710407
0.452242
-0.480337
-0.572197
-2.910954
1.305194
23.702103
29.035089
25.215824
22.419611
0.000000
7.767583
8.404301
1.813883
1.366970
27.774803
-1.572447
-2.129411
-0.277056
0.870456
1.190223
-0.361181
-1.357642
-1.028386
-1.606214
0.873339
4.330434
30.300638
25.939434
23.042610
0.000000
9.877243
8.566881
1.574203
1.417545
27.529673
11.185161
-3.981294
0.037247
1.417634
1.784050
0.081563
-0.584542
-0.329841
-2.177822
0.230052
28.589499
28.187462
24.297630
21.453836
0.000000
4.962814
6.949557
1.693014
1.176950
27.621426
16.620800
-2.613147
0.112869
1.706228
2.651890
0.689927
-0.519930
-0.696897
-1.648846
2.947834
33.248512
29.069971
25.235060
22.536062
0.000000
9.060246
8.216392
1.527390
1.366772
27.575825
8.850906
-3.139548
-1.284586
0.945154
1.720426
-0.017599
-0.715060
-0.799784
-2.497089
0.659540
3.805144
28.559914
24.810909
21.839933
0.000000
7.713840
8.903215
1.784561
1.410913
27.798140
5.436821
-2.495015
-0.857697
0.653941
1.867724
0.266827
-0.768883
-1.238258
-2.074066
0.452975
5.964621
30.131252
25.842161
22.849958
0.000000
8.869236
8.007562
1.510677
1.385301
27.585794
0.904399
-3.137975
-0.848198
0.866396
1.113190
-0.288358
-0.709862
-0.369305
-2.611984
-1.169412
7.290701
29.645144
25.389235
22.314682
0.000000
7.678026
8.881280
1.816738
1.420967
27.834688
7.837773
-2.180085
-0.550001
1.171275
2.046656
0.225857
-0.826643
-1.043082
-2.119113
0.458693
6.210012
29.667383
25.659834
22.637058
0.000000
9.137651
8.437993
1.467324
1.500622
27.538860
15.085692
-3.259690
-0.754416
1.044464
2.106168
0.351317
-0.241394
-0.169933
-1.844470
-0.327033
25.848618
28.513819
24.575699
21.785341
0.000000
6.389482
8.208576
1.758162
1.441897
27.877529
12.456371
-1.367048
-1.353617
0.667233
2.118178
0.596573
-0.398116
-1.743897
-1.853887
0.017923
2.823668
29.898090
26.411493
22.880800
0.000000
7.861249
6.980929
1.053702
1.211271
27.476166
-1.706504
-2.873200
-1.196028
0.966592
1.387081
-0.101054
-0.663062
0.509473
-2.579131
-2.897512
5.978447
29.598139
25.819681
22.740818
0.000000
3.937916
7.219001
1.744737
1.476614
28.031254
24.386757
-1.721747
-1.283837
0.548944
2.208903
0.868947
-0.281986
-1.497056
-1.602783
0.653406
4.083014
30.017263
25.818199
22.654760
0.000000
10.081424
8.445392
1.303081
1.481100
27.356653
-1.477710
-3.168749
-0.685337
0.791940
1.334324
-0.416823
-1.144819
-0.524317
-2.324631
-1.397246
5.750620
29.756706
25.498402
22.652548
0.000000
6.860002
8.733784
1.799338
1.531672
28.129065
12.417876
-2.193810
-0.748653
0.290006
1.788221
0.609262
-0.160445
-1.542932
-1.929296
0.220746
3.349247
29.644983
25.800066
22.490891
0.000000
8.014451
7.212237
1.251885
1.177325
26.790205
6.304656
-2.500868
-0.416866
1.273380
1.875452
0.277080
-0.380590
0.181987
-1.867376
-1.304810
35.549999
28.379080
24.605297
21.898750
0.000000
5.197848
7.311436
1.721853
1.325429
27.720942
26.640354
-1.571075
-1.044528
0.954697
2.630262
1.407011
0.258410
-1.108524
-1.819459
0.808707
24.746525
28.982603
25.075014
22.107061
0.000000
8.675900
8.054944
1.369432
1.407878
27.284548
8.180588
-2.184164
-0.858559
0.689151
1.975266
0.426772
-0.241639
-0.077247
-1.614129
-1.331938
6.517956
28.563169
24.778032
21.887197
0.000000
7.678076
9.135563
1.757428
1.445335
27.813986
17.728827
-1.443618
-1.015444
0.737147
2.247628
1.022545
0.151976
-1.661093
-2.137164
-0.429098
2.184649
29.278536
26.058002
22.325333
0.000000
7.579240
6.975867
1.090330
1.205221
7.854417
0.038962
-2.757504
-1.154459
0.838875
1.315669
0.410191
-0.349356
0.577451
-2.397861
-3.224453
6.674732
29.328062
25.561068
22.586174
0.000000
4.666719
7.553914
1.770453
1.417777
27.836004
26.640360
-2.363380
-1.275806
0.559708
2.241372
0.898102
0.171557
-1.310530
-1.990425
0.621174
3.888894
29.120331
25.172001
22.322981
0.000000
8.824582
8.195657
1.563489
1.413373
27.438347
-1.337899
-1.907841
-1.202776
0.564118
1.284224
0.235839
-0.766164
-0.785881
-2.278078
-2.532758
5.693837
29.833117
26.280279
22.520529
0.000000
8.464499
8.821137
1.648926
1.617179
14.471914
5.239061
-4.057693
-0.467110
0.055346
1.333438
0.005852
-0.476876
-0.102581
-1.868124
-2.004616
5.299917
29.521652
25.531208
22.218342
0.000000
7.352249
7.932912
1.741109
1.181996
27.678768
12.743104
-1.705246
0.146009
1.572203
2.280062
1.018578
0.040097
-1.226089
-2.415883
-1.801279
2.142246
29.383757
26.166212
22.420336
0.000000
8.244253
7.473948
1.292221
1.496750
8.503915
-1.279996
-3.845135
-0.303383
0.789440
1.077939
0.204657
-0.557119
0.113738
-2.258867
-3.791754
7.937708
30.123657
26.309402
22.774931
0.000000
7.572045
8.320376
1.750977
1.474973
20.280588
9.398268
-3.172287
-0.201937
0.832616
1.977733
0.720874
0.247500
-0.376082
-2.168769
-1.378626
1.754786
29.741785
26.352324
22.752735
0.000000
7.763466
7.627713
1.637370
1.384448
13.495457
2.519995
-1.940570
-0.855062
0.682266
1.302691
0.708224
-0.223962
-0.747733
-2.402023
-3.231489
2.458960
29.674438
26.895412
22.928637
0.000000
8.825215
8.553198
1.604551
1.613172
8.914793
1.126575
-4.129175
-0.605232
0.097967
1.200493
-0.118279
-0.583546
0.027782
-1.991463
-2.905097
4.925530
30.318655
25.991165
22.745651
0.000000
8.344442
9.243180
1.780119
1.441544
25.379896
17.839281
-3.000427
0.300598
1.305668
2.260502
1.217278
-0.024037
-2.228679
-2.335538
-1.103581
0.932392
28.983847
26.189140
22.267036
0.000000
8.347927
7.687843
1.271795
1.267839
6.447172
-1.235283
-2.408490
-0.198648
0.794948
0.869167
0.157413
-0.575902
-0.413554
-2.261196
-4.266692
3.691525
30.180342
27.241653
23.380705
0.000000
8.324761
8.207319
1.570924
1.651168
16.870857
11.223148
-3.801073
-0.753773
0.194369
1.649221
0.758646
0.063597
0.549360
-1.411143
-2.043166
4.675636
29.732439
25.717018
22.826292
0.000000
7.855614
9.398360
1.787826
1.424839
27.834049
23.808834
-2.413112
-0.327200
0.825132
1.945662
1.074089
0.169267
-2.608233
-2.330969
-0.769863
1.173265
30.429966
26.846516
22.974199
0.000000
8.781542
8.022120
1.434251
1.416510
3.580812
-1.377445
-2.100067
-0.574554
0.497973
0.554226
-0.036150
-0.592244
-0.230996
-2.069151
-4.404015
3.640920
30.383871
27.160448
24.198729
0.000000
7.893472
7.877274
1.468147
1.662326
27.741199
13.689358
-4.008146
-1.202757
0.398199
1.520637
0.835858
0.268617
1.123532
-0.970404
-2.305032
26.290253
29.366032
25.473053
22.762938
0.000000
6.826640
8.396910
1.751556
1.401087
27.832285
26.640352
-2.136134
-1.043877
0.533543
1.961473
1.268796
0.658740
-2.800242
-2.330493
-0.235545
2.189654
29.966524
26.880161
23.184595
0.000000
8.989788
8.149650
1.381135
1.500214
7.141457
-1.596352
-2.250760
-1.016024
0.382562
0.714699
0.056552
-0.454951
0.345679
-1.962825
-4.027602
9.492908
29.263094
25.598154
22.673933
0.000000
4.499022
8.633154
1.684549
1.375109
27.567148
26.640350
-3.083459
-1.382343
-0.261265
1.616755
1.266694
0.497851
0.285783
-1.420580
-1.526937
30.048695
29.095209
25.379444
22.802258
0.000000
10.264596
10.785520
1.733853
1.572212
19.207457
-2.670157
-1.107015
-0.800234
-0.501862
0.491230
-0.616680
-1.202435
-2.578824
-2.486959
-0.958799
2.761415
31.560312
26.970150
22.971951
0.000000
8.200865
7.577032
1.401724
1.377801
-0.672213
-1.005260
-3.698587
-0.495071
0.661098
0.714600
0.132392
-0.230334
0.501945
-2.029989
-4.467524
5.157364
30.812180
27.245319
23.409687
0.000000
8.398152
8.511846
1.621870
1.532809
19.072969
14.576089
-3.513102
-0.440731
0.977569
2.133617
1.229032
0.582511
0.401064
-1.706050
-2.055935
7.446936
29.709173
25.649010
22.691591
0.000000
9.425303
9.569588
1.750245
1.496752
21.829182
10.573441
-1.530183
-0.425379
0.473507
1.556013
0.661344
-0.172455
-2.310380
-2.596971
-1.943223
1.143004
26.624140
26.549021
23.114141
0.000000
8.510489
7.885264
1.431888
1.368800
0.029747
-1.454660
-2.935028
-0.328650
0.606075
0.383864
-0.060489
-0.554135
-0.425177
-2.322713
-4.043902
1.320795
31.630404
27.814779
24.537769
0.000000
8.547132
8.021825
1.524537
1.689679
13.645240
5.253434
-4.183144
-0.756975
-0.378339
0.833131
0.205603
-0.087975
0.564356
-0.934620
-0.607566
21.315086
29.053280
25.128147
22.391655
0.000000
5.589300
8.090127
1.688690
1.238557
27.594126
26.640350
-2.093647
-0.492868
0.872612
2.109467
1.146349
0.568675
-2.061120
-2.142252
0.031309
0.889504
29.773766
26.341051
22.893908
0.000000
10.779749
9.719869
1.532484
1.486169
14.736280
-1.444547
-2.488082
-0.196808
0.474266
0.759854
-0.167669
-1.192729
-1.179986
-2.270328
-2.916354
1.894822
30.056789
26.561871
22.776426
0.000000
9.348480
9.426120
1.521926
1.611560
13.056058
6.972945
-3.785259
-0.395115
-0.081965
0.891760
0.041604
-0.134877
0.295296
-1.251690
-0.611596
0.960343
28.597929
25.246986
21.710699
0.000000
5.402633
7.359054
1.640033
1.121718
27.639809
26.640350
-1.867638
0.034861
1.375105
2.262431
0.887467
0.302497
-1.521260
-2.241360
-1.168379
0.259497
30.208363
26.813917
23.759401
0.000000
10.395711
9.087048
1.480121
1.637034
8.821041
-1.438923
-4.051027
-0.437340
0.595891
0.948642
-0.174781
-0.705340
0.303824
-2.186709
-3.716806
6.049618
30.121922
26.594404
23.048988
0.000000
5.294145
7.672127
1.746087
1.533613
27.737757
26.640354
-3.528435
-0.493597
0.191628
1.586226
0.381740
0.270673
-0.860830
-1.085291
1.196212
1.524858
28.569731
24.635120
22.012722
0.000000
9.810302
8.744015
1.710715
1.273955
27.480614
16.549868
-1.284221
0.366657
1.088564
2.003846
1.401183
0.155498
-2.099399
-1.833734
-1.560637
-0.985546
9.165803
27.281473
24.207426
0.000000
10.090507
8.957044
1.401620
1.595377
1.756303
-2.055163
-2.863575
-0.659715
0.267205
0.474064
-0.300169
-0.544569
0.570556
-2.196096
-4.269139
6.526037
29.997385
26.695324
24.035181
0.000000
2.031358
2.856785
1.701357
1.565294
27.696819
26.640354
-3.949242
-1.370934
-0.266314
1.314809
0.661695
0.455638
0.436917
0.472534
0.594758
27.381737
28.306206
24.817682
22.217009
0.000000
8.967577
8.560708
1.632921
1.366100
27.856892
26.640358
-1.119810
-1.070242
0.271404
1.515522
0.930588
0.257107
-2.789261
-1.722268
0.464602
-0.071869
14.349634
27.388977
24.593044
0.000000
9.617944
8.550174
1.250879
1.341446
6.494156
-1.828112
-2.588109
-1.112389
0.480032
0.945768
0.288424
0.207883
1.504216
-2.674278
-4.016993
15.480791
30.086632
27.272669
24.489058
0.000000
1.852054
1.781832
1.641940
1.310171
27.698956
26.640354
-2.696163
-2.155446
-1.033745
1.259698
0.474676
0.490018
0.926559
0.000000
26.906219
3.090527
3.091692
3.094686
3.093671
3.090742
3.228200
12.524954
3.774788
-4.255601
-12.199003
-8.677799
1.206912
2.193659
0.701924
-0.724533
-1.585280
-2.012583
-2.257812
1.002642
4.428874
0.447083
-1.018077
-0.626136
0.000000
2.849072
2.828028
2.794087
2.735978
0.823538
4.320448
-4.623093
-1.224790
1.807229
1.700477
0.395158
-1.087699
-2.057612
-0.795776
-0.501616
-3.663881
7.501160
22.545000
27.241640
0.000000
6.346826
1.962307
1.826419
1.678094
24.404602
18.408949
-3.568225
-2.739790
-3.187838
-0.216240
1.127829
-0.104682
-0.831926
-1.087980
-0.998443
3.413878
4.076674
28.932055
26.923901
0.000000
8.581396
4.096473
2.167004
2.035499
12.321123
20.629950
-5.855181
-4.508646
-0.824591
1.140120
1.114388
-0.425989
-1.232186
-1.468046
-2.930845
4.744470
5.143807
25.600725
26.758068
0.000000
3.044610
2.270706
2.130931
1.976786
20.706732
19.272873
-6.323765
-1.822290
-0.500358
0.612573
1.007068
-0.271400
-1.165792
-1.266174
-1.706483
2.232058
4.893168
34.584999
28.375465
0.000000
8.277437
4.364060
2.028828
1.859665
20.969572
20.552231
-5.599300
-3.400978
-1.381163
0.472469
0.830187
-0.306459
-1.144259
-0.908954
-2.049632
3.924135
3.106561
26.339609
27.215174
0.000000
5.712450
2.240392
2.137763
1.991691
20.035814
19.747452
-5.970449
-2.438700
-1.080456
0.476238
0.870870
-0.220309
-0.976155
-0.882116
-2.551943
2.261076
2.327139
35.549999
29.010174
0.000000
8.050431
5.234391
2.176207
2.049235
13.947912
22.388197
-5.677606
-3.272272
-0.803325
0.647280
0.825335
-0.120021
-0.897012
-1.083901
-2.892291
1.886325
1.965547
27.514757
28.294992
0.000000
7.267081
3.044056
2.192786
2.054035
12.869591
20.817932
-6.094550
-1.936196
-0.542288
0.454808
0.729682
-0.200100
-0.808629
-0.680450
-2.851255
1.057396
1.489390
32.044468
28.806721
0.000000
7.327796
5.059964
2.133085
1.999962
12.806165
21.071430
-5.635632
-2.676033
-0.894822
0.328487
0.679301
-0.072433
-0.655163
-0.822662
-3.050944
1.207247
1.856629
25.866940
28.246952
0.000000
7.080895
4.483615
2.170171
2.039927
9.790586
20.361259
-6.153090
-1.686773
-0.465718
0.356815
0.723051
0.013918
-0.546919
-0.546937
-3.183823
-0.131783
1.317819
24.222992
29.018961
0.000000
7.506230
6.427858
2.094526
1.978674
10.006817
20.753975
-5.952306
-2.148190
-0.572800
0.353822
0.536496
0.002690
-0.427746
-0.694728
-3.438249
0.635943
1.258239
26.348089
28.331881
0.000000
6.932807
4.470267
2.122616
1.999365
10.543948
19.567480
-5.976486
-1.838617
-0.299764
0.354711
0.545070
-0.068947
-0.654206
-0.719484
-3.530797
-0.133520
1.612576
0.823202
29.532932
0.000000
8.737671
7.343136
2.169533
2.088368
6.396719
19.518120
-6.353982
-1.369787
0.074329
0.417261
0.462138
-0.048823
-0.582835
-0.635002
-3.370016
-0.863212
0.627453
-2.707765
30.284494
0.000000
9.158412
7.816938
2.188246
2.116922
5.554307
13.436508
-5.976799
-1.330505
0.049896
0.346582
0.342562
-0.094544
-0.446378
-0.631123
-3.295685
-1.490329
0.520014
-2.883451
29.492229
0.000000
8.309049
6.880072
2.116029
2.028496
6.459100
19.293106
-5.869912
-1.234430
-0.025464
0.241628
0.342543
-0.009207
-0.464996
-0.606783
-3.162882
-1.674231
0.475238
-3.008238
30.333097
0.000000
8.704937
7.656051
2.120573
2.069908
5.145543
13.743027
-5.925466
-1.314291
-0.035022
0.241350
0.296137
0.021962
-0.364931
-0.518281
-3.362067
-1.530512
0.642039
-2.658030
30.218662
0.000000
8.325954
6.158436
2.133615
2.031556
9.054406
20.121487
-5.596643
-1.866276
-0.261036
0.184052
0.322278
-0.105369
-0.475783
-0.584868
-3.213749
-0.989330
1.045832
-2.391131
29.936728
0.000000
8.840805
6.763937
2.161122
2.052174
8.728823
20.292765
-5.813016
-1.728352
-0.094382
0.203330
0.422003
-0.183972
-0.781907
-0.368869
-2.515298
-1.040610
0.471466
-2.257057
29.548670
0.000000
8.844491
7.723917
2.075818
1.946005
10.835347
20.563862
-5.635092
-2.497892
-0.574858
0.203822
0.484035
-0.019180
-0.510916
-0.649147
-2.907744
0.151141
0.755673
25.010376
28.677776
0.000000
7.143592
4.303085
2.155493
2.029655
11.228399
19.868267
-5.664932
-2.384174
-0.529516
0.218901
0.631385
0.135540
-0.497746
-0.628733
-3.473860
-0.440518
1.592760
-1.829117
29.776653
0.000000
8.961102
6.933318
2.211080
2.097743
7.443579
20.960798
-6.174633
-1.727528
-0.038801
0.352917
0.563831
-0.066270
-0.661677
-0.558085
-2.983685
-1.223131
1.020146
-2.524596
30.359138
0.000000
9.767628
7.823227
2.185051
2.106218
6.405371
18.017883
-6.163111
-1.547588
-0.141580
0.239036
0.446902
-0.082751
-0.556607
-0.597493
-3.072604
-1.476948
1.011316
-2.727120
30.646618
0.000000
9.201645
7.390680
2.191657
2.098393
7.408535
21.604189
-5.751758
-1.947810
-0.464808
0.111950
0.510495
0.027808
-0.342689
-0.537571
-2.980229
-1.415415
1.051194
-2.645405
29.395523
0.000000
8.016348
6.476463
2.138342
2.029966
8.128956
20.029106
-5.749907
-2.024624
-0.394228
0.105620
0.476843
0.024171
-0.460123
-0.497580
-3.164461
-0.878017
1.368837
-2.032706
29.717655
0.000000
8.727255
7.107155
2.167162
2.067481
7.751598
20.755161
-5.942183
-2.012163
-0.364870
0.123251
0.526536
0.060538
-0.431989
-0.484260
-3.140504
-1.199576
1.228135
-2.451981
30.420053
0.000000
9.530500
7.865623
2.220720
2.133113
6.910015
22.093418
-5.956297
-1.945048
-0.402521
0.137315
0.567326
0.008750
-0.474188
-0.532368
-2.998286
-1.617173
1.151760
-2.640812
30.250666
0.000000
9.255184
7.806218
2.163152
2.072060
7.398868
21.399647
-5.793935
-2.078519
-0.579298
0.063017
0.509655
0.070890
-0.297870
-0.479630
-3.004660
-1.403656
1.277132
-2.412393
30.159128
0.000000
8.903209
6.906312
2.185371
2.086635
8.876874
21.650784
-5.369651
-2.720818
-0.796126
0.036293
0.654808
0.015265
-0.444257
-0.345159
-2.669563
-0.757929
1.258556
4.046538
29.308283
0.000000
8.715238
7.333300
2.134381
2.027262
10.897426
21.327023
-5.285913
-3.299660
-0.984742
0.023213
0.664048
0.037414
-0.472597
-0.378056
-2.739033
-0.291543
1.588909
24.037075
28.812729
0.000000
8.240264
7.012903
2.118327
1.996806
12.093685
20.789524
-5.259703
-3.652517
-1.105613
0.008580
0.799027
0.180257
-0.302799
-0.405290
-2.917640
-0.128448
1.861762
22.298992
28.749037
0.000000
8.704316
7.435773
2.155547
2.041357
10.157036
21.024288
-5.689157
-2.834522
-0.833976
0.059710
0.785367
0.004534
-0.495868
-0.165542
-2.668434
-0.522679
1.428564
22.708193
29.117157
0.000000
8.883631
7.859276
2.069658
1.950302
12.624668
21.261000
-5.071125
-4.223647
-1.359151
0.045914
0.813254
0.248570
-0.094121
-0.335796
-2.426493
0.342613
1.172359
25.272116
28.057636
0.000000
7.301971
5.602106
2.132559
1.999604
12.178255
20.142250
-5.353073
-3.550545
-1.051497
0.024217
0.872257
0.255166
-0.264931
-0.068447
-2.907808
-0.117884
1.789625
27.418945
29.334286
0.000000
9.397886
8.040389
2.148618
2.044948
11.439230
21.595612
-4.998546
-4.325828
-1.395961
0.209611
0.923446
0.216403
-0.252767
-0.305828
-2.584052
-0.166126
1.360478
27.211981
28.533262
0.000000
8.795342
8.071088
2.158961
2.045853
9.117358
20.659365
-5.615186
-2.738390
-0.862332
0.169038
0.744070
0.040994
-0.349956
-0.086291
-2.386259
-1.414445
0.617489
3.526369
29.507410
0.000000
9.273510
8.340474
2.096894
1.992655
8.798039
21.387234
-5.501958
-3.328500
-0.957750
-0.005960
0.638263
0.265705
0.002602
-0.153757
-2.481337
-0.832957
0.408512
20.019270
28.762293
0.000000
7.895821
7.403894
2.114817
2.000616
9.888460
20.219025
-5.297403
-3.547771
-0.866372
0.021830
0.793694
0.317839
0.022405
-0.024007
-3.172919
-0.939769
1.373981
0.914713
29.847452
0.000000
10.049270
8.464244
2.236825
2.136794
7.415235
21.867155
-5.605534
-2.889368
-0.679113
0.092847
0.776645
0.062193
-0.365381
-0.234599
-2.511524
-1.704484
0.571190
-2.963043
29.564114
0.000000
9.603493
8.582790
2.113082
2.032409
7.681171
21.026768
-5.512955
-2.698936
-0.931078
-0.021721
0.590867
0.119874
-0.179472
-0.146355
-2.593780
-1.833122
0.939648
-0.802875
29.486013
0.000000
9.076287
8.300159
2.119156
2.036527
6.950330
20.756546
-5.420609
-2.791867
-0.843965
-0.160666
0.571956
0.198593
-0.092426
-0.082208
-2.668452
-1.772357
0.900698
-2.627976
29.729130
0.000000
9.230405
8.349932
2.141436
2.059922
6.468027
21.070391
-5.487992
-2.719291
-0.810834
-0.146031
0.563421
0.210472
-0.075710
0.011931
-2.669093
-2.065063
0.912195
-2.676899
30.037891
0.000000
9.416285
8.444120
2.119783
2.041159
7.089751
20.897377
-5.170178
-3.028777
-1.024348
-0.040892
0.572507
0.075809
-0.170552
-0.058504
-2.463462
-1.965939
1.017293
-3.363128
29.559496
26.364222
0.000000
8.153922
8.057565
2.001694
1.818315
20.320061
-5.356589
-2.480664
-0.976448
-0.188538
0.442252
-0.022704
-0.140701
0.065680
-2.557843
-2.397856
1.788009
-2.832835
30.094645
25.606836
0.000000
7.810837
7.765601
2.058554
1.923431
21.122997
-5.475338
-2.519810
-1.352963
-0.112342
0.464827
0.250068
0.140912
0.297416
-2.161475
-2.612522
1.656001
-2.535820
30.996786
17.013069
0.000000
6.938158
8.099799
2.175433
1.980680
23.355326
-4.260601
-4.442239
-1.407772
-0.212358
0.680099
0.341630
0.175402
0.241653
-2.468849
-1.906493
1.732052
-2.339480
30.152023
23.632729
0.000000
7.843485
8.348233
2.107405
1.929493
21.850670
-4.612500
-4.215390
-1.476455
-0.107067
0.718410
0.127852
-0.171364
0.030451
-2.162635
-1.997118
2.127139
-2.463155
29.846210
26.675924
0.000000
7.062535
7.968371
2.099851
1.910395
21.294786
-4.896374
-3.502495
-1.383372
-0.306499
0.612501
0.108052
-0.084857
0.065451
-2.173226
-2.346298
2.244094
-2.414753
30.605812
22.718784
0.000000
7.418077
7.900817
2.103395
1.950762
21.895573
-4.883243
-3.693406
-1.556133
-0.295648
0.569899
0.271687
0.073948
0.053745
-1.855297
-1.952049
1.974689
-2.320642
30.458744
22.809519
0.000000
6.176970
7.883522
2.144566
1.966983
22.548904
-4.221602
-4.960435
-1.686523
-0.234863
0.807808
0.389555
0.074358
0.063098
-2.281918
-1.846806
2.676696
-1.827638
30.196800
27.018066
0.000000
6.754235
7.975350
2.132842
1.947992
21.948330
-4.303333
-4.825682
-1.584743
-0.379697
0.762419
0.139517
-0.125026
0.004014
-1.811809
-1.632588
2.195893
-2.362805
29.934841
26.798094
0.000000
7.599016
7.831416
2.084525
1.925101
21.667309
-4.397591
-5.006583
-1.623241
-0.286832
0.779696
0.420723
0.167157
0.100383
-1.766348
-1.394518
2.046297
2.632055
29.348146
26.560366
0.000000
5.727145
7.342861
2.093747
1.890426
21.670252
-4.033475
-5.761535
-1.777771
-0.134750
0.998827
0.405498
0.012170
0.086475
-2.182246
-1.288202
2.783763
-1.517266
29.850817
26.774654
0.000000
7.768933
8.197224
2.067263
1.910052
21.546608
-3.881712
-6.279366
-1.868460
-0.301590
1.010870
0.523635
0.164389
0.197287
-1.773484
-1.034554
2.510918
5.476139
28.936237
26.210815
0.000000
6.832026
7.499172
2.072392
1.869025
21.015186
-4.067624
-5.789133
-1.643890
-0.443003
0.966444
0.235818
-0.089746
0.305162
-1.468688
-0.850965
2.182872
8.113643
28.881710
26.245911
0.000000
7.435649
7.394997
1.952047
1.854854
21.039783
-3.847024
-5.535386
-3.523031
-0.691918
1.067871
0.816588
0.705123
0.212165
-0.812155
1.120389
0.944652
27.983372
27.749762
25.388374
0.000000
2.604778
4.551919
1.980727
1.738825
20.709122
-3.875249
-3.362355
-3.437099
-1.099723
1.149339
0.692707
0.240950
0.440645
-2.064842
0.019983
3.298508
28.268316
28.925423
26.332899
0.000000
8.692120
8.594638
2.029422
1.898659
20.997721
-3.652426
-6.631777
-2.846889
-0.422698
1.417348
0.769492
0.340874
0.237222
-1.086457
-0.260939
2.880380
26.773628
27.790827
25.334658
0.000000
6.337501
7.597611
2.019175
1.774767
20.023149
-3.931118
-4.776513
-3.050974
-0.832968
1.199496
0.633141
0.227449
0.448888
-1.484207
-0.571001
2.683019
27.213280
28.558256
25.942636
0.000000
8.254902
7.872242
2.024565
1.805324
20.431152
-4.192984
-5.726023
-2.062021
-0.260486
1.079630
0.718996
0.369767
0.479334
-1.622728
-1.045016
2.173775
22.185259
28.851742
26.188101
0.000000
8.289716
8.163061
2.060086
1.840546
20.614603
-3.935965
-5.854063
-2.012922
-0.378238
1.116930
0.611250
0.111954
0.436327
-1.812590
-1.693579
2.843267
-1.312994
29.532188
26.784700
0.000000
8.844565
8.349678
2.104211
1.919938
20.974249
-4.019615
-6.030835
-1.891397
-0.373281
0.922823
0.617815
0.263239
0.543561
-1.441217
-2.121600
2.336571
-1.740932
29.652798
26.834820
0.000000
8.546472
8.177018
2.105632
1.908447
21.239492
-3.616458
-6.435822
-1.680658
-0.473867
0.935868
0.320646
0.139279
0.356953
-1.267952
-2.139370
2.113113
-2.322321
29.922934
26.967276
0.000000
8.817863
8.199500
2.092707
1.893455
21.310108
-3.853239
-6.049482
-1.559191
-0.275531
0.791733
0.467190
0.067895
0.552556
-1.560912
-2.119673
2.221833
-1.996639
29.895277
26.882814
0.000000
8.940513
8.304962
2.058320
1.910953
20.998283
-3.639636
-5.618906
-2.111788
-0.701428
0.935451
0.225664
0.027782
0.339498
-0.620553
-1.444378
1.661464
9.307146
28.650434
25.963251
0.000000
7.630941
7.903447
1.992644
1.767964
20.365669
-3.399154
-3.449479
-3.184078
-0.746046
0.834319
0.471353
0.183719
0.644449
-1.277194
-1.597272
2.797566
3.857685
29.090395
26.478252
0.000000
9.099172
8.625773
2.057928
1.904695
20.725092
-3.060616
-5.848996
-2.302734
-0.830039
0.944637
0.301212
0.079082
0.417731
-0.246962
-1.022668
1.611424
20.413164
28.140295
25.593264
0.000000
6.700010
6.987979
2.013735
1.794838
20.515371
-1.618511
-3.625916
-2.552130
-0.782294
0.859789
0.335748
0.241341
0.569253
-0.577879
-1.601634
2.161020
6.363773
28.446957
25.891363
0.000000
7.838278
7.817729
2.002056
1.828737
20.372553
-3.104026
-3.462248
-2.085922
-1.016754
0.868308
0.193402
0.096318
0.347682
-0.107213
-0.657778
0.949722
18.015120
28.151890
25.675217
0.000000
7.088894
6.699605
2.005957
1.757570
20.566063
6.557489
-3.247807
-3.031870
-0.689079
0.822749
0.272808
0.169478
0.484948
-0.718294
-1.658821
2.453945
6.950213
28.399157
25.972616
0.000000
8.552684
8.452255
1.953566
1.835938
20.077776
-1.004885
-3.583960
-2.128077
-1.110695
0.765937
0.219929
0.068532
0.542668
0.441183
-0.175038
0.513533
17.286499
28.179136
25.612122
0.000000
4.663694
4.557870
2.036453
1.764051
21.116796
1.900760
-3.225549
-2.886436
-0.690314
0.852334
0.387171
0.290997
0.889279
-0.790859
-1.964195
1.717560
-2.643732
29.541985
26.729450
0.000000
9.649583
8.653013
2.096256
1.941459
21.023361
-3.605742
-5.933735
-1.616566
-0.350243
0.910565
0.159092
-0.177668
0.117102
-0.243766
-1.979486
2.107571
-2.707605
28.667450
25.947933
0.000000
7.323774
6.867819
1.989386
1.840914
20.654844
9.643713
-3.879801
-2.061872
-0.992263
0.703254
0.521125
0.432257
0.650703
0.095455
-1.310616
1.588171
-0.710865
29.011244
26.412352
0.000000
8.143849
7.113671
2.108457
1.895266
21.568163
-0.783272
-5.524903
-3.178505
-0.898375
0.715466
0.349101
0.180892
0.548209
-0.594796
-2.033623
2.639604
-2.094126
28.767738
26.194307
0.000000
8.394052
8.041052
2.037135
1.901696
20.853331
1.078013
-5.912692
-2.946829
-1.194002
0.744876
0.440997
0.093978
0.548868
0.185007
-1.541389
2.471949
2.597063
28.824224
26.306524
0.000000
5.615796
5.078275
2.095203
1.892452
21.723557
4.634760
-5.885357
-3.006821
-1.013677
0.786123
0.512162
0.276681
0.520811
-0.640725
-2.309511
2.728042
-2.246222
30.316689
24.392157
0.000000
9.135622
7.983523
2.181360
2.014068
22.155672
-3.018056
-7.446802
-1.734507
-0.512810
0.845936
0.396805
0.179481
0.481610
-0.198194
-2.258155
2.056111
-2.260706
29.275213
26.616442
0.000000
8.066897
7.439299
2.031811
1.907706
21.640764
11.898863
-6.315240
-3.008776
-1.064191
0.796929
0.776164
0.404531
0.881161
0.078769
-2.570132
2.021119
-2.223855
20.566343
16.712845
0.000000
9.258956
7.310141
2.220261
2.062479
23.849356
4.565160
-7.907537
-2.079697
-0.555346
0.698770
0.331568
0.070200
0.284944
-0.414008
-2.276851
1.714929
-2.531173
29.630871
26.842646
0.000000
8.948158
8.273808
2.065585
1.945816
21.585997
3.526138
-6.298963
-2.361244
-1.012146
0.621572
0.268500
0.007044
0.550420
0.363721
-1.590547
1.473791
-2.829446
29.346394
22.892780
0.000000
6.358269
5.082377
2.068859
1.884465
22.089710
12.470413
-5.557675
-3.463661
-0.867672
0.759674
0.621840
0.314788
0.783140
-0.754363
-2.683334
1.780648
-1.373269
21.993225
21.111584
0.000000
10.316202
8.227614
2.240340
2.111071
17.551607
1.337188
-7.851548
-1.904101
-0.758120
0.645473
-0.115898
-0.338044
-0.070499
0.015312
-1.043630
1.294106
4.648279
28.502565
26.130060
0.000000
5.269505
5.821630
1.903573
1.781027
21.046816
16.409075
-4.740669
-4.016717
-1.741598
0.488753
0.305721
0.268648
0.743849
0.290450
-0.483896
1.395597
-2.748850
23.151697
16.835318
0.000000
10.240499
8.001097
2.160806
2.019961
21.771296
-1.971588
-7.533233
-1.888178
-0.431175
0.883346
0.337199
0.225106
1.237524
0.291570
-2.310282
1.058848
12.652114
28.478249
25.844406
0.000000
3.960299
4.854161
1.955864
1.790153
20.407398
25.649353
-5.000626
-2.624138
-1.141615
0.718138
0.549172
0.545316
0.777105
0.738138
0.204829
1.021708
6.023246
28.607019
25.904346
0.000000
5.061852
2.757961
2.081067
1.846200
20.666365
-2.235785
-3.531201
-2.578230
-0.845449
0.866652
0.270298
0.210487
0.082917
-0.089558
-0.852254
1.698519
-2.180254
29.445637
26.676580
0.000000
8.589272
8.067985
2.014712
1.968386
21.264688
2.886329
-7.010019
-4.102570
-1.136930
0.695960
0.899034
0.614554
1.004845
-0.254248
-0.865641
2.413095
20.349834
28.794350
25.887566
0.000000
2.376175
2.956176
2.109268
1.926025
22.220074
18.008425
-7.903078
-3.859184
-1.346581
0.990849
1.041715
0.865901
0.872811
-0.284546
-1.416700
2.811412
-1.662593
24.671789
16.663137
0.000000
8.424071
6.562425
2.308775
2.109139
22.311235
2.902025
-8.262248
-2.499934
-0.927988
0.802330
0.226646
0.300859
0.054020
-0.051129
-0.181634
1.043076
16.186760
28.524776
26.112370
0.000000
6.786639
7.193809
1.957195
1.824318
20.883369
16.396029
-5.450446
-4.221328
-1.571634
0.819427
0.676986
0.574329
1.019418
-0.156062
-0.842413
2.044121
-2.459015
24.178688
17.809849
0.000000
8.898518
8.461938
2.199109
2.041505
22.921947
2.477069
-8.556310
-2.564310
-0.821452
0.843515
0.507222
0.451130
0.715734
-0.134684
-0.885489
1.199740
3.264810
29.346334
21.051365
0.000000
6.387331
6.964269
2.090158
1.908006
21.810738
7.127293
-6.865225
-3.214380
-0.980896
1.005312
0.535031
0.480841
0.790217
-0.242867
-1.249219
1.660559
-2.412539
19.310825
15.043386
0.000000
9.739164
9.403805
2.169398
2.068167
22.708315
0.365660
-8.710897
-2.532202
-0.550115
0.841702
0.349751
0.276529
0.710457
0.125937
-0.644430
1.013547
15.836285
28.274504
25.827562
0.000000
2.513712
4.881780
1.975413
1.793446
20.398827
16.271053
-5.643552
-4.554043
-1.756327
0.871738
0.649789
0.690718
0.901466
0.011778
0.025041
1.418444
-2.493393
18.839380
13.001017
0.000000
9.747679
8.597117
2.253191
2.145004
21.626804
-3.214801
-7.781512
-1.948571
-0.368744
1.005047
0.578949
0.776149
1.252292
-0.269672
-1.443024
0.320732
19.278618
28.445999
21.145615
0.000000
2.770411
4.709722
2.012730
1.841850
20.329227
16.046139
-4.177776
-3.348713
-0.849213
0.826468
0.771018
0.776808
0.803934
0.202061
0.189682
1.373545
-2.210439
29.491571
17.200632
0.000000
3.055236
3.942894
2.164663
1.934984
21.469885
-3.412543
-6.246514
-3.406330
-1.018780
0.828820
0.357375
0.802210
0.383454
-0.065159
0.429926
1.299063
2.486709
29.055216
24.963505
0.000000
6.584719
9.141369
2.046500
1.931399
20.783745
3.261717
-7.240355
-4.427362
-1.415409
0.702451
0.893145
1.050074
1.233063
-0.411772
1.280181
1.169899
16.292665
28.175390
20.270247
0.000000
2.563493
5.170958
2.111729
1.902942
20.870232
4.407508
-7.204176
-4.558753
-1.463737
0.805685
0.951194
1.116490
1.144225
0.000000
14.330048
3.092412
3.095689
3.097403
3.096837
4.637315
7.041817
8.690403
20.125795
14.159585
6.447533
-17.532763
-10.024520
0.892205
3.538520
1.899069
0.797766
-0.253483
-2.247734
-3.357684
-1.525958
4.385651
5.104397
1.889445
0.353272
0.000000
2.494247
2.506372
2.472986
2.320514
-10.985960
-4.073122
-1.341252
0.462936
0.063677
-0.223973
-0.733897
-0.861956
-0.684243
1.056008
-0.298533
-3.404532
-2.197308
-1.557463
4.232922
0.000000
8.189249
8.193007
12.126963
12.654591
29.693790
14.569113
6.629604
-8.906789
-3.397351
-0.984817
0.249054
-0.445910
-0.126981
0.289163
3.301389
2.851013
19.570211
26.488525
23.752272
0.000000
2.093001
1.954313
1.861005
1.645598
19.307867
25.752510
-3.205188
-3.100131
-3.853639
-1.462475
0.592685
1.134602
1.726036
1.100033
1.364490
3.961547
-0.267163
22.329268
27.057533
0.000000
7.290349
2.404219
2.849623
2.120846
9.936084
19.631540
-5.206203
-5.873254
-2.673199
-0.347156
1.127748
1.086009
1.450832
0.695374
-0.301896
2.836438
-0.123296
20.868853
25.993994
0.000000
6.715743
2.386977
2.271273
2.128039
11.710665
20.357864
-4.892912
-6.498675
-2.311367
-0.582088
0.696788
0.726410
1.695902
0.958852
-0.054951
2.543418
-0.176743
17.723038
22.867756
0.000000
6.394631
2.361757
2.668114
2.135965
17.177212
20.982466
-4.091429
-5.919930
-3.431927
-0.720858
0.768616
0.709875
1.762143
0.930082
-0.148409
2.105554
0.659209
22.570721
27.776396
0.000000
6.882930
2.359171
2.255328
2.121350
8.993918
19.504824
-5.325933
-5.556078
-2.210119
-0.625567
0.723182
0.913978
1.164292
0.497318
-0.296509
2.852057
0.722852
25.447113
27.493147
0.000000
6.169702
2.335266
2.319594
2.157583
5.702482
20.640623
-5.599679
-5.356483
-2.014758
-0.551214
0.492776
0.390990
1.495766
0.582749
-0.460792
1.638647
1.625678
-1.519932
21.898672
0.000000
7.084712
2.424675
6.506833
2.281513
7.529798
22.026108
-4.730263
-6.259402
-2.201844
-0.430887
0.737599
0.564467
1.133267
0.501027
-0.258343
1.975612
0.691689
24.132072
28.147280
0.000000
2.797982
2.216669
2.269943
2.102039
3.189856
19.720831
-5.323253
-5.048727
-2.178027
-0.647268
0.504812
0.555114
1.391942
0.645854
-0.219666
2.103998
1.333014
5.276842
22.747665
0.000000
4.798087
2.350367
2.385695
2.244681
6.820431
22.310913
-4.814684
-6.548962
-2.049008
-0.318277
0.546041
0.143938
1.253208
0.440972
-0.491154
1.049000
2.360548
-1.536871
19.290792
0.000000
9.041058
2.394462
9.968574
2.191033
3.684886
20.880806
-5.538612
-5.157722
-2.141482
-0.533752
0.849151
0.703716
0.842723
0.385189
0.004811
2.084888
1.186923
25.485716
28.684141
0.000000
2.356057
2.093783
2.257664
2.065496
-2.302805
19.293772
-6.079638
-4.197767
-1.830358
-0.348277
0.494561
0.139389
0.685004
0.732977
-0.504508
0.071075
3.384674
-0.587378
20.150381
0.000000
6.553359
2.535183
2.506963
2.488405
2.517171
16.100101
-4.217484
-6.346630
-1.995933
-0.325686
0.558329
0.319067
0.940589
0.166716
-0.016733
1.683603
0.709974
24.908131
27.368431
0.000000
2.417282
1.997293
2.164084
1.999953
-2.267034
18.084433
-5.487497
-4.764789
-2.610180
-0.834716
0.657670
0.652330
1.102838
1.046034
0.531181
2.128900
2.039717
22.257229
23.489149
0.000000
2.583722
2.331778
2.387192
2.269233
0.254400
22.308817
-5.676300
-5.132388
-1.627995
-0.149706
0.464259
-0.297663
0.549908
0.194396
-0.728393
-0.210405
3.007400
-0.227635
19.800068
0.000000
8.767974
2.522898
10.570573
8.126135
2.298573
22.082390
-5.495864
-5.657819
-2.028224
-0.445230
0.811740
0.593125
0.750847
0.193714
0.546917
2.514735
0.053238
21.158241
28.577221
25.048817
0.000000
2.014709
1.814570
2.019614
1.856779
18.338524
-5.798354
-4.875371
-2.122400
-0.463667
0.490308
0.186921
0.661044
1.036627
-0.133894
0.882090
2.807752
-0.853270
14.969899
13.533284
0.000000
2.560299
2.573452
2.486125
2.376903
19.154863
-4.006855
-6.968759
-1.878936
-0.263865
0.405170
-0.066074
1.197893
0.180080
0.249443
1.988788
0.722095
20.626116
28.576347
22.158451
0.000000
2.094894
2.092978
2.047441
1.841871
19.097757
-5.757331
-5.081383
-2.478891
-0.830608
0.515335
0.543529
1.197784
1.018841
0.712810
2.697541
1.265733
6.057123
18.802448
16.716249
0.000000
2.405254
2.375412
2.323849
2.177708
22.012846
-4.661810
-6.895802
-2.179594
-0.249982
0.512721
-0.136950
0.970813
0.820566
0.443914
1.259104
1.170502
-1.715585
19.227524
15.604281
0.000000
2.319838
2.346337
2.225617
2.080945
20.961012
-5.713242
-5.529130
-2.236506
-0.683191
0.412825
0.350708
1.145096
0.856908
0.845676
2.050759
0.989172
23.030512
23.444860
21.999250
0.000000
2.218090
2.145322
2.177499
2.001962
21.176123
-5.346629
-5.914079
-1.897820
-0.463552
0.300736
-0.298618
0.865217
0.624034
-0.238416
0.778986
2.908932
-0.501430
15.772367
13.868249
0.000000
2.611593
4.391060
10.020952
2.352479
23.052406
-3.413258
-8.694036
-2.342082
-0.238744
0.998543
0.597774
1.201510
0.287874
0.648363
2.585615
0.195151
26.683041
27.929043
24.503849
0.000000
2.036028
1.903513
2.001657
1.826502
18.102036
-6.323597
-4.726972
-2.286728
-0.647971
0.486014
0.437828
0.862947
1.102503
0.376881
1.934317
2.608324
-1.161191
13.282972
14.638916
0.000000
2.575850
2.510085
2.465143
2.349160
21.415691
-2.977180
-8.919714
-2.535295
-0.021580
0.812723
-0.072174
1.081335
0.494341
0.668611
1.466038
0.431671
18.622349
22.343594
17.858803
0.000000
2.221750
2.209551
2.028929
1.924895
18.566504
-5.812019
-5.598501
-2.359320
-0.802041
0.634168
0.456578
1.131923
1.383548
1.385620
2.347304
0.936911
20.023439
22.470497
23.333382
0.000000
2.306314
2.239107
2.212725
2.059688
21.881641
-4.818919
-6.780728
-2.051632
-0.458181
0.266124
-0.364168
0.897506
0.781624
-0.019634
0.784104
2.826252
-0.446365
8.626682
12.708865
0.000000
2.703304
8.312945
13.844009
6.397874
15.771401
-5.233998
-6.052918
-1.994413
-0.378298
0.916122
0.349423
0.668040
0.317922
0.600314
1.865729
0.361876
27.318617
27.796623
24.319080
0.000000
1.810149
1.590197
1.966040
1.810012
17.342289
-6.146625
-4.309727
-2.087046
-0.675704
0.236123
0.023043
0.382277
1.460100
0.470068
0.312115
3.402390
-0.454371
11.009188
13.259241
0.000000
2.648335
2.554199
2.480289
2.457313
14.405740
6.049271
-9.058281
-2.981585
-0.505641
0.413781
-0.443332
0.836793
0.542330
0.782512
1.368532
-0.866645
23.408995
27.686333
24.792301
0.000000
2.341488
2.634257
1.986018
1.891437
18.819960
-4.890066
-5.782251
-4.614497
-1.733418
0.482896
0.553119
1.571368
2.258873
2.949344
3.322231
-0.667440
26.086870
24.241503
23.193205
0.000000
2.143167
1.941737
2.064604
1.894923
18.739151
-6.070970
-5.403164
-2.174850
-0.515929
0.360779
0.082043
0.880220
1.019142
-0.136440
1.556846
3.332819
-0.617500
-0.565541
12.059550
0.000000
2.758895
5.182437
13.759877
9.843161
14.122240
-4.018634
-7.537137
-2.006618
-0.315606
0.776005
0.092130
0.914114
0.511111
1.003508
2.053670
-0.740401
26.121784
27.132982
18.969007
0.000000
1.864881
1.736901
1.937471
1.775595
17.493828
-5.452104
-4.646497
-3.853123
-1.309675
0.120814
0.260381
1.152877
2.025959
1.585087
2.153977
0.960974
-1.907700
16.162830
14.476377
0.000000
2.505561
2.413293
2.368974
2.240408
23.335930
2.359845
-9.994261
-2.869383
-0.402630
0.530031
-0.396728
0.894014
1.138649
0.964298
1.573988
0.791524
0.058099
15.484056
14.168099
0.000000
2.514692
7.384242
4.370906
2.127454
21.530775
0.687901
-9.043465
-3.773720
-1.123971
0.400060
0.420483
1.372174
1.845044
2.349044
3.191944
-0.807875
23.535364
21.778383
20.934727
0.000000
2.204242
2.112671
2.067583
1.900576
19.757570
-4.278393
-5.691582
-4.383759
-1.367902
0.155234
-0.087811
1.452361
1.755476
0.961605
2.252554
2.076763
-1.313833
13.088543
13.234740
0.000000
3.335093
9.901810
14.443672
3.066327
22.446779
-3.858455
-8.812410
-2.202287
-0.178810
1.120894
0.572626
0.997221
0.750754
0.514904
1.379790
0.888124
20.794827
18.844387
16.342682
0.000000
2.344902
2.278916
2.164819
2.017823
21.170610
9.634493
-8.039165
-4.639856
-1.265767
0.473329
0.091877
1.141047
1.937273
1.221728
0.992897
2.024422
-1.581476
13.599295
13.689108
0.000000
2.528535
2.452379
2.336896
2.217718
23.082428
4.020508
-9.951855
-3.207991
-0.755800
0.443894
-0.170866
1.156720
1.498875
1.403404
1.942249
0.384065
18.644987
18.432663
16.234459
0.000000
2.397794
2.320076
2.217157
2.067277
21.351040
2.389262
-8.247438
-4.591879
-1.309628
0.206369
-0.138381
1.104327
1.963514
1.811508
2.259531
0.774413
20.311619
16.705158
16.724125
0.000000
2.490087
2.384856
2.293315
2.160669
22.115320
4.651378
-9.696196
-3.339279
-0.747722
0.379951
-0.124988
1.038188
1.661041
1.444358
2.315443
0.854542
-0.102262
15.085525
16.310408
0.000000
2.571497
3.460010
7.075390
2.216864
22.687111
8.366434
-10.737612
-3.039412
-0.326436
0.824127
0.234078
0.895265
1.300911
0.771343
1.304923
1.978562
-1.673153
13.818250
14.660859
0.000000
2.623570
5.380352
9.609885
2.259657
23.262953
9.134331
-10.543386
-3.127865
-0.560304
0.724990
0.246660
0.983870
1.417690
0.987928
1.440431
1.543121
-2.115789
14.622265
15.514752
0.000000
2.552103
2.426420
2.438526
2.218558
23.194626
13.037125
-10.573117
-3.001217
-0.389676
0.696842
0.044404
0.864754
1.418871
0.959666
1.290501
1.884514
-1.715340
13.742975
15.130095
0.000000
2.632869
2.522985
7.037503
2.287234
23.564966
8.252599
-10.408202
-2.895376
-0.577052
0.542439
0.032822
0.913933
1.306926
0.998945
1.781425
1.742006
-1.980674
15.223613
17.384739
0.000000
2.572959
2.428993
8.131072
2.228822
23.099871
13.307636
-10.752547
-3.021078
-0.304184
0.872601
0.175461
0.763016
1.229499
0.599404
0.648734
2.900628
-1.135856
14.108624
14.105549
0.000000
2.673218
2.561399
10.410106
2.282192
23.258160
0.979879
-10.083770
-2.954099
-0.761494
0.445925
-0.106543
0.854689
1.453595
1.624133
2.144407
0.697645
19.097466
17.913391
19.734972
0.000000
2.278358
2.148025
2.192904
2.034273
20.923433
8.613219
-7.898296
-4.496531
-1.114168
0.404166
-0.281801
0.707995
1.149231
0.914985
0.676927
3.933547
-0.410563
-0.061384
13.926735
0.000000
2.737799
2.634501
13.685022
10.214497
13.713093
-2.685226
-9.274364
-2.656948
-0.400725
0.660975
0.123722
0.759707
1.045415
1.929442
2.718450
-0.547032
25.745897
19.760221
20.445477
0.000000
2.018252
1.936649
2.055623
1.883034
19.670532
8.399624
-6.479009
-4.391533
-2.118950
-0.000919
-0.243676
0.805356
1.348285
1.082010
1.929583
4.500978
-0.330165
-0.056947
14.586282
0.000000
5.653448
2.638164
14.703165
13.153047
12.890951
-2.786954
-9.424989
-2.737875
-0.247832
0.937097
0.434792
0.745399
0.993743
1.544116
2.639101
-0.792252
22.577909
16.449598
17.461529
0.000000
2.193179
2.113443
2.132976
1.966024
20.443756
16.604055
-7.475551
-4.405630
-1.568878
0.305210
-0.285706
0.780381
1.487852
1.396461
1.554466
2.592592
-1.210775
15.850346
13.653901
0.000000
3.405410
2.846131
12.158464
7.904985
17.476624
4.656100
-10.159775
-3.229318
-0.782936
0.400105
-0.076824
0.698978
1.506658
1.991135
3.266400
-1.017150
21.351284
15.274848
17.051565
0.000000
2.151653
2.062295
2.139720
1.976434
21.576874
17.941788
-7.994754
-4.495588
-1.705433
0.074385
-0.596642
0.518637
1.415123
1.532461
2.438797
2.127432
-1.447705
12.060698
12.189642
0.000000
7.890108
8.527709
14.474634
11.985526
13.651222
-3.334154
-9.556082
-2.876404
-0.463371
0.738630
0.175683
0.731729
1.379371
1.777163
2.833286
-0.930751
23.168251
16.121899
16.904997
0.000000
2.193581
2.140861
2.116807
1.947203
21.440886
17.433714
-8.149035
-4.571340
-2.002645
0.048000
-0.676792
0.480070
1.827568
2.066096
2.542976
1.266619
-1.899969
10.801556
11.892341
0.000000
6.855733
8.082551
13.953892
6.514198
17.956177
2.887293
-10.537288
-3.458530
-0.794294
0.539305
0.163921
0.709087
1.954885
2.079695
2.438674
-0.273303
23.552002
16.707952
18.065187
0.000000
2.158474
2.152107
2.104257
1.933892
22.190695
17.926386
-9.237446
-4.908877
-1.863503
0.045726
-0.908714
0.195689
1.771093
1.842030
2.197052
1.931720
-1.286411
11.467761
11.077456
0.000000
10.257270
9.851066
13.669300
12.363377
12.393228
-1.450667
-10.335226
-3.088505
-0.575793
0.642039
0.260648
0.479858
1.608605
1.762745
2.190867
-0.552810
21.897438
14.704739
15.515210
0.000000
2.117219
2.131279
2.096198
1.929181
22.257084
17.855711
-9.657735
-4.869834
-2.191801
-0.119982
-1.206118
0.019897
2.067307
2.860712
3.548107
-0.215610
-2.306846
10.535626
11.081989
0.000000
10.930289
11.009087
14.659328
7.596723
15.631883
-3.129631
-10.138366
-2.804363
-0.627370
0.704706
0.572083
0.722228
1.892637
1.773855
1.373430
0.755104
18.763010
12.863036
15.574207
0.000000
2.264367
2.218417
2.195904
2.056293
23.553417
19.586899
-9.531447
-5.066320
-2.006115
-0.089864
-1.073033
0.210120
2.022181
2.783313
3.563256
-0.061975
-2.284241
10.507946
10.941518
0.000000
10.322042
10.719529
14.765584
7.437707
16.755962
-3.173599
-10.170566
-2.779197
-0.674750
0.681597
0.626944
0.729884
1.993860
1.853782
0.887228
1.332780
20.870710
12.951178
16.562443
0.000000
2.335240
2.287417
2.240882
2.105872
24.045288
20.033745
-9.221995
-4.846376
-1.976756
-0.012118
-1.136883
0.039434
1.885910
2.829366
3.239468
0.120604
-2.151036
9.755024
11.172431
0.000000
10.797185
10.410800
14.588182
8.407750
15.336090
-3.386004
-9.944560
-2.740231
-0.620189
0.623919
0.447215
0.656039
1.775715
1.847511
1.137098
1.519595
22.793961
13.215392
16.296759
0.000000
2.331229
2.277050
2.240578
2.104593
23.795038
19.798803
-9.352349
-4.774336
-1.947677
-0.082696
-1.064960
0.173477
1.739502
2.827972
3.404599
0.359423
-2.052552
10.930345
11.911440
0.000000
10.513723
9.556518
14.430824
10.646286
13.803114
-2.727977
-10.258229
-2.956854
-0.585855
0.629918
0.288940
0.621009
1.516910
1.875012
1.930960
0.942698
19.535099
12.808378
16.044010
0.000000
2.282634
2.222339
2.227557
2.084265
23.172663
18.995991
-9.635800
-4.642309
-1.705481
0.004431
-0.984291
0.163257
1.379729
2.554496
3.145201
1.054014
-1.717342
9.793978
12.212194
0.000000
10.554169
9.140302
14.032748
12.996027
12.806373
-1.633966
-10.562967
-3.125174
-0.612255
0.455754
0.045444
0.459754
1.277726
1.943174
2.661963
0.693526
18.959633
13.053162
15.940355
0.000000
2.253641
2.194377
2.212015
2.065012
22.776516
18.704813
-9.834826
-4.873999
-1.757890
-0.011348
-0.942909
0.165918
1.273490
2.531534
3.375095
1.270489
-1.621974
10.349592
12.176956
0.000000
11.339945
9.406381
13.763516
13.681023
11.952176
-1.355806
-10.586850
-3.107594
-0.612176
0.409919
0.023597
0.418076
1.264359
1.808508
2.508589
1.040713
18.492580
12.547033
16.362740
0.000000
2.275021
2.193283
2.229458
2.086335
22.940056
18.940720
-9.720430
-4.926636
-1.808300
-0.032535
-0.893344
0.176256
1.282641
2.718271
3.658807
0.761276
-1.867682
9.170136
12.384016
0.000000
11.245843
9.701599
13.988031
13.022331
12.576265
-1.918143
-10.515043
-3.036663
-0.575994
0.427259
-0.070278
0.396035
1.084005
1.783194
2.350377
1.511010
21.825792
11.903267
15.887763
0.000000
2.353335
2.269356
4.835645
2.140897
23.257801
19.226625
-9.683221
-4.776770
-1.669489
0.031084
-0.705910
0.393762
1.226297
2.501782
3.406510
1.030306
-1.952704
11.847965
14.265690
0.000000
9.386215
7.910614
15.223646
9.972268
14.364212
3.963808
-10.633668
-3.307306
-0.761553
0.386920
0.055676
0.463258
1.330402
1.446170
1.932104
1.993691
8.661413
11.661505
17.525942
0.000000
2.251312
2.215503
4.984871
2.193771
24.405657
20.401054
-9.033681
-5.193251
-1.773407
-0.102477
-0.948483
-0.267848
1.172725
2.589196
3.931075
0.001364
-2.258545
10.489280
12.270532
0.000000
11.122006
9.753390
14.144433
14.519733
14.486424
5.812759
-10.752316
-3.001804
-0.612246
0.594886
-0.222580
0.314590
0.498870
1.376836
1.309720
2.469838
-2.428637
10.985689
15.762047
0.000000
2.591349
3.227991
6.626942
2.218677
24.623674
16.759790
-8.479437
-5.786987
-2.564431
-0.440692
-1.036105
0.260695
1.639613
3.596416
5.530593
-2.106620
13.165115
11.115486
14.483848
0.000000
7.355754
8.749073
14.642678
7.803794
20.042208
12.932205
-11.057961
-3.275061
-0.520474
0.681929
0.155797
0.600887
1.428423
1.255915
0.746229
3.318361
-1.329522
9.051010
16.318354
0.000000
3.065573
2.756455
10.979980
10.719548
23.054445
13.727734
-8.183582
-5.918255
-2.059422
-0.254801
-0.674442
0.434975
1.245680
2.565637
4.112169
-0.326666
16.388878
12.288114
15.969194
0.000000
7.256081
8.928721
14.598852
5.115858
20.237965
14.822373
-11.141346
-3.835129
-0.463037
0.700331
-0.043653
0.396133
0.798321
1.321481
0.843618
3.223017
-1.415824
15.481441
15.484571
0.000000
2.667237
2.597231
10.390043
11.208859
18.666914
11.585375
-8.659339
-5.392804
-1.723493
-0.242834
-0.569263
0.629511
1.310130
2.501065
4.343498
-0.374300
11.413580
13.603792
18.596233
0.000000
7.213304
9.401355
14.142076
2.091872
20.133337
16.345745
-11.088560
-4.337534
-0.817371
0.588954
-0.278653
0.355431
0.875024
1.265565
1.561529
2.896576
-1.535275
11.050593
16.080111
0.000000
2.809116
2.614343
12.031655
12.855842
17.024361
10.917725
-9.242698
-4.974669
-1.244431
-0.027704
-0.358498
0.674477
1.173586
2.052493
4.198429
-0.042202
16.806189
13.464911
17.789175
0.000000
7.581384
9.887282
15.018259
3.906411
20.138901
14.727789
-11.488150
-3.613235
-0.401775
0.702653
-0.200974
0.266003
0.951711
0.913377
1.329304
3.093783
-1.679081
12.585623
17.587404
0.000000
2.734382
2.639904
13.509713
14.957875
20.636751
10.697818
-10.023787
-4.130966
-0.785792
0.275862
0.053732
0.532807
1.036037
1.072128
3.278403
1.393661
-2.122679
9.171632
16.049068
0.000000
8.781235
10.497444
14.332346
13.387640
19.020771
-1.210239
-10.834358
-2.930775
-0.394405
0.307356
-0.725332
-0.016651
0.623685
1.378170
3.050749
0.522525
-3.032957
12.395803
18.157150
0.000000
2.646506
6.153195
12.983274
11.594855
22.743187
13.497247
-10.927946
-3.722362
-0.622586
0.440652
0.059375
0.525234
1.170336
0.935957
2.078901
3.301228
-1.066936
8.750400
17.061848
0.000000
7.193184
7.568739
14.519612
14.802180
14.590299
6.627955
-10.702245
-3.229272
-0.441463
0.264885
-0.447938
0.159320
0.691546
0.916494
2.586808
1.287309
-2.451845
10.422390
17.611237
0.000000
3.252070
7.801504
15.194755
14.010086
19.637304
10.181112
-11.172141
-3.460534
-0.305403
0.541874
-0.079300
0.283135
0.841294
0.740806
2.082835
2.691163
-1.391909
14.927283
16.749744
0.000000
5.920166
7.091755
14.899527
14.797156
15.306639
6.880393
-10.776914
-3.267606
-0.422854
0.228996
-0.419371
0.180589
0.819523
0.912017
2.806440
1.387424
-2.303604
13.623264
18.747635
0.000000
5.389337
7.996400
15.022054
13.906500
18.559008
6.877149
-11.211545
-3.253238
-0.408998
0.437261
-0.131452
0.174617
0.830898
0.707292
2.459219
2.171113
-1.524877
13.491491
19.783234
0.000000
5.632459
7.172337
14.694663
14.658474
15.426384
6.124488
-11.005087
-3.044566
-0.438023
0.251701
-0.231644
0.194572
0.751166
0.668321
2.884950
1.496733
-1.664536
12.570436
20.094336
0.000000
6.121458
8.044629
13.896956
13.943900
18.466879
2.428492
-11.064238
-3.074518
-0.361959
0.368362
-0.192647
0.154932
0.575232
0.796493
3.288444
0.865746
-1.887740
11.866010
18.211548
0.000000
6.609771
8.256762
14.289356
14.205764
15.553512
-3.508294
-10.076137
-2.749911
-0.512510
0.235147
-0.206758
0.257124
0.777430
1.129151
3.814283
0.221907
-2.165393
12.637263
19.125620
0.000000
4.813619
7.503000
14.025073
14.312057
17.662567
0.013543
-11.118604
-3.132950
-0.526416
0.187793
-0.255071
0.175210
0.613831
1.145831
4.017049
0.351815
-2.462243
14.711354
19.426853
0.000000
5.568880
7.854104
14.581875
14.756797
16.558908
-3.196030
-10.557384
-2.879264
-0.453774
0.271891
-0.186166
0.240504
0.000000
15.886808
3.091996
3.094599
3.096005
3.095893
4.599312
6.705416
8.722649
10.370281
15.000348
16.566940
0.174711
-15.601952
-3.274419
2.815157
3.027825
2.160522
0.960457
-2.051598
-4.129823
-4.131519
-0.865521
4.417503
3.766546
5.775786
1.579193
0.000000
2.308629
2.238078
2.341777
2.238592
-6.643096
-1.221983
0.685079
-0.722870
-1.378623
-1.605216
-2.171290
-2.969704
-3.043538
-0.500881
2.690685
4.289898
6.354945
21.848997
22.379025
0.000000
3.538289
5.834068
10.584092
8.147419
25.499050
20.164776
-8.697168
-3.918516
-1.856173
-0.478501
-0.418399
-0.259412
-0.326019
1.578829
8.040562
-0.465593
3.333991
16.757660
23.677568
0.000000
7.593308
9.413997
10.817968
9.315284
6.831026
-2.816776
-9.849893
-2.366480
-0.034531
0.653211
0.263700
-0.984699
-1.726152
-0.084848
2.683540
2.103768
-0.760279
13.947712
16.580164
0.000000
12.744550
15.906116
11.033995
11.114844
9.778460
7.966632
-10.741791
-2.991734
-0.701957
0.228365
0.409943
-0.025746
0.879099
1.086996
1.536897
1.355507
-1.727441
10.430307
18.099329
0.000000
2.120065
4.259254
14.247905
13.510351
21.602545
20.066404
-9.944993
-4.144576
-0.912992
0.230271
0.154274
0.124065
0.200141
0.421464
3.599670
1.787601
-1.257946
13.657841
19.758528
0.000000
14.299847
12.280623
11.844238
12.706891
10.205721
8.577921
-10.816904
-2.474142
-0.252449
0.264788
-0.057837
-0.245364
0.273075
0.530782
1.305238
2.048760
-1.440047
11.348259
16.658438
0.000000
8.440801
8.405124
13.184169
13.570898
19.299061
12.542844
-9.837591
-3.967949
-0.989585
0.108217
-0.044514
-0.007758
0.575239
0.778244
2.197431
1.550163
-1.617851
13.348897
17.315458
0.000000
8.457627
7.524446
13.278954
13.396164
16.042698
14.046030
-10.155307
-3.472707
-0.818322
0.160879
0.036733
0.067068
0.507470
0.447627
1.873710
2.433040
-1.344717
6.122252
17.114769
0.000000
8.151923
6.499874
13.336263
13.171835
15.874193
14.090786
-10.091639
-3.442148
-0.760755
0.212566
0.065982
0.116517
0.300465
0.199721
1.776708
2.590858
-1.225243
10.395624
19.167553
0.000000
7.571552
6.679031
13.084912
13.144818
15.190727
15.935996
-10.301194
-3.401377
-0.681573
0.290014
0.182074
0.139958
0.169338
0.127990
1.546526
3.328578
-0.866412
1.598411
17.179148
0.000000
8.208729
6.486908
12.865962
12.461923
13.546595
13.106228
-10.339396
-3.081240
-0.534892
0.325044
0.193956
0.034026
0.071466
-0.053959
1.162348
3.392195
-0.904176
1.384184
17.110096
0.000000
6.508650
5.439752
13.251511
12.924639
13.327557
15.263075
-10.300866
-3.320195
-0.671488
0.308237
0.207870
0.106466
-0.026053
-0.120498
1.584175
3.620385
-1.058454
7.262801
17.362597
0.000000
5.665473
3.301822
13.652572
13.000887
12.616082
18.499775
-10.365322
-3.509514
-0.740904
0.272608
0.261013
0.288926
0.072120
-0.262854
2.115965
3.489643
-1.243365
13.537863
18.653692
0.000000
6.503083
4.769681
13.579131
13.318856
10.660906
17.801575
-10.584292
-3.411633
-0.638824
0.349905
0.315454
0.321977
0.060961
-0.298078
1.800282
3.810086
-0.971580
8.431819
18.772179
0.000000
7.725819
5.841114
13.278820
12.631962
10.219709
12.739166
-10.501221
-3.221395
-0.587962
0.328619
0.274750
0.216525
-0.012667
-0.259941
1.468366
3.593414
-1.021125
9.611852
17.911299
0.000000
7.307849
5.996526
13.089337
12.773608
10.989585
14.916635
-10.545229
-3.260014
-0.579981
0.361803
0.333135
0.205807
0.065516
-0.121554
1.337428
3.860565
-0.850337
1.543604
16.847433
0.000000
7.134075
5.654902
13.153048
12.655128
10.531682
12.596266
-10.340489
-3.155660
-0.636098
0.253226
0.220057
0.060551
0.033755
-0.130766
1.183756
4.025785
-0.826601
8.647734
18.464437
0.000000
5.812078
4.234695
13.471606
13.058220
12.761637
17.493568
-10.189337
-3.708100
-0.850621
0.235801
0.246955
0.199241
-0.003179
-0.097863
2.012006
3.773012
-1.074977
9.684584
18.826231
0.000000
6.626226
5.255267
13.191106
12.621941
10.090804
16.322701
-10.578880
-3.194069
-0.595941
0.321571
0.385625
0.286417
0.033983
-0.241716
1.250940
4.278534
-0.582960
1.739594
17.593163
0.000000
7.350150
5.945106
12.841197
12.417094
9.996300
12.532425
-10.389365
-3.137886
-0.635100
0.264974
0.266197
0.042406
-0.127413
-0.149211
1.243228
4.075584
-0.815367
1.519544
16.434498
0.000000
5.511997
3.333768
13.236052
12.630176
10.372643
15.485470
-10.309130
-3.370369
-0.785806
0.197019
0.269020
0.165031
-0.073056
-0.200029
1.623649
3.913105
-1.085024
10.377733
19.089659
0.000000
4.428010
2.206068
13.406990
13.263356
12.493615
19.229374
-10.125778
-3.954653
-1.031684
0.113271
0.307967
0.363022
0.048308
-0.079997
2.499991
3.901680
-0.932813
16.061047
19.319588
0.000000
8.672801
6.612972
12.819303
12.193916
7.024622
11.046049
-10.685158
-3.035295
-0.562228
0.298707
0.375231
0.222457
0.016231
-0.242099
0.997166
4.393335
-0.656404
1.633820
17.924332
0.000000
7.291245
5.775259
13.034739
12.600496
9.084042
12.467813
-10.391543
-3.242046
-0.722812
0.218242
0.265497
0.081838
-0.035046
-0.104150
1.345628
3.842213
-1.054604
5.761880
17.866951
0.000000
4.575569
2.237297
13.514452
12.462390
10.750845
17.404270
-10.243765
-3.629943
-0.843845
0.205585
0.341621
0.198249
-0.107989
-0.271620
1.949548
4.218360
-1.111253
13.595737
19.736397
0.000000
6.856000
5.519269
13.279571
12.620628
6.996218
16.047607
-10.586072
-3.295518
-0.733941
0.220356
0.382226
0.288920
-0.031121
-0.274713
1.420919
4.594349
-0.752905
4.457631
17.881302
0.000000
7.760247
5.595785
12.828338
12.355369
8.474545
11.914237
-10.385025
-3.269106
-0.719417
0.224257
0.330122
0.141940
-0.142292
-0.212978
1.318206
4.161386
-0.850445
9.236507
18.312757
0.000000
7.458592
6.084012
12.790398
12.287410
9.005079
15.291475
-10.486404
-3.329290
-0.744987
0.231791
0.411617
0.196085
0.028375
-0.101620
1.263014
4.426298
-0.994698
0.785805
15.476953
0.000000
7.128339
5.136975
12.792789
11.643480
10.243536
9.593419
-10.254840
-2.938534
-0.705123
0.081218
0.060916
-0.121031
-0.178970
-0.216997
1.498698
3.540095
-1.159757
14.959852
17.268707
0.000000
4.573729
3.576361
13.288505
12.888673
12.164552
17.074347
-10.368474
-3.472538
-0.950657
0.086274
0.130368
0.209286
-0.091727
-0.222419
2.541328
3.887583
-1.402444
12.093842
17.521053
0.000000
5.438851
4.367517
13.013251
12.006865
9.194704
17.732502
-10.498618
-3.289761
-0.783851
0.191010
0.291104
0.257759
-0.123664
-0.372316
1.898573
4.419981
-0.975178
9.269029
17.661581
0.000000
9.023178
7.462964
12.300500
12.000512
8.623053
10.828690
-10.639157
-2.835389
-0.595032
0.231113
0.262019
0.049298
-0.114502
-0.089210
1.167739
4.455710
-0.617577
1.291489
16.069799
0.000000
8.275092
7.026597
12.194507
11.616480
9.362396
6.774450
-10.235320
-2.912847
-0.862317
-0.081487
-0.077162
-0.271416
-0.283074
-0.081579
2.326094
2.837116
-1.095772
11.743031
17.087172
0.000000
3.052648
2.132016
13.478584
12.987730
13.641118
19.656481
-9.745848
-4.382262
-1.381574
-0.140912
0.078298
0.261132
0.056630
-0.041234
4.155782
2.723977
-1.496394
11.040352
24.022926
0.000000
9.140694
8.130309
12.448772
12.587868
4.138273
12.093339
-10.821299
-2.710474
-0.455343
0.353826
0.330257
0.082264
-0.254172
-0.196275
1.179094
5.340751
0.074662
1.657285
12.646624
0.000000
9.617746
8.487405
12.083956
10.649094
4.375185
-3.495186
-9.113117
-2.633219
-1.031498
-0.405820
-0.373304
-0.587881
-0.379123
0.149576
3.955626
1.025671
-2.160181
13.777861
22.120113
0.000000
1.815266
2.076012
14.623505
12.898091
8.256539
19.584793
-9.576963
-4.564345
-1.642184
-0.332724
-0.162493
-0.130987
-0.380586
0.172136
6.064587
1.739708
2.142099
16.076366
26.640011
0.000000
6.510007
5.564618
13.712728
13.042614
-1.757179
8.117896
-10.434703
-2.987345
-0.747469
0.030630
0.030185
0.018979
-0.433258
-0.310678
1.459592
5.768852
0.245978
10.266949
20.194016
0.000000
10.560682
9.545358
12.220244
10.790798
5.744061
-0.167192
-10.308906
-3.006947
-1.003217
-0.122715
-0.072533
-0.229231
-0.347064
-0.070438
3.209557
2.337188
-1.594248
13.334215
22.103128
0.000000
4.259908
4.289035
14.337947
12.389610
2.371491
19.270597
-10.108134
-3.538874
-1.109826
0.107195
0.109594
-0.031067
-0.417020
-0.249014
2.927570
4.415648
-1.168633
10.846843
23.647699
0.000000
7.163050
6.179654
13.350761
12.936932
1.528505
17.739614
-10.336278
-3.046486
-0.881687
0.047100
0.084542
0.072312
-0.177045
0.160769
1.521451
5.208438
0.145399
2.281632
15.850569
0.000000
11.411604
10.545786
11.603462
10.776423
5.725904
-0.250099
-10.152217
-2.807164
-1.079167
-0.346848
-0.260740
-0.418909
-0.301558
0.191943
3.240528
2.137549
-1.536230
9.587382
20.384914
0.000000
4.418102
4.706512
13.879107
12.700340
6.324831
18.836964
-9.654214
-4.148784
-1.568947
-0.165975
0.020926
0.028431
-0.128975
0.217653
3.971633
3.080976
-1.563804
14.728290
23.575655
0.000000
8.090464
6.768343
12.864109
12.884810
0.499740
18.121223
-10.419449
-3.101035
-0.786110
0.164043
0.245750
0.088773
-0.207847
-0.054740
1.244227
5.450067
0.179828
2.153331
18.370249
0.000000
11.021932
9.641232
11.798798
9.958403
4.143131
-0.741635
-9.868280
-2.812041
-1.049191
-0.263027
-0.161318
-0.371903
-0.409882
0.080678
2.615633
2.727098
-0.884372
12.584831
19.505562
0.000000
6.823650
6.204267
13.090553
12.596610
7.184518
18.768772
-9.712604
-4.078967
-1.573420
-0.159073
0.153824
0.157936
0.142245
0.387229
2.756986
4.327849
-1.227892
13.012570
20.092442
0.000000
8.648962
6.842120
12.236217
11.409081
4.787896
10.387805
-10.303787
-2.923837
-0.761301
0.201071
0.332587
0.002115
-0.374732
-0.182213
1.231071
4.650280
-0.036936
1.845602
15.542934
0.000000
11.293344
9.697847
11.524749
10.352130
4.552733
5.926397
-10.012214
-2.659275
-0.934565
-0.174126
-0.020304
-0.221233
-0.260512
0.151405
1.818286
3.141338
-0.734851
1.223303
12.644542
0.000000
7.014558
5.576216
11.947692
11.217152
10.021967
17.853409
-9.692723
-3.602209
-1.423354
-0.223578
0.129707
0.103244
-0.008380
0.269559
2.018683
3.980956
-1.015663
3.979374
17.063147
0.000000
7.695339
5.421156
12.073727
10.859029
8.536067
18.517433
-9.924058
-3.464414
-1.153934
-0.020664
0.310721
0.182746
-0.105938
-0.082633
1.288162
4.733792
-0.489899
1.298206
15.780662
0.000000
10.614473
8.371441
11.594139
10.945745
3.295679
6.613349
-10.040592
-2.778825
-1.030615
-0.223577
-0.006223
-0.150370
-0.196109
0.180551
1.434474
3.861149
-0.704671
1.291452
15.389538
0.000000
8.661755
6.693274
12.007871
11.388461
8.316891
10.025143
-9.924657
-3.138290
-1.296968
-0.282900
0.039368
-0.031696
-0.032693
0.267675
1.747383
4.185242
-0.739928
1.117638
15.165480
0.000000
5.233806
4.220309
12.581287
11.125084
7.382275
15.158166
-9.834268
-3.285880
-1.277460
-0.219931
0.120611
0.035484
-0.146617
0.039649
1.466168
4.678969
-0.605693
1.107024
16.143120
0.000000
8.556305
6.500515
12.205841
11.465485
5.185467
7.873936
-9.965121
-3.045235
-1.271616
-0.381978
-0.038975
-0.044374
-0.005291
0.305422
1.334188
4.487258
-0.734446
0.957471
16.589121
0.000000
6.019519
4.615276
12.686114
11.052084
6.715822
10.650845
-9.734056
-3.477853
-1.449582
-0.370052
-0.047794
-0.013056
-0.196941
0.009611
2.132643
4.378706
-0.747824
13.508693
18.651155
0.000000
7.449405
6.061281
12.378213
11.676808
2.876390
15.819819
-10.054890
-3.320897
-1.263244
-0.128493
0.289915
0.254720
-0.002192
-0.011263
1.332468
4.946877
-0.004272
1.214315
14.406482
0.000000
7.805282
5.411760
12.087841
10.432095
2.806511
4.013992
-9.394891
-3.335396
-1.501806
-0.513675
-0.169928
-0.261048
-0.331140
0.080258
2.123469
4.029058
-0.786449
12.683606
20.803825
0.000000
6.328266
5.365652
12.853200
12.752177
4.515137
17.739857
-9.622997
-4.197973
-1.636575
-0.305512
0.182342
0.300555
0.217131
0.222364
1.670011
5.691033
0.150006
1.374008
15.986092
0.000000
7.202202
5.604986
12.328152
10.234960
-0.562997
-4.595327
-8.145849
-2.933272
-1.441743
-0.704667
-0.488760
-0.633942
-0.726359
-0.369574
2.675021
3.372365
-1.109893
9.284775
21.743916
0.000000
6.118214
5.423967
12.856272
13.268471
4.432086
16.823076
-10.064403
-3.673149
-1.430757
-0.225905
0.047361
0.103190
0.010593
-0.046300
1.558986
5.195328
0.640181
0.374298
9.692703
0.000000
5.712400
4.020545
12.438613
10.301637
3.339150
1.170048
-9.457211
-2.895573
-1.288242
-0.611576
-0.568830
-0.477119
-0.591457
-0.068581
1.573681
4.457986
-0.874986
12.852246
19.688118
0.000000
7.978832
7.262907
12.706841
12.737363
10.630081
14.180830
-10.409676
-3.736001
-1.320654
-0.251618
-0.045725
0.018084
-0.054602
-0.021395
1.443883
4.969763
0.381047
0.484667
13.604763
0.000000
6.051846
4.862687
13.107773
10.261252
3.067842
2.704072
-9.335256
-3.232116
-1.648641
-0.750400
-0.443430
-0.277960
-0.230722
0.098996
2.414368
3.717160
-1.113626
12.479747
19.812895
0.000000
8.286535
6.984406
12.130716
12.458776
4.239501
15.725816
-10.173744
-3.423420
-1.317431
-0.171493
0.113883
0.117215
0.032837
-0.037783
1.271226
4.425908
1.415357
0.674290
12.037936
0.000000
6.625724
4.743086
12.798429
9.990921
1.425704
-0.348484
-9.248622
-2.856279
-1.314301
-0.674822
-0.611591
-0.616222
-0.733204
-0.175115
1.724524
4.041810
-0.936379
12.253922
19.027411
0.000000
8.047339
7.135552
12.664216
12.948933
9.888994
15.908475
-10.027191
-3.975661
-1.339911
-0.421914
-0.224354
-0.169008
-0.110918
0.208061
1.575235
5.358920
-0.159289
0.630720
13.248549
0.000000
4.882882
4.187638
13.392651
10.176333
4.637728
11.825833
-9.627153
-3.343096
-1.627748
-0.530435
-0.144207
0.051153
-0.105226
0.130573
1.498580
4.959020
-0.470973
6.959775
18.311750
0.000000
8.816581
7.483646
12.250245
11.284349
0.968650
9.452295
-9.879152
-2.961582
-1.429349
-0.364902
-0.032050
0.111492
0.005787
0.210732
1.163273
3.820650
1.589131
0.480005
12.835037
0.000000
7.265595
4.360666
13.041259
9.893179
3.648501
9.676803
-9.348827
-3.211538
-1.622311
-0.602358
-0.292942
-0.187258
-0.158345
0.207164
1.469896
4.247675
-0.829111
6.428925
16.732294
0.000000
10.300237
8.493388
11.706231
11.400226
5.030614
7.492492
-9.905428
-3.201651
-1.395286
-0.488115
-0.270660
-0.063097
-0.041393
0.336750
1.309404
4.143631
0.582392
0.621933
12.881507
0.000000
7.834128
5.866786
12.697490
10.264702
3.797404
8.054537
-9.490001
-3.064350
-1.533031
-0.641665
-0.372514
-0.257205
-0.245278
0.048532
1.431849
4.328176
-0.679924
0.352969
13.997802
0.000000
7.509433
6.451243
12.195617
11.428863
5.266947
10.805789
-9.738824
-3.311443
-1.586361
-0.582896
-0.234799
-0.028570
0.003916
0.204711
1.392202
4.468471
0.663433
0.499773
13.147941
0.000000
7.713281
5.597923
12.632871
10.211145
2.896809
7.240210
-9.350456
-3.226974
-1.638880
-0.686432
-0.354465
-0.201646
-0.248632
0.084370
1.445845
4.617149
-0.570108
4.380716
17.227903
0.000000
7.534238
6.111897
12.203477
11.430572
4.689298
10.305308
-9.621220
-3.406590
-1.602644
-0.523633
-0.178276
-0.046377
-0.091025
0.179934
1.132235
3.924337
1.445489
0.726594
14.326655
0.000000
6.914993
4.922810
13.298703
10.461693
3.135284
7.841171
-9.346457
-3.229891
-1.644385
-0.666946
-0.376814
-0.217970
-0.262265
0.095365
1.173672
4.252916
0.270815
0.672929
16.344009
0.000000
7.726516
6.511449
12.465494
11.337726
5.152998
9.547487
-9.437246
-3.651791
-1.760685
-0.722035
-0.377323
-0.205330
-0.104683
0.166208
1.363978
4.613325
0.330495
0.515104
14.876566
0.000000
6.917562
5.650002
12.705640
10.668269
2.931705
7.191377
-9.300048
-3.434148
-1.760386
-0.724662
-0.349821
-0.192026
-0.239217
0.072387
1.414028
4.558760
0.325220
0.791711
18.097889
0.000000
7.425944
6.255380
12.394860
11.092900
2.141906
4.975135
-9.279848
-3.464654
-1.796843
-0.763461
-0.367468
-0.216643
-0.187720
0.114254
1.435768
4.555563
1.026546
0.647862
15.841778
0.000000
6.318412
4.680440
13.017383
10.550580
2.491436
7.567816
-9.129178
-3.552820
-1.862014
-0.762126
-0.336517
-0.259887
-0.238594
-0.155303
1.466121
4.765815
0.257470
0.670758
18.405874
0.000000
7.292222
6.154168
12.190941
10.863216
1.545599
2.673586
-9.080541
-3.545680
-1.845686
-0.824972
-0.437600
-0.390736
-0.373377
-0.171230
1.626333
5.280693
0.205143
0.819044
18.047155
0.000000
5.828298
4.901132
12.492414
10.873069
1.666203
3.843870
-9.017574
-3.615672
-1.933363
-0.875055
-0.444289
-0.342815
-0.289197
-0.107860
1.694521
5.323073
0.116689
2.089035
18.363180
0.000000
6.723807
5.452019
12.258186
10.926681
2.061238
3.953826
-9.186419
-3.591899
-1.879893
-0.796373
-0.364120
-0.286200
-0.316480
-0.151566
1.602684
5.183162
0.601249
0.861194
17.499422
0.000000
6.059791
5.119320
12.170259
10.879679
1.562356
2.893977
-9.088614
-3.399393
-1.817163
-0.860661
-0.507122
-0.383952
-0.370784
-0.136459
1.700514
5.533882
0.061127
0.672416
16.365284
0.000000
5.293856
4.292536
12.500430
10.945027
3.122224
5.007079
-9.332837
-3.444246
-1.810890
-0.865011
-0.543214
-0.340224
-0.283674
-0.037278
1.523401
5.358119
0.273973
0.749930
18.321165
0.000000
5.889400
5.126258
12.529928
10.944940
2.729741
2.839375
-9.361543
-3.512435
-1.830553
-0.942521
-0.647879
-0.492449
-0.393983
-0.167500
2.054625
5.158096
-0.290741
16.561653
19.144028
0.000000
5.571146
5.027561
12.384840
10.974653
1.920304
0.164768
-9.428858
-3.444060
-1.806195
-0.895415
-0.551338
-0.437107
-0.391204
-0.147287
2.059015
5.291404
-0.164926
10.249912
18.858137
0.000000
6.242613
5.290973
12.229252
10.707848
1.211760
-1.645211
-9.232680
-3.407353
-1.780886
-0.841869
-0.481448
-0.403119
-0.486654
-0.213698
2.113018
5.179692
-0.063012
15.367813
19.950424
0.000000
6.400800
5.307400
12.011640
10.819942
1.019786
-2.298639
-9.221960
-3.260076
-1.694311
-0.774605
-0.471479
-0.366967
-0.436110
-0.198431
1.783224
5.613392
0.116386
6.305574
17.908169
0.000000
5.273955
3.828751
12.411041
10.548497
2.786055
1.510479
-9.360970
-3.506876
-1.818743
-0.898006
-0.622375
-0.295587
-0.313580
-0.012600
2.128864
5.219773
-0.519139
12.411886
