0.000000
35.549999
35.549999
35.549999
35.549999
35.549999
35.549999
35.549999
30.750834
33.171982
31.800926
30.819880
29.339005
27.813770
25.564896
23.418818
18.546576
12.044966
19.337580
18.000187
16.112158
13.718750
10.734902
1.306472
-1.679009
-1.886366
-1.870185
-1.807703
-1.737381
-1.650617
-1.543633
-1.403795
-1.282158
-1.140768
2.669523
9.302071
12.017869
11.030731
8.525873
34.846039
35.549999
35.549999
0.438501
-0.040801
1.663392
20.788788
14.781213
28.997643
32.765076
31.862398
30.896275
29.498749
3.749332
1.995364
1.765319
-14.998703
-3.790108
-5.236875
-6.314394
-4.093132
-0.080232
-1.019231
-4.615455
-2.123523
0.723153
5.238151
7.955626
4.176926
12.659192
-0.119263
0.000000
3.052071
0.715491
3.070728
3.090333
29.588940
26.640905
13.641481
-7.663671
-8.096996
3.061872
11.711724
4.844255
-2.167355
1.897592
6.906394
2.462620
8.297985
10.352406
12.373847
0.000000
19.787264
3.009185
3.050511
3.059788
22.715063
-10.076357
-2.055493
-2.327390
-2.717093
-1.247444
4.907162
0.641283
-2.724604
-4.200612
-0.939088
1.558178
3.979231
0.854440
-6.292192
4.761229
0.000000
27.976925
26.581522
25.718431
25.265778
24.002148
22.285841
-0.515632
-0.754287
-0.968200
-1.170430
-1.364244
-1.550304
-1.737250
-1.917999
-2.039081
7.435576
35.549999
35.549999
35.549999
35.549999
35.549999
35.549999
35.549999
28.541368
30.105175
31.319670
30.306734
29.336437
27.650183
25.472803
23.421873
22.341759
21.561359
20.535534
18.727240
16.635475
14.202106
9.862429
-1.488422
-1.700828
-1.587332
-1.574646
-1.645791
1.297239
1.424713
-29.267672
-2.177303
2.887280
3.168713
2.509009
2.439314
5.066158
5.855673
6.033961
5.784848
2.613518
-0.083406
-4.040039
-4.665694
-3.169039
-2.418657
-3.975493
-6.579916
-6.460814
-4.912904
-3.182647
-7.895688
-5.473907
-5.847404
-6.324535
-5.707088
1.026604
-4.415339
-11.118386
-15.828286
-16.564144
-14.217841
-9.886530
-11.061503
-11.053497
-11.138369
-11.385059
0.000000
1.172292
35.549999
35.549999
35.549999
35.549999
35.549999
35.549999
32.194084
32.550392
31.070913
29.990044
29.947159
28.938011
23.088810
8.365660
1.455545
0.158127
0.007656
-0.165649
-0.339612
9.261904
12.772466
-8.869988
-4.483644
-2.007051
0.040245
-1.471661
-1.456935
3.659621
4.457970
3.260874
3.451330
1.512473
0.720757
-0.560698
9.289758
0.000000
35.400127
35.249954
35.336399
12.201357
4.267269
-9.861253
-2.751229
-1.899339
-5.948613
-4.256374
-0.068195
4.206698
4.563513
2.847951
-0.210475
2.622082
1.189627
-2.456544
7.453768
0.000000
33.566952
19.933571
3.010219
10.222132
15.168915
-9.835964
-1.436617
-1.830372
-5.691682
-3.286462
-0.313609
3.517056
3.483219
2.345889
0.159314
0.928100
1.599596
-0.636243
-1.944917
0.000000
35.549999
16.926435
2.965176
2.909150
1.949800
-4.780664
-1.750570
-4.235905
-7.784036
-3.987777
0.482284
4.218412
3.790106
2.286927
0.055794
1.455654
1.087282
-0.840178
13.031088
0.000000
35.549999
35.549999
2.885952
13.537920
21.612772
-7.179283
0.260098
-1.816920
-5.939553
-3.325158
0.410557
3.335398
3.487467
2.490709
0.535272
2.497191
0.556485
-0.951854
10.041658
0.000000
35.549999
35.549999
3.021348
5.480595
18.831030
-7.627877
-0.109076
-1.087852
-5.749099
-3.536023
0.112079
3.637379
3.844121
2.447932
0.007350
1.829854
1.692775
-0.789316
10.489370
0.000000
35.549999
35.549999
2.908892
22.985996
20.909218
-7.630441
0.343561
-1.693641
-5.879471
-2.893062
0.596524
3.214553
3.237126
2.100021
0.370337
2.304428
0.518637
-0.976537
-2.079703
0.000000
35.549999
35.549999
3.012108
9.141293
17.096840
-7.622518
-0.399247
-1.199177
-5.923528
-3.463806
0.033108
3.777455
3.784162
2.184817
-0.245166
1.802849
2.126420
-0.858690
11.751589
0.000000
35.549999
35.549999
12.270417
31.590042
20.175407
-7.516214
0.497792
-1.816247
-5.843033
-3.212918
-0.088663
2.895044
2.937470
2.110783
0.913271
2.539437
0.369455
-0.992374
-1.942481
0.000000
35.549999
35.549999
3.016024
2.995965
4.544964
-8.164260
-2.497022
-3.240204
-7.203920
-4.201430
-0.194638
4.703145
4.222803
2.305643
-0.358834
2.047317
0.325763
-1.875257
9.525708
0.000000
35.549999
35.356834
5.901262
31.416775
15.989841
-9.186308
-0.285744
-1.003146
-5.390904
-3.542606
-1.226201
2.426717
3.222299
1.743926
-0.077954
1.864666
1.117079
-0.727228
-1.716066
0.000000
35.549999
35.549999
19.334442
32.230213
19.217485
-7.892912
-0.137041
-0.600252
-5.041999
-3.210627
-1.428078
2.756386
3.189136
1.879463
0.501996
3.130646
-0.171393
-1.315039
9.522623
0.000000
35.549999
35.549999
17.787451
35.045944
18.655697
-8.256791
0.137148
-0.719442
-5.315380
-2.964176
-0.956172
2.713790
3.042531
1.684432
-0.158238
2.297399
0.633401
-0.958256
10.060316
0.000000
35.549999
35.549999
12.485339
32.759018
17.917406
-8.354323
-0.124086
-0.659365
-5.265615
-3.316097
-0.847724
2.926404
2.965685
1.767173
0.056875
2.392283
0.444004
-0.913717
2.945681
0.000000
35.549999
35.549999
11.026447
35.549999
18.107918
-8.160028
-0.237019
-1.007873
-5.656408
-3.050705
-0.422316
3.448554
3.289845
1.742928
-0.362649
1.764032
1.098814
-0.988362
9.536579
0.000000
35.549999
35.549999
22.619154
35.461555
18.820332
-8.129191
0.090952
-0.981970
-5.737003
-2.635149
-0.751619
2.927216
2.898993
1.422295
0.009024
2.836995
-0.105262
-1.241908
8.575269
0.000000
35.549999
35.549999
15.355219
35.211140
15.930416
-8.912627
-0.311371
-0.629788
-5.413907
-2.914721
-0.826243
2.679214
2.720093
1.321637
-0.258097
2.576180
0.077257
-1.165545
10.904225
0.000000
35.549999
35.549999
22.958530
35.549999
16.284126
-8.640724
-0.053928
-0.583619
-5.285937
-2.756355
-1.096375
2.494015
2.703477
1.266748
0.047490
2.609098
-0.414523
-1.356578
8.556487
0.000000
35.549999
35.549999
28.835066
34.596344
17.376839
-8.599607
0.302085
-0.961115
-5.782348
-2.929777
-1.064124
2.728885
2.761468
1.223123
0.031084
2.271058
-0.187563
-1.023506
-1.676403
0.000000
35.549999
35.549999
19.821329
35.549999
17.247778
-8.441075
-0.267323
-1.249912
-6.029757
-2.446152
0.142898
3.011046
2.732994
1.255689
-0.182622
2.364188
-0.177598
-1.273383
10.700946
0.000000
35.549999
35.549999
25.308886
35.317535
15.872423
-8.793284
-0.183265
-0.986158
-5.774120
-2.703076
-0.684366
2.553848
2.667696
1.207972
-0.118007
2.639212
-0.346113
-1.344214
8.552370
0.000000
35.549999
35.549999
35.549999
34.179348
16.032446
-9.012731
0.370709
-0.803314
-5.724917
-3.047945
-0.647760
2.275206
2.384177
0.948305
-0.086932
1.979834
-0.151262
-0.949253
-1.609238
0.000000
35.549999
35.549999
4.942621
30.194407
17.100851
-7.976335
0.083712
-0.953555
-5.846120
-2.632994
1.051911
1.868375
2.096070
0.987143
0.011898
2.340183
-0.571810
-1.581641
8.253709
0.000000
35.549999
35.549999
35.549999
23.818451
17.874617
-10.205567
-0.114597
-0.619854
-5.054147
-3.231193
-1.427533
0.657688
1.770383
1.400597
0.987538
1.190211
-0.665831
-1.016803
-1.255090
0.000000
35.549999
35.549999
35.549999
35.386055
18.035759
-10.428579
-0.150242
-0.674032
-3.787779
-2.227629
0.096078
0.499140
1.315738
0.694268
0.539934
1.428412
-0.957257
-1.564429
6.622061
0.000000
35.549999
35.549999
35.549999
34.790932
19.783842
-10.434834
-0.102936
-0.323839
-3.046649
-2.793083
-1.366130
0.170758
1.177271
1.127326
1.101944
1.220566
-0.560003
-0.962551
-1.134841
0.000000
35.549999
35.549999
35.549999
35.284935
14.433512
-10.333766
-1.098596
0.929494
-1.445795
-2.769905
0.244930
0.181893
0.965984
0.333365
-0.263531
1.333963
-0.452614
-1.680214
-2.049461
0.000000
35.549999
35.549999
35.549999
34.371983
18.126900
-9.912241
0.090178
-0.447627
-1.854164
-3.187338
-1.249403
-0.696943
1.011521
1.359268
0.890527
1.048252
-0.551578
-0.871131
-1.102692
0.000000
35.549999
35.549999
35.549999
35.208275
17.848185
-10.190027
-0.391060
-0.257732
-4.596719
-2.970104
0.398091
0.497499
1.495425
0.781190
0.117419
1.919054
-0.402830
-1.376351
-1.782307
0.000000
35.549999
35.549999
35.549999
28.429878
18.320633
-10.062350
0.170708
-0.404370
-4.110159
-3.210700
-0.698344
0.323208
1.400852
1.119116
0.676298
1.151379
-0.639257
-1.047480
-1.271433
0.000000
35.549999
35.549999
35.549999
35.549999
18.860687
-10.694937
-0.260762
0.139749
-2.872781
-2.778037
-0.054525
0.267663
1.227035
0.612172
0.489836
1.351753
-0.991434
-1.593548
7.072558
0.000000
35.549999
35.549999
35.549999
34.741356
20.548317
-10.225811
-0.217366
0.459611
-2.949181
-3.293265
-1.014247
-0.012093
1.137380
1.194736
1.184556
0.977303
-0.742372
-1.085539
-1.194471
0.000000
35.549999
35.549999
35.549999
34.999729
17.699713
-10.622043
-0.536081
0.299943
-2.357650
-2.912470
0.531189
0.111136
1.075660
0.487382
-0.069872
1.403541
-0.876610
-1.653175
-1.868019
0.000000
35.549999
35.549999
35.549999
34.279400
18.650755
-10.241073
0.340511
0.258149
-3.338482
-3.684234
-0.846540
-0.256168
1.038298
1.181838
0.720029
0.715102
-0.623823
-0.943079
-1.063818
0.000000
35.549999
35.549999
35.549999
35.400631
16.888302
-10.017084
-0.761427
-0.120743
-1.473138
-2.355222
0.852043
-0.081797
0.978450
0.333051
-0.400076
1.038614
-0.501432
-1.611553
-2.074399
0.000000
35.549999
35.549999
35.549999
34.104702
18.073093
-9.542676
0.551636
-0.241619
-4.469850
-3.712337
-0.449793
-0.447750
1.229768
1.419249
0.386501
0.752680
-0.424778
-0.900416
-1.181628
0.000000
35.549999
35.549999
35.549999
35.466717
15.731461
-9.641560
-0.445301
-0.550381
-3.738660
-2.829166
1.138228
-0.043219
1.177313
0.609250
-0.255148
0.995498
-0.488096
-1.258153
-1.939281
0.000000
35.549999
35.549999
35.549999
34.475555
16.890173
-9.171964
0.910121
-0.795089
-3.742121
-3.521904
0.395506
-0.575822
0.922941
0.966185
0.027221
0.750012
-0.459763
-1.015814
-1.325692
0.000000
35.549999
35.549999
35.549999
34.976437
15.329390
-9.218282
-0.405256
-0.608634
-3.263466
-2.842788
1.406651
0.019426
0.998818
0.343194
-0.559554
0.600283
-0.451864
-1.312488
-1.908953
0.000000
35.549999
35.549999
35.549999
30.134014
15.520777
-8.978274
0.684485
-0.293020
-3.940366
-3.673280
0.114941
-0.429737
0.921118
0.947055
-0.012556
0.240124
-0.308400
-0.871482
-1.483704
0.000000
35.549999
35.549999
35.549999
21.777071
15.531273
-8.259706
0.270089
-1.055466
-3.746392
-2.582595
1.503703
-0.240284
0.888545
0.607490
-0.138437
0.452447
-0.493935
-1.082131
-2.073535
0.000000
35.549999
35.549999
35.549999
35.128826
18.819046
-8.776894
0.814182
-0.210000
-3.939265
-3.700208
0.511000
-0.746533
0.915664
0.779114
-0.013425
0.562405
-0.477058
-0.927997
-1.702685
0.000000
35.549999
35.549999
35.549999
35.128815
16.706799
-9.419277
0.298197
-0.433383
-3.894837
-3.262795
0.753005
-0.432394
0.785291
0.572894
-0.057829
0.552457
-0.185775
-1.088569
-1.616283
0.000000
35.549999
35.549999
35.549999
7.556853
3.461130
-6.056221
-0.061028
-2.385501
-5.279680
-3.333230
1.486218
-0.021878
1.045061
0.475989
-0.616219
0.583526
-0.044823
-0.668898
-1.971690
0.000000
35.549999
35.549999
35.549999
14.548618
3.226404
-5.918547
0.075521
-2.568229
-5.250111
-3.436204
0.803196
-0.359646
0.855687
0.518964
-0.250079
0.595413
0.170007
-0.631491
-1.623559
0.000000
35.549999
35.549999
35.549999
2.942820
-5.208481
-1.298107
2.370590
-1.678568
-4.586614
-3.015374
0.774565
-0.340646
0.998467
0.265299
-0.305684
0.342330
0.315958
-0.377821
-2.090980
0.000000
35.549999
32.556446
35.514473
2.855917
-5.885357
-0.172970
2.594484
-1.852651
-4.436649
-2.758207
0.907902
-0.776572
0.896056
0.574577
-0.281344
0.664117
0.359107
0.149694
-2.293998
0.000000
35.549999
34.056053
35.549999
9.054054
-0.196237
-3.055089
0.430562
-3.173154
-5.170190
-3.270910
0.237860
-0.475919
0.865291
0.689037
-0.172025
0.729083
1.117345
-0.357884
-1.214646
0.000000
35.549999
33.645321
15.095436
2.953008
5.927689
-8.196665
-1.820636
-3.205912
-4.846820
-2.558839
0.600224
-0.299965
1.249948
1.219859
-0.028312
1.052403
0.575156
0.118059
-2.029153
0.000000
19.420694
35.549999
35.549999
15.974832
5.416824
-7.887440
-1.009683
-3.308787
-4.961733
-2.873988
-0.192238
-1.305686
0.573647
0.755820
1.158863
1.428456
1.128104
0.193853
-1.241961
0.000000
35.549999
30.279518
9.285229
2.960598
1.368285
-5.779988
-1.118968
-3.165972
-5.554319
-3.057225
0.896750
-0.200002
1.406361
1.680464
1.402780
0.938929
0.587886
0.141337
-2.235456
0.000000
35.549999
35.549999
35.549999
4.120803
3.429113
-6.695725
-1.374200
-2.675048
-4.431330
-2.086686
0.655781
-1.121628
0.403083
1.657685
2.044861
2.099640
-0.842148
-1.482343
-2.103456
0.000000
33.733582
30.858482
11.232600
2.918584
1.102601
-4.501613
-0.177378
-3.258634
-5.374353
-3.021031
0.690879
-0.681605
1.215778
1.419318
1.176590
1.268728
0.749753
0.478738
-2.123899
0.000000
35.217461
31.501911
3.796064
2.974375
-1.870971
-3.896555
-0.463572
-2.153268
-4.936120
-2.894410
0.011413
-1.419455
0.346175
2.212342
3.454046
3.183799
-1.376071
-1.910472
-2.065524
0.000000
32.347961
31.947823
15.947023
2.901741
0.191906
-4.340288
-0.202548
-2.467758
-5.626818
-3.484098
0.276122
-0.859036
1.172672
1.413256
1.507023
2.098822
1.168358
1.422812
-1.706758
0.000000
34.167202
29.726784
2.998302
2.936337
-6.299555
-2.283027
0.989262
-1.566627
-5.709024
-3.658360
0.741258
-0.486283
1.469020
1.697099
1.307303
1.042993
0.415609
0.515834
-2.065817
0.000000
34.614609
33.550251
26.891840
2.922538
-5.406285
-3.935274
0.516790
-1.627384
-4.979437
-2.932135
0.486900
-1.218558
0.478445
1.485882
2.180151
1.990461
-0.453479
-1.157300
-0.506731
0.000000
33.957211
31.348913
17.618694
2.932554
0.040003
-6.877151
-1.428047
-2.941233
-5.593983
-3.240041
1.065295
-1.030716
0.940595
1.455402
1.214153
1.565274
0.623415
0.511692
-1.727992
0.000000
35.549999
33.359341
19.775867
2.961342
-5.376601
-5.087664
0.013793
-2.172164
-5.088814
-2.912282
0.574309
-0.708893
0.701434
1.470187
1.848828
1.448102
-0.338644
-1.372472
-0.597247
0.000000
33.860760
31.681271
19.969784
2.922170
-0.094055
-6.070714
-1.094894
-2.506228
-5.220140
-3.252795
0.796538
-1.259767
0.892772
1.410153
1.281870
1.644067
0.531560
0.837760
-1.725526
0.000000
24.448296
34.937744
35.549999
2.940174
-1.007179
-6.609683
-0.938477
-2.419809
-5.634264
-3.138764
0.678977
-0.660563
0.772939
1.390103
1.782048
1.601893
0.163647
-0.940403
-0.909113
0.000000
28.885355
31.950777
26.782997
2.917940
0.958977
-6.780653
-0.990716
-2.723215
-5.755893
-3.576992
0.788168
-0.579047
1.105142
1.508567
1.069422
1.544690
0.895467
0.243516
-1.789607
0.000000
35.549999
33.600925
24.670469
2.956522
-5.381472
-4.480767
0.397966
-1.970014
-4.737757
-3.127577
0.691889
-0.900907
0.522618
1.496493
1.894480
1.355045
-0.593394
-1.393820
-0.373190
0.000000
25.843868
33.994495
30.612059
2.887504
-4.698156
-3.563202
0.377598
-1.888461
-4.378043
-3.224386
0.473447
-1.478263
0.482075
1.175591
1.469107
1.497101
0.182737
0.050648
-1.259467
0.000000
32.365273
33.332928
25.631277
2.942388
-0.167348
-8.307381
-2.271852
-2.702399
-5.852963
-3.912910
0.873470
-0.686457
1.193549
1.733382
1.372972
1.215966
0.603195
0.742043
-1.430028
0.000000
35.114746
33.871460
31.084316
2.944929
-2.985701
-6.679174
-1.141788
-1.888614
-5.761693
-4.056227
0.495758
-0.986476
0.961333
1.475351
1.691987
1.844472
0.117157
0.076054
-0.196068
0.000000
33.678574
31.326694
18.617092
2.947901
1.086245
-8.774475
-2.398998
-2.486080
-5.886975
-4.118541
1.027750
-0.708845
1.218785
1.810614
1.229768
1.318926
1.093515
0.782446
-1.690757
0.000000
28.234417
35.549999
35.549999
2.961408
-0.367523
-7.458817
-1.648478
-2.146038
-5.357814
-3.177831
0.352664
-0.788776
0.537394
1.555971
1.968193
1.780970
-0.305834
-1.237867
0.343089
0.000000
34.141483
32.131927
19.554993
2.947661
-0.585923
-6.732520
-1.755758
-2.724480
-5.269936
-3.392988
0.588323
-1.334239
0.873413
1.634342
1.797940
1.678944
0.255835
0.092528
-0.947182
0.000000
35.544987
34.708141
35.549999
3.002203
0.896093
-9.146388
-3.387841
-2.209214
-4.948127
-3.278040
0.555828
-1.110131
0.504325
1.819820
2.434098
3.229226
-0.961574
-0.848727
-1.372290
0.000000
26.857042
34.197098
35.549999
2.859567
-6.221014
-4.597430
0.843940
-1.193682
-5.658543
-4.508260
0.517265
-0.841495
1.020733
1.480346
1.346497
1.772219
1.202098
1.256882
-0.236371
0.000000
33.581219
27.820875
3.005131
2.967939
-8.874339
-5.117439
-0.065449
-1.205868
-5.681370
-4.465645
0.848797
-0.776354
1.152859
1.682479
1.151417
1.281740
1.038291
0.137945
-2.392878
0.000000
34.502415
35.549999
35.549999
2.946409
-3.439138
-6.117772
-1.229403
-2.028118
-5.026876
-3.072180
0.123671
-1.133931
-0.120911
1.585453
2.441165
2.766640
-0.603065
-2.398933
0.257382
0.000000
33.520317
30.398945
3.021700
2.938007
-8.781706
-1.992270
1.441853
-0.865018
-3.993380
-3.358702
0.138642
-1.588911
0.571244
1.527984
2.052075
2.230106
-0.216161
-0.984447
-0.953193
0.000000
33.505081
33.209553
29.349369
2.855684
-3.450182
-6.459294
-1.365727
-1.898004
-6.003625
-5.020327
0.406182
-0.715206
1.122811
1.715055
1.249533
1.539524
1.414901
1.669696
-1.279328
0.000000
35.549999
33.170181
20.546391
2.958893
-1.458966
-9.914790
-2.610891
-1.881748
-5.688767
-4.680188
0.704756
-0.437574
1.355926
1.951955
1.424993
1.387051
0.157895
0.082089
-1.059379
0.000000
35.549999
35.549999
35.549999
9.267915
6.563190
-11.907678
-4.308541
-2.041403
-4.885881
-3.294639
0.757577
-1.021597
0.655082
1.330966
1.314718
1.779687
0.537949
0.046456
0.456921
0.000000
35.329910
32.355377
10.700508
2.967776
-8.687246
-4.742110
-0.018178
-1.601466
-5.290692
-4.520509
0.531770
-0.713883
1.037724
1.791590
1.754854
3.002146
-0.648064
0.121538
-1.302778
0.000000
34.850239
35.201206
35.549999
2.842976
-3.406277
-7.756639
-1.309140
-1.390411
-5.856082
-5.356500
0.301150
-0.429054
1.204641
1.855652
1.274394
1.367403
0.962128
1.181123
-0.496649
0.000000
35.437546
32.131180
11.685863
2.956345
-8.958247
-4.782254
0.179647
-0.265539
-5.344667
-4.880307
0.156544
-0.861167
0.916703
1.645132
1.430013
2.132605
0.203884
-0.142287
-0.593084
0.000000
34.701355
34.161171
31.651829
2.900470
-2.890951
-8.048041
-1.905744
-1.389208
-5.790982
-5.248549
0.314119
-0.590532
1.041659
1.844857
1.378387
1.685304
0.945779
0.825907
-0.623990
0.000000
35.549999
33.556705
22.507698
2.953621
-4.295083
-8.529812
-2.077325
-1.814107
-5.497752
-4.951541
0.206914
-0.480110
1.209665
2.095154
1.862445
2.736671
-0.166303
-0.222592
-1.050247
0.000000
28.663563
35.549999
35.549999
4.295283
-0.483158
-9.272632
-2.204344
-1.967276
-5.897924
-5.358991
0.201511
-0.288054
1.239868
1.894813
1.263254
1.620347
1.352906
1.650187
0.175438
0.000000
35.549999
32.805069
3.008102
2.970406
-8.665565
-5.009723
0.257549
-0.554073
-5.266576
-5.075295
0.426269
-0.399767
1.298183
2.009760
1.342174
1.633596
0.051496
-0.050089
-1.433321
0.000000
35.549999
35.549999
35.549999
2.867822
-3.844191
-7.193518
-1.313204
-1.399428
-6.123192
-4.648312
0.132710
-1.073223
0.580984
1.474614
1.585611
2.480369
0.536767
-0.049984
0.602295
0.000000
35.549999
33.954548
3.038873
2.999397
-8.240755
-5.078169
-0.640400
-1.010237
-5.552405
-5.043715
0.645052
-0.268201
1.367154
2.273362
1.710021
2.076205
0.321752
-0.368942
-2.931293
0.000000
35.549999
35.549999
35.549999
2.919541
-9.469777
-5.139548
0.243137
-0.537384
-5.624220
-4.918536
-0.114737
-0.835684
0.679437
1.469317
1.700502
3.098905
0.471116
-0.211403
-0.160666
0.000000
34.236225
30.301199
2.977055
2.894291
-8.969040
-2.393230
2.441244
0.040924
-5.138983
-4.724025
0.576527
-0.612333
1.291437
1.678450
1.077990
1.202128
0.741040
1.211159
-1.699243
0.000000
35.549999
34.097126
24.232601
2.880669
-3.068203
-8.230803
-1.603979
-2.288570
-6.436936
-4.390522
0.218822
-0.590229
1.177526
1.722850
1.256080
1.653798
0.170551
0.327482
-1.406200
0.000000
35.549999
35.549999
35.549999
5.484499
6.571138
-12.653225
-3.970985
-2.790721
-6.000140
-3.837905
0.709557
-0.072268
1.333569
1.810027
0.968266
0.694669
0.846900
0.592756
-1.380382
0.000000
35.549999
34.259834
30.330784
2.942061
-4.677066
-6.945025
-0.486287
-1.535419
-6.118674
-4.575678
0.582422
-0.353513
1.273782
1.447551
1.014711
0.635079
0.865126
0.096297
-1.913178
0.000000
35.549999
33.289211
30.682064
2.843349
-0.425345
-8.178098
-0.863988
-1.918157
-6.442211
-4.905596
0.297622
-0.243621
1.176444
1.417486
0.694501
0.262789
1.346140
0.289230
-1.196317
0.000000
35.549999
35.549999
27.590366
2.949397
-6.947707
-5.156787
0.300838
-1.004485
-5.006037
-4.274493
-0.028610
-0.964333
0.922515
1.119336
0.951226
1.170257
0.265054
-0.075585
-1.532049
0.000000
35.549999
33.958092
35.549999
8.957618
6.825148
-10.586555
-2.905433
-2.130654
-5.239886
-4.035383
-0.083261
-0.886088
0.671769
0.965009
0.567967
0.914812
1.691058
0.574253
-0.829351
0.000000
35.549999
35.549999
11.271738
2.989846
1.913073
-11.048356
-3.490665
-2.021913
-5.216450
-3.714296
0.675891
-0.553112
1.002762
1.248621
0.569753
0.879339
0.608567
-0.275806
-1.858892
0.000000
35.549999
35.549999
35.549999
10.995683
6.614916
-10.912465
-2.973086
-2.423036
-5.270040
-3.739578
0.131020
-1.231179
0.812634
1.265724
0.760490
1.196224
0.897111
0.586865
-1.128317
0.000000
35.549999
35.341774
28.866865
2.952605
5.973476
-11.879643
-3.549024
-2.366285
-5.583100
-3.835766
0.863791
0.032998
1.114826
1.299249
0.565481
0.387535
1.251119
-0.418291
-1.446320
0.000000
35.549999
35.549999
27.910778
2.967865
3.029490
-10.848818
-2.879181
-0.865156
-4.509239
-4.212212
-0.404708
-0.879376
0.841665
0.886835
0.386766
0.809916
0.891407
0.244918
-1.332642
0.000000
35.549999
35.130558
25.155785
2.910497
2.025648
-9.164118
-1.630925
-1.906239
-5.618504
-4.341534
0.148232
-0.586025
0.738437
0.995155
0.689094
0.720172
1.288895
-0.253150
-1.066936
0.000000
35.549999
35.549999
29.694275
2.401616
35.549999
35.549999
35.549999
35.549999
35.549999
35.549999
29.875875
30.933928
31.129375
30.547373
30.141413
29.345280
27.774794
26.348402
24.772717
4.289663
0.550261
-0.392771
11.893554
-27.662170
-10.305112
-1.289976
0.962891
-1.031107
-2.007063
-0.337304
3.122770
3.893819
2.409847
0.287287
3.959150
2.315944
-1.099428
0.000000
35.549999
35.549999
35.398094
34.006886
23.572277
-22.920113
-9.115522
-1.317240
-1.068892
-3.856585
-3.509545
-1.359300
0.957751
2.949310
2.602272
-0.050946
1.563429
3.272722
-0.377620
0.000000
35.549999
35.549999
35.549999
3.000325
19.169315
-22.196362
-8.017537
-1.440062
-1.681784
-4.756447
-3.605584
-0.934619
1.722075
2.147043
3.424523
0.269226
1.893807
2.186351
-0.609598
0.000000
19.024826
35.549999
2.905035
2.950891
-15.237472
-5.751348
-0.480078
0.817529
-1.182783
-6.751152
-4.760370
0.117408
2.947533
3.640736
2.661324
-0.434849
-0.015390
3.329960
-1.487204
0.000000
34.388645
35.549999
21.459290
2.942158
-5.944945
-18.879604
-8.215062
-3.441469
-5.244060
-6.400113
-1.760961
1.257493
2.305876
3.438714
3.482256
0.389223
1.681850
1.358109
-2.166508
0.000000
35.549999
35.549999
8.596962
2.969432
-13.752475
-13.591152
-5.680172
-3.850910
-4.779086
-6.224997
-2.707909
1.593434
3.181335
3.725078
3.568247
0.278372
1.534935
1.401323
-2.000020
0.000000
35.549999
35.213448
29.160587
2.897575
-11.317356
-20.282791
-8.461577
-2.762294
-3.823802
-5.881424
-3.208703
0.498307
2.997154
4.119270
3.764112
0.191743
1.963215
1.081206
-1.694860
0.000000
35.549999
35.240509
3.016954
2.979288
-14.703719
-13.798244
-4.578580
-2.024553
-3.841502
-6.991222
-3.960256
0.275245
2.929797
4.278279
3.131003
-0.268418
1.725261
0.098416
-1.169590
0.000000
35.549999
35.549999
12.763408
2.969069
-15.194833
-7.329305
-0.880587
-0.283190
-3.056455
-7.392561
-4.730574
-0.307687
3.598968
4.380701
3.236767
0.073975
2.211189
0.522566
-1.814665
0.000000
35.549999
35.101501
34.733738
2.998121
-13.912781
-20.061525
-7.506594
-2.281479
-2.955941
-6.065007
-4.214151
-0.428918
2.506549
3.754104
3.295518
-0.166775
1.669658
0.388438
-1.534408
0.000000
35.549999
34.963932
2.985581
2.969885
-15.673794
-6.215040
-0.188915
1.309129
-1.063750
-7.774086
-5.287300
-0.074233
3.457116
4.330761
2.332929
-0.519543
1.181247
0.743456
-1.253167
0.000000
35.549999
35.549999
17.545662
2.957251
-14.456682
-8.273574
-0.862740
-0.081923
-2.738325
-7.306320
-4.698802
-0.381775
3.439210
3.577602
2.676078
-0.022668
1.885221
1.070617
-1.367901
0.000000
35.549999
35.549999
35.376785
2.951141
13.620934
-23.042652
-8.193624
-1.786934
-2.388823
-5.357249
-3.711618
-0.737096
1.708397
3.026282
2.774882
-0.184155
0.706074
2.404341
-0.223120
0.000000
20.148220
35.549999
2.896052
2.967343
-15.537001
-5.591743
-0.786479
0.575735
-1.598412
-7.062152
-4.559999
0.531417
3.213372
3.655981
2.663149
-0.155077
1.969231
-0.007449
-2.150717
0.000000
35.549999
34.867615
34.635487
2.956450
-14.735617
-18.086575
-6.170801
-1.807718
-2.807786
-6.607220
-4.856731
-0.749628
1.918532
3.268794
3.191605
0.121892
1.093235
1.392938
-0.698446
0.000000
19.733850
35.549999
2.931594
2.984753
-14.971313
-5.879952
-0.328166
1.025626
-1.304319
-7.008343
-5.196613
-0.012746
2.982519
3.677995
2.471065
-0.244437
0.489222
1.894060
-0.859593
0.000000
35.549999
35.549999
35.549999
2.957576
-12.128565
-21.275990
-8.334085
-3.155784
-3.774896
-6.145556
-4.026514
-0.142205
1.978888
3.575696
3.345030
0.106318
1.938764
0.574055
-1.435041
0.000000
35.549999
35.549999
3.002160
3.000869
-14.883686
-5.831801
-0.216064
0.961929
-1.837987
-7.696933
-5.295041
0.058546
3.330196
4.225573
3.179245
-0.067604
1.553907
0.153297
-1.783500
0.000000
35.549999
35.324390
34.747578
2.974574
-14.486063
-16.498081
-5.341064
-1.338238
-2.578967
-6.909721
-5.121807
-0.601781
2.255585
4.118817
2.511122
-0.305154
1.643635
0.448319
-1.062762
0.000000
28.575584
35.549999
2.952040
2.998141
-16.079588
-6.033584
-0.744187
1.496679
-0.155096
-6.438379
-5.472969
-0.476142
3.528384
3.338073
2.170983
-0.357434
2.716686
-0.200612
11.828641
0.000000
35.549999
34.966145
34.750378
4.115829
15.998070
-23.487459
-8.274509
-1.284062
-2.275522
-4.995672
-3.662893
-0.678442
1.116245
2.904824
2.031413
-0.447167
1.210567
0.945115
-0.443534
0.000000
22.230532
35.549999
2.903486
3.000365
-16.123907
-5.557208
-1.136068
1.064344
-0.568313
-6.416657
-4.630494
0.484223
3.650175
3.247175
1.860029
-0.457312
2.851840
0.137781
12.029978
0.000000
35.549999
35.207222
34.902733
16.128084
22.574852
-22.294363
-8.604929
-1.502721
-1.982147
-4.888950
-3.248999
-0.643003
1.277426
2.542040
2.826838
-0.165075
0.080556
2.426057
0.150834
0.000000
20.384413
35.549999
2.973733
3.001745
-14.645714
-5.537530
-1.113651
0.540178
-1.391159
-7.070496
-4.910039
0.673032
3.291819
3.525698
2.544168
0.022906
1.961454
-0.049782
-2.172760
0.000000
35.549999
35.549999
35.070862
2.969419
-13.253063
-22.133249
-8.417034
-1.660052
-1.947564
-5.414166
-4.453967
-0.507208
1.798916
3.162726
3.201954
0.113059
0.991905
0.706210
-1.053287
0.000000
35.549999
35.549999
2.936686
2.999239
-15.382389
-6.139268
-0.442473
1.612689
-0.792419
-7.114479
-5.447379
0.045465
2.695282
3.475854
2.196023
-0.333418
0.764711
1.060648
-0.983096
0.000000
35.549999
35.549999
35.549999
2.951321
-14.460535
-9.480822
-1.736962
0.086374
-2.345355
-7.496160
-5.391169
0.143742
2.811254
3.424975
2.490745
-0.036405
0.504753
1.398606
-0.813402
0.000000
35.549999
35.549999
35.549999
3.015317
-12.446337
-21.005281
-8.411151
-1.905096
-1.914351
-5.188498
-4.366631
-0.267662
2.343544
3.085943
2.648900
-0.014096
2.124180
0.228684
-1.644323
0.000000
35.549999
35.549999
35.266426
2.934075
-1.704221
-22.776972
-8.370092
-1.834841
-2.393929
-5.499362
-4.205393
-0.738244
1.410351
2.940079
2.585687
-0.017890
0.648042
2.009013
-0.021526
0.000000
21.247709
35.549999
2.988326
3.004773
-15.054180
-5.745539
-1.110669
1.088248
-0.570496
-5.735279
-4.552924
-0.346710
3.281462
3.061421
1.487044
-0.798987
1.567658
2.725847
14.448027
12.280747
0.000000
35.549999
35.549999
34.732166
32.890263
12.846817
-11.002849
-1.392046
-2.305935
-4.818178
-2.701331
-1.471636
0.310117
2.306144
2.384359
-0.582267
0.481342
2.795283
0.582514
-1.073050
0.000000
35.549999
35.549999
2.983689
2.957636
-5.085806
-2.715100
0.928160
-0.088003
-6.372670
-5.582537
0.014531
3.319451
3.649634
2.527762
-0.379208
0.940382
0.866705
-1.707390
11.299952
0.000000
35.549999
35.411510
2.982775
2.941578
0.029847
-6.410412
-1.415848
-2.485306
-6.601496
-4.876301
-0.899040
2.822341
3.619796
2.346910
-0.408266
0.824220
1.987337
-0.540606
-1.565171
0.000000
35.549999
35.549999
18.874720
33.202171
14.483469
-10.355199
-1.935653
-2.722388
-5.564658
-2.745387
-0.925696
2.009390
2.793793
2.161111
-0.922744
1.505228
2.194528
0.067685
-1.147239
0.000000
35.549999
35.549999
3.005521
2.993147
-1.372626
-4.887251
-1.158070
-2.221514
-6.750635
-4.285877
0.745640
2.992868
2.963840
2.130496
-0.726632
0.683271
0.964586
-1.266572
-2.191549
0.000000
35.549999
35.549999
2.979972
2.944543
3.206039
-8.900045
-1.863080
-2.211104
-6.082252
-4.694029
-0.439572
2.366901
3.181628
2.065626
-0.609589
2.286240
-0.305142
-1.447136
9.189477
0.000000
35.549999
35.549999
9.205612
18.277069
12.380363
-10.567288
-1.568395
-2.687463
-5.335101
-3.449975
-1.184000
1.475547
2.437407
1.938489
-0.631909
0.899273
2.148276
0.107685
-0.929240
0.000000
35.549999
35.549999
3.004059
2.993035
4.448063
-8.974189
-3.298161
-2.303516
-5.633444
-4.008216
0.415289
2.417181
2.765182
2.246518
-0.402031
1.279466
0.078548
-1.506728
-2.142390
0.000000
35.549999
35.549999
2.974593
2.935236
2.960436
-8.708529
-1.821021
-2.469175
-6.202127
-4.754835
-0.211670
2.509156
3.021917
2.169971
-0.601137
1.853731
-0.164188
-1.370257
11.332858
0.000000
35.549999
35.549999
9.339776
23.703674
11.879812
-10.650458
-1.393604
-2.218261
-5.189417
-3.498315
-0.815892
1.830117
2.631681
1.623639
-0.978277
1.217653
1.068584
-0.463527
-1.212262
0.000000
35.549999
35.549999
3.006032
17.944464
13.576435
-9.774905
-2.072609
-1.456189
-4.715875
-3.419284
-0.146937
2.221129
2.773550
1.578232
-0.980373
2.089822
-0.592560
-1.448312
8.640058
0.000000
35.549999
35.549999
17.039713
16.823414
12.007196
-10.659476
-1.263220
-2.533229
-5.273004
-3.714307
-0.941612
1.523689
2.199259
1.522916
-1.013733
1.758563
-0.175377
-0.809171
-1.180881
0.000000
35.549999
35.549999
3.012880
2.996054
8.593531
-9.299696
-2.455396
-0.910928
-4.506597
-4.329832
-0.117596
2.214303
2.566963
1.111211
-1.184659
1.656464
-0.617456
-1.355514
7.921555
0.000000
35.549999
35.549999
34.197384
28.575348
9.805725
-10.798629
-0.529653
-1.857737
-4.785287
-4.051788
-1.829817
0.483571
1.876284
0.979173
-1.017687
1.335030
-0.068255
-0.438687
-0.702175
0.000000
35.549999
35.549999
2.992610
2.979713
11.274843
-8.868898
-2.392102
-0.407753
-3.814950
-3.548374
-0.393247
1.834315
2.193822
0.837434
-1.159738
0.958117
1.465073
-0.559720
9.206388
0.000000
35.549999
35.549999
35.549999
33.671864
15.504642
-10.197341
-0.815954
-1.372114
-3.978902
-3.394084
-2.317182
-0.100082
2.143816
1.643751
-0.396637
0.773493
1.564171
0.023926
-0.647274
0.000000
35.549999
35.549999
13.930998
35.075726
14.238213
-9.573327
-2.601846
-1.334708
-4.378410
-3.076762
0.402104
2.340215
2.366136
1.715005
-0.691788
-0.239596
1.708580
-0.509198
-1.658611
0.000000
35.549999
35.549999
3.016914
2.971670
3.492170
-8.846455
-2.767462
-1.841927
-5.602478
-4.437648
0.280737
2.376092
2.479342
1.751293
-0.489599
-0.477830
2.002433
-0.357153
-1.375633
0.000000
35.549999
35.549999
10.546337
32.692551
12.315563
-10.046198
-1.957623
-2.196258
-5.317929
-2.849283
-0.166260
1.222735
2.248047
1.973741
-0.312844
0.681828
1.426248
-0.186123
-1.156528
0.000000
35.549999
35.549999
2.994986
2.984519
9.972954
-9.242385
-2.648530
-2.525768
-5.530874
-3.323814
0.490057
1.852860
2.438756
2.207446
-0.114310
0.199240
0.796678
-0.599097
-1.457390
0.000000
35.549999
35.549999
26.902145
34.715099
12.143360
-10.375319
-1.712086
-2.296898
-5.367151
-3.078133
-0.171508
1.381591
2.035669
1.849872
-0.580461
0.160529
1.620614
0.178434
-1.248451
0.000000
35.549999
35.549999
3.012053
2.977437
6.825729
-8.995256
-2.773904
-2.371098
-5.797118
-4.164402
0.544734
2.344401
2.499009
2.005568
-0.109553
0.071716
0.763650
-0.811059
-1.503733
0.000000
35.549999
35.549999
35.549999
34.473297
12.527935
-10.333436
-1.304675
-1.593926
-4.977441
-3.604172
-0.484406
1.258327
1.894969
1.673193
-0.622673
-0.292369
2.174675
0.220682
-0.894706
0.000000
35.549999
35.549999
2.992702
2.987195
4.587519
-8.702568
-2.825908
-2.794456
-5.888222
-4.050378
0.194704
1.716438
2.323789
2.198423
-0.104087
0.152514
1.043611
-0.343118
-1.304106
0.000000
35.549999
35.549999
35.549999
34.284508
12.413624
-10.027733
-1.202325
-2.024091
-4.737976
-3.637595
-0.949776
-0.063804
1.737563
1.643814
0.277939
0.863706
1.890781
0.749883
-0.904688
0.000000
35.549999
35.549999
2.810470
2.990862
11.679693
-8.679606
-2.449469
-1.345219
-5.001413
-4.262535
-0.411523
2.436542
2.607563
1.987540
0.062860
0.642241
1.012903
-0.975804
9.842634
0.000000
35.549999
35.549999
35.549999
33.667889
13.643433
-10.254933
-0.940718
-1.871028
-4.980200
-3.734797
-0.957379
0.079470
1.792078
2.051005
0.622559
0.604265
1.216945
0.149805
-0.965297
0.000000
35.549999
35.549999
3.027424
2.968988
-4.535315
-1.843063
1.241795
-1.025764
-6.313466
-5.410114
0.442797
2.518687
2.674485
2.004599
-0.333929
-0.070141
1.230206
-0.870144
-1.905475
0.000000
35.549999
35.549999
35.549999
33.179424
11.125687
-10.541223
-1.073218
-2.306663
-5.237418
-3.621485
-0.797699
-0.126137
1.483572
1.797948
0.110384
0.741110
0.877166
0.451569
-0.863978
0.000000
35.549999
35.549999
2.952205
2.976326
15.391062
-9.591887
-3.078379
-1.415075
-4.071793
-3.410058
0.204239
1.898599
2.210777
1.668046
-0.213077
-0.639024
2.286227
-0.176051
-1.290794
0.000000
35.549999
35.549999
35.549999
34.734570
15.155224
-12.542216
-2.762362
-2.000574
-4.771504
-3.445949
-0.693867
-0.413460
1.598602
2.150647
0.253922
0.297783
1.667949
0.519023
-0.719884
0.000000
35.549999
35.549999
6.043957
3.001498
15.786514
-10.087045
-3.270082
-1.541903
-4.077234
-3.255893
0.112624
1.239212
2.195942
2.141843
0.016335
-0.340544
1.847236
0.103882
-1.426377
0.000000
35.549999
35.549999
35.549999
35.053726
13.809196
-12.139927
-2.656973
-1.641421
-4.138741
-3.684199
-0.801942
-0.570870
1.416268
1.688699
0.440392
0.382525
1.778591
0.816908
-0.698111
0.000000
35.549999
35.549999
16.317007
5.587759
16.273943
-10.083019
-2.633498
-0.773563
-3.940482
-3.814219
-0.733073
1.364285
2.217425
1.743297
0.017605
0.135065
1.644513
-0.288262
8.193867
0.000000
35.549999
35.549999
35.549999
34.489407
12.921572
-12.362971
-2.702003
-1.658131
-4.401407
-3.425862
-0.330883
-0.865401
1.214689
1.756314
-0.092621
0.059156
1.336338
0.669056
-0.689825
0.000000
35.549999
35.549999
16.692604
2.989892
16.100981
-10.364372
-3.182205
-1.386050
-4.192953
-3.598415
-0.065135
1.154175
2.023059
1.884846
-0.111828
-0.235556
1.749449
0.080461
-1.315832
0.000000
35.549999
35.549999
35.549999
34.461517
11.422132
-11.355186
-2.471983
-0.562981
-3.785712
-4.056127
-0.470616
-0.028108
1.326664
1.345903
-0.682440
-0.285393
1.414929
0.463973
-1.029522
0.000000
35.549999
35.549999
35.549999
25.748375
12.601456
-11.232071
-2.791052
-0.756506
-3.611278
-3.921747
-0.812399
-0.589015
0.952353
1.200722
0.004552
0.256449
1.771975
0.432485
-0.489266
0.000000
35.549999
35.549999
29.122814
20.380207
14.935373
-10.475195
-2.922842
-0.008895
-3.709471
-4.419667
-0.776527
0.625456
1.744321
1.448070
-0.422695
0.460369
1.030739
-0.309906
-0.969262
0.000000
35.549999
35.549999
35.549999
34.674072
11.256649
-11.450909
-2.689309
-0.584590
-3.964059
-3.894931
-0.687642
-0.806199
1.066333
1.307493
-0.709782
-0.289803
1.373260
0.721539
-0.386424
0.000000
35.549999
35.549999
35.549999
20.214809
14.476210
-10.895769
-2.500806
-0.678007
-3.435269
-3.863700
-0.977572
0.003863
1.300006
1.383127
-0.159502
-0.194997
1.760852
0.453825
-0.728967
0.000000
35.549999
35.549999
35.549999
35.549999
11.767830
-11.320180
-2.869877
0.246503
-2.954860
-4.144894
-0.626150
-0.082963
1.192435
1.220392
-0.732714
-0.500172
1.322827
0.250583
-0.869753
0.000000
35.549999
35.549999
35.549999
34.782150
11.247139
-11.406362
-2.693966
-0.419220
-3.339782
-3.864578
-0.981236
-1.259980
0.497365
0.834971
0.209935
-0.128178
1.744031
1.298592
-0.262896
0.000000
12.627078
35.549999
32.590576
11.544878
16.421886
-9.890160
-2.064881
0.296698
-3.382352
-4.414081
-1.430179
0.427513
1.406924
1.386525
0.147008
0.589992
1.346312
-0.232259
-0.918011
0.000000
35.549999
35.549999
35.549999
35.230774
12.148026
-11.666785
-2.776635
0.360777
-3.190602
-4.019302
-1.011469
-0.465825
1.251028
1.596726
-0.617245
-0.940611
1.450893
0.494891
-0.578589
0.000000
35.549999
35.549999
35.549999
35.199272
12.862104
-11.467054
-2.731771
-0.759658
-3.523870
-3.738498
-0.938203
-1.107198
0.637242
1.042360
0.302988
0.125695
1.321274
1.199295
-0.183854
0.000000
12.315364
35.549999
22.330639
2.929150
13.455523
-10.157746
-2.552397
-0.145741
-3.532241
-4.592013
-1.506066
0.980919
1.647305
1.398068
0.253149
0.087579
1.916583
-0.144831
-0.956214
0.000000
35.549999
35.549999
35.549999
35.231277
13.927490
-11.773434
-2.589109
0.383099
-3.018021
-3.990445
-1.333518
-0.718558
1.275390
1.920394
-0.107656
-0.295946
0.442604
-0.187757
-0.670928
0.000000
35.549999
35.549999
35.549999
34.969833
16.442154
-11.962225
-1.998649
-0.705388
-3.048305
-3.586688
-1.041100
-1.360447
0.587408
1.067096
0.394784
0.296826
1.862279
1.479178
-0.123659
0.000000
12.087582
35.549999
15.582431
2.992560
10.933075
-10.115860
-3.374542
-0.849128
-4.341005
-5.315340
-1.058780
1.676142
2.119279
1.747409
0.204023
-0.179698
2.267582
-0.175537
-1.085176
0.000000
35.549999
35.549999
35.549999
35.375637
18.688139
-11.101669
-1.848402
-1.117057
-4.167585
-3.456269
-0.577669
-1.243280
1.304241
2.191510
1.525793
0.139370
0.829997
0.051767
-0.755538
0.000000
35.549999
35.549999
35.549999
35.549999
14.777468
-11.436782
-3.411727
-0.563253
-3.058836
-3.438246
-1.026758
-0.429851
1.132884
1.409713
0.689944
2.003851
0.367545
0.602793
-1.289256
0.000000
35.549999
35.549999
18.870903
2.803634
14.006065
-10.677558
-2.732546
-0.304554
-3.446971
-4.039927
-0.854298
0.700481
1.662804
1.269157
0.175713
0.097642
1.100430
-0.413422
-0.906802
0.000000
35.549999
35.549999
35.549999
34.847240
13.609762
-11.540116
-2.771793
0.375137
-3.081768
-3.818591
-1.167430
-0.942496
1.015407
1.583554
-0.278831
-1.115655
1.193096
0.489492
-0.419669
0.000000
35.549999
35.549999
35.549999
35.437443
13.559494
-11.296002
-2.859556
-0.273012
-3.188447
-3.579647
-0.977740
-0.886929
0.737531
1.050781
0.160819
0.047203
1.215716
0.662385
-0.144207
0.000000
12.122082
35.549999
35.549999
25.649601
14.737165
-10.666977
-2.202706
0.071660
-2.735928
-3.915534
-1.767813
-0.136419
0.974711
0.982439
-0.260745
0.432258
1.376523
-0.147321
-0.782192
0.000000
35.549999
35.549999
35.549999
34.555725
11.606110
-11.321350
-2.875715
1.068189
-1.712853
-3.609963
-1.249389
-1.158302
0.758699
1.433487
-0.999345
-0.948045
0.425458
0.275322
-1.027634
0.000000
35.549999
35.549999
35.549999
35.549999
15.671246
-10.877977
-2.325856
-1.198572
-3.261509
-3.386552
-0.920108
-1.650768
0.324839
0.762228
0.504198
1.537730
1.056674
0.964877
-0.196461
0.000000
35.549999
35.549999
35.549999
7.496151
6.311007
-10.928119
-3.711971
-0.697350
-3.982905
-4.973102
-1.105330
0.832151
1.435917
1.479498
-0.172665
-0.750604
2.142713
0.365887
-1.035323
0.000000
35.549999
35.549999
35.549999
33.977024
10.411690
-11.687449
-3.029743
0.443196
-2.735217
-3.702908
-0.897293
-1.213607
0.808099
1.317646
-0.447160
-0.414243
0.695860
0.521127
-0.403244
0.000000
35.549999
35.549999
35.549999
35.549999
14.166855
-10.898193
-2.519442
-0.699403
-2.826864
-4.000145
-1.544468
-1.452933
0.481204
0.693613
0.494456
1.825162
1.751561
1.149494
-0.336500
0.000000
35.549999
35.549999
32.778938
16.072248
5.751736
-11.137781
-3.901596
-0.545421
-3.740800
-4.714592
-1.507006
0.546484
1.544913
1.210287
-0.521391
-0.066264
2.038562
0.033983
-0.827852
0.000000
35.549999
35.549999
35.549999
34.057770
10.456480
-11.971656
-3.413142
-0.232049
-3.268525
-3.289641
-0.936664
-1.815157
0.790979
1.553674
-0.102605
-0.054267
1.096628
0.290860
-0.309657
0.000000
25.841473
35.549999
35.549999
17.558636
15.881548
-10.759992
-3.203054
-1.014565
-3.494039
-3.956525
-1.180646
0.205677
1.303541
1.122719
0.307046
0.285560
1.742585
3.044683
-0.116710
0.000000
35.549999
35.549999
35.549999
20.401859
13.501953
-11.549667
-3.035272
0.453395
-1.759999
-3.219345
-1.904972
0.339937
1.622946
1.302880
-0.331422
0.487008
1.399564
-0.175994
-0.874089
0.000000
35.549999
35.549999
35.549999
34.421219
11.589251
-12.094861
-3.303457
-0.306679
-2.928983
-3.552876
-1.615326
-1.949224
0.926586
2.067883
0.047749
0.119352
1.314531
0.559172
-0.607303
0.000000
35.549999
35.549999
35.549999
35.549999
15.309374
-8.858935
-1.855315
-1.105920
-3.676611
-3.628801
-1.621889
-0.228613
0.948918
1.384026
0.693346
0.631460
1.321202
1.808875
1.650546
0.000000
35.549999
35.549999
15.259686
1.131444
6.328945
-9.464389
-1.964472
-1.008730
-3.950934
-5.011564
-1.424968
1.416206
1.834418
1.130997
-0.177083
1.892802
2.664629
-0.258528
12.369922
0.000000
35.549999
35.549999
35.549999
34.940548
21.549133
-8.495878
-1.086533
-0.006883
-0.912108
-2.387863
-1.839390
-2.525322
1.034809
2.640004
2.401182
1.292132
0.816482
-0.843185
11.445131
0.000000
35.549999
35.549999
35.549999
35.549999
20.076542
35.549999
35.549999
35.549999
35.549999
35.549999
35.549999
26.575415
27.066448
27.195608
29.153044
30.006809
28.882313
27.569792
25.859287
24.514677
23.231876
22.672102
14.459251
-14.009176
-6.618440
-2.573653
-1.073273
-1.595066
-2.644374
-3.541706
-0.318308
2.432078
3.159452
3.055728
1.334672
4.497167
4.463009
0.676624
0.000000
35.549999
35.549999
35.549999
35.549999
28.078552
-20.442616
-9.831882
-1.935863
-0.568902
-3.160778
-4.558146
-1.888766
0.420014
2.546943
3.338488
1.305034
3.776019
0.631389
-1.422115
0.000000
35.549999
35.549999
35.549999
35.549999
22.658875
-22.426241
-10.143253
-1.982990
-0.108905
-3.851516
-4.356473
-1.561414
1.391231
3.815618
2.898357
0.151286
2.456990
2.196487
-1.121131
0.000000
35.549999
35.549999
35.500980
33.588230
20.211882
-24.651108
-10.399659
-1.071190
0.701797
-3.965302
-5.108400
-2.235309
0.880582
3.014783
3.034680
0.043929
2.056118
0.534975
-0.199434
0.000000
21.681429
35.549999
2.886354
2.997603
-17.521618
-11.531870
-4.701596
1.311329
2.041481
-6.427339
-6.384011
-2.204537
2.876120
3.506945
2.495332
-0.222373
2.320243
-0.491176
-1.268721
0.000000
35.549999
35.549999
35.549999
17.868631
16.982229
-25.309616
-10.041221
-1.354178
0.052593
-5.205938
-5.628320
-2.722465
1.149448
3.120499
2.593204
0.014279
2.639526
0.111596
-0.847857
0.000000
35.549999
35.549999
28.245777
3.033149
-8.602585
-22.682533
-9.521878
-2.553708
0.813143
-4.737150
-5.880480
-2.216463
2.324073
3.031510
2.290755
0.035240
2.099744
0.063648
-1.136767
0.000000
35.549999
35.549999
35.549999
34.062115
19.130379
-25.393867
-10.184434
-1.035501
1.013036
-4.177959
-5.605430
-2.480571
1.097762
2.629447
2.226614
-0.073883
2.430693
0.064102
-0.790126
0.000000
35.549999
35.549999
35.549999
3.005427
-4.168433
-24.065706
-9.235701
-1.765058
1.705256
-4.335196
-5.926143
-2.337773
1.585635
2.620154
2.039621
-0.064894
2.036544
-0.120242
-0.920162
0.000000
35.549999
35.549999
35.549999
29.927422
18.481251
-25.037991
-9.590252
-0.854234
1.189660
-4.304325
-5.547761
-2.338776
1.286242
2.370372
1.675537
-0.282927
2.171671
0.169521
-0.594453
0.000000
35.549999
35.549999
35.549999
2.988998
10.604786
-23.988932
-9.072914
-1.438155
1.659732
-3.942750
-5.446992
-2.070794
1.653986
2.317665
1.778230
-0.167785
2.057617
-0.171243
-0.886408
0.000000
35.549999
35.549999
35.549999
35.129742
19.600979
-24.972527
-9.565875
-0.633068
0.872183
-4.055755
-5.053981
-2.063407
1.229118
2.033509
1.608268
-0.251796
2.261672
-0.054634
-0.776942
0.000000
35.549999
35.549999
35.549999
18.609224
18.614719
-24.227295
-9.228603
-1.433288
2.027876
-3.556687
-5.301901
-1.669580
1.822205
2.007103
1.381512
-0.488577
2.030159
-0.118044
-0.916652
0.000000
35.549999
35.549999
35.549999
34.795750
18.178009
-25.260563
-9.541409
-1.293571
2.272792
-3.628495
-5.062362
-1.581603
1.416165
1.786336
1.151282
-0.517520
2.117933
0.033161
-0.771009
0.000000
27.795956
35.549999
35.549999
33.028572
17.779217
-25.250584
-9.185392
-1.255322
2.368140
-3.382287
-5.039577
-1.934904
1.107983
1.703418
1.205768
-0.432990
2.001454
0.003880
-0.788407
0.000000
27.983242
35.549999
35.549999
23.611444
18.305607
-24.978662
-9.204165
-1.399531
2.054961
-2.858051
-5.202436
-1.993583
1.291468
1.799540
1.206460
-0.446958
2.108829
0.008824
-0.798077
0.000000
35.549999
35.549999
35.549999
34.829178
18.545898
-25.232470
-9.331484
-1.117229
2.159776
-3.831718
-4.863998
-1.720021
1.188997
1.700979
1.368948
-0.239857
2.188056
-0.070377
-0.924475
0.000000
35.549999
35.549999
35.549999
28.905827
17.989408
-25.262417
-9.399353
-1.417174
2.507307
-4.181470
-5.368742
-1.829864
1.171655
1.943403
1.461178
-0.276062
1.972210
0.422220
-0.706248
0.000000
27.085302
35.549999
35.549999
5.892873
13.213657
-24.564926
-9.247041
-1.758277
2.109603
-3.499197
-5.615070
-2.055409
1.410499
2.184855
1.914972
-0.031192
2.120894
-0.207537
-1.051204
0.000000
35.549999
35.549999
35.549999
35.174644
20.038782
-25.090559
-9.733472
-0.702861
1.027654
-3.735802
-5.440121
-2.277678
0.954142
2.156580
1.975554
0.048863
2.256785
0.042697
-0.824110
0.000000
35.549999
35.549999
35.549999
27.113773
18.382212
-24.618725
-9.538360
-1.656240
2.489429
-3.738062
-5.552427
-1.978392
1.543420
2.330557
1.640564
-0.306664
1.833114
0.535845
-0.735487
0.000000
35.549999
35.549999
35.549999
18.029995
18.115915
-24.967487
-9.546100
-1.836214
2.581900
-3.249654
-5.656428
-2.016845
1.579402
2.098937
1.578274
-0.332864
1.843379
0.235747
-0.801735
0.000000
35.549999
35.549999
35.549999
29.427691
17.872360
-25.364119
-9.463671
-1.513656
2.346729
-2.837934
-5.728401
-2.276762
1.035275
1.887551
1.591707
-0.179232
1.882454
-0.048088
-0.758985
0.000000
32.899410
35.549999
35.549999
23.784595
18.338900
-25.049406
-9.317751
-1.264668
1.975437
-3.951692
-5.503308
-2.084516
1.197665
1.968870
1.639650
-0.106675
2.074707
0.041480
-0.738835
0.000000
35.549999
35.549999
35.549999
27.905237
18.420828
-24.843233
-9.386068
-1.508577
2.336373
-3.850024
-5.648039
-1.959287
1.433563
2.080772
1.615759
-0.203410
2.036861
0.110625
-0.770138
0.000000
35.549999
35.549999
35.549999
30.711418
17.845875
-25.206003
-9.550816
-1.590174
2.484284
-3.134631
-5.884912
-2.169171
1.192516
2.022066
1.546938
-0.235398
1.680883
0.350365
-0.642215
0.000000
27.243324
35.549999
35.549999
21.847561
17.989351
-25.195297
-9.468719
-1.573049
2.295729
-3.723054
-5.628744
-1.857999
1.362986
1.878844
1.576228
-0.159568
1.953127
-0.036077
-0.751135
0.000000
35.549999
35.549999
35.549999
31.139797
17.947479
-25.273853
-9.345382
-1.264909
2.490901
-4.063798
-5.552142
-1.781746
1.102237
1.829685
1.495713
-0.116471
1.819292
0.045804
-0.679707
0.000000
27.359564
35.549999
35.549999
12.757792
17.652248
-24.997957
-9.279023
-1.412835
2.050575
-3.896486
-6.071474
-2.160527
1.035366
2.057221
1.795691
0.021960
1.880360
0.209570
-0.696484
0.000000
35.549999
35.549999
35.549999
16.984100
18.345287
-24.664280
-9.289723
-1.267486
1.853633
-3.983328
-5.878715
-2.127370
1.058863
2.232056
1.935996
0.029864
1.904709
0.131934
-0.692987
0.000000
35.549999
35.549999
35.549999
28.246653
18.232445
-24.967110
-9.566158
-1.218037
1.886194
-4.014894
-5.883341
-2.211337
1.081849
2.233021
1.746492
-0.169044
1.678811
0.553403
-0.387897
0.000000
26.256411
35.549999
35.549999
2.992915
11.048437
-24.283411
-9.338485
-1.679743
1.709220
-3.997375
-5.884435
-1.989687
1.365014
2.255809
2.047101
0.086565
2.004540
-0.024332
-0.843465
0.000000
35.549999
35.549999
35.549999
35.266682
20.016628
-24.929590
-9.682620
-0.690840
0.951504
-3.966902
-5.755015
-2.289574
0.628699
1.982815
1.926901
0.004078
2.195910
0.101374
-0.603657
0.000000
35.549999
35.549999
35.549999
5.435308
17.888939
-24.107916
-9.069633
-1.471752
2.476616
-3.456917
-6.087458
-2.146350
1.112313
2.272955
1.898548
-0.100764
1.328422
0.308873
-0.539948
0.000000
35.549999
35.549999
35.549999
31.366806
17.890377
-25.349106
-9.581402
-1.115806
1.945206
-4.040361
-6.056977
-2.187335
0.708414
2.011340
1.593977
-0.233344
1.351707
0.632650
-0.078594
0.000000
27.038549
35.549999
35.549999
3.902876
10.777088
-23.973412
-9.145426
-1.769657
1.849149
-3.388340
-5.717889
-1.887659
1.333071
2.098831
1.823368
-0.048799
1.966734
-0.094326
-0.842847
0.000000
35.549999
35.549999
35.549999
35.549999
20.739208
-24.937935
-9.753018
-0.571756
0.786453
-3.653270
-5.547508
-2.188430
0.773153
1.909023
1.740009
-0.038504
2.187015
0.034244
-0.673063
0.000000
35.549999
35.549999
35.549999
35.263752
18.348452
-24.743614
-9.409911
-1.394615
2.580952
-3.094958
-6.017449
-1.951858
0.951821
1.903078
1.433749
-0.324447
1.050249
0.672136
-0.183956
0.000000
26.746035
35.549999
35.549999
17.560509
17.556973
-25.189623
-9.386948
-1.615619
2.442728
-3.560367
-5.733285
-2.045754
0.869563
1.964674
1.660711
-0.169820
1.478959
0.267730
-0.502561
0.000000
27.713264
35.549999
35.549999
27.850525
18.417583
-25.173065
-9.147426
-1.146095
2.137020
-3.579082
-5.494057
-1.844585
0.900778
1.670758
1.380593
-0.252493
1.504366
0.170997
-0.537575
0.000000
28.289087
35.549999
35.549999
28.580589
18.349052
-25.055941
-9.153188
-1.287483
2.372580
-3.655184
-5.655876
-1.925014
0.909158
1.781143
1.460317
-0.230560
1.543937
0.198012
-0.498857
0.000000
28.298222
35.549999
35.549999
33.519741
17.888771
-25.329342
-9.169036
-1.319655
2.686567
-3.783370
-5.449165
-1.752563
0.842807
1.637464
1.347866
-0.233549
1.475400
0.214982
-0.487437
0.000000
28.429331
35.549999
35.549999
27.619507
33.943199
10.068895
-11.459309
-2.909920
1.830676
-3.631152
-4.856603
-2.184166
0.830244
1.636829
1.051176
-0.465252
1.795530
0.229554
-0.411644
-0.583959
0.000000
35.549999
35.549999
24.202978
34.774086
10.785000
-11.343064
-2.914884
1.368459
-2.863111
-4.805658
-2.346731
0.940009
1.964031
0.909145
-0.557646
1.803704
-0.178104
-0.682872
-0.640448
0.000000
35.549999
35.549999
35.483963
32.812153
10.258694
-11.607033
-2.085088
0.752871
-2.247731
-5.805560
-2.552879
0.641666
1.561085
0.927569
-0.269090
2.016643
-0.222662
-0.267978
-0.375398
0.000000
35.549999
35.549999
35.445065
33.363171
10.633610
-11.410989
-2.906212
1.939698
-3.010373
-5.648921
-1.990132
0.811864
1.616581
1.006713
-0.424474
1.699424
0.471690
-0.277409
-0.625633
0.000000
35.549999
35.549999
31.488714
33.285324
10.118065
-11.565875
-2.735945
1.540774
-3.020530
-5.592387
-2.425827
0.662386
1.714797
0.993030
-0.423694
1.830759
0.404003
-0.378915
-0.556383
0.000000
35.549999
35.549999
22.475466
34.464817
10.706747
-11.324531
-2.824876
1.058517
-2.035961
-5.609437
-2.507397
0.955081
1.828593
1.080715
-0.294891
1.983346
0.059373
-0.447280
-0.618069
0.000000
35.549999
35.549999
35.458923
32.937523
10.327015
-11.635036
-2.300676
0.934394
-2.789699
-5.895307
-2.774366
0.462860
1.668462
1.342922
-0.078764
1.882957
0.257540
-0.037169
-0.409295
0.000000
35.549999
35.549999
35.236820
33.206379
10.554846
-11.461502
-2.879886
1.962019
-2.812475
-6.174042
-2.235830
0.746621
1.533518
1.154724
-0.254192
1.354641
0.764364
-0.138080
-0.432216
0.000000
35.549999
35.549999
22.281794
34.369312
10.873751
-11.360134
-2.879778
1.447283
-3.222493
-6.010046
-2.315726
0.699995
1.861069
1.594153
-0.036697
1.775485
0.403314
-0.322441
-0.590587
0.000000
35.549999
35.549999
35.549999
33.245834
10.796480
-11.656354
-2.463725
0.975302
-2.912462
-5.904369
-2.565610
0.328139
1.666791
1.589370
-0.001216
1.611280
0.609333
0.117839
-0.479218
0.000000
35.549999
35.549999
22.663834
34.118427
11.232622
-11.378682
-3.055398
2.013324
-3.559090
-6.127809
-1.835464
0.792051
1.826371
1.829700
0.025380
1.255159
0.718359
-0.433072
-0.284540
0.000000
35.549999
35.549999
35.549999
33.479954
10.642979
-11.627316
-2.799750
1.536831
-3.017621
-6.189773
-2.393776
0.446263
1.531359
1.582816
-0.096931
1.189610
1.071102
-0.465090
0.161428
0.000000
35.549999
35.549999
5.860125
24.054274
12.248991
-10.919806
-2.887570
1.102754
-2.875125
-6.077686
-2.276398
0.617489
2.181772
2.146442
0.244784
1.802221
0.374926
-1.110037
7.259403
0.000000
35.549999
35.549999
35.549999
33.719170
12.981005
-11.781430
-2.337648
0.212773
-2.896979
-5.631557
-2.858968
-0.506099
1.209396
2.769267
0.901649
1.701128
0.550286
0.193972
0.295228
0.000000
35.549999
35.549999
15.174818
33.429489
13.110468
-10.990214
-3.299332
2.082483
-2.294456
-6.111565
-2.473002
0.837402
2.343779
2.492646
0.145952
0.718343
1.028356
-0.591032
0.195754
0.000000
35.549999
35.549999
35.549999
33.338604
11.181202
-11.710807
-2.492677
0.899289
-3.243686
-5.978465
-2.351444
-0.196780
1.940568
2.087368
-0.176211
1.112242
1.086678
-0.747533
0.818153
0.000000
35.549999
35.549999
16.219730
29.911413
12.763695
-10.948178
-2.884359
1.498084
-2.746037
-6.091257
-2.212642
0.768757
2.093846
2.198462
0.095254
1.204512
0.598299
0.028418
-0.671922
0.000000
35.549999
35.549999
35.549999
33.556320
11.145607
-11.816881
-2.685454
1.108966
-2.926115
-5.973472
-2.403051
0.308599
1.662460
1.685418
-0.202861
0.942632
1.086911
0.022860
0.032665
0.000000
35.549999
35.549999
22.368690
34.913074
11.696451
-11.212200
-3.092250
1.975958
-2.692822
-5.935871
-2.009022
0.777013
2.080393
1.648146
-0.267147
0.903946
0.582238
-0.063081
-0.622495
0.000000
35.549999
35.549999
35.461636
32.986320
10.375723
-11.616328
-2.710849
1.697942
-3.068514
-5.996619
-2.407843
0.334066
1.499675
1.238837
-0.277592
0.891776
1.044494
-0.570298
0.332154
0.000000
35.549999
35.549999
28.420750
34.702316
11.253744
-11.124157
-2.949912
2.085839
-2.767600
-5.972495
-2.346015
0.612324
1.553811
1.560766
-0.125875
0.843181
0.836053
0.123973
-0.458829
0.000000
35.549999
35.549999
35.549999
33.226719
10.349428
-11.516778
-3.140615
2.355183
-3.160636
-6.205328
-2.369386
0.392582
1.619094
1.531936
-0.167438
0.680178
1.293520
-1.530559
1.088101
0.000000
35.549999
35.549999
30.896809
34.355602
11.236223
-11.114142
-2.621719
1.367415
-2.635686
-5.824720
-2.660474
-0.160391
1.189097
1.817743
0.216497
0.959806
0.777729
0.335313
0.085418
0.000000
35.549999
35.549999
34.002571
34.260105
11.203930
-11.275887
-3.136347
2.238359
-2.293150
-6.197245
-2.431190
0.271397
1.654227
1.864666
-0.148824
0.396936
1.408460
-1.284802
1.282911
0.000000
35.549999
35.549999
35.549999
34.743515
11.903988
-13.566562
-4.213882
1.199238
-1.967273
-5.543012
-2.650455
-0.556744
1.273266
1.943990
0.093747
0.530921
1.215548
-0.383256
0.491636
0.000000
35.549999
35.549999
35.549999
33.338394
11.503080
-13.634905
-4.466251
1.621353
-1.942148
-5.645962
-2.676462
-0.417505
1.506472
1.534182
-0.242563
0.494170
1.539632
-0.636701
1.292076
0.000000
27.523033
35.549999
35.549999
34.352421
12.219889
-13.360253
-4.262546
1.310248
-1.773486
-5.765951
-3.039553
-0.579761
0.868966
1.939229
0.400317
0.481174
1.559370
0.724266
0.156664
0.000000
35.549999
35.549999
35.549999
34.714310
11.669611
-13.667980
-4.814600
1.781631
-1.546870
-5.662092
-2.691585
-0.356535
1.470417
1.806497
-0.192665
0.546574
1.640964
-1.147211
1.267576
0.000000
35.549999
35.549999
35.549999
34.841461
13.888708
-13.253750
-3.990151
1.210814
-1.651447
-5.482538
-2.981688
-0.562462
0.615246
2.220801
0.910916
0.728035
1.156814
-0.154903
0.462377
0.000000
35.549999
35.549999
35.549999
34.615284
11.577091
-13.951202
-5.529175
2.622108
-1.035326
-6.262102
-2.835859
0.052409
1.654163
1.870116
0.086975
-0.263059
1.924842
0.069465
0.919024
0.000000
17.047892
35.549999
35.549999
31.071644
11.405083
-13.684091
-4.402772
1.557819
-1.822100
-5.975636
-3.116317
-0.745195
1.258102
2.096450
0.345204
0.563831
1.500504
-0.999189
1.122644
0.000000
35.549999
35.549999
35.549999
34.422871
12.101782
-13.492311
-4.369032
1.642756
-1.692916
-6.237822
-2.914356
-0.361612
1.151441
1.787781
0.318829
0.122069
2.176959
-0.489173
0.492525
0.000000
35.549999
35.549999
35.549999
34.918907
11.714245
-13.671909
-4.801132
1.835116
-1.632262
-6.033584
-2.567572
-0.380781
1.527930
1.730063
-0.003294
0.265237
2.236251
-2.109688
1.584093
0.000000
35.549999
35.549999
35.549999
34.294048
12.250599
-13.478318
-4.070431
1.388310
-1.760519
-5.810974
-2.806442
-0.758313
0.983777
1.950689
0.574990
0.346817
1.851526
-1.158980
0.688902
0.000000
35.549999
35.549999
35.549999
30.238234
11.775068
-13.692539
-4.866858
1.530234
-0.601348
-6.440006
-3.046074
-0.071856
1.471472
1.723124
0.186625
0.046768
1.942529
-0.156037
1.194784
0.000000
35.549999
35.549999
35.549999
34.579502
11.709740
-13.530744
-4.405459
1.610934
-1.799270
-6.000845
-2.817849
-0.663163
1.163797
1.991070
0.349138
0.322274
1.580817
-1.130417
0.205638
0.000000
35.549999
35.549999
35.549999
33.493176
11.475590
-13.842878
-4.544121
1.404700
-0.288404
-6.365946
-3.037344
0.071082
0.926740
1.697887
0.660524
0.076823
1.920795
-0.704748
0.781085
0.000000
26.881023
35.549999
35.549999
34.315857
11.487881
-13.747277
-4.854959
2.186992
-1.253305
-6.296700
-3.150983
-0.615699
1.140014
1.906516
0.298431
0.013928
2.436724
-1.284660
1.369506
0.000000
35.549999
35.549999
35.549999
34.434975
13.133486
-13.435870
-4.205088
1.827456
-1.805259
-5.761675
-2.932405
-0.585967
0.585057
2.078494
1.138232
0.376057
1.974829
-0.613746
-0.269965
0.000000
35.549999
35.549999
35.549999
32.949234
10.409002
-13.877113
-5.369128
1.640088
0.954209
-6.641790
-3.636283
-0.250019
1.767653
1.792850
0.563245
-0.197854
2.120812
-0.924105
2.070865
0.000000
14.499056
35.549999
35.549999
35.092056
12.262598
-13.369413
-4.449282
1.448039
-1.454456
-5.699956
-3.286193
-1.178002
0.353321
2.292442
1.121789
0.940552
2.076099
-1.577492
0.608798
0.000000
35.549999
35.549999
35.549999
34.677643
12.766924
-13.780946
-4.906285
1.510373
-0.303140
-6.609917
-3.091746
0.556156
0.760716
2.466442
0.709763
-0.096401
2.027840
0.128614
1.292789
0.000000
35.549999
35.549999
35.549999
33.902252
11.611511
-13.984707
-4.818752
1.362942
-1.469560
-5.312480
-2.973192
-0.877744
1.482288
2.442270
0.903046
1.085133
0.806848
-2.082562
1.518229
0.000000
35.549999
35.549999
35.549999
33.636822
12.187609
-13.917869
-4.545742
1.439488
-1.791633
-6.580260
-3.536898
-0.492530
0.553487
2.204719
1.238773
0.212723
1.786824
0.239786
1.485934
0.000000
14.828839
35.549999
35.549999
18.478745
13.853931
-13.333499
-5.041390
1.437724
-1.573274
-6.241372
-2.845232
-0.125754
1.961587
2.492285
0.545041
0.661510
2.093193
-0.948685
-0.454948
0.000000
35.549999
35.549999
35.549999
34.292381
13.948280
-13.875624
-3.866300
0.281219
-2.076869
-5.204831
-2.134884
-1.102645
1.421872
2.471945
1.174614
1.397192
1.115234
-3.181241
1.624961
0.000000
35.549999
35.549999
35.549999
33.329441
11.672985
-14.053131
-4.786596
1.097814
-0.449543
-6.911741
-2.549621
0.044999
1.083880
1.877699
0.585207
0.064209
1.953473
-0.904859
1.981941
0.000000
15.037225
35.549999
35.549999
35.542812
12.535517
-13.607370
-4.740224
1.227352
-1.598124
-5.732244
-2.820732
-0.781448
0.684058
2.290055
0.911020
0.676211
2.367730
-2.659967
1.198821
0.000000
35.549999
35.549999
35.549999
34.174484
12.005840
-14.156009
-4.799118
1.449510
-1.088995
-6.319139
-2.411199
0.130100
1.255884
2.171222
0.495398
0.063208
1.702371
-0.961752
1.211775
0.000000
35.549999
35.549999
35.549999
33.836872
11.359934
-11.541707
-2.911073
1.665465
-2.173119
-6.308210
-2.579544
-0.337132
0.765646
2.129942
0.843689
0.615076
1.895010
-2.278455
1.467887
0.000000
35.549999
35.549999
35.549999
34.214378
11.331873
-11.775686
-3.440587
1.610491
-0.411369
-6.564105
-2.626236
0.566749
0.978654
2.219759
0.569410
0.234849
1.613703
-0.328275
0.832607
0.000000
35.549999
35.549999
35.549999
33.906860
11.514700
-11.458095
-2.685547
1.088428
-2.252448
-5.700234
-2.740142
-0.827804
1.107321
2.324442
0.909910
1.396087
1.493532
-3.050189
1.558712
0.000000
35.549999
35.549999
35.549999
34.178009
11.666523
-11.866455
-3.682889
1.178784
0.531742
-6.888332
-2.901459
1.005761
0.581320
2.366011
0.675180
0.485794
1.663000
0.236391
1.618076
0.000000
35.549999
35.549999
35.549999
33.889881
11.316147
-11.833812
-3.082430
1.127627
-2.014604
-5.725200
-2.815042
-0.519675
1.836067
2.371203
1.027335
1.952080
-0.348082
-0.723708
-0.538031
0.000000
35.549999
35.549999
35.549999
33.310520
11.212269
-11.933073
-2.830612
1.654002
-2.845998
-6.887149
-2.597818
0.224544
1.033996
2.554420
1.161842
0.815813
1.005477
-0.827221
1.770883
0.000000
13.022422
35.549999
35.549999
35.549999
12.710007
-11.413583
-3.428064
1.553823
-1.994522
-6.149941
-2.773579
-0.180872
1.637930
2.580957
0.819106
1.251563
1.245259
-1.426769
-0.127194
0.000000
35.549999
35.549999
35.549999
34.696362
12.510784
-11.743509
-2.530970
0.331627
-2.604769
-5.266697
-1.565565
-0.254490
2.177550
2.261696
0.697531
1.622867
0.349485
-1.919520
0.312946
0.000000
35.549999
35.549999
35.549999
35.549999
12.303610
35.549999
35.549999
35.549999
35.549999
35.549999
35.549999
29.157362
30.892523
30.419205
29.017504
29.327322
29.115784
28.222767
26.411448
24.789930
23.081696
21.643848
20.043217
19.591829
0.135479
-11.667192
-2.759115
-0.770081
-1.188527
-1.352484
-2.904781
-2.323664
-0.455178
0.668337
1.134342
0.567969
6.379229
8.309910
6.278358
0.000000
12.884824
35.549999
35.215096
33.340519
19.266455
-26.331852
-9.295457
-1.793440
1.680431
-2.207867
-3.993623
-4.672913
-2.927276
0.385298
1.950530
3.567572
2.639582
3.025396
-1.207273
0.000000
27.461784
35.549999
35.549999
35.549999
24.144451
-18.113316
-9.439215
-1.124933
-0.106450
-4.452683
-5.084135
-1.541060
-0.713736
1.398698
2.806612
1.689496
2.682802
2.422588
0.422866
0.000000
23.260082
35.549999
35.549999
35.549999
22.099121
-21.407511
-10.616386
-2.134718
0.306489
-3.094695
-5.419492
-1.397951
0.615799
2.537292
3.003748
1.076491
2.145532
1.265494
0.251305
0.000000
23.039427
35.549999
35.549999
35.333141
21.495333
-22.973722
-10.843801
-2.028109
0.548794
-2.634000
-5.492766
-1.207269
0.537850
2.484759
2.907106
1.107845
2.079679
0.088803
0.088024
0.000000
25.471174
35.549999
35.549999
35.549999
21.449207
-22.769646
-10.810616
-2.377359
0.300464
-2.143115
-5.353689
-1.180942
0.558966
1.953985
3.157316
1.443244
2.178220
0.091851
-0.110814
0.000000
27.674730
35.549999
35.549999
35.549999
21.875725
-22.364731
-10.854527
-2.023131
0.136466
-2.966634
-5.608774
-2.026022
0.560038
2.954082
3.197503
1.121009
2.829178
0.085063
0.105095
0.000000
23.631695
35.549999
35.549999
35.549999
22.028179
-22.501348
-10.649988
-2.170980
0.553382
-2.044195
-5.364375
-2.079653
0.431605
2.595982
3.246013
1.294848
2.167208
-0.178562
0.315469
0.000000
26.643391
35.549999
35.549999
35.549999
20.905684
-22.658859
-10.600591
-2.751025
1.014360
-2.536204
-5.399638
-1.848640
0.832977
2.036307
3.619080
1.678206
2.004973
0.242306
0.251873
0.000000
25.845083
35.549999
35.549999
35.549999
22.143513
-22.272648
-10.632468
-2.185220
-0.168403
-2.380441
-5.269810
-2.086508
0.356249
2.763647
3.140687
1.294491
2.962337
-0.501489
0.599640
0.000000
24.075081
35.549999
35.549999
35.549999
21.932774
-22.432875
-10.621383
-2.707282
0.388034
-1.943161
-4.793092
-1.875596
0.467023
2.024706
3.662429
1.823769
1.654578
0.372505
0.100280
0.000000
28.919281
11.533053
35.549999
35.549999
21.137115
-22.213749
-10.871755
-2.799246
0.615649
-3.125098
-5.437383
-2.526832
1.159821
2.483456
3.926101
1.653458
2.530405
0.685240
0.158835
0.000000
35.549999
35.549999
35.549999
35.299980
22.729528
-22.468742
-10.839747
-2.343714
-0.386843
-1.711135
-4.247757
-1.888633
0.010716
2.808601
3.278730
1.594807
2.485682
-0.948484
0.871277
0.000000
23.380262
35.549999
35.549999
34.738373
19.726646
-23.306414
-10.521227
-3.031175
-0.599696
0.410890
-6.085095
-3.269137
0.556271
1.977575
3.736120
2.654355
1.604318
1.479134
0.082660
0.000000
29.063807
35.549999
35.549999
35.549999
23.039379
-20.449966
-9.984713
-2.166113
-0.570988
-3.199123
-4.668433
-2.498649
0.209127
2.937157
3.311265
1.512236
4.030900
-0.922497
0.842940
0.000000
35.549999
35.549999
35.549999
35.006668
22.358133
-22.151514
-10.721476
-2.981857
-0.094019
-1.941231
-3.427563
-1.567629
0.519925
2.010845
3.554113
2.202152
1.090066
0.987062
0.232293
0.000000
28.677713
11.476276
35.549999
35.195988
19.632450
-23.104038
-11.170325
-3.176105
-0.879003
-1.007272
-5.964835
-4.398296
0.805211
2.580765
4.543859
1.942302
1.594080
1.981466
0.608993
0.000000
35.549999
35.549999
35.549999
35.549999
34.438171
16.561121
-12.197041
-3.601772
-0.961762
-1.832776
-3.046148
-1.459671
-0.293812
2.545665
3.420059
1.817117
2.625223
-0.808124
1.297211
1.638907
0.000000
35.549999
35.549999
34.717926
32.558762
12.248775
-12.929569
-4.612055
-0.701478
-0.443024
-4.735365
-3.067301
-0.157342
1.754170
3.198254
3.540249
1.546262
2.316716
-0.075112
0.588665
0.000000
13.119700
35.549999
35.549999
35.067684
15.044912
-12.334482
-4.238413
-0.913386
-2.434173
-4.011883
-2.657100
-0.484388
2.024317
3.756090
2.155938
3.345486
0.354664
0.784913
2.016425
0.000000
35.549999
35.549999
35.549999
33.456089
14.198629
-12.617470
-4.403966
-0.045792
-1.972611
-3.702890
-1.567365
-0.110624
1.356285
3.832929
2.828805
1.313961
1.102522
0.636462
0.730013
0.000000
12.748141
35.549999
35.549999
33.631577
12.769545
-13.074516
-4.169271
-0.540466
-2.978051
-4.871194
-2.234444
0.099808
1.367550
4.099345
2.653781
2.392995
0.838176
0.673201
1.776551
0.000000
35.549999
35.549999
35.549999
34.124977
14.572685
-12.352079
-4.200009
-0.870544
-1.570948
-3.255602
-1.793292
-0.344755
1.745977
3.508859
2.293696
1.521296
1.013944
0.571669
1.429555
0.000000
12.602521
35.549999
35.549999
34.170387
12.410128
-12.986040
-5.046662
-1.366506
-0.292779
-4.176095
-3.200815
-0.277027
2.067525
3.682086
3.015701
1.706404
2.697496
-0.434240
0.798102
0.000000
35.549999
35.549999
35.549999
35.038380
17.162054
-11.923911
-3.332222
-0.363165
-2.424739
-3.936307
-2.154532
-0.534411
2.386595
3.540428
2.017078
3.406601
0.272899
0.787004
1.980191
0.000000
35.549999
35.549999
34.853321
32.653519
13.338736
-12.769843
-5.000996
-0.226356
-0.723411
-3.649315
-2.287929
-0.349437
1.260163
2.768753
3.596580
1.467742
2.328855
0.858568
0.587687
0.000000
13.131963
35.549999
35.549999
34.482914
14.017153
-12.744708
-3.849718
-0.576129
-3.376095
-5.173324
-2.587128
-0.398397
1.242954
4.132722
2.829111
3.042186
1.058841
0.087771
2.648815
0.000000
35.549999
35.549999
35.549999
33.576790
14.178797
-12.613182
-4.365284
-1.023376
-1.648365
-3.058645
-1.220933
-0.225909
1.613469
3.290846
2.342210
1.276593
1.022083
1.050846
1.555597
0.000000
12.509179
35.549999
35.502537
33.906742
11.477829
-13.261077
-5.504503
-1.731783
0.006827
-3.867393
-3.274621
-0.587590
1.883408
2.885574
3.557600
1.417501
3.164050
0.988624
0.167786
0.000000
35.549999
35.549999
35.549999
33.819801
15.150927
-12.548641
-3.486672
-1.192480
-1.745938
-3.622499
-2.276527
-0.590429
2.288149
3.627232
2.238375
2.429335
-1.363742
2.263629
1.995872
0.000000
35.549999
35.549999
34.340874
32.329727
11.455069
-12.461777
-4.980091
-0.867110
0.746241
-4.644018
-3.475549
-0.608370
1.083563
2.256811
3.119343
2.026952
3.819531
1.316310
0.770107
0.000000
13.538334
35.549999
35.549999
35.018158
14.563080
-12.378105
-4.310064
-0.435631
-4.303937
-5.538822
-2.674837
-0.546199
1.551436
4.233545
2.929128
3.346811
0.729940
0.296420
1.970144
0.000000
35.549999
35.549999
35.549999
34.694046
18.983047
-11.779613
-2.993614
-0.574965
-2.244992
-3.123599
-1.014900
-0.305848
2.222478
3.201047
1.796923
2.557005
0.093497
1.421670
1.906898
0.000000
35.549999
35.549999
35.325218
33.052345
12.229639
-13.040738
-5.422066
-1.367946
1.113238
-4.094617
-3.228593
-0.668070
1.598487
2.430879
3.965663
0.819045
3.190378
1.422031
0.406650
0.000000
35.549999
35.549999
35.549999
34.109848
15.596766
-12.277552
-3.376719
-0.740143
-2.375931
-4.568289
-2.650958
-0.710549
1.884945
3.213399
2.231894
2.918689
-0.452284
1.673217
1.860064
0.000000
35.549999
35.549999
35.549999
33.697330
13.934904
-12.289068
-4.450556
0.005543
-2.156360
-3.459120
-1.404684
0.017291
0.787356
2.495367
3.130161
1.345752
2.255542
0.399279
1.045568
0.000000
13.167328
35.549999
35.549999
34.473171
13.218742
-12.905138
-4.210886
-0.097003
-2.989578
-5.117567
-1.933529
0.115080
0.965893
3.680288
2.477778
1.634520
2.030936
-0.053178
1.749167
0.000000
35.549999
35.549999
35.549999
34.869110
18.586647
-11.614820
-3.171886
-0.120423
-1.869555
-3.561116
-1.039727
-0.196416
1.469918
3.012086
2.064729
1.854489
1.081071
0.370862
1.776540
0.000000
12.549039
35.549999
35.549999
33.968143
13.336117
-13.274633
-5.271788
-0.758428
-1.377361
-3.967761
-2.045498
0.045162
1.512081
3.084181
3.049310
0.918918
3.350092
0.371658
0.671052
0.000000
35.549999
35.549999
35.549999
33.680244
14.800331
-12.691212
-3.839453
0.149980
-1.491546
-4.805781
-1.770145
-0.343781
0.881688
3.477846
2.795946
1.702496
1.620719
-0.979774
0.810427
0.000000
35.549999
35.549999
35.549999
33.335987
12.882702
-12.895748
-4.152268
0.106394
-2.386528
-4.714069
-1.654544
-0.089017
0.875179
3.321985
3.124445
1.628854
1.703151
-0.345895
0.977328
0.000000
13.001622
35.549999
35.549999
34.451313
14.170059
-12.601488
-3.954502
-0.498462
-2.616942
-4.587341
-1.517964
-0.268233
0.921980
3.471742
2.920939
1.887086
1.235505
-0.302199
1.737305
0.000000
34.478699
35.549999
35.549999
34.493679
15.339872
-12.473816
-4.116253
-0.364159
-2.342500
-3.870812
-1.222650
0.175380
0.864542
3.112853
3.027202
1.636224
1.967028
0.030575
1.158054
0.000000
34.682007
35.549999
35.549999
34.158901
14.151173
-12.935440
-4.632236
-0.146779
-2.345028
-3.957855
-1.438058
0.382114
0.957237
2.891824
2.965101
1.516324
2.405353
0.316626
1.056631
0.000000
35.549999
35.549999
35.549999
33.476357
13.759201
-13.003325
-4.575953
0.195909
-1.671982
-4.520787
-1.965693
0.155711
1.006481
2.798442
2.810570
1.331560
2.658342
0.371204
1.060965
0.000000
35.549999
35.549999
35.549999
33.596493
14.260765
-12.929991
-4.481860
0.564928
-2.359961
-4.075564
-1.407779
0.202702
0.742482
2.863317
3.123964
1.611593
2.227048
-0.221780
0.775314
0.000000
35.549999
35.549999
35.549999
33.575745
13.326298
-13.065899
-4.589671
-0.151978
-1.481444
-4.457044
-2.046182
0.267182
1.080228
2.930023
2.953418
1.426530
2.502813
0.250291
0.937798
0.000000
35.549999
35.549999
35.549999
33.784950
14.415247
-12.943344
-4.925302
0.326715
-2.203775
-3.741711
-1.455007
0.371959
0.933760
2.846920
2.951916
1.273866
2.491240
0.099292
1.067449
0.000000
35.549999
35.549999
35.329308
32.835014
12.769032
-13.241522
-4.703959
-0.706245
-0.394525
-4.620428
-2.725477
-0.061181
1.216026
2.480310
3.238971
1.344716
2.831203
1.018909
0.882472
0.000000
35.549999
35.549999
35.549999
34.135078
16.149946
-12.499592
-4.403596
-0.364033
-1.711763
-3.547668
-1.072265
-0.050199
0.736625
2.986384
3.085977
1.427617
1.995259
-0.311144
1.149868
0.000000
12.316460
35.549999
35.509800
32.992287
11.795582
-13.260527
-5.106924
-1.280507
0.787630
-5.227112
-3.776731
-0.650828
1.706557
2.151929
3.880047
1.276536
3.810368
2.243783
0.740539
0.000000
35.549999
35.549999
35.549999
35.113400
18.838181
-11.224796
-3.464853
-0.003826
-1.933921
-3.589276
-0.700160
-0.482769
0.824304
2.835803
2.850538
2.028748
1.600996
-0.406422
1.323041
0.000000
25.218220
35.549999
35.549999
33.633591
13.185417
-13.042815
-5.553644
-1.374819
1.326074
-4.377296
-3.080771
-0.731575
1.475296
1.626216
3.915467
1.193952
3.826948
2.626427
1.067078
0.000000
35.549999
35.549999
35.549999
34.346165
18.052338
-11.774151
-3.469597
0.438840
-1.649912
-3.975339
-1.106048
-0.454444
0.321660
2.629156
3.101546
2.022232
1.894435
-0.639878
1.383090
0.000000
14.554258
35.549999
35.549999
33.783092
13.482401
-15.035849
-6.011785
-1.208971
-0.330895
-4.517170
-3.006480
-0.559890
1.333793
2.148725
3.991525
0.998803
3.337620
1.427399
0.955067
0.000000
35.549999
35.549999
35.549999
34.859104
18.648201
-13.914721
-5.660505
-0.776201
-1.355922
-2.836947
-0.581166
-0.266439
0.383961
2.251739
3.255350
2.168214
1.731499
-0.938271
1.710677
0.000000
15.032578
35.549999
35.549999
33.962841
13.990196
-15.001410
-6.017822
-0.922209
-1.398002
-4.649031
-2.461852
-0.804661
1.629685
1.713538
4.087225
1.011293
3.611862
2.475420
1.042009
0.000000
35.549999
35.549999
35.549999
34.752323
18.144808
-13.814590
-4.993675
-0.405410
-1.576700
-3.712560
-1.024504
-0.650634
0.328814
2.371476
3.237834
2.441922
1.296706
-1.520181
2.372944
0.000000
15.185857
35.549999
35.549999
34.163082
14.137058
-14.812696
-5.721380
-0.308885
-2.357408
-5.291741
-2.367901
-0.560193
1.254495
2.035577
4.073262
1.158017
2.955978
1.503852
0.810063
0.000000
35.549999
35.549999
35.549999
34.652477
16.466732
-14.174394
-5.219965
-0.778899
-1.504772
-3.586072
-0.773520
-0.684440
0.790938
2.404130
2.934875
2.301893
0.742108
-2.093365
3.076257
0.000000
15.484155
35.549999
35.549999
34.355724
12.654570
-14.408255
-5.750969
-0.956163
-1.302910
-5.202328
-2.957224
-0.990284
1.716594
2.114815
4.201477
0.820548
3.586374
2.504854
1.156105
0.000000
35.549999
35.549999
35.549999
34.399029
16.326096
-14.480097
-5.369760
-0.629400
-1.225142
-3.624235
-1.466607
-0.710077
0.171057
2.205210
3.328292
2.772425
0.861804
-2.083608
2.532368
0.000000
16.121624
35.549999
35.549999
34.668282
14.455532
-14.915152
-5.703004
-0.405858
-3.440275
-5.632565
-2.122792
0.152296
1.614066
2.337857
3.839079
0.864097
3.059636
2.169063
1.542978
0.000000
35.549999
35.549999
35.549999
33.956219
15.548267
-15.075214
-6.308518
-0.894001
-0.629560
-2.859511
-1.584299
-0.173024
0.244799
2.052804
3.365394
3.206759
1.034016
-1.814074
2.857457
0.000000
15.296438
35.549999
35.549999
34.154400
14.796368
-14.956659
-5.835399
-0.137745
-3.316312
-5.708323
-2.043570
0.258233
1.279901
2.147283
3.755101
0.675832
3.035182
2.261493
1.592075
0.000000
35.549999
35.549999
35.549999
33.665432
13.620056
-15.171558
-6.265392
-0.706129
-0.994220
-3.350297
-1.805727
-0.225062
0.361756
2.207643
3.448762
2.980341
1.095859
-1.685863
2.612664
0.000000
15.559858
35.549999
35.549999
34.355579
13.981619
-15.084755
-5.845207
-0.373424
-3.520505
-5.982673
-2.231955
0.114656
1.463705
2.204215
3.876086
0.707150
3.236157
2.434240
1.632914
0.000000
35.549999
35.549999
35.549999
34.184921
14.866554
-14.743077
-6.081604
-0.531790
-0.964505
-3.446125
-1.928450
-0.187760
0.258807
1.897838
3.420240
3.015222
1.417247
-1.239861
2.830450
0.000000
15.046953
35.549999
35.549999
34.076130
14.219223
-14.997248
-5.946527
-0.280466
-3.166569
-5.865762
-2.394940
-0.058083
1.561580
1.771765
3.956087
0.820322
3.444441
2.787564
1.741238
0.000000
35.549999
35.549999
35.549999
34.080688
16.177261
-14.450384
-5.861606
-0.345962
-0.886754
-3.275110
-2.019369
-0.291682
0.073628
1.640663
3.458041
2.983755
1.724628
-1.064648
2.971853
0.000000
14.630068
35.549999
35.549999
33.728996
14.069162
-14.469987
-5.672092
-0.237660
-2.372093
-5.600497
-2.620435
-0.513229
1.595860
1.504837
4.017519
1.090020
3.827774
3.024486
1.357522
0.000000
35.549999
35.549999
35.549999
34.239769
16.552790
-14.356194
-5.757875
-0.428049
-1.102584
-3.392739
-1.918482
-0.343837
-0.004958
1.569178
3.559522
3.183153
1.657228
-1.100802
3.140365
0.000000
14.517274
35.549999
35.549999
33.854446
14.438725
-14.467522
-5.722363
-0.405857
-2.147550
-5.511722
-2.541817
-0.533562
1.598525
1.422416
3.967333
1.036308
3.935575
3.236864
1.357147
0.000000
35.549999
35.549999
35.549999
34.036190
15.808510
-14.615497
-6.090487
-0.654103
-0.989909
-3.231922
-2.053886
-0.175736
0.037580
1.458338
3.553581
3.511790
1.718965
-0.923429
2.916487
0.000000
14.406879
35.549999
35.549999
33.866562
14.704882
-14.899622
-5.896185
-0.376683
-2.774271
-5.580064
-2.217331
-0.175936
1.478408
1.309117
3.871574
0.978537
3.870573
3.307115
1.521737
0.000000
35.549999
35.549999
35.549999
34.077919
15.821220
-14.604052
-6.075912
-0.562534
-0.990433
-3.432027
-2.377759
-0.133914
0.162932
1.369377
3.197671
3.179583
2.142410
0.078386
2.787057
0.000000
13.918319
35.549999
35.549999
33.742111
14.907469
-14.733595
-5.816087
0.024139
-2.764264
-5.605821
-2.461327
0.023588
1.435064
1.421448
3.840221
0.976480
3.465410
2.716438
1.947809
0.000000
35.549999
35.549999
35.549999
33.342541
14.182877
-18.135542
-8.321995
-2.166100
-1.550359
-2.383144
-1.909216
0.130139
0.251808
1.312626
3.220761
3.447526
2.411356
0.312863
2.711068
0.000000
17.226282
35.549999
35.549999
33.818779
15.297579
-16.131489
-6.672842
0.130036
-3.070172
-5.841151
-2.437441
-0.848249
1.255584
1.346423
4.330159
1.524162
3.254941
2.944963
3.127675
0.000000
31.665792
35.549999
35.549999
34.211056
14.691311
-17.394289
-7.305589
-0.392005
-2.203604
-4.431899
-2.879591
-0.760925
0.163590
1.024836
3.240401
2.874571
2.740810
0.949690
3.153883
0.000000
17.629982
35.549999
35.549999
35.526978
17.812836
-17.155418
-7.611310
-1.235941
-3.141419
-4.598948
-1.682216
0.357333
0.840513
0.955532
3.425945
0.913197
3.205379
2.768626
3.130520
0.000000
35.549999
35.549999
35.528839
32.772457
13.398472
-15.926740
-6.884315
-0.905782
0.444608
-3.842308
-3.529258
-0.332525
0.780000
1.277881
2.868776
2.202440
2.574450
1.926372
2.712674
0.000000
33.600189
35.549999
35.549999
34.198997
14.981153
-14.957861
-6.072522
-0.260290
-2.753554
-4.702684
-2.069035
0.128053
0.562924
1.019662
3.468660
1.265325
2.851404
2.507884
1.430687
0.000000
35.549999
35.549999
35.549999
33.057014
12.047056
-13.598768
-5.006190
-0.284812
-0.193491
-4.670064
-4.223081
-0.591144
0.967342
1.592797
2.375155
2.262386
3.283912
2.568881
2.303442
0.000000
35.549999
35.549999
35.549999
35.145401
17.052094
-14.421040
-6.057717
-0.468972
-2.493252
-3.885972
-1.423350
0.194664
0.311923
1.205079
3.412963
1.640044
2.830857
1.470809
2.366248
0.000000
35.549999
35.549999
34.916340
32.619389
11.597681
-13.326029
-4.519758
0.036985
-0.998969
-5.358438
-4.016854
-0.347719
1.141548
1.586195
2.404745
2.415241
3.642265
3.553473
1.357891
0.000000
35.549999
35.549999
35.549999
34.700214
16.876568
-14.399889
-5.974737
-0.194954
-2.140671
-3.793202
-1.520589
0.061226
0.421792
1.139943
3.338413
1.276370
3.174567
2.249961
2.048752
0.000000
35.549999
35.549999
34.904572
32.109283
4.472807
-12.265594
-4.010812
0.029392
-1.175440
-5.634704
-4.240450
-0.272582
1.101254
1.411666
2.211771
2.717382
3.887519
3.472134
3.042126
0.000000
35.549999
35.549999
35.549999
33.522060
14.471539
-14.867245
-6.236108
-0.103208
-1.688008
-3.760224
-1.801226
-0.162129
0.745904
0.500681
3.021701
1.230859
4.057945
3.478304
2.512369
0.000000
35.549999
35.549999
35.303425
32.688488
11.712002
-14.251594
-4.780579
-0.075941
-2.791634
-5.055685
-3.025853
0.197069
1.046990
1.292437
2.713912
2.110974
3.305277
2.737182
3.155425
0.000000
35.549999
35.549999
35.110390
32.823650
7.393171
-13.271818
-5.212707
-0.562251
-0.676060
-4.417385
-3.091497
-0.456769
0.860978
0.730339
2.722433
1.468291
4.830006
4.033546
3.048489
0.000000
35.549999
35.549999
35.283092
32.476555
12.404831
-13.501317
-4.769153
0.760379
-2.476308
-4.763216
-2.681692
-0.050926
0.741274
0.808489
2.683608
2.009798
3.984271
3.502516
2.759254
0.000000
35.549999
35.549999
34.734081
32.558285
9.556877
-13.134287
-4.575484
-0.008274
-1.083726
-4.734028
-3.322473
-0.336329
0.888915
0.821368
2.537611
1.676923
4.954098
4.022972
2.382786
0.000000
35.549999
35.549999
35.435783
32.704750
12.964729
-13.619694
-5.003932
0.551142
-2.301640
-4.463207
-2.461307
0.238168
1.007208
0.819521
2.715062
1.819347
4.251475
3.501991
3.288248
0.000000
35.549999
35.549999
34.473946
32.222939
7.391079
-13.336092
-4.594626
0.061056
-2.024596
-5.075554
-3.220560
0.070477
1.178656
0.946135
2.475702
1.848419
5.230177
4.028119
3.172404
0.000000
35.549999
35.549999
34.490383
32.253483
6.119686
-13.380039
-4.637362
0.138797
-2.762179
-5.167912
-2.763405
0.646536
1.571375
1.093400
2.183479
2.157312
5.318076
3.735572
3.488360
0.000000
35.549999
35.549999
34.309704
32.039310
12.630348
-13.765358
-4.373017
0.336958
-2.469369
-4.914896
-2.659976
0.511004
1.532958
0.839692
2.606641
1.705466
5.140265
4.162524
3.771693
0.000000
35.549999
35.549999
34.388256
32.155933
12.587399
-13.847925
-4.701722
0.540650
-2.977299
-4.910741
-2.385481
0.873528
1.517183
0.899857
2.092448
1.998341
5.534089
3.364719
3.171360
0.000000
35.549999
35.549999
34.616226
32.404770
12.923895
-14.225161
-4.676770
0.401373
-3.215875
-4.821439
-2.191252
0.506530
1.360845
0.826858
2.657365
1.932049
5.145823
3.991302
3.400281
0.000000
35.549999
35.549999
35.549999
9.914128
35.549999
35.549999
35.549999
35.549999
35.549999
35.549999
30.206642
32.134495
30.635551
29.110352
28.674452
28.628214
28.216793
26.622852
24.927597
23.077581
21.406324
19.488527
17.647284
16.695271
12.112916
-10.776500
-2.118400
-2.847996
-1.533222
-2.765380
-3.856417
-2.238161
0.574550
2.033710
4.660754
6.221861
9.662765
9.855279
3.147350
0.000000
32.929131
31.698130
31.049398
1.960858
-9.064823
-2.262034
-0.008113
-3.489641
-3.176110
-4.390645
-3.312690
-2.611042
-0.933133
0.653054
3.322917
2.647675
6.048016
1.558595
7.569013
0.000000
35.549999
35.549999
35.549999
35.549999
21.541023
-15.433661
-6.619722
-2.137118
-3.181587
-4.334740
-1.064259
1.015657
1.936028
1.015760
0.316423
3.294124
9.115772
4.898009
3.678208
0.000000
35.549999
33.761982
33.313931
31.331182
18.254112
-12.204125
-4.401991
-0.770476
-1.354122
-4.308378
-2.015599
-1.053091
1.515426
1.760613
3.615836
1.760801
3.855812
4.125208
3.388313
0.000000
35.549999
35.417816
34.296127
31.686357
14.257221
-11.808383
-4.253732
-2.313525
-1.256273
-2.372339
-2.878759
0.636029
1.258510
0.922903
1.134842
2.716249
5.138039
3.239250
4.021675
0.000000
35.549999
35.549999
34.395138
32.006180
3.942574
-11.246412
-3.609751
-0.345377
-2.674509
-5.917293
-3.538634
0.352265
2.602381
1.919931
3.100869
0.921566
5.328429
3.287511
4.600952
0.000000
31.574001
35.171173
33.520313
31.308540
-4.614553
-8.309606
-1.770582
1.206426
-1.347923
-6.289722
-4.405946
-0.297652
1.435235
1.777194
2.034535
2.368839
4.372886
4.157588
4.340073
0.000000
32.506706
35.549999
34.290276
31.698864
8.014954
-12.363100
-3.886322
-0.156709
-1.329754
-5.674459
-4.465505
0.062606
1.819208
1.795058
2.206282
1.882836
4.669644
4.029527
4.166931
0.000000
35.549999
35.549999
33.990601
31.907206
7.580561
-12.327987
-4.130496
-0.420819
-0.665142
-5.265646
-4.343006
0.083478
1.887678
1.732621
1.737234
1.610774
5.330889
3.763358
4.035924
0.000000
31.124777
35.392017
33.741623
31.730944
3.998472
-11.140887
-4.171947
-0.495401
-1.113197
-5.330328
-3.919932
0.284672
2.030598
1.740602
1.623598
1.638733
5.408117
3.856042
3.993070
0.000000
30.311115
35.155941
33.563786
31.558020
4.068159
-11.220740
-4.297929
-0.921714
-0.692720
-5.328214
-3.797971
0.228527
2.131803
1.788326
1.380213
1.204336
6.086493
4.149120
3.755437
0.000000
35.549999
34.897827
33.775276
31.407103
5.507898
-11.554544
-5.016711
-1.045105
-0.603241
-4.683437
-3.790677
0.082632
1.917691
1.697849
1.335655
1.470226
5.864931
4.112045
3.935613
0.000000
35.549999
35.060200
33.572975
31.662493
13.007544
-12.168070
-5.248952
-1.124777
-0.380386
-4.362230
-3.512176
0.383671
1.986383
1.510792
1.380357
1.466138
5.899013
3.543392
3.841947
0.000000
35.549999
35.339184
34.116581
31.814377
15.624302
-12.103426
-5.330813
-0.948999
-0.463587
-4.093453
-3.262210
0.335883
2.040642
1.456860
1.569158
1.233754
5.599527
3.363172
3.958699
0.000000
30.751013
35.467106
33.817116
31.891827
13.149479
-12.219042
-5.255166
-0.970616
-0.329962
-4.350285
-3.403522
0.098041
2.075531
1.557474
1.354408
1.245789
6.257786
3.746495
4.089056
0.000000
31.648010
35.310543
33.674282
31.698248
13.050053
-12.204232
-5.330819
-1.015038
-0.471124
-4.375333
-3.312314
0.220419
2.045917
1.571180
1.295296
1.268426
5.950588
3.922453
4.092298
0.000000
35.424305
35.063019
33.840118
31.462269
10.451246
-12.191919
-5.240410
-1.141656
-0.451130
-4.503008
-3.517747
0.206723
2.079868
1.618783
1.083344
1.143015
6.269119
4.136460
4.017640
0.000000
35.549999
34.980362
33.818192
31.456873
6.416933
-11.794481
-5.277155
-1.247743
-0.616832
-4.686851
-3.801855
0.157173
1.903593
1.541127
1.498966
1.800507
5.757148
3.951804
4.022449
0.000000
35.549999
35.164486
33.983425
31.672977
15.164455
-11.972853
-5.332499
-1.160766
-0.618496
-4.417796
-3.125969
0.551601
2.213387
1.457919
1.119238
0.970474
6.095127
3.756283
4.044031
0.000000
34.211224
35.059475
33.432522
31.470079
5.114868
-11.412329
-5.207252
-1.279064
-0.555933
-4.803223
-3.378463
0.286766
2.201691
1.681869
1.143985
1.187550
6.408894
4.344813
4.000681
0.000000
35.549999
34.577774
33.527298
31.151924
10.692411
-12.079102
-5.489835
-1.435740
-0.592144
-4.405195
-3.558122
0.379898
2.106849
1.607149
1.068014
1.332390
6.252747
4.166866
3.942092
0.000000
35.549999
35.007374
33.508968
31.621016
14.888319
-11.930302
-5.482447
-1.249846
-0.624131
-4.007787
-3.020765
0.781355
2.099899
1.401465
1.250650
1.468153
5.461355
3.406845
4.098143
0.000000
32.666103
35.350967
33.773808
31.889469
16.038979
-11.744082
-5.413861
-1.147447
-0.880457
-4.476086
-3.069609
0.335788
2.314166
1.526428
1.427320
0.902751
6.385085
3.927806
4.121614
0.000000
35.549999
35.093586
33.488869
31.505074
8.412861
-11.990734
-5.386751
-1.226598
-0.406149
-4.504057
-3.549072
0.038767
2.024993
1.623982
1.177005
1.279791
6.101730
4.398422
4.218873
0.000000
35.549999
34.786591
33.639473
31.285316
13.939684
-12.039520
-5.510423
-1.379551
-0.364926
-3.951728
-3.696080
0.320361
1.957156
1.394092
1.103011
1.540135
6.343264
4.132636
4.222247
0.000000
35.549999
35.141495
33.968231
31.669781
16.177206
-11.673143
-5.600048
-1.408969
-0.783602
-4.253384
-3.057594
0.401668
2.169924
1.370393
1.541422
1.066825
6.010680
3.627961
4.360349
0.000000
35.549999
34.975075
33.689838
31.375200
12.635372
-12.099708
-5.593881
-1.424205
-0.480944
-4.472033
-3.434869
0.250467
2.191809
1.655122
1.159519
1.233280
6.345086
4.233817
4.504277
0.000000
29.172531
35.114025
33.512405
31.537916
13.458874
-11.985155
-5.487460
-1.277632
-0.607789
-4.540442
-3.375806
0.252912
2.107479
1.554857
1.244022
1.299350
6.171969
4.098288
4.501581
0.000000
35.549999
35.008465
33.716492
31.352036
15.113800
-11.922174
-4.837620
-0.602138
0.268299
-4.148706
-3.421427
0.002568
1.902848
1.618102
0.716993
1.068433
6.581779
4.510063
4.426803
0.000000
30.633099
34.913548
33.513779
31.562288
10.904234
-11.662580
-4.701119
-1.154805
-0.735837
-3.713249
-3.537832
-0.090164
1.635946
1.451755
1.323753
1.890918
5.392241
4.041935
4.733047
0.000000
31.545815
35.482018
34.213238
31.866940
17.182968
-10.815226
-5.193387
-1.541150
-0.778901
-3.925767
-3.033840
0.364275
2.007616
1.435849
1.127597
1.288213
6.266382
3.639346
4.592867
0.000000
31.718149
35.440548
34.155170
31.883114
17.425837
-11.267036
-5.198535
-0.807904
-0.365668
-4.110541
-2.782398
-0.153388
1.974189
1.689243
1.319455
1.145614
6.117805
3.891688
4.787327
0.000000
30.437870
35.071003
33.467651
31.418783
3.831682
-10.900158
-4.783884
-0.652544
-0.143521
-4.720783
-3.459604
-0.303286
1.774758
1.782463
1.143356
1.623306
6.567496
4.796191
4.728539
0.000000
30.811920
34.703247
33.695171
31.331202
15.494671
-10.969332
-4.721980
-2.365360
-1.547022
-3.389210
-3.082440
0.614145
1.746456
1.232945
1.354946
2.385457
5.670721
3.290331
4.514791
0.000000
35.549999
35.549999
34.788589
32.852947
19.545366
-15.353622
-8.312120
-2.482630
-2.404780
-4.011066
-2.088699
0.414274
2.151790
1.388699
1.718826
0.832914
6.370004
3.786238
5.099686
0.000000
30.427555
34.659817
32.966152
30.885994
-13.872311
-7.571854
-2.303553
0.737387
0.271799
-5.862452
-3.761067
-0.721512
1.647995
1.761166
0.941799
1.673855
7.604941
5.414965
4.230854
0.000000
29.987530
34.877712
33.655411
31.664274
16.259081
-11.036541
-4.911507
-3.153428
-3.658741
-3.410903
-2.614670
0.812588
1.303963
0.823056
2.679782
2.715333
5.164607
2.930719
5.257962
0.000000
35.549999
35.549999
34.722767
32.869312
20.117243
-15.957623
-8.984262
-2.934034
-2.493850
-4.195998
-2.377945
0.252450
2.034477
1.194381
1.797307
0.903574
6.962869
4.097452
5.066360
0.000000
31.408833
35.215599
33.584270
31.505136
-13.139814
-7.745917
-2.044253
1.403707
-0.916593
-6.640163
-3.955687
-0.789495
1.810055
1.807928
1.723197
2.114442
6.748700
5.086916
5.042015
0.000000
30.575254
35.311737
34.284412
31.759193
18.648247
-11.780141
-6.167414
-4.047564
-2.971659
-3.125856
-2.583237
0.649487
1.698635
0.966993
2.104142
2.100380
6.394489
3.642443
5.812793
0.000000
35.549999
35.549999
34.086975
32.240112
19.316294
-11.252134
-5.199570
-2.346546
-2.030564
-3.729018
-2.308848
0.482668
1.946759
1.236276
1.454511
0.797610
6.325147
3.173163
5.403463
0.000000
31.502264
35.200073
33.470863
31.388945
-15.755706
-7.243563
-1.817490
1.430084
-0.549968
-6.251060
-3.742254
-0.705656
1.701071
1.843760
1.449380
1.970119
6.884283
5.002112
5.222488
0.000000
30.233688
34.824997
33.846256
31.368650
16.632847
-10.213924
-4.908817
-3.442370
-2.749228
-3.249342
-3.032835
0.755647
1.707884
1.089540
2.006095
2.343384
5.788581
3.548126
5.365050
0.000000
35.549999
35.549999
34.318470
32.470036
19.008322
-13.632766
-7.151003
-2.884986
-2.200894
-4.087177
-2.859954
0.677572
2.194676
1.442174
1.783619
0.898214
6.176492
3.684733
5.603604
0.000000
35.549999
35.123245
33.331287
31.291346
-13.143672
-6.858349
-2.734669
0.516052
-0.289144
-6.045200
-4.091664
-0.787122
1.758550
1.779604
1.360966
1.572385
7.538072
5.060692
5.390575
0.000000
30.221210
34.838642
33.486313
31.373186
16.184616
-10.312883
-4.821476
-3.062484
-1.947880
-3.846107
-3.378437
0.320752
1.741308
1.444604
2.106333
2.307127
5.437552
3.449469
5.566642
0.000000
35.549999
35.549999
34.069069
32.160706
17.248690
-11.110834
-5.732442
-1.297208
-0.758680
-4.560508
-3.778430
0.345681
2.230054
1.619039
0.956027
0.830719
6.644808
4.570919
5.859192
0.000000
30.902996
34.394947
33.132282
30.666784
-2.379383
-9.102666
-4.186057
-0.392979
-0.125438
-5.522669
-3.751878
-0.760954
1.537584
1.746259
1.411134
1.351373
6.942259
4.833492
5.923256
0.000000
30.672987
34.547634
33.499096
30.969536
14.570517
-10.753962
-4.773756
-2.504170
-1.047713
-3.876598
-3.218829
0.217505
1.849291
1.668027
1.058424
1.801472
6.151648
3.875603
5.483715
0.000000
31.132572
34.909321
33.730305
31.265045
15.668694
-10.756162
-4.998566
-2.307840
-0.968284
-3.729586
-3.564489
0.290027
2.124854
1.650671
0.949842
1.257194
6.382703
4.151354
5.493419
0.000000
29.977907
35.011902
33.360657
31.315754
14.199169
-11.191697
-5.397233
-1.198125
-0.189475
-4.828617
-3.556139
-0.407131
1.844847
1.805900
1.283842
1.139729
6.392552
4.864254
5.570848
0.000000
30.599453
34.659229
33.124664
31.005434
8.885838
-11.151906
-4.640117
-1.739376
-0.200152
-4.662624
-4.064291
-0.519170
1.600791
1.820307
1.221518
1.873571
5.812253
4.756433
6.137364
0.000000
35.549999
35.161293
33.617233
31.510492
14.879124
-10.708655
-4.709030
-2.149627
-0.837538
-4.268003
-3.818131
0.201593
2.021431
1.616751
0.576929
1.153686
6.181166
4.803821
5.558614
0.000000
30.090796
34.729553
33.174179
31.135775
11.798889
-11.098566
-4.751578
-1.908259
-0.361323
-4.846765
-4.029851
-0.349913
1.888541
1.943162
1.209621
1.725591
5.418462
5.171979
5.592353
0.000000
35.549999
35.038216
33.474674
31.390430
13.023781
-11.256659
-4.598210
-1.616072
0.130062
-4.419619
-4.467670
-0.463945
1.768088
1.619475
0.732018
1.519661
5.867657
5.534077
5.778819
0.000000
30.410168
35.107868
33.602539
31.588436
16.121794
-10.382664
-5.110357
-2.364254
-1.209622
-4.869538
-3.811604
0.148252
2.160948
1.744521
1.311344
1.397145
5.388290
4.613616
5.760449
0.000000
31.926088
34.755241
33.411663
31.064108
15.131144
-10.869560
-5.280558
-1.885472
0.183941
-4.309327
-3.927847
-0.160755
2.114021
1.681985
0.474405
0.921982
6.878647
5.586173
5.595223
0.000000
35.549999
34.753540
33.469830
31.591265
15.926229
-10.761404
-4.859909
-2.427096
-1.632433
-4.547394
-3.947609
0.023022
1.913650
1.605696
1.580304
2.020169
4.175404
4.828840
5.506676
0.000000
35.549999
35.467079
33.671875
31.725452
15.694769
-10.764292
-5.534334
-1.222948
0.476406
-5.110237
-4.483032
-0.453734
2.181299
1.792054
0.405305
1.222336
7.597767
6.072792
4.962774
0.000000
35.549999
34.388046
33.496552
31.480753
16.917259
-13.497515
-6.353406
-2.827871
-2.425885
-4.659331
-3.792910
-0.267751
1.634755
1.652016
1.642994
2.665718
3.771530
5.001552
5.762535
0.000000
35.549999
35.013973
33.238247
31.291388
13.366478
-10.502174
-4.506632
-1.563132
0.138604
-4.098953
-4.381798
-0.462550
1.930180
1.656465
0.208592
0.855322
6.891163
6.277767
4.933158
0.000000
35.549999
34.609711
33.367855
31.398777
-2.674301
-9.783845
-3.789465
1.452815
-1.090915
-6.112162
-4.816916
-1.024274
1.360354
1.648269
1.406109
3.266195
3.864862
5.556249
5.578759
0.000000
35.549999
34.652622
33.428501
30.935009
7.845013
-10.501180
-4.072911
-1.022533
0.136536
-4.815925
-4.966285
-1.129846
1.413034
1.625427
0.603531
1.275830
5.891428
6.296940
6.027112
0.000000
35.549999
35.177368
34.198795
31.889324
16.930693
-13.379389
-6.306862
-2.622841
-1.716269
-5.072509
-4.153526
-0.503835
1.638156
1.769530
1.568208
2.553960
3.628632
5.176665
6.052114
0.000000
35.549999
34.646111
33.299049
30.908005
7.322502
-10.492250
-4.335611
-1.275908
0.040711
-3.285759
-4.730616
-1.124253
1.465427
1.546518
0.318893
0.951251
6.877611
6.599320
5.352831
0.000000
35.549999
34.409359
33.239731
31.365402
7.753693
-10.679167
-3.385278
0.119591
-1.196131
-5.815517
-4.673847
-0.958223
1.258728
1.616807
1.400882
3.345415
3.105240
5.981964
3.690227
0.000000
35.549999
34.988579
33.369850
31.216740
-12.027588
-8.601873
-3.263866
-0.035362
0.556644
-5.857431
-5.458729
-0.991762
1.533446
1.552960
0.448486
1.116224
5.558100
6.233989
6.561941
0.000000
35.549999
35.291481
34.188980
31.761240
17.260229
-10.398518
-4.564621
-1.451594
-0.792450
-5.060958
-4.612254
-0.873618
1.569405
1.794795
1.294252
1.805102
4.299535
5.416874
6.379895
0.000000
35.549999
34.753757
33.511623
31.031691
15.587952
-10.467405
-4.160955
-1.902640
-0.044367
-3.123152
-4.606766
-1.044771
1.498726
1.574886
0.411866
0.769803
5.619801
5.666021
6.019796
0.000000
35.549999
34.740971
33.442402
31.449024
15.525116
-10.515867
-4.101578
-0.781361
-0.046903
-4.788525
-4.691042
-1.139616
1.245645
1.803589
1.287687
2.379889
3.897197
5.965633
5.774480
0.000000
35.549999
34.944096
33.278770
31.090260
8.253267
-10.685036
-3.898871
-0.846060
0.442027
-4.017903
-5.198151
-1.418264
1.171004
1.577485
0.720308
1.398418
5.322809
6.209074
6.234108
0.000000
35.549999
34.747902
33.287811
31.384586
15.026123
-10.434364
-4.056471
-0.849981
-0.113241
-4.680521
-4.867943
-0.931970
1.328218
1.731225
0.976464
2.078820
4.002550
5.860612
6.285766
0.000000
35.549999
34.801281
33.486233
30.956091
14.755787
-10.490448
-4.319770
-1.377469
0.233951
-3.880355
-5.144929
-1.248529
1.427470
1.666104
0.663120
1.275897
5.215425
6.417235
6.157022
0.000000
35.549999
34.693146
33.667015
31.380953
15.776617
-11.015926
-4.491132
-1.323970
-0.434898
-5.020719
-5.265548
-1.011634
1.514433
1.829978
1.013083
2.134143
3.855566
6.117861
6.185575
0.000000
35.549999
34.628078
33.462307
30.945765
12.316187
-10.765036
-3.860935
-0.960132
0.434289
-3.746497
-5.729140
-1.540731
1.299428
1.654173
0.680683
1.346838
4.740921
6.631664
6.233427
0.000000
35.549999
34.822910
33.297871
31.322340
12.498953
-10.759752
-3.764629
-0.114071
0.832870
-5.546784
-5.711885
-1.262537
1.268083
1.755161
1.021441
2.344769
3.665436
6.425514
6.003970
0.000000
35.549999
34.727772
33.438305
31.002871
14.344299
-10.589260
-4.152648
-0.813994
0.623882
-5.011086
-5.748823
-1.285078
1.513012
1.801584
0.817266
1.703368
4.475419
6.793664
6.426460
0.000000
35.549999
34.830349
33.724758
31.438801
15.887142
-11.285639
-4.671381
-1.325843
-0.081633
-5.627854
-5.798895
-1.017179
1.653708
1.924101
0.961282
2.144197
3.965008
6.705025
6.228818
0.000000
35.549999
34.608032
33.210716
31.110607
15.080763
-11.074890
-4.402914
-1.761274
0.257003
-4.865938
-5.962500
-1.250475
1.764695
1.896779
0.710133
1.487425
4.399554
6.721189
6.271040
0.000000
35.549999
34.753231
33.262321
31.533234
16.004015
-12.882026
-5.891708
-1.851718
-0.277360
-5.300941
-5.730752
-1.072916
1.760044
1.999415
1.015325
2.167252
4.286869
7.040456
6.044044
0.000000
35.549999
34.306759
33.138721
31.045296
15.695518
-13.836281
-6.277189
-2.469874
-0.911526
-5.288507
-5.691047
-0.966691
1.943852
2.071314
0.905713
1.982613
4.555491
6.776285
6.144729
0.000000
35.549999
34.735489
33.164993
31.447533
15.866198
-14.254676
-6.606729
-2.475348
-0.844718
-5.269701
-5.591801
-0.904000
1.956427
2.047563
0.968352
2.063378
4.501102
6.649050
6.467914
0.000000
35.549999
34.472660
33.112659
31.295612
15.979359
-14.230819
-6.670218
-2.540655
-0.724497
-5.543787
-5.155293
-0.477979
2.049868
1.981333
0.843928
1.839822
4.900474
6.604404
5.879529
0.000000
35.549999
34.145027
33.048138
30.915459
15.134287
-12.004858
-5.130474
-1.716923
-0.572740
-5.555701
-5.580141
-0.667356
2.032978
1.959138
0.786878
1.850528
4.792576
6.696568
5.814152
0.000000
35.549999
34.579639
33.155273
31.310497
14.841560
-10.725893
-4.520653
0.143878
0.462358
-5.685472
-5.822029
-0.778862
1.740203
1.758365
0.806386
2.185635
4.628783
7.204125
5.618378
0.000000
35.549999
34.297657
33.198257
31.002869
15.148392
-12.196233
-5.356694
-1.300539
-1.101737
-5.956039
-5.610074
-0.702816
1.989361
1.948628
0.964937
2.374558
4.881212
7.185519
5.925662
0.000000
35.549999
34.577110
32.946537
31.184511
15.475723
-13.178985
-6.072496
-1.833014
-0.953594
-5.756013
-5.444870
-0.697065
2.028758
1.965614
0.991800
2.167793
5.259339
6.997452
6.311296
0.000000
35.549999
34.313133
33.207798
31.073681
16.280338
-15.460827
-7.420536
-2.964571
-1.469847
-5.574184
-5.119760
-0.638078
1.967028
1.973867
1.067538
2.252966
5.229935
6.941829
6.154696
0.000000
35.549999
34.328014
32.749660
30.974998
15.295086
-11.229366
-4.668733
-1.507434
-0.621525
-5.614036
-5.402917
-0.592808
1.989665
1.863398
0.806102
1.888947
5.141487
6.886755
5.872900
0.000000
35.549999
34.894482
33.371338
31.446722
15.909487
-12.263672
-5.228753
-1.127821
