0.544728
1.982611
0.349690
-0.781938
-0.827361
-2.101139
-3.005070
-2.985034
-2.044944
-0.598425
0.637269
1.892363
1.896176
1.832637
1.747082
1.778165
1.939832
2.238574
2.654199
3.105385
3.636774
4.119602
4.627775
5.518350
6.293012
7.103555
8.031453
8.760699
9.386227
10.826240
13.349363
10.594073
-8.898282
-17.561184
-18.473600
-18.369547
-17.556768
-15.234407
-10.881530
-6.275856
-3.121130
-1.622595
4.298282
15.951177
18.401129
17.858845
17.470255
-0.312236
2.261643
3.529561
4.605521
5.450020
7.122440
12.006509
17.069674
20.059778
0.768815
0.000704
-0.924802
-4.968446
-8.551747
-9.793402
-9.693244
-8.720540
-6.992708
-4.841773
-2.190127
0.238183
3.485935
9.036862
19.549175
20.059385
-0.000108
-0.000010
0.000001
0.000344
0.000021
-14.630841
7.579532
0.000032
-0.159013
0.000772
-0.001342
0.000001
-0.000002
0.000069
0.000077
0.000034
0.000034
0.000026
0.000002
-9.569282
-5.907825
-9.463510
-13.589855
-12.657655
-12.171404
-10.882693
-9.736886
-9.020169
-7.286036
-5.998065
-4.546092
2.131494
10.614157
20.017401
0.502210
2.133765
3.191747
2.192347
1.735987
1.548630
1.030695
1.032222
1.418181
2.451578
4.409846
3.329867
-5.651494
-13.768231
-14.362442
-11.860959
-8.051324
-4.441894
-3.104117
-3.036109
-1.995076
-0.306467
2.688487
4.975566
9.511113
14.595242
-0.533797
-1.157937
-2.144474
-2.020794
-2.214515
-2.404156
-2.507686
-2.259677
-2.191677
-1.930886
-1.911277
-2.322328
-8.293083
-6.444562
-7.570436
-6.562286
-4.369372
-0.010120
3.460504
3.813759
2.733258
1.523556
4.632109
8.128265
8.990395
7.479846
-1.759565
-0.823767
-1.020657
-1.043491
-1.389163
-1.182489
-0.430487
0.324682
-0.540365
0.217261
0.673179
1.595099
-2.706458
-5.136676
-6.367803
-5.346495
-3.716662
-2.095104
-1.618485
-1.945273
2.174820
6.025186
6.462910
8.364921
10.066971
11.089472
0.210763
1.178912
1.602862
1.129477
0.897132
0.716144
0.413127
0.395583
0.800094
1.205852
1.361690
-7.391684
-9.324192
-7.158815
-5.037186
-4.103344
-2.895014
-1.281456
-2.444092
0.069382
3.477393
5.511835
9.093986
11.802354
13.101874
-2.232074
-0.369384
0.380964
-0.202985
-0.650809
-0.563956
-0.583733
-0.134010
0.437305
0.281954
-9.757784
-9.667539
-6.221628
-3.124674
-1.630836
-2.497862
-3.260775
-4.966253
-5.623773
-3.393037
0.407914
3.204256
7.462412
13.061796
14.973229
15.816274
0.045940
0.307634
-0.661975
-0.911128
-1.021106
-1.222499
-0.435193
0.471243
0.328818
-10.381123
-9.794662
-5.992434
-2.250828
-0.620097
-1.720916
-2.738681
-4.369964
-5.672997
-4.215897
-0.663049
1.715303
6.100724
12.673460
14.924794
14.745215
-0.544046
0.158604
-0.215369
-0.569448
-0.704189
-0.851724
-0.112313
0.755977
0.655728
-10.535199
-10.396506
-6.794889
-3.370019
-1.373109
-2.403509
-3.479414
-5.804339
-6.918015
-4.779193
-0.444389
2.815296
7.444901
12.957542
15.982293
15.805305
0.607983
0.621617
-0.409515
-0.592748
-0.436188
-0.503232
-0.167702
0.698430
0.618488
-10.450998
-9.622895
-6.006433
-1.907392
0.030403
-0.936226
-1.781255
-2.309981
-3.858907
-2.963701
-0.081726
1.133734
4.372812
10.749354
13.698237
13.606670
-2.069640
-0.024884
-0.400275
-0.719121
-0.823509
-0.740666
-0.275646
0.670343
0.451477
-10.486670
-11.274050
-7.650471
-4.613858
-2.636894
-3.194146
-4.426713
-6.532135
-6.628702
-4.919985
-0.785047
2.630567
7.476311
12.912522
15.636331
16.759956
0.892686
1.052410
-0.495720
-0.789665
-0.628506
-0.673727
-0.472981
0.521092
0.476780
-10.822021
-9.804914
-5.776647
-1.304547
0.552826
-0.688935
-1.740215
-2.185763
-4.046187
-3.668074
-0.802306
0.747487
4.230450
10.604948
13.446647
13.311520
13.029615
-0.473491
-0.714095
-0.905416
-0.964299
-0.926009
-0.446886
0.552871
0.217278
-10.558460
-11.906144
-8.439797
-5.086134
-2.769245
-3.062711
-5.508982
-6.458061
-6.006596
-4.595219
-2.173423
0.959644
7.037895
13.656416
17.390709
17.362762
1.793310
2.115171
0.582281
-0.835353
-0.547783
-0.529418
-0.549359
-0.015676
0.285422
-11.103438
-10.203950
-5.072553
-0.548722
0.718806
-0.434609
-1.288239
-1.277750
-1.601389
-1.895142
0.337188
0.687068
2.966506
7.182672
11.186440
13.390865
14.061075
-0.709475
-0.972951
-1.168152
-1.163702
-1.087106
-0.549346
0.536267
0.404893
-10.160669
-11.494196
-8.852801
-5.592377
-3.191785
-3.675627
-5.706482
-6.259501
-5.567664
-4.244128
-2.887896
0.283747
6.419820
13.245325
16.714674
18.336378
1.518725
3.248902
1.884501
-1.050134
-0.881352
-0.838585
-0.687979
-0.291057
-0.055597
-12.221032
-11.190129
-5.900095
-0.669253
1.280339
-0.579553
-2.017667
-2.169480
-2.786483
-3.526176
-1.723462
-0.517051
3.097601
6.998153
10.271433
12.481416
14.599698
-0.729164
-1.065248
-1.300723
-1.276370
-0.711576
-0.369044
0.547597
0.656256
-9.853284
-11.270099
-8.287364
-4.964398
-2.769069
-3.424680
-5.447829
-5.893167
-5.189502
-3.933886
-2.764260
0.757149
7.389851
14.873012
18.609276
20.060015
4.104134
5.320727
4.157615
-0.862802
-0.528886
-0.424011
-0.154216
0.330755
-0.247924
-12.340576
-11.229570
-6.438272
-1.468312
1.011189
-0.281328
-1.652116
-2.142306
-2.750128
-3.568700
-2.556925
-2.002305
0.394405
5.038320
9.514921
11.395973
13.261819
-2.042683
-2.037596
-2.082828
-1.936625
-1.337689
-0.972689
-0.074068
0.028855
-10.031822
-10.734213
-6.997294
-3.932766
-2.217313
-3.034858
-5.424876
-6.156066
-5.670232
-4.439288
-2.454812
1.381095
8.235423
15.927221
19.881609
19.971193
4.810489
5.663788
4.200490
-1.001461
-0.622127
-0.448098
-0.053723
0.664134
-0.316984
-12.259398
-11.125589
-6.981312
-1.980572
1.304550
0.288730
-1.274227
-2.588766
-3.961761
-3.547686
-2.256371
-1.551939
1.865884
7.664512
12.482352
14.234491
-2.777096
0.332360
-0.055495
-0.237669
-0.253959
-0.462709
0.155710
1.161866
0.999615
-10.889541
-11.930187
-8.883782
-5.505842
-2.562962
-2.573267
-4.586397
-5.179445
-4.664759
-3.636041
-2.958866
-1.893538
3.415415
10.586070
15.338087
17.118326
16.084068
3.650317
2.818452
-1.581991
-1.338458
-1.193683
-0.632922
-0.266951
-0.583089
-11.172064
-9.606096
-5.120831
-0.296181
0.733225
-1.234612
-2.973630
-3.392109
-3.359373
-3.638411
-2.995777
-2.331213
2.888775
11.506006
15.943365
13.768322
-0.697811
0.684766
0.181189
-0.133203
-0.182994
-0.315474
0.180905
1.208493
1.097088
-9.711716
-12.124704
-10.620018
-7.448283
-4.152684
-3.421741
-4.801585
-5.111218
-4.178332
-2.868283
-2.023331
-1.571439
2.960292
9.319374
13.094022
15.112306
16.301321
13.110377
1.205340
-1.828237
-1.575480
-1.543154
-1.185694
-0.561113
-0.567078
-12.333046
-12.240768
-5.787089
-0.159093
1.494061
-0.562379
-3.036169
-4.821174
-6.181223
-5.612591
-5.467139
-2.588994
3.993700
9.584552
13.448955
16.042969
17.222368
0.845487
-0.417257
-0.442953
-0.327034
-0.480238
-0.218182
0.682830
0.353684
-11.349187
-13.069831
-8.995587
-4.414896
-0.738826
-0.792084
-1.316836
-2.563994
-3.641140
-3.727702
-2.572518
-0.678805
3.987556
9.834721
13.683924
16.110777
-0.724337
1.054693
0.515544
0.142083
0.074132
-0.134811
0.485169
1.371986
1.988478
-8.777450
-10.185897
-6.333844
-2.581646
-1.401741
-3.404881
-4.972754
-4.999949
-5.415506
-5.134101
-2.941315
-0.711998
3.782807
10.040346
14.110606
14.946721
15.520122
-0.598908
-0.877804
-1.061041
-1.076056
-1.226470
-0.643424
0.421400
0.736042
-9.510947
-11.333857
-7.474280
-3.489402
-1.510613
-2.619537
-4.357192
-6.227125
-6.230978
-5.150273
-3.268769
-0.044574
6.269180
13.064825
17.413260
18.913162
1.517471
1.728051
0.112692
-0.128286
-0.113427
-0.134263
0.034022
0.321061
0.233653
-9.731245
-10.981329
-6.303211
-1.028849
0.908270
-1.102207
-2.727971
-2.821628
-3.203838
-3.444253
-1.492149
-0.453846
3.139688
9.480484
14.373354
14.724236
-0.971492
1.145212
0.692134
0.112878
0.002929
-0.205344
0.334479
1.317009
1.421533
-9.854226
-12.061420
-8.250973
-4.762576
-2.169487
-2.307727
-4.679240
-5.324725
-4.819925
0.016250
1.177547
1.975772
0.405391
-0.974768
-0.696461
-2.262558
-3.276509
-2.909209
-1.303955
-0.339710
0.493107
1.749755
1.753342
1.722060
1.799687
1.946074
2.134305
2.362537
2.642715
2.985030
3.391901
3.908842
4.715992
5.617872
6.358038
7.050942
7.460927
8.334278
8.141523
-2.691966
-10.461877
-13.192295
-13.987832
-14.757529
-14.357861
-12.890924
-10.412122
-7.223591
-2.447911
3.905290
12.539216
17.977369
18.958448
17.491667
15.580322
14.534483
17.512896
1.019472
1.217479
1.394619
1.721388
2.376725
-15.322957
-16.294561
-12.201023
-6.421637
-0.233731
3.677035
3.325314
0.761984
-0.120598
-0.160161
0.131847
-0.150865
-0.106455
0.782838
2.197369
2.985834
4.039375
4.604498
4.357214
11.585782
16.145151
16.251080
-3.303832
-2.000462
-1.028754
-8.680573
-14.059490
-8.855820
-5.272156
-1.664529
-1.796249
-4.562222
-6.093489
-6.419025
-6.081852
-5.530122
-5.313702
-4.747210
0.260750
5.354916
9.948642
11.946266
13.389949
8.696913
-1.399382
-1.150737
-0.882801
-0.769748
0.244388
0.997869
-3.262300
-12.497552
-12.556748
-10.282999
-5.542141
-2.334991
-1.630955
-1.820858
-3.239420
-4.401797
-4.281897
-1.924456
1.463156
6.733722
10.437667
11.476331
11.949729
-1.874800
-0.893214
-1.407914
-1.306945
-0.209622
-0.167330
0.298638
0.823237
-1.437084
-9.489799
-9.195056
-6.462039
-3.901897
-2.630699
-3.304878
-3.873868
-6.010582
-6.985765
-5.323648
-0.343583
4.879780
10.769122
13.592521
13.966323
13.521708
-1.182143
-0.700840
-1.027558
-1.065785
-0.686423
-0.492483
0.154473
0.699963
-2.147457
-10.264345
-9.901937
-6.781721
-3.982383
-2.109619
-2.283268
-2.892174
-5.664139
-6.314553
-4.149709
0.717732
4.817340
9.753807
13.280470
15.178380
16.241615
0.350169
0.399615
-0.469671
-0.274171
-0.040829
-0.179206
0.207465
0.996181
1.039523
-9.412956
-9.315670
-6.642242
-2.960838
-0.789534
-1.114015
-1.805908
-3.567497
-4.238354
-2.039342
1.225706
3.506515
6.555031
9.693362
12.965079
13.605227
12.436205
-1.204914
-1.302994
-1.177925
-0.885192
-0.881754
-0.307359
0.607255
0.801471
-9.572026
-9.373748
-6.507814
-3.534864
-1.888056
-2.392747
-3.353281
-5.410981
-6.430749
-4.857008
-1.005510
3.151213
8.426610
12.428334
14.378045
15.022367
-1.731914
-0.880673
-1.149358
-1.184692
-1.033249
-1.131206
-0.438247
0.474110
0.488806
-9.757706
-9.554364
-6.702404
-3.904956
-2.007553
-2.785902
-3.522566
-4.859596
-5.758623
-4.013835
-0.349369
3.586348
8.492628
11.894974
13.566262
14.238866
-1.470747
-0.767632
-1.072045
-1.165763
-1.040111
-1.151480
-0.367903
0.544475
0.681922
-9.157740
-9.353816
-6.588485
-4.500809
-2.652004
-2.826536
-3.042132
-5.167578
-5.812309
-3.920545
0.266004
4.131218
7.397957
11.107030
14.454753
15.898554
-0.895184
-0.841531
-1.124705
-0.763726
-0.472604
-0.409533
-0.151079
0.663110
0.840472
-8.778076
-8.720602
-6.307556
-2.679514
-0.996630
-1.134663
-1.815158
-2.227412
-3.434236
-1.512397
2.012626
3.395774
6.083997
9.976050
13.998976
14.901944
-1.237766
-0.367738
-0.418268
-0.146915
0.158286
0.101843
0.290432
1.158066
1.275051
-10.173381
-9.429842
-7.065288
-3.926268
-2.135804
-2.493829
-3.343953
-4.991841
-6.019492
-4.943388
-1.868311
1.726770
7.664322
13.531717
14.576038
14.162771
-1.994995
-0.917902
-1.225962
-1.247628
-1.183384
-0.871698
-0.127167
0.702286
0.553598
-10.365671
-10.402369
-7.312242
-4.450434
-2.602157
-3.305527
-3.882077
-5.211097
-6.121247
-4.924491
-1.588830
2.864224
9.159282
14.885277
14.560364
13.815980
-1.030300
-0.228916
-0.616691
-0.716388
-0.687501
-0.623033
0.121315
0.923820
1.152366
-9.209612
-9.653938
-6.852582
-3.941852
-2.192813
-2.977860
-3.415358
-4.787658
-5.833581
-4.057087
-0.295836
3.849648
8.898805
12.162416
13.533702
13.997698
-1.166112
-0.997226
-1.397928
-1.436312
-1.369329
-1.432049
-0.579467
0.373100
0.496497
-9.733599
-9.824357
-6.300735
-3.274443
-1.759310
-2.467704
-3.309782
-6.042725
-7.293713
-4.925942
-0.217007
4.447617
9.958187
15.192534
16.521606
16.589277
0.764902
0.738019
-0.300934
-0.260150
-0.001018
-0.058673
0.347481
1.154677
1.103247
-10.395323
-9.474083
-6.430321
-2.938654
-0.545724
-0.798970
-1.301897
-1.739436
-3.158172
-2.267905
0.438477
1.822600
4.812463
8.913162
13.049090
14.124032
-1.445453
-0.320991
-0.585602
-0.809426
-0.666962
-0.726392
-0.011615
0.885963
1.025660
-10.269705
-10.012153
-6.809592
-3.906530
-2.139044
-3.080259
-3.816144
-5.435404
-6.303928
-5.313257
-2.114300
1.465248
6.884896
13.292358
14.568590
14.584378
-2.632102
-0.662843
-0.932172
-1.070229
-1.037665
-1.123039
-0.303674
0.622263
0.613732
-10.269050
-10.031237
-6.597875
-3.831455
-1.932626
-2.886891
-3.579644
-4.083733
-5.347709
-4.791269
-1.500206
1.988746
6.793562
12.619381
13.848498
14.081455
0.410235
-0.612279
-0.872350
-1.035910
-1.006358
-1.113081
-0.301704
0.605683
0.700939
-9.782252
-9.730301
-6.460934
-3.694017
-1.782812
-2.791933
-3.404512
-4.352658
-5.361579
-4.533319
-1.144957
2.198299
6.966181
12.788634
14.169339
14.697129
-0.058809
-0.416566
-0.672438
-0.816412
-0.818068
-0.915002
-0.090233
0.806232
0.974520
-9.753729
-9.729087
-6.563201
-3.978757
-2.500411
-2.792406
-3.325269
-4.285941
-5.978991
-4.427445
-0.115453
3.741723
7.763425
10.975648
13.750563
15.743239
0.224594
0.160741
-1.202087
-0.954130
-0.577796
-0.422139
-0.600693
0.268725
0.333492
-10.111675
-9.223590
-6.228081
-2.582900
-0.283009
-0.557824
-1.283126
-1.492898
-2.857546
-2.201034
0.584226
1.284467
4.270802
9.430586
13.306186
13.607095
-0.814740
-0.718263
-0.888573
-1.033987
-0.783461
-0.724365
-0.400021
0.647654
0.822229
-9.828990
-9.534434
-6.547954
-3.694806
-2.229100
-2.899760
-3.575449
-5.131520
-6.282026
-5.355729
-2.259512
0.941839
6.412702
12.919192
14.852376
14.551206
-1.692676
-0.828065
-1.080321
-1.172176
-1.091677
-1.049636
-0.502357
0.437081
0.376310
-10.078772
-9.609034
-6.528193
-3.403492
-1.254451
-2.321494
-3.324918
-3.295239
-4.153071
-2.891801
0.266922
2.138843
5.861053
11.029801
13.410851
13.729640
-2.370578
-0.341868
-0.667341
-0.940801
-0.895425
-0.883962
-0.376939
0.598412
0.909060
-9.194697
-9.325447
-6.460350
-4.256917
-3.046846
-3.080680
-3.461392
-4.675370
-5.322297
-3.807637
-0.068557
2.845686
5.477341
9.424338
13.369061
16.178431
14.089067
-0.884420
-1.769997
-1.575557
-1.237836
-1.042049
-0.879853
-0.169924
0.192293
-8.394698
-8.292314
-5.598480
-2.202670
-0.821439
-1.302612
-2.150870
-2.157633
-2.985694
-1.994116
1.192104
2.075881
4.963876
10.240016
13.321143
13.520110
-1.479316
-0.440534
-0.699385
-0.937683
-0.694839
-0.635006
-0.495658
0.548839
0.850127
-8.863749
-9.027339
-6.068888
-3.353505
-2.130347
-2.792582
-3.283267
-4.732255
-6.249289
-4.901572
-1.412477
1.726202
6.746684
12.465234
14.749228
15.462286
-1.209329
-0.636827
-0.845535
-0.913443
-0.812035
-0.933674
-0.378420
0.620522
0.524343
-10.276111
-9.769711
-6.401520
-2.886774
-0.766353
-1.827427
-2.881467
-2.919664
-4.162951
-3.236930
-0.346153
0.919240
4.453493
9.607523
14.140313
13.721795
-3.003582
-0.218124
-0.605112
-0.953426
-0.942634
-0.960906
-0.443466
0.627059
1.089878
-8.753823
-8.906727
-5.729013
-3.109465
-2.202045
-3.248652
-3.981496
-4.614493
-6.639148
-5.959454
-2.664943
1.097853
7.000378
12.762977
14.857430
15.157730
15.244058
-0.465543
-1.609503
-1.550146
-1.477239
-1.537221
-0.935024
0.178397
0.024892
-10.807707
-9.930655
-6.055116
-2.257717
-0.616032
-1.838795
-2.845677
-2.794354
-4.031755
-3.922678
-1.221998
0.382547
4.264860
9.559430
14.086637
13.575329
13.724949
-0.728346
-0.958873
-1.145224
-1.052532
-1.079582
-0.656347
0.396405
0.711072
-8.702147
-8.792536
-5.961637
-2.930239
-1.476470
-2.549514
-3.409390
-3.407378
-4.680980
-0.128573
1.003816
1.935671
0.152534
-1.401891
-1.358709
-2.918252
-2.948647
-2.912733
-1.246299
-0.322980
0.283304
1.384294
1.300528
1.582101
2.004227
2.556357
3.676946
4.742030
5.435422
6.363546
0.298412
-5.143191
-8.733491
-9.759908
-8.874908
-8.561019
-6.305025
0.752067
8.420604
14.592131
16.296089
15.304717
13.937056
1.816565
2.713065
2.581810
2.378954
2.125324
1.669305
1.412304
1.781706
2.004335
-3.429856
-9.740626
-9.806768
-7.597334
-3.830086
-2.881402
-2.095187
-0.925000
-2.103074
-1.147710
1.486977
3.493787
6.215199
8.754049
10.920676
10.785927
-2.389951
-1.078042
-1.473660
-1.541268
-1.256191
-0.741100
-0.590891
0.188885
0.554610
-6.672222
-8.664844
-6.390306
-3.942446
-2.817130
-3.282286
-3.659264
-4.708933
-6.231832
-5.829086
-1.619154
3.785259
9.248543
13.456182
14.287783
13.967413
-2.124167
-0.916309
-1.273842
-1.393610
-1.311359
-0.810393
-0.287309
0.602062
0.820599
-7.344427
-9.095791
-6.943078
-4.356046
-2.761441
-2.908059
-3.345510
-4.373181
-5.597939
-4.807180
-0.646934
3.498586
7.810704
11.078576
13.694918
15.164569
4.332106
-0.754138
-0.876010
-0.780568
-0.465209
-0.412006
-0.199186
0.760593
1.146343
-7.740785
-8.779577
-6.643841
-4.442743
-2.067963
-2.481223
-3.170142
-3.353551
-4.747270
-3.991147
0.058413
3.140903
6.436968
9.228620
12.655705
14.450128
13.702330
-1.189598
-1.249108
-1.228291
-0.890211
-0.798033
-0.467391
0.545255
0.877727
-8.430306
-9.048938
-6.647988
-4.298356
-2.231571
-2.959357
-3.712812
-4.701567
-5.894105
-5.258488
-1.356393
2.529057
6.876505
10.642975
13.650459
15.033442
13.633666
-1.102764
-1.091037
-1.231836
-0.985081
-0.948389
-0.596749
0.406941
0.641154
-8.180388
-9.287971
-6.949962
-4.581145
-2.293724
-2.473094
-3.144517
-3.324829
-5.103122
-4.823292
-1.142674
2.372676
6.754879
10.971309
13.583914
14.794682
13.365710
-1.048498
-1.163250
-1.327382
-1.065657
-0.987024
-0.578206
0.462708
0.668432
-8.751574
-9.467844
-6.670319
-4.271549
-1.955591
-2.566892
-3.442864
-3.908845
-5.515392
-5.280915
-1.666008
1.944037
6.467615
10.891323
13.477490
14.412032
13.342739
-0.971482
-0.971829
-1.165175
-1.002066
-0.957969
-0.486663
0.524066
0.708453
-8.773115
-9.696176
-6.853519
-4.432589
-2.449811
-2.853507
-3.551301
-3.828452
-5.372214
-5.238095
-1.885378
1.757879
6.040583
9.915368
12.899780
14.631883
14.288761
-1.263892
-1.214683
-1.357886
-1.263349
-1.239519
-0.647911
0.386568
0.566321
-8.463058
-9.481480
-6.863851
-4.449449
-2.436410
-2.790020
-3.497411
-3.990991
-5.476996
-5.195595
-1.681705
1.984630
6.246910
11.705494
13.880920
14.986085
13.647268
-0.507031
-0.708398
-1.111761
-0.813179
-0.723172
-0.367659
0.639769
0.835535
-8.700521
-9.452033
-6.778373
-4.442145
-1.989254
-2.414825
-3.269056
-3.181975
-4.415135
-4.182179
-0.821808
1.966303
5.247221
8.489370
11.982527
13.622694
13.254414
-1.468673
-1.368509
-1.477161
-1.182923
-1.071881
-0.697603
0.337127
0.601551
-8.331886
-9.267942
-6.682177
-4.398342
-2.232183
-2.899053
-3.739628
-4.025795
-5.501697
-5.343250
-1.777307
1.852707
6.441463
11.299267
13.948334
15.124469
13.675038
-0.932118
-0.883296
-1.033804
-0.778258
-0.708999
-0.321149
0.653250
0.808746
-8.695590
-9.849559
-7.309073
-4.743434
-2.594961
-2.668773
-3.314035
-3.221162
-4.498034
-4.339013
-1.072991
1.797455
5.176921
8.488286
12.050689
13.842890
13.528157
-1.477880
-1.497288
-1.571880
-1.269072
-1.137970
-0.773080
0.281626
0.564240
-7.950902
-9.030739
-6.627037
-4.371675
-2.184125
-2.908149
-3.820990
-4.033804
-5.361035
-5.017053
-1.286621
2.118090
6.433791
11.411063
14.273858
15.147840
13.581082
-0.917914
-0.831223
-0.824761
-0.531140
-0.448644
-0.209578
0.731314
0.996926
-8.556884
-9.602653
-7.078111
-4.714267
-2.078156
-2.016570
-2.733594
-2.948756
-4.249198
-3.909273
-0.482114
1.829605
5.106612
8.553402
12.353909
14.039701
13.555866
-1.167385
-1.126275
-1.295467
-1.047351
-0.935539
-0.795770
0.360795
0.599095
-8.585880
-9.553280
-7.021513
-4.596737
-2.537021
-3.050306
-3.865400
-4.054399
-6.079556
-5.753208
-2.191639
1.491193
6.221935
12.104551
14.158124
14.742487
13.305063
-0.848663
-1.064360
-1.526003
-1.224825
-1.097178
-0.926265
0.277606
0.462868
-8.715477
-9.536413
-6.674725
-4.016971
-1.322035
-1.986584
-3.141396
-3.234856
-4.441015
-3.967072
-0.470501
1.914954
5.170268
8.824557
12.320874
13.306067
13.079549
-1.045172
-0.999946
-1.187644
-0.944637
-0.814957
-0.678291
0.443669
0.752318
-8.328831
-9.368423
-6.836907
-4.635601
-2.558984
-2.964850
-3.729193
-3.904269
-5.927574
-5.689111
-2.236368
1.398144
6.062377
11.931968
14.364904
14.872132
13.581314
-0.757370
-0.969733
-1.458371
-1.108222
-0.983024
-0.835399
0.331682
0.515169
-8.709167
-9.599660
-6.900472
-4.183926
-1.175467
-1.582980
-2.714886
-2.794766
-3.825251
-3.205486
0.352542
2.196176
4.634926
7.501776
11.747994
13.195295
12.835297
-1.013702
-0.980867
-1.073135
-0.779549
-0.643606
-0.673943
0.485116
0.900491
-8.146456
-9.120202
-6.781704
-4.998334
-3.101222
-3.106623
-3.848269
-3.746718
-5.120325
-5.053043
-2.155740
1.164772
4.711818
8.616155
12.417174
13.874811
12.824359
-2.039368
-2.159321
-2.172887
-1.804253
-1.515947
-1.450943
-0.304356
0.193786
-7.610089
-8.892312
-6.506763
-3.838541
-1.501811
-1.774834
-2.893801
-2.837607
-3.620194
-3.016195
1.141232
3.165137
5.895305
8.678899
12.433211
13.125779
-2.112171
-0.827976
-0.885656
-0.967357
-0.666776
-0.553852
-0.568042
0.410519
0.774625
-7.842475
-9.126755
-6.880021
-4.746847
-2.521811
-2.579227
-3.240281
-3.407775
-4.994832
-5.090671
-2.149911
1.008108
5.281090
9.720568
13.096540
15.366180
15.273336
-1.552424
-1.409317
-1.408807
-1.133800
-0.829026
-0.614585
0.500292
0.651000
-8.747872
-9.928849
-7.264543
-4.552714
-2.146909
-2.454246
-3.515126
-3.333644
-4.272098
-3.765436
-0.211506
1.990813
4.829624
7.973541
12.261013
13.446088
13.639179
-1.321525
-1.283568
-1.324829
-0.991618
-0.777331
-0.868314
0.256483
0.722237
-7.438495
-8.637601
-6.525846
-4.346296
-2.156723
-2.824249
-3.851959
-3.731700
-5.305856
-5.214141
-1.934715
1.206382
5.800093
10.658831
13.899509
14.997808
14.250502
-1.485409
-1.402694
-1.435161
-1.139670
-1.007909
-0.855934
0.300402
0.471242
-8.739541
-9.908055
-7.237973
-4.292079
-1.605820
-1.820222
-2.887629
-3.065984
-4.191827
-3.832019
-0.461689
1.580680
4.641366
7.896325
12.037201
13.648563
13.972178
-1.174536
-1.194795
-1.381779
-1.107338
-0.967281
-0.822248
0.361183
0.705242
-7.786212
-9.094454
-6.722209
-4.804827
-2.874827
-3.055362
-3.930507
-3.823981
-5.181289
-5.138213
-2.299879
0.975990
4.782341
8.511815
12.497828
14.844371
14.448307
-1.840735
-1.941527
-2.016678
-1.658168
-1.434357
-1.272400
-0.124150
0.434453
-6.287214
-9.257723
-7.193868
-4.794286
-2.203135
-2.285578
-3.283487
-2.960141
-3.138502
-3.041051
0.663931
2.707453
4.916505
7.064237
10.997773
13.262518
14.502799
-1.444621
-1.417366
-1.346022
-0.969274
-0.784504
-0.686024
0.276147
0.942775
-5.464859
-8.332384
-6.676241
-4.674373
-2.756745
-2.929588
-3.622957
-3.750103
-4.963034
-4.986583
-1.863949
1.138726
5.467513
10.544775
14.346578
15.285707
14.490911
-1.316882
-1.252019
-1.288438
-0.915710
-0.772928
-0.745671
0.357727
0.705636
-7.061417
-10.328422
-8.094335
-5.112909
-2.696938
-2.472386
-3.303874
-2.903324
-3.802144
-3.422159
-0.035462
1.761917
4.061596
6.413135
10.811329
12.940124
13.888557
-1.727194
-1.681523
-1.716361
-1.343519
-1.136196
-1.036911
0.053424
0.633609
-5.624907
-8.534981
-6.551968
-4.909759
-2.862021
-3.326999
-4.301986
-3.989581
-4.848187
-0.115703
1.286375
2.074512
0.230069
-1.211387
-1.221701
-2.524906
-3.369917
-2.637056
-1.063046
-0.301637
0.217244
1.533599
1.256796
1.534076
1.933705
2.478597
3.708966
4.707016
5.415622
6.255260
-0.101845
-5.381943
-8.926794
-9.842173
-7.540138
-6.611211
-4.653090
1.161605
7.253748
12.580202
14.816943
14.260808
13.769243
1.161731
1.853807
1.640271
1.492095
1.396389
0.998391
1.169998
1.620523
1.802208
-2.097658
-9.371769
-9.705004
-6.724216
-4.080652
-2.670195
-1.601126
-1.989795
-3.473067
-3.379049
-0.530552
3.912581
9.648402
12.034440
11.691455
11.532239
-1.594468
-0.403186
-0.887150
-1.104781
0.004221
0.269875
0.651327
1.222064
1.414472
-8.633059
-9.416083
-6.965768
-4.225480
-2.886810
-3.481169
-3.691975
-5.811627
-7.055656
-6.047640
-1.871987
4.047001
10.416069
13.238246
13.482529
13.428847
-1.307765
-1.022055
-1.360032
-1.290650
-0.951197
-0.586103
0.086220
0.902825
1.080760
-8.799035
-8.949790
-6.084262
-3.380185
-1.598467
-1.982555
-2.333294
-2.577417
-3.765803
-3.021935
0.655377
3.590367
5.871325
8.742046
12.031709
14.513508
13.909120
-1.374834
-1.341404
-1.139929
-0.806590
-0.684599
-0.312054
0.780724
1.402932
-7.985775
-8.347545
-6.187744
-4.048268
-2.520984
-3.297103
-3.688180
-4.588042
-5.437755
-4.486694
-0.683099
3.057474
6.611425
10.437954
14.016501
16.025713
13.944420
-1.422656
-1.339602
-1.039795
-0.642359
-0.554631
-0.240974
0.811373
1.140015
-9.258080
-8.926234
-6.525284
-4.227420
-1.890698
-2.335178
-3.091993
-3.334873
-4.386412
-3.261102
0.477843
2.879492
5.832582
8.952198
12.288024
14.194414
13.001534
-1.381931
-1.287359
-0.919543
-0.541740
-0.438312
-0.240157
0.810387
1.197824
-9.264409
-8.962040
-6.499426
-4.292792
-2.179017
-2.779107
-3.322121
-4.051677
-5.085158
-4.395286
-1.167456
2.034698
6.000545
9.754116
12.744905
14.863123
13.623064
-1.865861
-1.795166
-1.638083
-1.259819
-1.050577
-0.506149
0.545270
0.708083
-9.782630
-9.340097
-6.517014
-3.960418
-2.202816
-2.829786
-3.453876
-4.236148
-5.244500
-4.472100
-0.893581
2.579880
6.849740
10.364985
12.916720
14.453282
-2.738762
-1.084199
-1.190971
-1.143906
-0.809600
-0.645068
-0.273054
0.739292
1.033083
-9.246140
-9.107780
-6.503255
-4.195494
-2.410185
-2.904556
-3.244995
-4.024250
-5.013311
-4.529090
-1.206516
2.213474
5.692142
9.371468
12.612080
15.108466
14.237796
-1.722924
-1.897140
-1.629883
-1.235757
-1.093949
-0.653227
0.457972
0.853934
-8.696176
-8.465937
-6.150823
-3.723754
-1.684087
-2.505158
-3.403322
-3.445928
-4.327040
-3.064363
0.920252
3.325660
6.133775
8.934065
12.490393
14.226145
12.935419
-1.525633
-1.432066
-1.045997
-0.637847
-0.513028
-0.335771
0.675826
1.179488
-8.688107
-8.590536
-6.365772
-3.969042
-1.888285
-2.499749
-3.085778
-3.694105
-4.804052
-4.187668
-0.868008
2.232002
6.212274
9.667365
13.037761
15.247689
13.939198
-1.652263
-1.647798
-1.522626
-1.118589
-1.065723
-0.590134
0.487905
0.702086
-9.628110
-9.217669
-6.527468
-4.035867
-2.152220
-2.778820
-3.513109
-3.769918
-5.030989
-4.373282
-0.823255
2.265282
6.391333
10.630424
13.099642
14.556229
-1.081200
-0.946902
-1.053912
-0.887197
-0.550682
-0.500244
-0.199422
0.813022
1.191004
-9.183930
-9.059520
-6.646161
-4.281595
-2.221706
-2.656417
-3.213434
-3.191914
-4.424365
-4.130363
-1.029556
1.800506
5.022339
8.503262
11.944379
14.729033
14.695276
-2.074467
-1.999846
-1.840681
-1.479680
-1.294427
-0.739953
0.400739
0.779270
-8.846569
-8.704125
-6.252061
-3.913956
-2.322912
-3.171890
-3.890428
-4.099977
-5.208896
-4.605672
-0.960802
2.491046
6.660729
10.571075
13.782747
15.622473
14.561321
-1.379231
-1.316758
-0.970613
-0.572831
-0.496298
-0.222620
0.790587
1.236134
-8.891712
-8.750354
-6.378231
-4.239017
-2.347233
-2.572747
-3.201034
-2.717656
-3.583874
-2.833147
0.503115
2.477716
4.251777
7.455591
12.005417
14.576185
13.868344
-2.088943
-1.876384
-1.340947
-0.902579
-0.649481
-0.451709
0.522182
1.123867
-8.045933
-8.059428
-6.202529
-3.633110
-1.714658
-2.398351
-3.400125
-3.569066
-4.413834
-3.164794
0.788435
2.732417
5.985482
9.396787
13.500372
15.245760
-2.693473
-1.308460
-1.352164
-1.079630
-0.674238
-0.613973
-0.390047
0.612156
0.823657
-9.927231
-9.318103
-6.761355
-4.249206
-2.021656
-2.390585
-3.135303
-3.329932
-4.576297
-4.305394
-1.580562
0.987794
5.006108
9.326619
12.099356
14.386131
14.679982
-2.178909
-2.058685
-1.854052
-1.572830
-1.165017
-0.505557
0.551162
0.771013
-9.466866
-9.314296
-6.570882
-3.984092
-2.155368
-2.996338
-3.873321
-3.879149
-5.054857
-4.618710
-1.186283
2.050126
6.707874
12.317495
13.445267
14.244695
-2.092944
-0.896953
-1.063964
-1.062285
-0.696460
-0.587869
-0.213702
0.810916
1.230489
-8.817924
-8.911741
-6.548611
-4.022724
-2.023274
-2.598260
-3.264369
-3.127100
-4.385304
-4.325330
-1.407825
1.402328
5.541101
9.272816
12.205380
14.491322
15.142216
-1.994410
-1.954344
-1.780348
-1.522617
-1.418763
-0.682364
0.465745
0.907464
-8.493832
-9.286557
-6.536586
-4.146486
-2.581953
-3.477535
-4.191081
-4.289990
-5.332902
-5.060344
-1.827115
1.742824
6.225398
10.662580
13.447199
15.137861
14.943084
-1.343013
-1.336654
-1.177064
-0.767350
-0.662282
-0.269681
0.756844
1.294638
-7.644695
-8.955151
-6.963615
-4.434080
-2.236764
-2.664269
-3.340375
-2.860690
-3.687291
-3.211764
0.273896
2.339381
5.296073
8.110299
11.784594
14.011233
14.494049
-1.661635
-1.616709
-1.505589
-1.108117
-0.940467
-0.468180
0.622455
1.197761
-8.365954
-9.043266
-6.577274
-4.387738
-2.661924
-3.454851
-4.132645
-4.272014
-5.461744
-5.411440
-2.512490
1.057505
5.931990
11.979049
13.979469
14.716057
14.301965
-1.691264
-1.862539
-1.603424
-1.214514
-0.953321
-0.414224
0.632394
1.056240
-7.915636
-9.241755
-7.082651
-4.332880
-2.019406
-2.478457
-3.270559
-2.888155
-3.770668
-3.371887
0.041270
2.265117
5.561343
8.522478
12.003929
13.775352
14.307366
-1.361580
-1.407967
-1.357002
-0.944954
-0.818200
-0.351637
0.721727
1.311411
-8.281433
-9.072101
-6.574759
-4.318336
-2.597187
-3.355392
-4.031321
-4.067094
-5.225682
-5.251804
-2.488359
0.949629
5.533891
10.530744
13.233293
15.042440
15.101545
-1.725954
-1.648485
-1.408137
-1.085788
-1.041996
-0.385831
0.726592
1.132038
-8.221760
-9.470605
-7.099961
-4.353093
-2.155094
-2.805942
-3.631118
-3.246107
-4.136701
-3.934114
-0.859189
1.660350
5.303738
8.966413
12.297882
14.189951
14.657909
-1.206185
-1.172799
-1.261033
-0.999765
-0.846094
-0.284722
0.792185
1.317481
-8.724355
-9.430983
-6.548011
-4.147870
-2.506339
-3.323148
-4.131104
-4.115930
-5.154002
-5.256058
-2.771651
0.543545
5.073966
10.070988
12.465879
14.655108
15.197891
-1.679335
-1.512801
-1.468936
-1.183017
-1.091561
-0.401095
0.686791
1.075363
-8.663148
-9.800610
-7.090727
-4.366311
-2.291813
-3.091542
-3.913112
-3.743502
-4.734143
-4.829250
-2.086117
1.021792
5.420997
10.537294
12.626541
14.394329
14.810995
-1.188554
-1.081796
-1.123727
-0.828820
-0.675711
-0.146943
0.912066
1.408006
-8.392900
-9.353622
-6.701030
-4.203544
-2.273301
-3.076588
-3.892298
-3.496612
-4.592409
-4.759842
-2.155257
0.857569
5.162484
9.701625
12.332599
14.821635
15.128691
-1.526897
-1.383733
-1.292298
-0.995841
-0.908471
-0.224367
0.896200
1.262071
-9.157350
-9.804579
-6.791887
-4.092273
-1.958807
-2.797162
-3.766685
-3.718960
-4.662194
-4.608856
-1.993656
0.790466
4.686340
9.361979
12.027991
14.211102
14.464190
-1.502850
-1.348463
-1.322196
-0.957717
-0.765445
-0.258279
0.832156
1.356587
-8.295568
-9.141006
-6.641497
-4.399597
-2.406591
-3.095584
-3.937118
-3.493050
-4.417894
-0.130888
1.267796
2.111383
0.264623
-1.180683
-1.211804
-2.515544
-3.312959
-2.680094
-1.053790
-0.485243
0.067038
1.418418
1.392513
1.572625
1.938324
2.474475
3.740103
4.731855
5.461463
6.249904
0.224957
-5.234295
-8.855529
-9.998751
-6.596025
-3.956205
-4.014593
-0.177910
5.262352
11.137000
14.066957
13.359325
13.764208
0.518797
1.056170
0.838739
0.787462
0.750278
0.490676
0.664826
1.072889
1.579169
0.067711
-7.406520
-8.606357
-6.719040
-4.949466
-4.268953
-3.013315
-1.108931
-2.514168
-2.839943
0.370577
5.034718
10.734564
11.435622
10.559852
11.587850
-1.855276
-0.770881
-1.139957
-1.295280
-0.178787
0.232272
0.626465
1.241047
1.642393
-7.662671
-9.006366
-6.988255
-4.720448
-3.693175
-3.248506
-3.151224
-4.275932
-4.989210
-5.016714
-0.885355
3.769599
7.620372
11.070882
14.498704
16.763741
-1.082039
-0.300813
-0.337607
-0.146881
0.285796
0.390367
0.965048
1.911379
2.802505
-7.489009
-8.480801
-6.423012
-4.210078
-2.543231
-3.117260
-3.316232
-3.177203
-4.022726
-3.359500
-0.451687
2.895005
5.861934
8.472330
11.485057
14.644427
14.148417
-1.780919
-1.622090
-1.370242
-0.893797
-0.707329
-0.183283
0.975073
1.567595
-9.264177
-9.030957
-6.387118
-4.310090
-2.485171
-3.329254
-3.993533
-4.079148
-4.914485
-4.307377
-1.581744
1.721648
5.895867
10.989146
13.000662
13.990983
13.256378
-1.749675
-1.555696
-1.160686
-0.704999
-0.631647
-0.231818
0.868282
1.319284
-9.427725
-9.195955
-6.806926
-4.271623
-2.098781
-2.331182
-2.939623
-2.812685
-3.920817
-3.431638
-0.380411
2.132936
5.643867
8.346481
11.608619
13.765684
14.054044
-2.017705
-1.966359
-1.809780
-1.416876
-1.133089
-0.528551
0.579882
0.996757
-9.143899
-9.049000
-6.456916
-4.525433
-3.398139
-3.137407
-3.321838
-3.896621
-4.587309
-4.113457
-1.140873
2.307415
5.172820
9.686859
13.877695
16.602541
13.783935
-1.776006
-1.675103
-1.115161
-0.626344
-0.325847
0.047833
0.882271
1.788148
-7.039603
-7.530144
-6.036568
-3.658149
-1.976829
-2.575443
-3.439846
-2.984612
-3.635333
-2.495010
0.811950
2.915057
5.949851
8.770988
12.878887
14.597743
-2.740507
-1.328806
-1.344482
-1.031005
-0.576148
-0.403593
-0.124868
1.006876
1.408182
-9.732902
-9.285855
-6.613263
-4.303005
-2.372759
-3.085680
-3.675380
-3.716278
-4.620673
-4.398743
-2.436136
0.484675
4.612256
9.003738
11.900892
14.191962
14.292683
-2.860168
-2.493737
-2.157099
-1.725757
-1.284060
-0.580614
0.523416
0.863425
-9.343022
-9.154255
-6.442115
-3.791158
-1.998903
-2.971779
-3.976912
-3.591090
-4.399133
-3.688979
-0.180267
2.611012
6.812853
12.068917
13.025626
13.458755
-2.311875
-0.944329
-1.005105
-0.794864
-0.425356
-0.378492
-0.087795
0.905558
1.534325
-8.774226
-8.835900
-6.606219
-4.045344
-2.100308
-2.553670
-3.030437
-2.684634
-3.832381
-3.846000
-1.283944
1.370334
5.221894
8.745422
11.559324
14.171444
14.480880
-2.408953
-2.248082
-1.973006
-1.663026
-1.524000
-0.752928
0.418343
0.825665
-9.215662
-8.907487
-6.142887
-3.900868
-2.558709
-3.379894
-4.069558
-4.001774
-4.807706
-4.152192
-1.196940
1.943396
5.545884
9.319225
12.892458
14.462382
14.367931
-1.872199
-1.655920
-1.080037
-0.613292
-0.480607
-0.114433
0.825794
1.468532
-8.357035
-8.455419
-6.528571
-4.086326
-1.713188
-1.764477
-2.470421
-2.068701
-2.851293
-1.955193
1.591384
2.757006
4.863762
6.755446
11.053804
14.045412
14.352621
-2.200439
-2.056529
-1.714337
-1.206623
-0.956495
-0.599316
0.580324
1.102655
-9.218000
-8.911854
-6.307788
-4.119328
-2.571014
-3.417543
-4.107234
-4.299408
-5.107143
-4.481575
-1.810157
1.273288
5.185903
9.251718
13.231485
15.363628
15.016705
-1.971645
-1.823255
-1.425150
-0.909918
-0.761866
-0.397942
0.718949
1.246408
-8.758500
-8.794603
-6.552841
-4.000255
-1.844325
-2.244765
-3.196805
-2.805889
-3.669461
-2.816586
0.668493
2.562690
5.852299
8.344481
12.021203
13.967536
14.477681
-1.926500
-1.939210
-1.731960
-1.277326
-1.134231
-0.656208
0.475141
0.989848
-8.822434
-8.657580
-6.305137
-4.111799
-2.425733
-2.982851
-3.615538
-3.611178
-4.675716
-4.414094
-1.803353
1.321472
4.758876
9.096754
13.292714
15.176991
14.820779
-2.057755
-1.946367
-1.567611
-1.079066
-0.867774
-0.477474
0.637184
1.205463
-8.417847
-8.529037
-6.282897
-3.816387
-1.924598
-2.493493
-3.483572
-2.902953
-3.394769
-2.377791
1.279922
2.873468
5.371996
7.464037
11.690614
14.123960
14.363276
-1.803230
-1.710250
-1.370542
-0.873924
-0.655594
-0.396585
0.713309
1.335433
-8.687251
-8.583646
-6.242702
-4.063356
-2.271456
-2.979785
-3.687809
-3.455717
-4.327689
-4.024980
-1.517226
1.179167
5.034940
9.050567
12.838032
15.164580
15.174198
-2.038242
-1.926475
-1.661204
-1.163722
-1.012738
-0.423064
0.690274
1.082777
-9.447519
-9.253738
-6.672143
-3.995910
-1.948646
-2.729738
-3.722033
-3.344522
-4.083080
-3.448912
-0.238136
1.901396
5.401807
9.007489
12.134404
14.153537
14.764827
-1.591799
-1.603833
-1.378133
-0.925957
-0.761234
-0.324123
0.775676
1.479194
-7.633640
-8.792366
-6.904429
-4.650580
-2.726804
-3.408190
-4.047350
-3.377472
-4.180270
-3.992389
-1.096152
1.730699
5.433700
8.584373
12.143235
14.995329
15.230386
-1.913419
-1.870437
-1.619655
-1.184190
-0.992094
-0.407050
0.705210
1.338889
-7.758872
-8.941337
-6.878114
-4.545557
-2.699914
-3.526429
-4.290814
-3.665405
-4.413167
-4.099041
-1.234681
1.609893
5.748560
10.731630
13.106231
14.415465
14.507610
-1.926623
-1.799418
-1.417044
-0.915194
-0.728021
-0.286235
0.827065
1.521401
-7.721467
-8.788600
-6.707738
-4.404965
-2.344611
-2.913379
-3.684473
-2.947925
-3.545055
-3.116556
-0.034189
1.947503
4.903976
7.627673
11.533401
13.989217
14.564848
-1.993025
-1.932710
-1.700178
-1.230589
-1.025084
-0.477919
0.647169
1.297086
-7.999501
-8.996851
-6.675776
-4.330806
-2.760445
-3.722232
-4.456737
-3.909749
-4.667963
-4.613953
-2.032375
1.111092
5.584108
9.712883
12.883189
14.990966
15.344291
-1.940019
-1.842159
-1.541968
-1.106826
-0.911023
-0.330114
0.772399
1.368499
-7.728651
-9.186970
-7.084199
-4.472236
-2.664830
-3.407397
-4.135495
-3.308569
-3.897495
-3.540528
-0.487829
1.973785
5.167399
7.945543
11.603387
14.207178
14.651290
-1.775961
-1.658297
-1.310934
-0.825600
-0.587257
-0.263456
0.818184
1.634460
-7.191455
-8.466363
-6.575750
-4.504798
-2.595652
-3.070654
-3.791489
-3.055470
-3.650933
-3.236340
-0.208780
2.016159
5.082972
7.823685
12.091491
15.147563
14.941545
-1.626085
-1.504633
-1.351866
-0.898317
-0.640969
-0.223416
0.850866
1.427200
-8.653172
-9.347391
-6.786788
-4.458674
-2.737725
-3.306831
-4.187514
-3.586174
-4.272184
-3.751079
-1.439467
1.019782
4.359082
7.982636
11.368606
14.009014
14.592182
-2.185333
-1.931305
-1.574428
-1.057918
-0.846333
-0.402272
0.700197
1.354364
-7.785822
-9.092836
-7.047468
-4.746134
-2.300523
-2.565990
-3.512754
-2.879894
-3.530808
-2.930174
0.149709
1.866979
5.004811
8.103047
11.891912
14.329726
14.362947
-1.730528
-1.575583
-1.434790
-0.950599
-0.674811
-0.309691
0.839631
1.411394
-8.810859
-9.334959
-6.718502
-4.427238
-3.001670
-3.352868
-4.173454
-3.633540
-4.511772
-3.964147
-2.146497
0.574993
4.069082
7.931345
10.892855
12.954283
13.796648
-2.908777
-2.273719
-2.035826
-1.463290
-1.188427
-0.743868
0.401218
0.975532
-7.989832
-9.155966
-6.837424
-4.367518
-1.989655
-2.240491
-3.257808
-2.817363
-3.206830
-2.474728
1.066594
2.369438
4.780345
6.842531
10.926964
13.411846
14.129611
-1.773813
-1.608900
-1.380618
-0.879727
-0.637489
-0.335591
0.743588
1.407317
-8.291703
-9.080234
-6.792429
-4.719444
-2.733761
-3.204305
-3.905080
-3.513286
-4.301376
-0.126360
1.224913
2.051379
0.230844
-1.141375
-1.126496
-2.495036
-3.316159
-2.700063
-1.105920
-0.308364
0.272249
2.072365
1.463543
1.653136
1.962616
2.466654
3.728369
4.725837
5.479239
6.205896
0.460000
-5.094352
-8.692702
-10.008240
-6.922012
-2.718054
-1.750304
-0.509396
3.565861
9.306347
13.610269
14.689423
15.285821
0.558450
0.844922
0.392883
0.027089
0.138126
0.183778
0.577751
1.299480
1.820835
-4.580078
-8.930509
-7.911839
-5.137129
-3.689479
-3.314509
-2.945361
-2.888449
-3.651360
-4.314602
-2.224431
2.352731
7.042276
10.272459
11.892877
12.777092
14.958920
-0.375830
0.235711
0.555559
1.237231
1.717882
1.836468
2.560933
3.441056
-7.215558
-10.083837
-8.798740
-6.236647
-4.311850
-4.176336
-4.024515
-2.898219
-3.744611
-3.503440
-0.043264
4.044716
9.591883
11.267153
11.587005
12.711149
-2.491847
-1.263093
-1.528401
-1.531679
-1.160158
-0.614804
-0.068652
0.859044
1.358396
-7.919971
-8.617608
-6.069321
-3.313651
-2.444448
-3.260925
-3.702107
-4.125474
-5.249519
-5.457550
-2.567282
2.097933
7.029883
11.314619
13.950542
14.507442
15.351742
-1.451613
-1.367717
-1.112825
-0.623060
0.108608
0.577380
1.407391
2.031096
-7.921338
-8.919658
-6.730684
-3.913725
-2.162464
-2.950880
-3.759487
-3.005772
-3.596628
-3.045834
0.593591
3.526214
7.096313
8.754092
11.810941
13.892877
-1.783982
-1.324470
-1.381982
-1.112286
-0.640656
-0.467632
-0.073470
0.989703
1.682920
-8.626492
-8.818048
-6.504972
-4.098322
-2.387675
-2.902451
-3.329018
-3.689311
-4.486253
-4.262762
-1.779849
1.628840
5.507607
9.313069
12.085732
14.153565
14.575301
-2.270479
-1.983424
-1.597927
-1.057666
-0.812843
-0.237683
0.871170
1.420846
-8.707522
-8.832701
-6.386039
-3.984835
-2.209411
-3.010360
-3.937340
-3.553393
-4.249233
-3.619390
-0.166559
2.830513
6.748961
9.383955
12.324125
14.500575
-2.468702
-1.233204
-1.187379
-0.808772
-0.309228
-0.164003
0.216852
1.238958
1.867907
-9.228227
-9.151731
-6.764653
-4.364214
-2.170507
-2.572790
-3.211144
-2.980360
-3.889667
-3.585253
-1.016182
1.749566
5.224782
7.668571
10.570980
13.958738
14.781713
-2.346322
-2.137313
-1.811504
-1.219762
-0.978102
-0.357898
0.815809
1.496942
-8.202239
-9.077402
-6.901458
-4.653220
-2.945529
-3.778435
-4.471122
-4.177978
-4.875559
-4.507702
-1.573522
2.063763
6.661180
10.386930
13.048819
14.911529
14.813769
-1.624933
-1.457010
-1.002799
-0.465303
-0.283689
0.143283
1.184666
1.922797
-8.097654
-9.130795
-7.143788
-4.809210
-2.342180
-2.492170
-3.182739
-2.760242
-3.559655
-3.113181
0.097930
2.472306
5.587278
7.268668
10.564112
13.382035
14.653633
-2.111496
-1.976539
-1.620163
-1.085814
-0.805858
-0.326896
0.809964
1.592297
-8.044017
-8.757452
-6.715480
-4.512457
-2.849073
-3.558188
-4.144276
-4.005218
-4.755516
-4.431889
-1.933840
1.642698
5.878445
9.238566
12.646402
15.279847
15.140010
-1.920681
-1.714655
-1.261394
-0.705632
-0.470391
0.040262
1.128692
1.822779
-8.185934
-9.151152
-7.139913
-4.844045
-2.412181
-2.791216
-3.650238
-3.119211
-3.816540
-3.188821
-0.008407
2.458277
5.815458
8.448643
11.352414
13.814738
14.442643
-1.935228
-1.709775
-1.220098
-0.647457
-0.369065
-0.003037
1.101672
1.935347
-8.285747
-8.844635
-6.680943
-4.602467
-2.540088
-3.099965
-3.817852
-3.290352
-4.018483
-3.707690
-1.184615
1.671225
5.386734
8.055670
11.608467
14.784062
14.849911
-2.153623
-2.004714
-1.635442
-1.037004
-0.796927
-0.256465
0.904816
1.555981
-8.302636
-9.131081
-7.021387
-4.714498
-2.621142
-3.347257
-4.217586
-3.701224
-4.331638
-3.800355
-1.106917
1.877771
5.762589
9.785736
11.979807
13.941032
14.334151
-1.991446
-1.773226
-1.310800
-0.739649
-0.519228
-0.040727
1.026806
1.809569
-7.579322
-8.894011
-7.070961
-4.858897
-2.543001
-2.895239
-3.688887
-3.022311
-3.653099
-3.263804
-0.201336
2.316730
5.885570
8.225527
11.461793
13.837907
14.771255
-1.923072
-1.878775
-1.618557
-1.073509
-0.855566
-0.295184
0.834664
1.512815
-8.079872
-9.108583
-6.939954
-4.686751
-3.021625
-3.520814
-4.187630
-3.932938
-4.561957
-4.164676
-2.012738
1.319843
4.892992
8.507258
11.564505
13.905662
14.382693
-2.586834
-2.241340
-1.619910
-1.016288
-0.726304
-0.174676
0.883332
1.764803
-6.267416
-8.267629
-6.887023
-5.143492
-3.249463
-3.282464
-3.930985
-3.129807
-2.154685
-1.622779
1.592311
3.412195
4.667523
6.280502
10.794904
14.490103
14.201002
-1.762249
-1.606845
-0.855883
-0.307425
0.004620
0.231992
0.892427
1.655307
-7.768138
-8.319909
-6.808486
-4.846383
-2.475012
-2.360744
-3.012895
-2.588378
-3.087713
-2.384192
-0.478142
1.346134
4.235271
7.041157
10.996244
15.065919
15.342246
-2.681161
-2.382885
-1.991701
-1.334834
-1.046503
-0.368374
0.798940
1.206255
-9.151704
-10.232311
-7.671249
-5.565261
-2.554833
-3.018881
-4.389445
-4.048584
-4.450239
-3.568771
-0.220312
1.968726
5.454176
9.201166
11.405059
12.933387
-3.447999
-0.980131
-1.033405
-0.805066
-0.417793
-0.232420
0.041709
1.049369
1.838647
-8.057159
-9.011185
-6.994485
-4.807138
-2.527895
-2.996700
-3.701430
-3.002439
-3.744243
-3.715283
-2.356105
0.206907
4.351100
9.402725
11.470775
13.356740
14.523764
-1.734512
-2.452562
-2.063676
-1.543991
-1.314348
-0.412958
0.821344
1.342703
-8.779588
-9.801548
-7.136513
-4.548766
-2.228995
-3.199641
-4.331811
-3.707301
-4.283901
-3.810131
-1.273518
1.199646
5.140171
9.229624
11.895057
13.422002
14.255423
-1.392397
-1.260590
-1.041846
-0.570768
-0.302592
0.098669
1.146869
2.010772
-8.035536
-8.990966
-6.762445
-4.486865
-2.386744
-3.063921
-3.911746
-3.057997
-3.590011
-3.264101
-1.330538
0.918954
4.253094
7.389437
10.386954
13.774006
15.018170
-2.268731
-1.965311
-1.637799
-1.034233
-0.698564
-0.396088
0.871913
1.547121
-8.344332
-9.458061
-7.088850
-4.555549
-2.933348
-3.567379
-4.576605
-3.741282
-4.015546
-3.071354
-0.736215
1.680832
4.677614
6.768455
9.920391
12.546064
13.213589
-2.485611
-2.222391
-1.554584
-0.959025
-0.604393
-0.522626
0.596247
1.424779
-7.160388
-8.658327
-6.791759
-4.559780
-2.333813
-2.424504
-3.332953
-2.741591
-2.898739
-2.329811
0.650090
2.141373
4.816776
6.776597
10.618241
14.405745
14.889039
-2.015097
-1.801191
-1.393388
-0.818802
-0.452283
-0.324508
0.821770
1.449087
-8.426621
-9.527853
-7.260312
-5.123095
-2.592461
-3.066479
-4.149491
-3.737468
-4.341918
-3.760691
-1.470102
0.972396
5.013167
9.156727
11.927862
13.163873
13.959224
-1.901309
-1.693915
-1.238396
-0.698025
-0.430249
-0.246234
0.909358
1.602995
-7.839509
-9.326987
-7.068223
-4.447228
-2.970914
-3.291091
-4.012025
-2.988910
-3.218728
-2.540557
-0.090221
1.718530
3.909543
5.937165
9.412264
12.661899
13.626043
-2.477887
-2.208481
-1.578036
-0.960726
-0.605728
-0.417013
0.679271
1.527886
-6.990409
-8.400641
-6.805893
-4.934726
-2.677453
-2.964472
-4.004868
-3.468092
-3.590334
-2.666523
0.166825
2.141030
5.205488
7.704951
11.260295
14.524075
14.641134
-1.844359
-1.569304
-0.926083
-0.291879
0.054087
0.111750
1.349433
1.902991
-8.929299
-9.751698
-7.177841
-5.562139
-2.625760
-2.150682
-2.978341
-2.646312
-3.214820
-2.858030
-0.607569
0.980201
4.175717
7.875417
10.024192
12.892686
14.595005
-2.300946
-2.091540
-1.815318
-1.216737
-0.867460
-0.614091
0.665109
1.232033
-8.039664
-9.510764
-7.135375
-4.673040
-2.690313
-3.502283
-4.647239
-3.992293
-4.489002
-4.203812
-1.922049
0.935721
5.311269
9.018102
12.048521
14.032046
15.351343
-1.644141
-1.546895
-1.341775
-0.837513
-0.335904
-0.161334
1.011496
1.629742
-7.341342
-9.371370
-7.242073
-4.724010
-2.269533
-2.845822
-3.966919
-3.279279
-3.687203
-0.140307
1.252803
2.190916
0.560363
-0.919329
-0.925505
-2.175545
-2.933817
-2.566902
-1.151081
-0.340158
0.251475
1.517834
1.506080
1.659396
1.882487
2.308421
3.235618
4.353146
5.155972
5.723456
3.833911
-3.331307
-7.970328
-10.100307
-8.796933
-3.434582
-0.669497
-1.107815
1.655028
7.796149
14.000167
13.732618
14.172288
0.620863
1.035321
0.973949
0.968978
1.057287
1.070682
0.982493
1.602881
2.025303
2.643975
-6.973621
-9.615301
-8.206155
-5.192333
-3.784076
-2.881576
-1.224912
0.719435
-0.364769
0.832232
2.363204
5.670347
7.239076
9.209814
11.735105
14.012779
-1.503281
-1.129195
-1.041430
-0.709445
0.307978
0.375818
1.240846
1.922947
-4.159206
-8.824761
-7.838678
-5.371341
-3.282921
-3.519192
-4.264616
-3.448363
-3.880350
-3.821034
-1.712614
1.385106
6.094056
9.216080
12.279144
13.907319
14.349584
-1.921907
-1.417540
-1.183648
-0.657407
0.014710
0.144851
1.176568
1.795485
-5.349054
-9.258696
-7.643880
-4.709788
-3.384527
-3.350310
-4.130878
-3.415567
-3.514075
-3.095161
-0.400094
2.297213
4.890101
6.702958
10.090897
13.079023
14.384212
-2.224110
-1.710284
-1.208508
-0.595075
-0.212649
-0.033057
0.976634
1.939934
-4.117374
-7.832656
-7.165303
-5.726038
-4.123552
-3.621263
-4.351678
-3.737804
-3.471258
-2.443339
0.090545
3.080348
5.610092
7.041449
10.393294
14.920612
15.033323
-2.328023
-1.828202
-1.138326
-0.369013
0.051327
0.068815
1.382613
2.240856
-6.521161
-8.754313
-7.313754
-6.284026
-3.259692
-2.328755
-3.307160
-3.136135
-3.215173
-2.575900
0.071318
2.271270
4.777890
6.385707
9.537276
13.577982
14.943619
-2.628791
-2.020566
-1.402109
-0.600285
-0.152993
-0.289064
1.039832
1.742770
-7.142155
-9.788243
-7.798316
-6.241593
-3.525411
-2.885458
-4.053950
-3.963444
-4.455863
-3.623944
-1.144693
1.258757
4.749984
8.527980
10.949611
12.674109
14.129408
-2.253478
-1.743037
-1.236991
-0.579205
-0.196303
-0.376917
0.849513
1.598192
-6.506526
-9.807727
-7.723740
-5.869731
-3.246543
-2.669386
-3.606502
-3.210615
-3.477786
-3.118581
-0.865074
1.220620
4.106536
6.172599
9.367711
12.481016
14.150543
-2.651321
-2.007657
-1.623812
-0.980173
-0.607312
-0.607274
0.640865
1.462769
-5.416731
-8.958551
-7.449519
-5.438132
-3.220209
-3.400915
-4.532355
-4.022103
-4.234253
-3.901648
-1.671025
1.218651
5.335367
8.606082
11.885154
14.004712
14.730379
-2.140688
-1.622835
-1.269495
-0.661836
-0.152093
-0.209890
0.965435
1.663124
-5.811533
-9.620540
-7.761311
-5.584110
-3.248231
-3.043245
-3.914995
-3.154008
-3.190730
-2.855065
-1.013699
1.370956
4.169339
6.237771
9.610099
12.645248
13.769544
-2.752473
-2.181527
-1.685839
-0.985216
-0.571347
-0.562458
0.589914
1.455080
-4.074948
-7.966819
-6.981705
-5.037566
-3.083664
-3.192886
-4.421830
-4.033382
-3.661705
-3.068531
0.105174
2.558416
5.579349
7.268206
11.302606
14.220965
14.813239
-2.343162
-1.835935
-1.395747
-0.763588
-0.365691
-0.465420
0.733418
1.590710
-5.488684
-9.041734
-7.474802
-5.074990
-3.587352
-3.287482
-4.127642
-3.490306
-3.557219
-3.159078
-1.119820
1.560903
4.788311
6.826371
10.387713
13.637399
14.089515
-2.590888
-2.058355
-1.630554
-0.953694
-0.487928
-0.432072
0.722824
1.518323
-4.797753
-8.852066
-7.503210
-5.435291
-2.999359
-2.849249
-3.969340
-3.638797
-3.515129
-3.267294
-0.578299
1.887899
5.290620
7.481230
11.193967
13.887661
15.551893
-2.200705
-1.686648
-1.278775
-0.642310
-0.210347
-0.329749
0.812928
1.630615
-5.323143
-9.283480
-7.659238
-4.699206
-3.304638
-3.035289
-3.948071
-3.430025
-3.458704
-3.277868
-0.990076
1.523005
4.901590
6.978667
10.864303
13.191387
14.891288
-2.218441
-1.838191
-1.607303
-1.003772
-0.440229
-0.470426
0.751229
1.459461
-5.207555
-9.093270
-7.505081
-4.952708
-3.110629
-3.380619
-4.561837
-4.076432
-4.209307
-3.818769
-1.880987
1.051877
4.891305
7.625896
11.233292
14.158227
14.939880
-2.259872
-1.733573
-1.387080
-0.722145
-0.191410
-0.168770
0.976499
1.819005
-4.593692
-9.005032
-7.690863
-4.859220
-3.562133
-3.417879
-4.381092
-3.668377
-3.230339
-2.816065
-0.286008
2.031525
4.880571
6.780545
10.656484
13.431934
15.279571
-2.243983
-1.820253
-1.378383
-0.730224
-0.326785
-0.318565
0.806281
1.739148
-4.223831
-8.182032
-7.254636
-5.572963
-3.244236
-3.040716
-4.054914
-3.669883
-3.577755
-3.209613
-0.716176
1.860616
5.096317
7.222396
11.108470
14.136532
15.373107
-2.250972
-1.754160
-1.408377
-0.747258
-0.326056
-0.339165
0.874121
1.641767
-5.756651
-9.579668
-7.840502
-5.802012
-3.387307
-3.077016
-4.120850
-3.568339
-3.762545
-3.196696
-1.681449
0.786293
4.192203
6.685068
10.277922
12.997448
13.916592
-2.812323
-2.241026
-1.778896
-1.055246
-0.648559
-0.535347
0.641600
1.445551
-4.869619
-8.991858
-7.492485
-4.846292
-3.435443
-3.269322
-4.347274
-3.885213
-3.452949
-2.753251
-0.163363
2.026881
4.615740
6.327274
10.183815
13.731067
15.175844
-2.277846
-1.874831
-1.263143
-0.585755
-0.164638
-0.121841
1.064260
2.086127
-2.661299
-7.993767
-7.628936
-6.346671
-4.325961
-3.681241
-4.445556
-3.950845
-3.653222
-2.616186
-0.272984
2.301533
5.133411
6.784974
9.996424
13.746800
15.326551
-2.735332
-2.072445
-1.401635
-0.536414
-0.022427
-0.061450
1.255419
2.149516
-4.007226
-9.494761
-8.299339
-6.973177
-4.210394
-3.051346
-3.889500
-3.951106
-3.043782
-2.941681
-0.578117
1.536202
4.261071
7.249384
9.322626
11.517774
14.313896
-2.781659
-2.211492
-1.801587
-1.100962
-0.632617
-0.727659
0.567981
1.439543
-3.876758
-9.467152
-8.079865
-6.211548
-3.666793
-3.379157
-4.333737
-3.883770
-4.074566
-3.829042
-2.566951
0.220361
4.268221
8.347164
10.707359
12.848393
14.831892
-2.751544
-2.041982
-1.723100
-1.043160
-0.351048
-0.408843
0.935326
1.757695
-2.827034
-9.205840
-8.256568
-6.055288
-3.660170
-3.368777
-4.464178
-3.904909
-3.532454
-3.207325
-0.898751
1.764354
4.948680
6.923220
10.506489
12.224171
14.460308
-2.264750
-1.875899
-1.586585
-0.967748
-0.522205
-0.554578
0.646730
1.575866
-2.378835
-8.446386
-7.768180
-5.633709
-3.437819
-3.391570
-4.377533
-3.773040
-3.671901
-3.507894
-1.981998
0.899005
4.640354
7.333504
11.118689
14.021155
15.006125
-2.287610
-1.788097
-1.490640
-0.830321
-0.175907
-0.069057
1.090607
1.917900
-2.858392
-9.287149
-8.443271
-6.282475
-3.823752
-3.512537
-4.623745
-4.186221
-3.474076
-3.111016
-1.173966
1.559610
4.715619
6.725405
10.122773
12.795611
14.368688
-2.521596
-1.766403
-1.370961
-0.702782
-0.286467
-0.294261
0.797399
1.756293
-2.502131
-8.602745
-7.847689
-5.847609
-3.533812
-2.887238
-3.645696
-3.264602
-2.954618
-2.824559
-0.914079
1.468809
4.542027
6.566075
10.565279
13.348933
14.833128
-2.855841
-1.941752
-1.678661
-1.051947
-0.615443
-0.514670
0.789697
1.560500
-3.746145
-10.111545
-8.709080
-6.059003
-3.553156
-3.154727
-4.209705
-3.959469
-4.043953
-3.945842
-2.411441
0.551352
4.645577
7.811474
11.161837
13.340392
15.031062
-2.340253
-1.588057
-1.354793
-0.786676
-0.209883
-0.209351
0.929511
1.710808
-2.987447
-9.426724
-8.286035
-5.874991
-3.351996
-2.902170
-3.851142
-3.451546
-3.490830
-3.374997
-1.966077
0.644192
4.329142
7.120205
10.311141
12.994795
14.810699
-2.721253
-1.713096
-1.463886
-0.857617
-0.354538
-0.289821
0.949328
1.792803
-2.961864
-9.209989
-8.291039
-6.079161
-3.646403
-3.358618
-4.400701
-3.987678
-3.956901
-3.697385
-2.067498
0.816670
4.686561
7.611983
10.871613
13.198138
14.816320
-2.562068
-1.677513
-1.438746
-0.841622
-0.332191
-0.309653
0.917378
1.726267
-3.174457
-9.394196
-8.275041
-6.011938
-3.779965
-3.237454
-4.079653
-3.705564
-3.773653
-0.093201
1.227991
2.027181
0.405763
-1.150635
-1.180195
-2.498549
-3.401014
-2.766251
-1.048704
0.026448
0.787967
1.665141
1.629654
1.608247
1.645450
1.766695
1.945688
2.186051
2.500355
2.893452
3.388540
3.977259
4.729483
5.545443
6.390136
7.284850
8.235702
9.431865
10.256842
11.664201
-0.990951
-15.468346
-17.742161
-17.386524
-13.559516
-10.045083
-6.936465
-4.031116
-2.325216
-0.580955
6.108174
16.731848
17.652159
14.509480
13.190866
0.112502
0.904677
2.361114
2.755416
3.979394
4.944605
6.308039
9.128498
11.345937
-10.410705
-14.273178
-12.026980
-8.505809
-3.895806
-3.175254
-4.102371
-3.145766
-3.551012
-3.911036
-1.196462
0.214472
3.123474
5.523149
9.076347
10.992827
11.847788
13.989491
10.139466
13.404909
-5.344421
-3.346297
-2.074181
-0.049407
0.821144
-7.041635
-14.385424
-8.339868
-3.620740
0.391878
0.463019
-1.835348
-3.570125
-5.790263
-5.950324
-3.045509
-2.702932
-1.943562
2.755308
6.927927
5.122843
1.293102
3.786347
6.550632
10.400544
15.721871
-5.299077
-4.869280
-2.496591
-1.419012
-1.542835
-12.134360
-8.359589
-6.435479
-3.991918
-3.710739
-4.715405
-4.850214
-5.504623
-4.713164
-2.862651
-2.571257
-1.433151
2.865338
6.189069
8.529388
12.580123
-3.340215
-1.955670
-1.829374
-1.184264
-0.795221
-0.188029
0.387369
1.238227
1.978954
-8.628142
-9.395725
-6.791442
-3.834800
-2.164260
-2.407650
-2.514097
-1.466760
-1.819504
-1.677258
0.995524
2.026292
4.075915
7.521688
10.861415
13.273884
15.068352
-2.023561
-1.736153
-1.250361
-0.720776
-0.024279
0.702359
1.566262
2.397507
-8.383713
-9.221333
-6.840037
-4.149750
-2.844137
-3.997100
-4.477224
-3.432607
-3.557183
-2.845463
0.331453
3.202831
6.866442
9.304060
11.690145
14.381085
-3.057014
-1.579707
-1.389528
-0.829650
-0.352778
-0.192999
0.529833
1.440769
2.376137
-8.241725
-8.856318
-6.626832
-3.979168
-2.311758
-2.978762
-3.388557
-2.410028
-2.814175
-2.388772
0.147877
2.415370
4.815516
8.344361
11.348896
13.355578
14.296059
-2.355387
-2.026629
-1.407438
-0.798144
-0.517620
0.041639
1.159709
2.112441
-8.137959
-8.673928
-6.506172
-4.186895
-2.683645
-3.668142
-4.336020
-3.493434
-3.698597
-2.837561
0.080219
2.984555
6.635393
9.034054
11.918674
14.497595
-4.623715
-1.621229
-1.432057
-0.782711
-0.241940
-0.039873
0.430854
1.492097
2.333966
-8.872502
-9.078292
-6.653411
-4.072572
-2.734825
-3.313954
-3.725111
-2.662911
-2.858206
-2.025651
-0.028070
2.135240
4.265261
7.568664
10.478913
12.957462
13.587743
-2.694346
-2.249585
-1.377007
-0.748054
-0.411443
0.234405
1.277370
2.358765
-7.547733
-8.234111
-6.537749
-4.345726
-2.520634
-3.264493
-4.310811
-3.404114
-3.304213
-1.863001
1.345559
3.722485
6.448788
8.249751
11.643465
15.448956
-3.686836
-1.811148
-1.528866
-0.727037
-0.140991
0.190219
0.589116
1.919615
2.513513
-9.655304
-9.406166
-6.995371
-5.402731
-2.551878
-2.537731
-3.243826
-2.809129
-3.223462
-2.171537
-0.252231
1.935992
5.124954
8.029602
10.004985
13.247059
14.436399
-2.425965
-2.020672
-1.263652
-0.581718
-0.332980
0.265012
1.454280
2.237413
-9.486910
-9.411952
-6.955491
-5.141076
-2.668827
-3.196897
-3.912801
-3.115297
-3.446897
-2.583444
-0.229354
2.109811
5.572687
7.885655
10.395922
13.418746
14.654023
-2.201477
-1.933670
-1.296694
-0.677122
-0.438335
0.132815
1.276194
2.203163
-8.841913
-9.024876
-6.668093
-4.309316
-2.451929
-3.363902
-4.019894
-3.268803
-3.626430
-3.031473
-0.762810
2.001669
5.689275
8.499370
11.305455
13.428270
14.578695
-2.238173
-1.970446
-1.365477
-0.764397
-0.481512
0.032963
1.169019
2.060067
-8.311609
-8.791982
-6.443060
-3.921402
-2.497075
-3.591785
-4.249147
-3.272772
-3.432004
-2.728495
-0.064765
2.561959
5.644408
8.528999
11.597332
13.571579
14.474629
-2.231851
-1.966852
-1.324405
-0.706128
-0.284602
0.221633
1.271154
2.221024
-7.490813
-8.452910
-6.489540
-4.086967
-2.603167
-3.561576
-4.244020
-3.106993
-3.147328
-2.302532
0.347515
2.892931
5.506834
8.507931
12.642066
14.619832
-1.596930
-1.920579
-1.692487
-0.891731
-0.283281
-0.012985
0.616115
1.693208
2.576012
-8.059105
-8.695707
-6.844605
-4.707923
-2.428987
-2.795917
-3.506480
-2.661724
-2.798377
-1.713129
1.009193
2.906318
5.276653
7.495745
10.161577
13.564256
14.178490
-2.577462
-2.142917
-1.322145
-0.622300
-0.357469
0.183541
1.366944
2.196198
-8.765348
-8.800647
-6.607270
-4.311939
-2.808230
-3.477897
-4.274954
-3.402356
-3.469204
-2.273244
0.094269
2.648619
5.322353
7.741858
11.363813
14.371856
14.881020
-2.314208
-2.004683
-1.141947
-0.459129
-0.191239
0.459432
1.570889
2.446245
-8.641189
-8.974451
-6.951499
-4.811421
-2.397695
-2.758865
-3.636847
-2.932851
-3.054832
-2.011499
0.748513
2.622380
5.226813
7.240556
10.440245
13.795981
15.457279
-2.486750
-2.172106
-1.437691
-0.748569
-0.481861
0.093888
1.268643
2.106730
-8.845418
-8.865626
-6.610968
-4.394069
-2.402471
-3.287678
-4.214336
-3.480526
-3.665067
-2.722953
-0.579196
1.999212
5.642895
8.322096
11.652659
13.977369
15.622991
-2.221688
-1.943606
-1.253184
-0.581588
-0.284252
0.327629
1.428720
2.274367
-8.826586
-9.173469
-6.843956
-4.916782
-2.513294
-3.056469
-3.828698
-2.977207
-3.207663
-2.641706
-0.425730
1.873716
5.652127
8.215581
10.978869
13.453130
15.605076
-2.216124
-1.950357
-1.336696
-0.677631
-0.372548
0.201592
1.354944
2.293199
-8.543430
-8.988765
-6.730403
-4.394095
-2.396801
-3.313202
-4.040326
-3.228370
-3.474951
-3.074755
-1.074102
1.539480
5.431036
8.512750
11.371779
13.261596
15.038003
-2.580817
-2.218048
-1.555776
-0.902419
-0.486371
0.057743
1.221189
2.166866
-7.641847
-8.497078
-6.445166
-4.141017
-2.356032
-3.312073
-4.102238
-3.156692
-3.300358
-2.757077
-0.285081
2.397093
6.148814
8.614732
11.599114
13.904112
-3.466207
-1.931516
-1.666935
-0.993501
-0.317170
-0.075094
0.489080
1.547038
2.509454
-8.037112
-9.150831
-7.054068
-4.775000
-2.513897
-3.215609
-3.984649
-3.184783
-3.266700
-2.404761
-0.290951
2.040285
5.126294
7.186321
9.935999
13.371271
15.221276
-2.650199
-1.993473
-1.243398
-0.526340
-0.145564
0.495851
1.590104
2.728363
-7.734181
-9.084384
-7.223928
-4.861454
-2.935611
-3.628347
-4.451751
-3.503083
-3.408785
-2.321681
0.456927
2.838430
6.085266
7.746877
10.826306
14.037061
-3.483494
-1.870588
-1.600906
-0.864492
-0.236047
0.097079
0.566049
1.732665
2.660809
-8.657425
-9.375803
-7.161304
-5.289779
-2.452784
-2.878335
-3.700165
-2.929697
-3.110432
-2.405477
-0.655443
1.539503
4.836457
7.444581
9.846428
12.924590
15.082130
-2.765898
-2.335976
-1.667744
-0.900008
-0.520745
0.204340
1.407203
2.357200
-8.185723
-9.371885
-7.162865
-4.726344
-2.960182
-3.934231
-4.768192
-3.805675
-3.781885
-2.897125
-0.624666
2.015666
5.910026
8.680022
11.032241
13.179810
15.552008
-2.076216
-1.806166
-1.181031
-0.510471
-0.189060
0.403267
1.490892
2.576007
-7.134593
-9.065375
-7.156117
-4.436224
-2.996319
-3.723690
-4.292254
-3.080061
-3.108363
-2.709133
-0.596760
1.911314
5.520008
8.055873
10.754045
12.698776
15.185528
-1.913393
-1.715627
-1.366416
-0.778976
-0.387547
0.200564
1.325090
2.249594
-7.722483
-9.171525
-6.896171
-4.408431
-2.729339
-3.880819
-4.736119
-4.105885
-4.109987
-3.407483
-1.598006
1.336653
5.297007
8.526364
11.158171
12.607046
14.501320
-2.025960
-1.666965
-1.117024
-0.483632
0.032293
0.578225
1.591379
2.571183
-7.218622
-9.096443
-7.001784
-4.444791
-2.788378
-3.640782
-4.420550
-3.435121
-3.188626
-2.408470
0.027194
2.374814
5.449776
7.845649
10.488809
12.962038
14.741831
-2.021974
-1.659337
-1.004328
-0.385645
-0.016149
0.580803
1.570517
2.619722
-7.531292
-9.003587
-6.965448
-4.524485
-2.873467
-3.525330
-4.315808
-3.426479
-3.359048
-0.122805
1.437447
2.230023
0.522037
-1.043944
-0.877267
-2.232102
-3.190615
-2.702183
-0.946376
0.119483
0.870224
1.742255
1.739134
1.701062
1.710825
1.782779
1.930176
2.144305
2.435371
2.792626
3.248190
3.812977
4.548327
5.374925
6.235334
7.151261
8.139059
9.245552
10.092096
11.638788
7.218978
-13.333635
-17.507744
-17.897980
-16.150875
-15.782306
-12.048360
-7.393084
-4.458819
-2.108151
4.018748
11.066066
15.044483
16.638241
14.095990
9.692283
8.696907
7.678463
8.977431
11.961676
15.043626
1.263086
3.103523
3.445391
-2.236885
-14.438959
-13.112505
-8.882432
-4.067237
-1.083499
-0.442777
0.026095
0.292424
-1.361047
-0.700645
-2.076690
-2.115851
3.034070
5.264853
3.633824
9.876282
16.684729
16.239985
-4.451705
-4.132902
-2.515530
-1.148197
0.172027
1.671199
1.547263
-10.538418
-12.027396
-11.648438
-9.838890
-8.776186
-8.503207
-8.719416
-7.725506
-5.598789
-3.735263
-1.955423
0.505951
5.435031
7.881909
5.085530
1.553537
3.886073
9.066626
11.557086
-1.010366
1.458991
1.586780
2.713007
5.753175
6.322104
-6.659381
-8.360757
-8.247036
-7.090950
-7.758661
-9.257802
-8.369165
-6.219568
-4.499779
-1.967404
0.824752
4.307844
8.359881
10.557364
9.823356
13.016459
14.547539
-1.419011
-0.819636
0.168824
0.813219
0.867303
1.820686
2.882708
2.795826
-10.166237
-10.784453
-8.039210
-6.075114
-4.513685
-3.276320
-2.320321
-0.748090
-1.412536
-2.027194
-1.199371
1.503022
5.156924
7.197233
7.174244
9.000217
13.000119
-3.413384
-3.000468
-2.460684
-1.015307
-0.379631
0.641829
1.623795
2.052809
-8.271382
-8.989999
-6.296764
-5.229784
-5.070487
-5.386165
-6.048416
-6.315903
-4.858922
-3.048982
0.277855
4.862843
7.144753
9.081453
11.025960
14.509613
15.091796
-1.230709
-0.580401
0.463811
1.169380
1.367002
2.455373
3.551849
0.160018
-8.208251
-8.350670
-6.509932
-5.564848
-2.990859
-2.550534
-3.200249
-2.382184
-2.250416
-0.455268
2.503138
5.087131
6.962368
6.311935
6.560668
10.971740
13.319299
-2.336771
-1.712829
-0.719794
0.035768
0.369879
1.375977
2.721485
-3.250802
-8.926497
-7.898673
-6.090159
-5.424611
-3.411883
-4.067439
-4.515440
-4.271991
-3.906958
-2.442732
-1.216178
2.744790
5.964899
8.602353
9.111547
9.850388
12.266730
-2.498181
-2.084875
-1.021297
-0.198621
0.068661
0.780624
2.037142
2.225695
-9.251611
-8.996410
-6.787579
-5.707636
-3.823187
-4.326637
-5.071113
-4.189511
-3.566818
-1.551711
0.772064
3.910309
6.509190
7.141885
8.222168
12.250966
13.559038
-2.029115
-1.411853
-0.315224
0.394453
0.542892
1.080993
2.457924
2.409167
-8.269502
-8.723991
-7.216983
-6.547828
-4.193991
-4.013214
-4.463588
-3.484603
-3.162015
-1.679417
0.567065
3.392081
6.294308
8.031176
9.195777
11.917662
13.599905
-2.259608
-1.675152
-0.745084
-0.012364
0.327543
1.009175
2.232091
2.232705
-9.954933
-9.680753
-7.094682
-5.550972
-3.516659
-3.953385
-4.500114
-3.843441
-3.803991
-2.605638
-0.501856
2.780295
5.961970
7.678585
8.637387
11.177235
12.963197
-2.310970
-1.758894
-0.903947
-0.233872
0.190063
0.762942
1.874431
2.556102
-8.342578
-8.509677
-6.428836
-4.593499
-3.165205
-4.111054
-4.786808
-4.033203
-3.744879
-2.590480
-0.163166
3.439431
6.679703
8.896025
10.915440
13.012680
13.426599
-2.031846
-1.491519
-0.607113
0.107012
0.450491
1.087700
2.247778
2.445672
-8.449061
-8.772087
-6.838422
-5.692431
-3.497118
-3.942094
-4.605861
-3.724767
-3.571952
-2.309383
0.195405
3.481665
6.512496
8.256723
9.451200
12.021208
13.491046
-2.202520
-1.711354
-0.853572
-0.179934
0.198857
0.789082
1.921692
2.414194
-8.582301
-8.641991
-6.525499
-4.840638
-3.252568
-4.098694
-4.757379
-4.056396
-3.883806
-2.641035
-0.381150
3.172591
6.410441
8.737254
10.319388
12.081530
13.435531
-2.324629
-1.755624
-0.895526
-0.173679
0.389263
0.969716
2.071511
2.568054
-8.077972
-8.471970
-6.543821
-4.743020
-3.534310
-4.428292
-5.182931
-4.201511
-3.684949
-2.316520
0.245556
3.850781
7.069711
8.762792
10.244367
12.735255
13.127260
-2.090809
-1.574336
-0.631565
0.024911
0.224918
0.837749
2.062005
2.692619
-7.676704
-8.419708
-6.755068
-5.822270
-3.863362
-4.032129
-4.276956
-3.176409
-2.958984
-1.693761
0.410474
3.372474
5.397187
8.102818
10.068270
11.873154
12.640428
-2.479826
-1.906685
-0.862151
-0.144470
0.105895
0.704701
1.885577
2.550859
-7.939423
-8.423841
-6.657486
-4.907862
-3.483723
-3.936170
-4.540106
-3.619315
-3.463389
-2.164091
0.436815
3.382622
5.914131
8.468225
10.622532
12.743038
14.318173
-2.355012
-1.806561
-0.906425
-0.170294
0.207204
0.866356
2.083857
2.523485
-8.862634
-9.028425
-6.782053
-5.403051
-3.582302
-4.158928
-4.718537
-3.810402
-3.597143
-2.261293
0.015988
3.124341
5.552408
7.901698
9.827307
12.092937
13.673638
-2.325545
-1.810600
-0.856905
-0.156380
0.112465
0.742738
1.895821
2.804487
-7.382459
-8.360571
-6.798993
-5.285321
-3.479348
-3.953717
-4.458368
-3.521624
-3.435300
-2.266167
0.439851
3.485771
6.225188
8.923051
11.180539
13.010906
14.484403
-2.267731
-1.829071
-0.951689
-0.238816
0.270629
0.915740
2.074762
2.644404
-8.761235
-8.960449
-6.662802
-5.140742
-2.979278
-3.462240
-4.223477
-3.493121
-3.546306
-2.511351
-0.102197
3.072461
6.338802
8.473175
9.903255
12.320664
14.789879
-2.372793
-1.949100
-1.129548
-0.414500
-0.112350
0.515017
1.688065
2.566226
-8.074653
-8.560822
-6.464525
-4.402354
-3.191278
-4.116912
-4.720186
-3.823749
-3.584760
-2.405826
-0.408018
2.798864
5.427814
8.823627
11.449364
12.250637
13.741585
-2.227123
-1.792880
-0.856663
-0.151803
0.320644
0.991787
2.038209
2.950552
-7.579715
-8.538340
-6.782535
-5.080874
-3.220072
-3.741709
-4.393608
-3.418690
-3.214294
-2.078876
0.481028
3.242005
6.046756
8.392633
10.539769
12.949288
14.296213
-2.284146
-1.832089
-0.924223
-0.197142
-0.007953
0.676485
1.794790
2.652642
-8.494318
-9.540215
-7.252583
-5.335953
-3.099073
-3.555101
-4.223532
-3.418620
-3.425399
-2.670924
-0.336818
2.738219
6.240741
8.490911
9.934412
12.170906
-3.923097
-2.222589
-1.925126
-1.250081
-0.559197
0.048757
0.664094
1.710156
2.650225
-7.928249
-8.870218
-6.559344
-4.315375
-2.791982
-4.063710
-4.840162
-4.100899
-3.875886
-2.933970
-1.245729
2.143138
5.819046
8.883523
10.910460
12.085566
14.000319
-2.361665
-1.779374
-0.956259
-0.160397
0.285077
0.941563
2.033906
3.059665
-7.532324
-9.022660
-7.042773
-5.246074
-3.248090
-3.794722
-4.428104
-3.500995
-3.295646
-2.333127
0.396660
3.406545
6.647527
8.255311
9.895223
12.650326
-5.181232
-1.905661
-1.588222
-0.815483
-0.178533
0.109609
0.732424
1.877718
2.895767
-8.014007
-9.049699
-6.874014
-4.808842
-2.890033
-3.499561
-4.018368
-3.268344
-3.245949
-2.719992
-1.199890
1.901387
5.506399
8.560073
10.304880
11.788248
13.553880
-2.877774
-2.209527
-1.431077
-0.634975
0.046371
0.739549
1.843412
2.831522
-7.697832
-8.763820
-6.629454
-4.350877
-3.059747
-4.229751
-5.144633
-4.287948
-3.779600
-2.133877
0.399127
3.630472
6.584121
7.898966
9.840091
13.089183
13.998655
-2.153509
-1.667802
-0.631744
0.113806
0.339623
0.873493
2.153800
3.158636
-7.366765
-8.845335
-7.057439
-5.713187
-2.977414
-2.634730
-3.287892
-2.464545
-2.446768
-1.693038
0.372768
2.744864
5.162364
8.052567
10.198366
12.199136
13.618905
-2.536750
-2.107226
-1.305377
-0.560434
-0.229719
0.448179
1.656003
2.506474
-8.948116
-9.473245
-6.881888
-5.104666
-3.005228
-3.783067
-4.773460
-4.252178
-3.996496
-2.608099
-0.696742
2.392179
5.617468
7.785848
9.440062
11.939097
13.495421
-2.194443
-1.786265
-0.901152
-0.195976
0.119231
0.829489
1.880925
2.928273
-7.884460
-9.108206
-7.021576
-5.441189
-3.025839
-3.266699
-4.038862
-3.301740
-3.095109
-0.129281
1.426356
2.272573
0.304202
-1.090021
-1.219110
-2.573726
-3.275666
-2.834322
-1.077171
-0.045740
0.726383
1.738092
1.693189
1.667205
1.718618
1.847199
2.049140
2.308510
2.622684
3.063763
3.721275
4.536201
5.353673
6.157192
7.465984
8.220622
9.363007
10.079648
-5.389713
-13.683473
-16.550261
-16.760376
-12.011107
-6.914287
-4.805801
-3.647338
0.647516
9.227463
15.294785
16.970280
12.334167
6.426672
5.200979
7.112923
10.240099
15.591433
4.464204
5.559021
7.879778
14.572944
-1.217929
-8.926218
-11.875432
-12.467643
-11.884452
-10.859663
-11.743661
-10.394382
-7.967911
-5.988113
-3.269319
-0.772925
3.006719
8.166206
12.796127
15.015196
14.610003
-3.895184
-2.454415
-2.210683
-1.534887
-0.525244
-0.025623
0.811389
1.709223
2.309514
-9.050007
-9.350305
-6.342935
-3.806603
-2.279968
-2.710141
-2.789066
-1.496574
-1.517415
-1.807648
-0.541726
1.400837
4.593444
7.367973
8.790302
11.402102
14.720167
-2.264339
-1.917071
-1.332971
-0.476597
0.365256
0.942480
1.935167
3.159688
-7.257640
-8.520955
-6.381565
-4.160858
-3.390942
-5.066589
-5.697797
-4.744113
-4.028457
-2.443995
0.101729
3.454967
7.211803
10.354443
12.438876
12.611604
-3.509842
-1.799714
-1.343569
-0.417497
0.181224
0.472783
1.029665
2.102859
3.180770
-7.237782
-8.556612
-6.613969
-5.104495
-2.644529
-2.653834
-3.016512
-1.935902
-1.929831
-1.297673
1.226182
3.083430
5.095093
7.984459
10.274014
12.751620
14.280313
-2.408350
-2.010545
-1.198152
-0.493740
-0.041244
0.637770
1.820074
2.765404
-7.938277
-8.516005
-6.519381
-4.485806
-3.113998
-4.415427
-5.154486
-4.294969
-3.783165
-2.540923
-0.511594
2.833112
6.472015
9.637525
11.945690
12.490278
3.723027
-2.263549
-1.766893
-0.838651
-0.155654
0.358932
0.968608
2.069639
3.025015
-7.900655
-8.627615
-6.434265
-4.127542
-2.947977
-3.633965
-4.296641
-3.129343
-2.644888
-1.624118
0.665512
3.151127
6.032062
8.231323
10.104406
12.697568
13.882854
-2.430766
-1.999298
-1.153446
-0.435810
-0.083583
0.620846
1.863951
2.808548
-8.305215
-8.780229
-6.548026
-4.166914
-3.236291
-4.182012
-4.744538
-3.737127
-3.358078
-2.341341
-0.353906
2.743490
6.280668
9.129110
10.875129
12.247790
5.557070
-2.460377
-2.012375
-1.185326
-0.502496
0.059726
0.716483
1.786770
2.808395
-7.777475
-8.443929
-6.322588
-4.443974
-2.796533
-3.837892
-4.563657
-3.641726
-3.136678
-2.115337
-0.056468
2.912666
6.343027
9.183930
11.081862
12.425013
13.582122
-2.408235
-1.900362
-0.981937
-0.278862
0.106183
0.762867
1.973777
2.983321
-7.365015
-8.412070
-6.492930
-4.289223
-3.342621
-4.069213
-4.481142
-3.182739
-2.643916
-1.435513
0.617234
3.078246
5.195520
8.406328
11.147669
12.363923
13.194965
-2.598947
-2.106861
-1.074600
-0.378966
-0.084161
0.653187
1.845557
2.900732
-7.070128
-8.260006
-6.600440
-4.381071
-3.392337
-4.089494
-4.609349
-3.428209
-2.866731
-1.674603
0.622279
3.120925
5.409348
8.792021
11.698160
13.008758
-2.519876
-2.326494
-1.850503
-0.885039
-0.181137
0.177881
0.898429
2.064023
2.987952
-8.428646
-8.974206
-6.802902
-5.300257
-3.027942
-3.574939
-4.200803
-3.317189
-3.051435
-2.052691
0.022344
2.500548
5.578615
8.032803
10.152884
12.861591
14.806612
-2.468678
-2.020520
-1.204000
-0.447876
0.002645
0.708459
1.819498
2.810065
-8.392488
-8.978420
-6.656621
-4.386940
-2.885342
-4.083930
-4.876735
-3.928942
-3.375744
-2.516953
-0.525507
2.362278
5.705410
9.142721
11.266119
12.430140
14.569977
-2.482681
-2.047988
-1.195973
-0.461069
0.166141
0.821311
1.928601
3.013361
-7.090310
-8.318340
-6.408762
-4.065663
-2.973705
-3.960069
-4.588376
-3.423115
-2.955316
-1.965419
0.224327
2.835078
5.590931
8.871517
11.305078
12.561294
14.316739
-2.437649
-2.001769
-1.113364
-0.376391
0.104727
0.770273
1.916133
2.929445
-7.510852
-8.602879
-6.604529
-4.033823
-3.266771
-4.112210
-4.618651
-3.464918
-3.027977
-2.172388
0.032005
2.776592
5.779384
9.037325
11.169801
12.722105
-5.481563
-2.141771
-1.765160
-0.964528
-0.288000
0.327033
0.960072
2.070994
3.010279
-8.558901
-8.984348
-6.564083
-4.735610
-2.838540
-3.824745
-4.613353
-3.813827
-3.404130
-2.049075
-0.503798
2.246242
5.097277
8.417970
10.197702
11.171580
13.409093
-2.913774
-1.718387
-0.734131
0.003102
0.482873
1.285894
2.436169
3.549020
-6.946520
-8.684263
-7.080971
-4.693675
-3.630785
-4.166759
-4.740481
-3.486990
-2.771250
-1.616996
1.012748
3.442832
6.049466
9.212934
11.249612
12.989803
-5.258331
-2.303624
-1.931941
-1.063899
-0.400394
-0.018375
0.679229
1.884775
2.733033
-9.000711
-9.153009
-6.548709
-4.731139
-2.820222
-3.528893
-4.135463
-3.327833
-2.952730
-2.196075
-1.266320
1.540867
5.133772
8.575943
10.430115
11.335081
13.359484
-3.045927
-2.246361
-1.229489
-0.439790
0.070865
0.866543
2.010568
3.167065
-6.881211
-8.492116
-6.690563
-4.332427
-3.215527
-4.102782
-5.004994
-3.899039
-3.023847
-1.531520
1.092957
3.685848
6.398803
8.005351
10.090638
13.470548
-2.654448
-2.109180
-1.655073
-0.656950
0.067961
0.326561
1.001413
2.382185
3.324484
-8.519369
-9.169671
-6.974892
-5.579158
-3.205009
-3.479744
-4.027978
-3.168064
-2.743801
-1.486161
0.013162
2.507248
5.127585
7.440256
8.735038
11.015594
13.158823
-3.464809
-2.756726
-1.706299
-0.814103
-0.322213
0.510470
1.768374
2.918507
-6.922976
-8.615850
-6.865937
-4.530485
-3.576991
-4.620347
-5.551826
-4.364899
-3.357952
-1.855884
0.400483
3.335702
6.747464
8.558173
10.900216
13.610384
-4.088384
-2.044773
-1.705193
-0.716215
-0.075014
0.168957
0.901005
2.130246
3.193138
-8.089458
-9.358444
-7.085990
-5.276536
-3.115335
-3.188481
-3.508777
-2.490117
-2.242438
-1.621799
-0.333909
1.695966
4.662330
7.449704
8.877235
11.183601
13.194222
-3.382292
-2.523060
-1.603474
-0.795665
-0.084645
0.716219
1.845522
2.949904
-7.593112
-8.788073
-6.692154
-4.396825
-3.077524
-4.530454
-5.587619
-4.716039
-3.821283
-2.275681
-0.431591
2.617393
6.404763
8.940516
10.885520
12.447750
13.463667
-2.470083
-1.866664
-0.793697
-0.026123
0.281239
0.924362
2.284499
3.405453
-7.142560
-8.765794
-6.838308
-5.354509
-3.121730
-2.886371
-3.318384
-2.377913
-2.114492
-1.139372
1.020352
2.697021
4.654749
7.327611
9.204874
11.830046
13.748363
-2.655617
-2.168668
-1.152967
-0.369008
0.022282
0.834924
2.023074
3.026701
-8.264287
-8.962655
-6.854902
-5.429705
-3.129531
-3.842427
-4.867479
-4.287282
-3.677365
-2.106024
-0.415357
2.552937
5.614163
8.127021
9.728475
11.757688
13.154568
-2.640353
-2.144415
-1.101192
-0.340490
0.007520
0.768725
1.916137
3.015407
-7.493230
-9.187968
-7.196567
-5.551885
-3.619092
-3.937876
-4.517816
-3.459787
-2.735052
-1.599941
-0.090787
2.351096
4.941882
8.108908
10.218443
11.840665
12.728585
-2.634207
-2.150789
-1.127091
-0.349968
0.101890
0.840414
2.026560
3.073896
-7.387955
-8.808334
-6.826290
-5.293261
-2.944833
-3.279636
-4.117600
-3.393734
-2.865680
-1.613797
0.589770
2.691860
5.131507
7.688604
9.349200
12.158443
13.349722
-2.550862
-2.058960
-1.053233
-0.289958
0.012903
0.765283
1.956030
2.967246
-7.786180
-9.134372
-7.032290
-5.367747
-3.306442
-3.585372
-4.317031
-3.518049
-2.964452
-1.929680
-0.270169
2.265144
5.385799
8.105559
9.634451
11.998611
13.152826
-2.714420
-2.233012
-1.266931
-0.516381
-0.025422
0.804504
2.008323
2.919340
-7.578681
-8.857710
-6.712279
-5.034599
-2.912034
-3.405127
-4.326658
-3.593704
-3.040096
-1.836697
0.055641
2.510127
5.375138
7.933015
9.401480
11.940321
13.226431
-2.522223
-2.047148
-1.008067
-0.244597
0.246619
0.602893
2.066382
3.050677
-7.740311
-8.896083
-6.757136
-5.116141
-3.016267
-3.534118
-4.493566
-3.773731
-3.191635
-0.121741
1.453165
2.314716
0.345469
-1.051033
-1.213839
-2.521760
-3.264991
-2.556447
-1.039970
-0.275729
0.445870
2.065787
2.030837
2.146884
2.266749
2.457454
2.731335
3.107653
3.585426
4.323283
5.102671
6.344820
7.300554
8.120236
7.558795
-5.827251
-12.679531
-14.677905
-11.507976
-5.873098
-1.973439
-1.263877
-0.130850
7.772135
14.692645
14.912615
12.774177
14.129420
-0.274220
0.603256
0.659526
1.063330
1.269909
1.364104
1.247415
2.055620
3.154832
-3.965641
-10.441755
-9.363852
-6.244263
-4.236184
-4.476767
-4.749097
-3.210580
-1.602036
-1.250557
-1.813115
0.377371
6.171364
9.620778
8.380391
9.685831
-3.328507
-1.786788
-1.717940
-1.177716
0.514416
1.020069
1.818012
2.735782
3.600595
-6.965324
-9.148335
-6.984995
-4.505275
-3.879326
-4.800623
-4.455790
-3.633667
-2.437833
-1.907355
-0.569820
2.241270
6.137910
9.754092
11.582407
12.064735
-2.695544
-1.955056
-1.586647
-0.745688
-0.122070
0.756425
1.304109
2.281031
3.534988
-6.574420
-8.150020
-6.182647
-3.906593
-2.701604
-3.996082
-4.672889
-3.374107
-2.322540
-0.767617
1.678593
4.172542
5.802896
8.070970
10.126451
12.619619
12.767719
-2.110358
-1.512114
-0.339040
0.205137
0.499011
1.157359
2.701605
3.728718
-6.688527
-8.355887
-6.953174
-4.856485
-3.801514
-4.090707
-4.466313
-3.103784
-2.187539
-0.876336
1.121029
3.534038
5.522398
8.751264
11.866539
13.212720
13.513096
-2.683218
-2.174625
-1.082168
-0.274812
0.261293
1.033957
2.374639
3.030222
-7.971886
-8.573654
-6.717472
-5.784807
-3.891598
-4.629349
-5.421437
-4.304923
-3.192937
-1.640287
0.166082
3.157693
6.278734
8.189952
9.354156
12.130712
12.732676
-2.561191
-1.957846
-0.814210
-0.085514
0.233682
0.934482
2.292186
3.387471
-7.095186
-8.341290
-6.713202
-5.763577
-3.359673
-3.728294
-4.287578
-3.148108
-2.434114
-1.241559
0.698152
2.955360
5.352514
8.253518
10.522892
12.678528
13.334273
-2.637049
-2.089064
-1.090267
-0.305535
0.308220
1.063012
2.307898
3.100552
-8.487942
-8.878365
-6.627811
-5.280247
-3.689060
-4.586044
-5.220743
-4.222406
-3.218333
-1.624733
-0.038624
2.944288
5.930581
8.339555
9.181484
11.245215
12.305990
-2.650663
-1.964656
-0.791403
-0.051282
0.370743
1.075440
2.396636
3.567861
-6.598748
-8.159871
-6.612845
-4.701069
-3.683847
-4.300105
-4.835730
-3.422932
-2.282778
-0.846546
1.142392
3.498151
5.293796
8.564151
11.607526
12.958404
13.016158
-2.633593
-2.026884
-0.805422
0.008989
0.268391
0.948140
2.436615
3.217467
-7.318102
-8.459992
-6.935497
-6.167888
-4.245332
-4.456119
-4.880238
-3.681101
-2.714727
-1.336674
0.426533
3.096919
5.998268
8.370337
9.482753
12.076285
13.049776
-2.809856
-2.223330
-1.139427
-0.369605
0.098745
0.871392
2.201660
3.122791
-7.557683
-8.331929
-6.481351
-5.427137
-3.438725
-4.158614
-4.852593
-3.833844
-2.940441
-1.483733
0.243205
2.917485
5.878368
8.456936
9.859315
12.064735
13.757524
-2.552993
-1.916327
-0.795368
-0.019221
0.410490
1.160971
2.471968
3.410852
-7.428833
-8.497043
-6.769838
-5.770237
-3.951642
-4.353456
-4.830259
-3.727100
-2.827073
-1.449527
0.459041
3.086639
5.884394
8.172252
9.338133
12.144896
13.948536
-2.594009
-1.996896
-0.976570
-0.201253
0.287339
1.064622
2.393514
3.332516
-7.504281
-8.539275
-6.774228
-5.563654
-3.827850
-4.537505
-5.117403
-4.020154
-3.078215
-1.791578
-0.050281
2.741577
5.903801
8.486782
10.028709
12.317018
14.034721
-2.531206
-1.983503
-1.014004
-0.241107
0.441912
1.205521
2.434743
3.352762
-7.527133
-8.533113
-6.677783
-5.305851
-3.739502
-4.649604
-5.324012
-4.271509
-3.198268
-1.938572
-0.363022
2.787944
6.256389
9.058300
10.217609
11.764599
13.674094
-2.441009
-1.812705
-0.742468
0.023816
0.512142
1.276627
2.572499
3.564203
-7.002023
-8.352272
-6.717942
-5.587712
-3.876889
-4.403029
-4.861711
-3.760273
-2.872898
-1.503750
0.480185
3.020321
5.835355
8.121600
9.398129
12.206322
13.800138
-2.851334
-2.210471
-1.154521
-0.359583
0.302347
1.111060
2.417792
3.297299
-6.866073
-8.182762
-6.669554
-5.542149
-3.834985
-4.644809
-5.325353
-4.241418
-3.151112
-1.867237
-0.132004
3.133934
6.514098
9.118377
10.560286
12.513339
14.000811
-2.545832
-1.969095
-0.968577
-0.182918
0.474421
1.246191
2.514786
3.445429
-6.917524
-8.298508
-6.676991
-5.445831
-3.920679
-4.526587
-5.066511
-3.942212
-2.915452
-1.679832
-0.035406
2.943432
6.220598
8.757379
9.878507
12.044665
13.562892
-2.618009
-1.964489
-0.928542
-0.129274
0.371733
1.154971
2.506367
3.348487
-7.167136
-8.314003
-6.629067
-5.554261
-3.975213
-4.713318
-5.205961
-4.154054
-2.958580
-1.298212
0.248201
3.085891
5.500647
8.258725
9.293681
11.119594
12.578456
-2.930599
-1.985121
-0.781493
0.075953
0.588338
1.374127
2.707936
3.794230
-6.827913
-8.646869
-7.115602
-5.952542
-3.829737
-4.227253
-4.880444
-3.808875
-2.778305
-1.331058
0.805866
3.457741
5.756435
8.316487
9.912776
12.770435
13.747582
-2.833500
-2.247816
-1.144886
-0.323361
0.284254
1.120440
2.459029
3.231473
-7.591447
-8.703938
-6.760047
-5.415423
-3.803300
-4.449193
-5.129848
-4.124827
-3.058592
-1.650463
-0.029277
3.073238
6.039186
8.135390
8.804090
11.624713
13.430275
-2.860008
-2.134478
-1.033124
-0.193908
0.482341
1.316479
2.556688
3.581929
-6.916655
-8.482756
-6.815897
-5.541141
-3.711272
-4.396990
-5.196688
-4.113679
-3.002689
-1.505515
0.169111
3.190660
6.073281
8.429923
9.499106
11.838045
13.377188
-2.925667
-2.224951
-1.102915
-0.243837
0.412642
1.212165
2.561106
3.518049
-7.144868
-8.602546
-6.854455
-5.533113
-3.794705
-4.404954
-5.177899
-4.102108
-2.949038
-1.551005
-0.114968
3.096728
6.235951
8.615100
9.431006
11.651122
13.219570
-2.966685
-2.230489
-1.081962
-0.181557
0.304414
1.126570
2.507659
3.510153
-6.939776
-8.541298
-6.823551
-5.431327
-3.784437
-4.289605
-4.897198
-3.833474
-2.811980
-1.504654
0.177636
2.965823
5.837339
8.014787
9.110782
12.120237
13.273284
-3.069453
-2.386172
-1.277646
-0.409035
0.279518
1.107062
2.442727
3.415112
-7.010163
-8.447923
-6.706055
-5.373507
-3.646889
-4.366947
-5.165552
-4.224136
-3.133588
-1.498093
0.202840
3.260679
6.154337
8.290486
8.883337
11.502035
13.123217
-2.612852
-2.062716
-0.900084
-0.116869
0.379806
1.163965
2.527364
3.552977
-7.044746
-8.619058
-6.846320
-5.521388
-3.821486
-4.049432
-4.725959
-3.767047
-2.702950
-1.392357
-0.073186
2.674782
5.613657
8.502607
9.559353
11.195404
12.326131
-3.050246
-2.428891
-1.205344
-0.363473
0.312388
1.151981
2.507956
3.321549
-7.649006
-8.625286
-6.592740
-5.365517
-3.556849
-4.105161
-5.164923
-4.433063
-3.255678
-1.398062
0.352584
3.299986
5.992540
7.851421
8.395099
11.003206
12.413380
-2.738334
-2.153379
-0.773020
0.055617
0.401057
1.053996
2.663266
3.646810
-7.267065
-8.825356
-7.084440
-5.895338
-4.210097
-4.097757
-4.664832
-3.673539
-2.624739
-1.149432
0.250000
2.846773
5.511609
8.310066
9.158229
10.867009
12.170374
-3.167777
-2.584146
-1.307729
-0.423617
0.249280
1.059345
2.448138
3.263773
-7.719917
-8.721535
-6.720857
-5.493334
-3.684990
-4.147100
-5.225135
-4.468193
-3.172559
-1.419164
0.014845
2.980629
5.891208
8.285637
8.827150
10.570742
11.997137
-2.835577
-2.230379
-0.880265
0.035430
0.383042
1.052849
2.605191
3.551306
-7.399490
-8.814976
-6.999607
-5.824653
-4.143143
-4.167027
-4.818655
-3.894388
-2.697265
-1.129370
0.182030
2.720615
5.447397
8.279900
8.952243
10.601028
11.867775
-3.205818
-2.593529
-1.239468
-0.329905
0.384132
0.837994
2.438941
3.103160
-7.829665
-8.515367
-6.480657
-5.377246
-3.393360
-4.005211
-5.275838
-4.749929
-3.435064
-0.110788
1.549302
2.341569
0.349951
-1.023182
-1.007162
-2.140184
-2.927841
-2.368982
-0.974921
-0.216652
0.509830
1.991971
2.094538
2.192137
2.292629
2.465772
2.701226
3.006472
3.389302
3.884370
4.676553
5.503310
6.648117
7.669996
8.609484
7.787109
-6.704074
-13.877360
-15.189489
-11.364284
-5.933918
-2.145741
-1.474429
-1.467740
6.013992
13.950141
15.568122
14.619082
13.440406
-1.298143
0.272673
0.350166
0.892598
1.231775
1.553825
1.401803
2.275288
3.193115
2.037847
-10.517143
-10.857260
-7.517425
-5.864543
-5.642303
-6.137482
-4.779716
-2.026658
-1.009616
-1.831587
-0.639631
5.010742
8.478873
7.656896
8.524426
13.226331
-1.992035
-1.732745
-1.233383
0.124705
1.165055
1.593601
2.659083
3.857944
-5.707599
-8.727581
-7.069330
-4.496264
-3.585144
-4.639355
-5.042615
-3.960375
-2.502393
-0.993614
0.150554
1.917743
4.849975
8.269325
9.955281
11.504478
13.063578
-2.503927
-1.944375
-0.872753
0.028206
0.883540
1.381702
2.590567
3.930073
-4.613420
-8.439311
-7.450817
-5.166777
-3.371443
-3.844367
-4.840227
-3.716714
-2.159792
-0.893021
0.942429
3.246772
6.352332
7.603217
9.788501
13.202830
-5.630198
-2.018206
-1.612269
-0.574773
0.139773
0.634384
0.983184
2.503948
3.652431
-7.006439
-9.047788
-7.160858
-5.147514
-3.543820
-3.613341
-4.161621
-3.213792
-2.216832
-1.158913
-0.566591
1.322564
4.313752
7.542849
8.793463
10.168466
11.635663
-3.542982
-2.861830
-1.653815
-0.706957
0.267351
0.840800
2.230737
3.406563
-6.144186
-7.873725
-6.349527
-5.224515
-3.155118
-4.028140
-5.481653
-4.987822
-3.680651
-1.469803
0.091854
2.908793
6.037576
8.419359
9.873577
11.943784
13.443970
-2.768058
-2.174377
-0.708212
0.232697
0.732127
1.052233
3.004580
3.884069
-7.563874
-9.010579
-7.098812
-5.697269
-4.094186
-3.611752
-4.149168
-3.420449
-2.302939
-0.790771
0.583958
2.402092
4.669346
7.017805
8.030607
10.025958
12.238056
-3.623853
-2.927901
-1.537915
-0.487232
0.185367
0.719356
2.352326
3.305668
-7.382436
-8.590094
-6.806622
-5.556145
-3.929754
-4.808616
-6.112305
-5.425987
-3.850226
-1.703679
-0.458530
2.304381
5.402068
8.356741
9.505979
10.603782
12.510062
-2.958365
-2.324809
-0.881480
0.083250
0.752868
1.156641
2.853909
3.890214
-7.213360
-8.784156
-6.994821
-5.670395
-3.776301
-3.849250
-4.826330
-4.122063
-2.733775
-1.024971
0.312238
2.359409
4.827321
7.566973
8.923207
10.480057
12.338721
-3.435038
-2.758757
-1.261901
-0.233792
0.596310
1.101771
2.781643
3.597043
-7.374080
-8.731702
-7.044042
-5.766757
-4.263459
-4.995658
-6.179477
-5.401830
-3.704653
-1.490298
-0.208828
2.606151
5.793640
8.337770
9.192914
10.193275
12.232812
-3.084201
-2.438040
-0.926928
0.063241
0.637261
1.004923
2.808933
3.875020
-7.107347
-8.805581
-7.066627
-5.708309
-3.931124
-4.016862
-4.860427
-4.016960
-2.582369
-0.836155
0.428087
2.423821
4.632151
7.415177
8.964329
10.766176
12.530914
-3.506229
-2.833567
-1.388417
-0.351477
0.475431
1.005046
2.709316
3.584248
-7.123363
-8.592648
-6.966721
-5.709310
-4.104371
-4.475440
-5.712885
-5.063437
-3.466436
-1.468707
-0.062668
2.508130
5.771198
8.059772
9.193315
11.042890
12.810298
-3.072827
-2.445957
-1.049822
-0.080469
0.668366
1.121849
2.865158
3.801924
-7.473267
-8.966406
-7.088901
-5.439250
-3.845124
-4.407632
-5.292789
-4.341135
-2.881799
-1.088721
0.055952
2.248882
4.860806
7.420562
8.534511
10.077500
12.025376
-3.503820
-2.835504
-1.396289
-0.391826
0.290966
0.792014
2.438735
3.684725
-6.210978
-8.299201
-6.890503
-5.579606
-3.776189
-4.128268
-5.328759
-4.672873
-3.137629
-1.298719
0.104121
2.450114
5.189690
7.852777
9.689128
11.883529
13.197472
-3.252503
-2.679781
-1.316455
-0.347303
0.443593
0.927763
2.627697
3.805077
-6.454237
-8.666123
-7.075754
-5.397928
-3.935392
-4.111756
-5.168513
-4.398710
-2.941999
-1.299327
0.063953
2.590492
5.338755
7.446054
8.836740
11.540800
13.224267
-3.268250
-2.687988
-1.361019
-0.396814
0.397159
0.928343
2.445949
3.746722
-5.835605
-8.508890
-7.102971
-5.372529
-3.832722
-4.372725
-5.541812
-4.710036
-3.071386
-1.142889
0.208220
2.856567
5.286128
7.329340
8.976275
11.529353
13.086122
-3.084193
-2.534598
-1.129932
-0.157480
0.641751
1.047911
2.795114
4.094503
-6.181850
-8.710523
-7.240511
-5.712147
-3.764174
-3.750969
-4.844307
-4.178707
-2.688552
-0.995955
0.346847
2.659436
5.141161
7.389434
8.930472
11.357079
12.958642
-3.319745
-2.708170
-1.267450
-0.231289
0.508934
1.045370
2.721687
3.845780
-7.270854
-8.996201
-7.156194
-5.460202
-3.853325
-4.217612
-5.391178
-4.709841
-3.202719
-1.240546
-0.027349
2.296769
5.459652
7.502465
8.505850
10.313239
12.431628
-3.471879
-2.803934
-1.200288
-0.143591
0.613761
1.143657
2.882694
4.178467
-7.111735
-9.127880
-7.321971
-5.478611
-3.715075
-3.752742
-4.885915
-4.223641
-2.938540
-1.238268
0.011872
2.253710
5.154782
7.329500
8.749942
10.950054
12.404526
-3.340413
-2.709519
-1.274063
-0.247177
0.383750
0.884522
2.556449
3.863412
-7.064535
-9.042115
-7.182931
-5.333985
-3.797037
-3.843709
-4.869130
-4.167916
-2.810349
-1.117107
-0.072066
1.894147
4.726044
7.185995
8.454113
9.801766
11.712053
-3.641179
-2.596997
-1.382223
-0.293070
0.357123
0.857768
2.589297
3.823127
-7.378748
-9.049687
-7.080719
-5.386886
-4.067945
-3.998073
-4.987757
-4.559919
-3.253284
-1.365152
-0.236560
1.823225
4.941392
8.079634
9.127335
9.269946
11.291389
-3.382802
-2.739670
-1.440931
-0.261675
0.362739
0.839292
2.824250
3.816745
-7.883605
-9.112944
-6.966817
-5.346630
-3.911838
-3.627220
-4.576524
-4.266234
-3.074725
-1.227889
0.094095
2.131363
5.030014
7.878901
8.751857
8.709820
10.909113
12.845522
-3.413140
-1.516246
-0.183625
0.415905
0.984034
3.069181
3.910153
-8.454038
-9.573094
-7.402215
-5.745903
-4.590416
-4.119159
-4.980786
-4.683520
-3.385399
-1.343845
-0.000320
2.127227
5.643393
9.113966
8.300726
8.240117
11.575854
-3.758568
-2.872421
-1.451548
-0.229163
0.267241
0.688132
2.820102
3.834075
-8.104631
-9.314927
-7.131458
-5.245940
-3.645206
-3.773253
-4.604358
-4.020878
-2.820613
-0.917878
0.107415
1.883294
4.606665
7.611359
8.482621
8.299243
10.299083
12.596333
-3.905306
-1.641228
-0.294456
0.277792
0.867830
3.077500
3.896380
-8.699869
-9.570443
-7.303531
-5.798433
-4.458915
-4.206368
-5.128332
-4.951074
-3.712399
-1.422233
-0.119749
1.775938
5.479029
9.354799
8.503049
7.046661
10.525860
11.991702
-2.907373
-1.671401
-0.359938
0.437110
0.666992
3.043815
2.487989
-9.305133
-9.614856
-7.089729
-5.239995
-3.553313
-3.557690
-4.264914
-4.069924
-2.822397
-0.900896
0.398330
1.904016
4.996943
8.634139
8.323365
6.906514
8.456941
12.349944
-3.037055
-1.126407
0.294142
1.113546
1.110270
3.635534
0.594547
-10.734641
-10.244877
-7.259449
-5.419729
-4.598008
-4.429064
-5.331666
-5.127429
-3.981996
-1.833294
-0.418131
1.295532
4.857383
8.938617
8.019595
5.473537
7.796880
11.366746
-2.996588
-1.149719
0.268891
1.093837
1.068182
3.475864
1.059826
-10.462360
-10.051777
-7.094218
-5.159379
-4.325110
-3.485929
-4.236984
-4.263908
-3.205305
-1.223868
-0.046044
0.969583
4.563575
8.616639
7.955166
5.347939
6.936733
10.613010
12.121439
-0.523167
0.044989
1.115867
1.158523
3.664653
-0.553016
-11.356731
-10.580435
-7.529833
-5.523715
-4.758417
-4.489307
-5.264382
-5.123316
-3.756570
-1.492246
-0.057497
1.116772
4.454391
8.850307
8.149838
5.532094
7.730323
10.978040
-3.859176
-1.247220
0.224656
1.013519
1.054793
3.373485
0.534195
-10.425042
-9.988729
-7.104506
-5.138793
-4.455750
-3.455860
-4.176488
-4.175386
-3.077862
-0.090597
1.492798
2.231006
0.487759
-1.072673
-1.043576
-2.272833
-3.157677
-2.593605
-1.024957
-0.158641
0.658223
1.855301
1.868048
1.840679
1.904216
2.078387
2.317704
2.602393
2.937449
3.334991
3.828149
4.475980
5.293522
6.079956
6.980316
8.358226
9.062392
10.436515
11.742419
-6.446047
-15.904452
-16.619062
-13.291183
-9.596928
-6.745431
-4.039126
-1.837597
-0.563440
5.537825
12.775970
14.925280
16.481443
8.982720
6.802118
6.494801
-1.751256
-0.524277
0.379592
1.389492
1.849697
2.741124
3.042357
-0.752726
-6.467651
-7.607189
-7.750118
-5.517325
-3.287250
-3.514529
-4.304875
-3.127152
-0.949555
0.264545
2.225924
4.367992
6.090790
6.270665
11.426946
16.104515
-3.644514
-2.827347
-2.117341
-1.019472
-0.206761
0.066775
2.108838
3.675717
-6.505453
-9.610332
-8.028112
-6.035475
-3.981112
-3.786783
-4.654990
-4.227618
-3.491169
-1.816850
-1.571938
-0.887856
2.695971
6.524938
8.311411
7.774074
8.837182
12.738652
12.456733
-1.970721
-0.691050
0.390773
0.925252
2.768286
4.175632
-7.643259
-10.708585
-8.040029
-5.503596
-3.429229
-3.871171
-5.790918
-6.382627
-5.299305
-4.244647
-3.208297
-1.936853
2.651178
8.313032
10.643781
6.669421
9.267865
13.748381
-3.205961
-2.274316
-1.124381
-0.372860
-0.091215
1.624796
3.245142
-0.074445
-7.518742
-8.066428
-6.393263
-4.207527
-3.659077
-4.345321
-3.582343
-2.198475
-0.523420
0.450788
0.317835
3.090072
6.459763
9.509451
10.969561
11.886781
13.540225
-3.058383
-2.107431
-0.874613
0.021692
0.519161
2.100995
3.481844
-2.331665
-8.756220
-8.262108
-5.926524
-4.345722
-4.528936
-5.830344
-5.826393
-3.886531
-1.986049
-0.730336
0.673436
4.485441
7.884050
9.530090
9.749942
11.774263
-3.583210
-2.498999
-1.373770
-0.731540
-0.344819
0.238389
1.822906
3.342303
3.822259
-6.852482
-8.262411
-6.420752
-4.676312
-3.334844
-3.820336
-3.730097
-1.776217
-0.477086
0.536875
1.156672
3.619463
5.714541
9.444158
12.721633
13.987250
-4.248610
-2.784193
-1.735623
-0.544234
0.218705
0.783677
2.315279
3.596884
-1.664459
-8.533881
-8.518253
-6.493125
-5.695199
-4.166047
-5.049821
-5.162473
-3.305697
-1.785909
-0.748764
0.419634
3.623018
5.919861
8.680271
10.796426
12.546511
-3.974392
-2.614023
-1.597394
-0.501325
0.373610
0.859903
2.275245
3.615309
1.658224
-7.801677
-8.526775
-6.570986
-5.773488
-4.010341
-4.579162
-4.515807
-2.570895
-1.097653
-0.202010
0.573637
3.629056
5.725987
9.126349
11.598888
12.656096
-4.083370
-2.636704
-1.593539
-0.416971
0.450921
0.931093
2.522268
3.891701
-1.606072
-8.270492
-8.282272
-6.193346
-5.490636
-3.936158
-4.631252
-4.601848
-2.754704
-1.303184
-0.227655
0.761832
3.611734
5.520027
8.697612
10.919326
12.225912
-3.999574
-2.549490
-1.495133
-0.289081
0.616841
1.098109
2.682900
4.109497
-1.408818
-8.245883
-8.318006
-6.295243
-5.647560
-3.973837
-4.693010
-4.772472
-2.849164
-1.174674
-0.148558
0.602877
3.669387
5.456872
8.585586
10.176857
11.836386
-2.853266
-2.902223
-1.643451
-0.380847
0.402103
0.948527
2.730535
4.245211
-4.865931
-8.530117
-7.503660
-5.490569
-4.469383
-3.540894
-4.487437
-4.525155
-3.300917
-1.516474
-0.076441
0.870096
3.548186
6.225081
8.952580
9.238760
10.600832
12.586679
-3.256441
-2.007436
-0.634029
0.395027
1.019017
2.812379
4.223479
-5.768897
-8.848440
-7.707377
-5.670182
-4.449599
-4.418062
-5.826203
-6.196198
-4.253628
-2.193778
-0.506318
1.193570
4.841680
6.957841
9.052956
9.272632
11.817179
12.673857
-2.823298
-1.661482
-0.282322
0.563893
1.158536
2.923589
4.504503
-4.554524
-8.657646
-7.816217
-5.516000
-5.209097
-3.205074
-3.965920
-4.359704
-2.647687
-1.255562
0.005546
1.256096
3.827827
5.652910
8.593307
10.101319
12.154272
12.923406
-3.105110
-1.967155
-0.573409
0.320935
0.947483
2.672855
4.105195
-4.814909
-8.569051
-7.742726
-5.736304
-5.496351
-4.089771
-5.050372
-5.331515
-3.514809
-1.776259
-0.356718
0.963309
4.047726
5.907986
8.873447
9.575443
11.464967
12.511834
-2.991065
-1.871598
-0.491909
0.490249
1.058773
2.813518
4.550514
-4.194390
-8.683598
-7.924386
-5.725271
-4.058653
-3.757149
-5.028504
-5.506545
-3.518778
-1.792561
-0.452779
1.065318
4.298543
5.998330
8.849660
9.700578
11.500478
12.785072
-3.037767
-1.933565
-0.544768
0.477080
1.061699
2.900435
4.515124
-5.859081
-9.205149
-7.925708
-5.563599
-5.015601
-3.613854
-4.738371
-5.167852
-3.503998
-1.774411
-0.667124
0.380628
3.920812
6.779175
8.994040
8.574155
10.105236
12.279042
-3.452478
-2.212677
-0.747338
0.193005
0.845916
2.761161
4.421005
-6.342307
-9.220697
-7.648705
-5.321101
-4.677149
-3.307780
-4.420602
-5.050741
-3.611730
-2.004153
-0.504138
0.855658
4.473870
7.348159
8.596530
7.932724
10.248982
11.910409
-3.404318
-1.794817
-0.275794
0.422090
0.998093
2.879757
4.598802
-6.307951
-9.266756
-7.920673
-5.368455
-4.784318
-3.254209
-4.022684
-4.396278
-2.879713
-1.611205
-0.350439
0.985254
3.752868
6.144103
8.764431
8.997329
10.579350
12.262453
-4.485971
-1.982914
-0.422691
0.497996
1.107339
3.028394
4.708016
-5.674384
-9.179031
-8.115115
-5.776967
-5.076021
-3.550249
-4.855511
-5.516392
-3.924131
-2.194373
-0.705265
1.044242
4.511874
6.511275
8.691770
9.444955
12.261670
-5.416727
-2.914853
-1.653530
-0.284586
0.441755
0.947868
2.771810
4.460385
-4.303579
-8.888142
-8.146495
-5.707263
-4.943418
-3.566993
-4.151023
-4.286423
-2.573814
-1.195279
-0.051736
0.927872
3.646441
5.594170
7.975971
8.620652
10.802989
11.941559
-2.947098
-1.929057
-0.520186
0.375602
0.988256
2.827935
4.434174
-2.931408
-8.632520
-8.377368
-6.209588
-5.548015
-3.885399
-4.752497
-5.297894
-3.611747
-1.930852
-0.752315
0.350681
4.014476
6.363562
8.564474
8.983799
11.423433
12.246835
-2.975516
-2.052584
-0.663032
0.148298
0.721082
2.685297
4.189920
-4.795515
-8.863865
-7.803673
-5.311453
-4.731390
-3.324065
-3.984046
-4.149600
-3.264103
-1.446943
-0.122012
0.721767
3.531172
6.081129
8.595910
8.312986
9.435017
11.171209
-3.188966
-2.005071
-0.541722
0.348549
1.040245
2.835929
4.531161
-4.551425
-8.877530
-8.088809
-5.826417
-5.336922
-3.566941
-4.679678
-5.461873
-3.861125
-2.233171
-0.767501
0.652356
4.175649
6.208360
8.940361
9.344000
11.376445
12.341209
-2.803871
-1.841135
-0.358721
0.459654
1.040790
2.818250
4.518458
-5.745913
-9.266812
-8.031216
-5.421271
-4.896665
-3.506360
-4.249664
-4.476521
-3.449544
-1.664214
-0.305040
0.637691
3.414079
6.134209
8.757882
8.316664
9.443025
11.619778
-4.501369
-1.648413
-0.335074
0.542940
1.248634
3.057880
4.760544
-5.164249
-9.008616
-8.107168
-5.878414
-4.410483
-4.168702
-5.631060
-6.400900
-4.619051
-2.720810
-0.915010
1.074094
4.915943
6.810698
9.160554
9.500048
11.785738
13.300353
-2.988102
-2.108074
-0.649006
0.339080
1.070860
2.616054
4.229469
-6.447644
-9.360425
-7.729072
-5.088196
-4.521749
-3.254878
-4.384655
-5.134196
-3.687034
-2.050194
-0.781389
0.367754
4.058952
7.507904
9.712171
8.198314
8.225046
11.053657
-3.948869
-2.292473
-0.586897
0.442642
0.936518
2.406860
4.204149
-6.748144
-9.483367
-7.818756
-5.284357
-4.716752
-3.445965
-4.643364
-5.497396
-4.162290
-2.452835
-0.665316
0.963756
4.675641
7.288785
9.082581
7.995803
9.222642
11.918523
-4.145753
-2.527711
-0.877540
-0.045088
0.712886
2.268116
4.133646
-5.010472
-8.791418
-7.765589
-5.380461
-4.907188
-3.132045
-4.167632
-5.092693
-3.651382
-2.032364
-0.596414
0.664521
4.207621
7.084215
9.153335
8.668045
10.255391
12.723229
-4.196924
-2.196373
-0.641761
0.306938
1.127338
2.665532
4.443452
-5.764761
-9.105362
-7.961696
-5.504920
-4.952549
-3.523810
-4.792163
-5.701896
-4.235980
-0.072313
0.873909
1.976435
0.361565
-0.973141
-0.981725
-2.662666
-3.259484
-2.574932
-0.961991
-0.251832
0.280530
1.377926
1.316811
1.533278
1.899483
2.416527
3.589666
4.587674
5.322897
6.155856
-0.143696
-5.137489
-8.694266
-9.821935
-8.588087
-7.298777
-4.808856
1.415512
7.613603
12.256309
16.696972
19.427549
1.924020
3.249037
3.603704
2.817248
2.574490
2.070167
2.625071
2.850079
2.650144
3.704462
4.782541
-6.276975
-8.898140
-5.905793
-3.710613
-2.172733
-2.153180
-2.109014
-1.900018
0.046760
0.123171
2.927618
4.112388
3.038360
3.615597
13.489912
2.063676
1.374323
0.974980
1.366770
2.044111
3.002331
3.793472
6.587507
7.274478
-9.147749
-11.562140
-9.686534
-6.478090
-6.054545
-6.779224
-7.305109
-4.755027
-0.827781
0.983061
1.540583
3.404667
4.770153
6.980988
9.737523
12.169127
13.027884
-2.882957
-2.454517
-1.455166
0.827225
2.288039
3.352384
5.306479
-8.046845
-11.107037
-8.854193
-5.255507
-2.764835
-3.252706
-4.408732
-4.813992
-4.777436
-3.448985
-2.867682
-2.208896
3.041693
7.124679
9.930343
9.119262
7.653939
10.371384
-2.899414
-1.913196
-0.395387
0.744963
1.436077
2.525171
3.826701
5.881294
-5.876842
-8.549040
-7.280577
-5.142657
-4.083167
-5.464304
-6.841057
-5.532763
-3.048195
-1.792383
-0.658330
4.386539
7.939827
