1.095775
2.053984
0.352284
-0.725931
-0.418491
-1.352692
-0.726735
-0.702641
-0.537032
-0.209330
0.084189
0.537415
1.062883
1.239860
1.319286
1.355848
1.504072
1.741258
2.067029
2.438375
2.841874
3.248107
4.017235
4.908498
5.803459
6.686011
7.539614
8.261354
8.831571
9.669097
10.962425
12.439977
13.835268
15.782502
15.659865
0.000409
0.237003
0.085439
-10.766283
-14.766676
-16.403017
-16.714500
-16.179987
-14.497722
-10.629851
-8.866017
-9.833330
-7.845522
7.889686
14.863444
20.058863
20.048401
4.883703
5.027074
3.571821
2.031964
2.375697
3.477765
3.060838
3.654281
-10.848240
-13.924312
-11.391066
-7.309739
-2.824503
0.842856
2.917598
4.827624
6.908720
7.984742
8.066693
8.034996
9.101855
12.434214
19.869984
0.000001
0.000000
0.000001
0.000000
-0.000001
-0.000191
0.000002
0.498908
-0.000001
0.000000
0.000000
-0.000001
0.000001
0.000001
-0.000002
0.000001
-0.000002
0.054830
0.000204
0.000269
-0.000001
0.000587
0.000653
-8.790567
-14.761203
-17.712095
-14.901720
-11.759301
-9.105165
-7.265074
-5.724372
-2.103865
3.299140
2.216543
-0.492669
-0.843416
-0.447820
0.104436
10.050387
16.296846
18.800913
19.937904
-1.371891
-2.067331
-3.130566
-1.962721
-8.875732
-15.941347
-15.520425
-12.429379
-6.911553
-3.080667
-2.004596
-1.920861
1.128452
2.468878
0.890130
-2.867100
-6.389982
-5.850160
-5.487945
-6.459594
-6.561105
-5.842345
1.806812
5.140110
11.587591
14.278736
17.768976
-1.637753
-0.167058
-0.661210
0.422076
-0.475261
-6.120705
-10.696499
-10.258107
-8.021358
-6.751750
-3.336169
0.530743
0.317234
-3.874345
-6.110345
-4.876560
-0.380160
9.002625
12.337307
1.320759
1.892047
2.071737
0.203985
0.464219
0.816147
0.815204
0.913937
1.149426
-0.085690
-6.352876
-9.119859
-8.696643
-6.530612
-2.882922
-0.056500
3.732496
7.612103
7.707413
5.586961
3.404495
2.047443
3.185688
4.083536
5.714121
10.089618
12.756939
1.463300
1.345778
1.265924
1.407916
1.286233
1.203129
1.323967
0.016779
-7.899559
-9.560593
-8.601597
-6.642169
-3.944004
-2.535720
-0.288163
1.279263
-0.003061
-0.984691
-0.748495
0.211713
3.705617
5.239795
6.730638
10.793963
0.538962
1.186635
0.873869
0.856614
0.930352
0.219767
0.656970
0.711886
-2.060578
-11.534296
-9.691781
-6.483740
-2.907750
-0.621230
-0.822868
-0.290348
-0.631869
-1.097237
-0.052861
-0.649529
-0.408188
0.963285
5.787842
8.667776
10.808220
11.309292
2.205527
0.266855
0.657543
0.903966
0.047295
0.220309
-3.205404
-12.096754
-13.266315
-8.015966
-3.448276
0.088127
1.912913
0.152449
0.000302
-0.470503
-1.355255
-0.559408
-1.440652
-1.803395
-0.464745
4.280256
7.276216
10.346039
12.208940
0.955530
0.001916
0.325826
0.553939
0.148170
0.044916
-2.701395
-11.414679
-11.683534
-6.025562
-2.072883
0.902113
1.638127
-1.006721
-1.419717
-1.580444
-1.785069
-0.424233
-0.030164
-0.449628
0.334451
4.499089
7.896862
10.730480
10.764402
11.629644
0.519292
1.047564
1.368464
0.539931
0.569885
-3.090219
-12.136960
-13.377674
-9.480622
-4.351680
-1.306206
1.545413
0.795117
0.839186
0.645764
-0.675075
-0.796004
-2.269347
-2.958768
-1.861566
3.582888
6.263355
9.704178
12.818178
0.242590
0.001062
0.152608
0.362778
-0.110503
-0.251354
0.149997
-2.953240
-11.187563
-7.909130
-4.306847
-1.871533
-0.722554
-2.369286
-2.071449
-1.845826
-1.513334
0.196341
0.639088
0.666865
1.531515
5.496614
8.405165
10.708140
10.560148
11.207125
0.807760
0.802732
1.172776
0.340110
0.418465
-3.126621
-11.806813
-13.140821
-9.932027
-4.770804
-2.162598
1.176637
0.693741
0.568165
0.145833
-1.112223
-1.174566
-2.574850
-3.206882
-2.121070
2.325570
5.899435
9.529975
12.262795
-0.029018
-0.325828
-0.146002
0.141197
-0.306459
-0.504368
0.000390
-2.816033
-10.495560
-7.331133
-3.350871
-2.056494
-1.835585
-2.889521
-1.843312
-0.921564
-0.484233
0.968142
1.385409
1.280773
2.196232
6.342092
9.169607
10.928967
9.770261
10.290127
13.673356
0.833145
1.158542
0.528532
0.677575
-3.199644
-11.958608
-13.230031
-11.192434
-5.847528
-3.353995
-0.942346
0.955132
1.645805
1.856504
0.395103
-0.740245
-2.374661
-3.277882
-2.649589
1.164712
4.927287
8.550908
11.181854
-0.490404
-0.728401
-0.512427
-0.193838
-0.560221
-0.781628
-1.044333
-3.163681
-10.592153
-6.818608
-2.544304
-1.812138
-2.518281
-3.888868
-2.587128
-1.112861
-0.073005
1.704933
1.776180
2.124566
2.913341
6.877175
8.446718
10.273911
9.717381
10.368815
13.815609
0.285953
0.418281
-0.735062
-0.636340
-3.847399
-11.776265
-13.114959
-9.804396
-4.426062
-3.544343
-2.791857
-0.452363
0.010995
0.057785
-1.449530
-2.269999
-3.113209
-3.023811
-1.633894
2.676352
5.768386
9.558025
0.242319
-0.086847
-0.104854
-0.012199
0.250644
-0.306690
-0.403295
0.511437
-1.696206
-9.241815
-6.518950
-3.157296
-2.652227
-3.408087
-4.328106
-2.694708
-1.204628
-0.000001
1.644967
1.848084
2.399348
3.624785
7.101568
8.914291
10.629268
9.268883
9.466916
14.128140
15.590277
-0.899514
-1.524362
-1.488705
-4.816548
-13.443845
-14.107833
-9.835999
-3.505046
-2.722013
-2.276543
0.263941
-0.005438
-0.034454
-2.110723
-3.077489
-3.441095
-3.490280
-2.095025
1.936074
7.294453
10.456151
-1.219000
0.149142
0.167039
0.320069
0.643061
-0.086964
-0.027492
0.617433
-1.407153
-10.143140
-7.606694
-4.025493
-3.490325
-3.614752
-4.036394
-2.660204
-1.576646
-0.544553
0.546537
0.642400
0.629229
2.183816
6.145115
8.817779
10.525688
8.834172
8.986083
14.070804
15.578055
-1.095239
-1.817770
-1.839761
-5.342225
-14.611524
-15.069445
-10.761391
-3.958172
-1.617396
1.544870
-0.165973
-0.597309
0.241153
-0.526555
-1.519366
-3.195732
-3.528317
-2.498141
2.147784
3.461491
7.362800
10.670791
11.892811
0.130148
0.330994
0.574023
0.153027
-0.117912
-2.710395
-4.849625
-9.940618
-4.669620
-1.446750
-1.120581
-2.968802
-5.057685
-3.858648
-2.084472
-0.569779
1.098805
1.379755
1.302623
2.099742
4.888537
7.570308
9.215046
7.627971
7.879176
10.071554
15.573276
1.041081
-0.663691
-0.858091
-5.335981
-14.197964
-14.529617
-12.605265
-7.092416
-4.405672
-3.173681
-0.339806
0.700188
0.592242
-1.448980
-2.474405
-2.912311
-3.924691
-3.241164
0.135203
2.559664
7.291569
11.889483
0.125929
-0.210464
-0.071972
0.179161
-0.310361
-0.567072
-2.633942
-4.418979
-8.670224
-4.618768
-1.697153
-2.428375
-4.012727
-5.028442
-3.322686
-0.790790
1.071416
2.367247
2.429929
2.457810
2.941622
5.605748
7.409062
10.382100
9.421566
8.856425
10.718367
15.797160
0.456554
-1.078285
-1.177553
-4.564415
-11.365052
-12.340119
-6.276605
-0.916598
-4.071523
-4.688184
-7.761248
-7.866738
-5.994184
-4.505805
-2.304991
-0.426424
0.396523
0.039782
1.880469
4.243463
8.365594
11.860323
1.135158
0.786413
1.124081
1.433430
0.436600
0.355432
-0.457814
-6.332658
-8.634491
-3.997364
-2.024287
-2.027341
-1.978725
-3.333423
-2.331560
-0.927719
-0.881692
0.103062
0.390761
0.733407
1.530901
5.808876
6.175456
9.177400
11.857617
13.325388
1.235273
1.386873
1.714026
0.847443
0.586848
-2.414690
-11.188369
-12.487096
-6.458379
-1.697534
-2.450697
-1.941458
-2.520535
-2.561548
-2.574834
-3.239272
-2.223533
-1.859357
-1.775941
-0.791464
2.939252
6.041508
9.394740
11.802748
0.796635
-0.108255
0.202644
0.583937
-0.116901
-0.339396
-2.470448
-7.675704
-8.813130
-3.962518
-1.410766
-1.610410
-2.329281
-4.518849
-4.254934
-2.853382
-1.860949
-0.126994
1.043359
1.234484
1.515922
4.699033
6.948573
9.305672
9.624414
10.376041
13.682806
0.273129
0.775387
-0.069473
-0.234701
-3.711565
-12.312053
-13.603038
-9.937055
-3.720173
-2.852183
-2.572567
-0.916188
-0.139479
1.233053
0.007853
-0.635711
-1.651891
-2.502259
-1.749668
2.431347
3.673802
7.219076
11.540454
1.985298
0.182328
0.341781
0.582753
0.023451
-0.338588
-0.180361
-10.236698
-10.048776
-1.217146
2.518960
1.686147
-0.989431
-0.211025
1.040460
1.930593
-0.010516
-0.612066
-0.426532
-0.393711
-1.131669
-1.377995
-1.078879
-0.665136
-0.140530
0.560478
0.617535
1.336859
1.440938
1.496292
1.611320
1.803115
2.064474
2.398273
2.810811
3.337844
4.043446
4.980858
5.859395
6.471512
7.100733
7.767702
8.307157
8.929526
9.925864
2.614007
-10.595931
-15.312899
-16.357491
-15.805663
-14.253831
-11.320119
-5.432918
-1.252993
1.532646
2.381637
2.976096
3.744506
5.832671
9.005791
11.339957
15.671884
15.251801
14.044965
3.460216
0.756163
0.588750
0.271528
0.218882
-7.954058
-15.421625
-12.940272
-2.641916
1.343298
2.163575
2.960298
2.381756
1.852847
0.841809
-0.359836
-0.270869
-0.596879
-1.181445
-0.011393
2.588194
3.122041
5.102164
5.425364
6.375700
14.157749
16.052097
17.507881
-1.065010
-0.874083
-9.911414
-15.348849
-13.754442
-4.913798
-0.634304
-0.780038
-2.249877
-4.868694
-5.658437
-5.741771
-5.737318
-5.308824
-3.929241
-4.149615
-3.876585
-0.693715
5.852309
12.335210
15.473717
2.239774
2.883031
3.624720
4.891608
6.597087
8.074593
6.032148
-10.834097
-11.953157
-9.930681
-7.465799
-5.400255
-4.388288
-4.408831
-4.181507
-4.779361
-4.881626
-3.932860
-2.674734
-0.347088
2.758153
11.221797
10.867894
-1.879010
-0.178978
0.189750
-0.011087
0.118338
-0.026338
-0.323162
0.269028
0.478982
-5.136954
-11.855309
-9.398712
-5.276685
-1.337420
0.351521
0.041622
-0.449346
-1.834639
-2.340616
-2.448443
-1.640571
-0.614055
1.420116
7.323802
9.660695
11.966387
0.278457
0.831275
0.680686
0.814451
0.653491
0.515461
1.009757
1.243056
-4.559530
-11.846072
-9.494280
-5.401567
-1.022107
0.748535
0.249005
-0.170852
-1.337723
-1.638684
-1.093680
-1.085312
-0.512237
0.884763
5.983308
10.062355
12.857607
12.364108
1.001393
0.482828
1.008837
1.125949
0.963849
1.086335
-2.033463
-12.233235
-13.321852
-8.132768
-2.693380
2.107282
3.752682
1.996903
1.447625
0.166010
-1.017910
-1.518528
-2.760084
-3.217486
-1.961758
3.202560
8.056390
11.292117
11.383615
6.405877
0.060906
0.531625
0.653493
0.510581
0.793060
-5.370690
-13.158216
-12.418092
-6.663201
-1.506341
2.452066
3.052886
0.515426
-0.831173
-2.740042
-3.452369
-3.084890
-3.412852
-2.586756
-0.665908
4.833544
8.961864
12.316669
13.001097
-0.049623
0.087959
0.522335
0.738328
0.426216
0.671651
1.113171
-7.803217
-12.955300
-9.198319
-4.584070
-0.542939
1.307735
0.375690
0.140774
-1.353338
-2.097229
-2.157562
-2.319421
-1.526244
0.343484
6.031365
9.013391
11.413290
12.231840
0.078531
-0.128742
0.247691
0.492533
0.234440
0.586943
0.832517
-5.903218
-12.156884
-8.750817
-4.901165
-1.100464
0.908075
0.348499
-0.563737
-1.907507
-2.110845
-1.513180
-1.339173
-1.068693
-0.260990
4.391268
9.084697
12.557259
11.386621
11.117731
0.522854
1.152583
1.409966
1.179673
1.413595
-5.266566
-13.422943
-13.581873
-8.603155
-3.211143
0.970321
3.778365
2.863269
2.636657
1.412961
-0.279777
-1.185754
-3.037758
-4.479999
-3.369278
1.011996
6.580213
11.286376
11.506848
11.398802
0.007174
0.539373
0.770770
0.127948
0.234022
-4.847141
-13.346365
-13.276421
-6.963852
-1.360008
2.473597
2.667957
-0.150890
-1.162475
-2.408473
-3.227610
-3.259244
-3.565614
-2.624145
-0.320192
5.311337
8.710450
12.275038
0.585908
0.507822
0.467131
0.705212
0.875118
0.516461
0.686966
1.355126
-5.325385
-12.757012
-9.506780
-5.525422
-2.049662
-0.235642
-0.636215
-0.480451
-1.749140
-2.703289
-1.919694
-1.514545
-0.490867
1.606945
6.505858
8.864817
11.748235
13.511004
0.501032
0.130392
0.453159
0.634719
0.357659
0.532134
0.979121
-5.318789
-12.379167
-9.355824
-5.574922
-1.888568
0.179518
-0.196178
-0.237882
-1.370202
-1.789990
-1.655445
-1.484481
-0.701472
0.836873
5.904593
8.150056
10.030124
11.045571
0.184496
-0.445176
-0.030597
0.257928
0.107368
0.241398
-2.015517
-4.747054
-11.301771
-8.334621
-5.464585
-2.082436
-0.071309
-1.109399
-1.230431
-1.922541
-1.958869
-1.185999
-0.455773
-0.286151
0.485129
4.435843
8.174189
11.624912
11.989678
12.446171
0.875441
1.423770
1.628654
0.870974
1.033796
-2.471293
-12.917036
-13.920810
-8.296919
-2.655452
0.830703
3.401949
1.991015
1.587897
0.622299
-0.650812
-1.164415
-2.517280
-3.308998
-2.458679
2.546273
5.950262
9.762387
11.470195
11.853358
0.159077
0.555753
0.753239
0.524252
0.537509
-1.834442
-11.813912
-13.145821
-6.831622
-1.957750
1.181651
1.627242
-0.743341
-1.772293
-3.034660
-3.439389
-2.431654
-2.166856
-1.580020
-0.374129
5.188859
7.814864
10.958226
12.918239
0.488889
0.055049
0.499406
0.759430
0.419819
0.533919
1.129342
-3.478442
-11.958613
-8.608995
-4.972679
-3.076067
-0.253653
-0.287844
-0.519015
-1.909742
-2.824351
-1.807152
-1.743402
-1.230630
0.027507
5.261462
8.077165
10.971772
12.427624
0.563961
-0.103537
0.337900
0.620352
0.302353
0.402824
0.889173
-3.486093
-11.850853
-9.118983
-5.550565
-2.783292
-0.288179
-0.453641
-0.267536
-1.266328
-2.137819
-1.286698
-1.487669
-1.132766
0.081849
5.246127
7.919408
10.632390
12.053487
0.903633
0.099202
0.516029
0.735499
0.527355
0.558868
0.283817
-7.328429
-11.414802
-6.447448
-2.512635
-1.490431
1.139699
0.277793
-1.019151
-2.236954
-2.266090
-1.698993
-1.675584
-1.723624
-1.057832
2.873760
7.380873
11.101577
10.580734
10.901805
0.737107
0.745503
1.262880
0.690149
0.884832
-3.213639
-13.445322
-14.238918
-9.509592
-3.370038
0.257376
3.250755
2.423550
2.143624
1.218525
-0.606432
-1.422412
-3.065363
-4.603487
-4.017138
0.591182
5.159965
9.797463
11.349544
11.114126
0.311689
0.633714
0.842364
0.491526
0.499806
-3.183555
-12.818900
-13.309934
-7.146385
-1.910031
1.459556
2.376713
-0.194804
-1.636444
-2.938184
-3.451053
-2.821734
-2.115318
-1.782222
-0.882486
4.410822
7.835695
12.102766
14.056323
0.892550
0.881409
1.163041
1.448280
0.837038
1.299805
1.835120
-4.552435
-12.417708
-9.602934
-5.565602
-2.981620
-0.320671
-0.267137
0.367478
-0.080085
-1.176026
-0.970246
-1.673013
-2.041428
-0.963174
4.090540
6.873664
10.057092
11.592828
-0.067489
-0.009749
0.310001
0.552347
0.246623
0.308938
-0.211646
-8.265088
-11.687881
-6.231150
-1.800062
-1.249060
0.179527
-0.331278
-1.429262
-2.360849
-2.163212
-1.580481
-1.440614
-1.078513
-0.521966
2.877858
7.256648
10.750255
10.103281
9.531747
13.013500
0.425931
1.103121
0.852359
1.079498
-3.199671
-13.129095
-13.917830
-10.632462
-4.895612
-1.278263
2.054916
2.223652
2.586070
1.925719
-0.052669
-1.121025
-2.836172
-4.689102
-4.002676
-0.132697
4.690222
9.386630
10.678905
10.278563
0.007634
0.442150
0.684232
0.470438
0.555342
-3.272848
-12.741087
-13.252995
-7.385603
-2.040214
1.592539
2.884979
0.108173
-1.587424
-2.722180
-2.853496
-2.651496
-1.962197
-1.599820
-0.897605
3.206688
6.955728
11.575233
13.297005
13.324169
1.183912
1.543340
1.845938
1.329162
1.482633
-0.296312
-11.662428
-13.531455
-8.073151
-3.010545
-0.773726
1.471277
0.590222
0.662699
0.324716
-0.970548
-1.170699
-1.957739
-2.989327
-2.215977
2.458470
5.693744
9.098853
10.485197
10.878205
0.271147
0.552766
0.851961
0.535233
0.717547
-3.043788
-12.254075
-12.919953
-7.002189
-2.350291
-0.823354
1.731103
-0.045489
-1.800700
-2.962731
-2.957097
-2.582022
-1.963958
-1.405763
-0.715726
2.963224
6.964324
10.608225
11.923586
12.796763
0.672997
1.190961
1.544545
1.089556
1.165197
-2.141598
-12.326831
-13.444048
-5.824302
-0.573524
0.307125
1.584678
0.849009
0.102020
-0.920476
-2.251020
-2.210408
-2.061861
-2.665778
-1.917154
1.849876
6.312497
10.637410
11.497424
11.572346
0.397769
0.790584
1.184123
0.785016
0.851950
-1.820172
-12.143106
-13.430951
-8.001340
-2.953162
-0.581282
1.576925
-0.192873
0.992112
1.672150
-0.250667
-0.694032
-0.220652
-1.014922
-0.765703
-1.637075
-1.191715
-1.265931
-0.955905
0.843941
0.493606
0.653879
1.624216
2.454911
3.587322
4.671255
5.443848
6.230351
6.876812
7.083823
3.957832
-4.090580
-9.826069
-11.962767
-12.177911
-7.350656
-1.159679
2.601724
3.859624
4.022446
3.804676
5.081808
7.935229
8.427599
10.491173
12.538841
1.503833
1.605486
1.505963
1.677443
1.442693
1.608743
1.932121
0.513889
-8.533595
-8.289529
-6.517871
-4.572899
-1.932706
-1.311771
-0.664735
-0.689383
-2.033212
-2.877341
-2.894284
-2.229677
0.153211
5.638365
7.845293
11.514209
-0.850091
0.027038
0.063620
0.168507
0.447166
-0.059257
0.220136
0.678099
-1.300009
-10.559617
-9.651162
-6.178957
-2.983938
-0.600429
-0.541775
-1.010684
-2.577348
-3.477652
-3.159205
-2.196842
-0.884610
0.675440
6.529041
8.915599
11.748073
0.706138
0.826749
0.801879
0.943395
1.156664
0.797194
1.208842
1.441714
-0.999884
-11.728951
-10.461206
-6.773134
-3.016405
0.306516
0.859791
0.873002
-0.638429
-1.631547
-1.405625
-1.553631
-1.317689
-0.314361
4.534593
8.934656
12.483740
12.543667
0.252550
-0.020242
0.466615
0.787062
0.538196
0.723374
1.245918
-3.578232
-12.295299
-10.550973
-6.208159
-2.169122
1.248992
1.295714
1.182902
-0.072155
-1.190903
-1.612128
-2.359979
-2.567937
-1.438782
3.099400
7.931700
11.693936
12.062163
-0.110246
-0.125840
0.348485
0.668211
0.422179
0.580693
0.857994
-5.216481
-12.390733
-9.254505
-4.897944
-1.538834
0.999304
0.490673
-0.228906
-2.002263
-2.969730
-2.517355
-2.665434
-2.346687
-1.121633
3.906063
8.187668
12.137069
12.981286
-0.130542
0.042018
0.471879
0.828740
0.465945
0.930113
1.384837
2.709069
-11.308310
-11.726645
-7.610082
-3.541950
0.293008
0.753407
0.635208
-0.713570
-1.844849
-1.713568
-2.444284
-2.253319
-1.206020
3.301839
8.018788
11.681042
12.530776
0.092246
-0.055057
0.427630
0.768185
0.484711
0.613532
1.057507
1.129812
-11.409997
-11.060115
-6.977091
-3.401297
0.137105
0.411527
0.270663
-1.037894
-2.139292
-1.921578
-2.400555
-2.295084
-1.185544
3.631684
7.711875
11.379801
12.525975
-0.046545
-0.177797
0.263690
0.628149
0.293435
0.462218
0.964528
2.059470
-11.366013
-11.071980
-6.905063
-3.494164
-0.012772
0.328898
0.130165
-1.274364
-2.163487
-1.926701
-2.183605
-1.669275
-0.360792
4.031487
8.312496
11.348145
12.122638
-0.045963
-0.313851
0.131504
0.543395
0.194720
0.611928
1.105939
2.466972
-10.844848
-10.981994
-7.133624
-3.889544
-0.154895
0.499352
0.444930
-0.913754
-2.069957
-1.357693
-1.693370
-1.690844
-0.803762
3.188539
8.003275
11.899058
12.520911
-0.131350
0.078648
0.591053
0.948340
0.636925
0.775935
1.313418
0.712797
-11.399120
-10.603671
-6.117148
-2.876025
0.423745
0.650798
0.437099
-0.888191
-1.956372
-1.876479
-2.442761
-2.688471
-1.629344
2.133685
7.304546
11.445494
11.977842
-0.121474
-0.259403
0.239323
0.662451
0.337808
0.511016
0.851188
-1.391457
-11.626245
-10.192721
-6.063239
-3.001280
0.134092
0.197601
-0.175188
-1.641011
-2.733783
-2.181570
-2.526393
-2.320218
-1.279723
3.396414
7.908036
12.297148
13.457476
0.148135
0.177296
0.608365
0.933997
0.589394
0.932252
1.623548
2.738980
-11.529650
-11.114099
-6.556393
-3.121047
0.332618
0.685236
0.446161
-0.939384
-1.951388
-1.833315
-2.219582
-2.316012
-1.200015
2.594893
7.778727
11.539667
11.713022
0.722855
-0.296987
0.219774
0.684668
0.372355
0.541646
0.809909
-2.632660
-11.638598
-9.879457
-5.764921
-2.845957
0.249810
0.379230
0.115558
-1.253652
-2.475637
-1.958947
-2.362897
-2.691583
-1.809438
2.581474
7.461924
12.414573
13.390687
0.207503
0.297166
0.773163
1.053533
0.764695
0.946669
1.650532
2.617409
-11.772528
-12.391760
-7.742928
-3.379882
0.440943
0.783016
0.848510
0.109991
-0.996039
-1.375175
-2.354585
-2.837594
-1.822071
2.415506
6.989906
11.193481
12.493072
-0.310633
-0.236187
0.116716
0.533096
0.136072
0.609809
1.080183
2.318020
-11.224469
-11.126694
-6.858595
-3.722574
-0.155886
-0.088346
-0.589573
-1.827308
-2.627445
-1.976732
-1.878853
-1.681740
-0.963061
3.052228
8.007170
11.931493
12.652365
0.617372
0.062876
0.496626
0.931236
0.547779
0.708109
1.347871
2.179786
-11.186298
-11.556572
-7.253555
-3.805980
-0.234116
0.350227
0.732881
0.048101
-1.071789
-1.335487
-2.038541
-2.730937
-1.862231
1.895115
6.326670
10.612770
12.092047
0.438742
-0.217010
0.105214
0.511944
0.133424
0.400172
0.971052
2.181569
-11.113866
-11.096672
-6.772201
-3.817281
-0.292217
-0.232155
-0.764036
-2.002509
-2.720902
-2.119830
-1.737807
-1.649833
-1.047815
2.850107
8.045073
12.389809
13.147565
0.668430
0.238030
0.654189
1.096294
0.693445
1.032868
1.739971
2.110886
-11.255183
-11.736817
-7.286981
-3.686521
-0.123079
0.658835
1.080320
0.590472
-0.419992
-0.926316
-1.856960
-2.989713
-2.321840
1.214525
5.848457
10.478951
11.790391
10.814198
-0.165076
0.186560
0.546443
0.216125
0.382430
0.916919
0.711685
-11.339056
-10.236682
-5.238964
-3.063537
-0.396223
-0.113420
-1.076303
-2.947422
-3.544925
-3.099809
-2.589606
-1.748070
-1.098737
2.025407
8.346639
13.172178
13.140044
0.093453
0.339989
0.717264
1.179355
0.693254
1.115354
1.600868
2.590016
-11.243568
-12.223155
-8.355043
-4.404248
-0.673940
0.558180
1.266122
0.759912
-0.568737
-1.318733
-2.417855
-3.579724
-2.805902
1.184519
5.637921
11.038890
12.340680
10.917220
-0.090449
0.320293
0.652475
0.344336
0.640036
1.114485
-0.532711
-11.717467
-10.636921
-6.224933
-2.675850
0.449989
0.466662
-0.325226
-1.871318
-2.737871
-2.555485
-2.492120
-1.946430
-0.791405
3.033650
8.434521
12.809570
13.561387
0.602176
0.856506
1.160675
1.525557
1.089504
1.438971
2.112007
3.651646
-11.502165
-11.912853
-7.336524
-3.790484
-0.479577
0.500213
0.823900
-0.024686
-1.141508
-1.481001
-2.050177
-2.985492
-2.160655
1.171052
6.048951
10.770175
11.686336
10.304159
-0.331337
0.105319
0.574065
0.265394
0.443743
0.618639
-4.395538
-12.020538
-9.563911
-5.064694
-2.206802
0.641411
0.369004
-0.485983
-2.025733
-3.090585
-2.841368
-2.683202
-2.352700
-1.571158
2.303066
7.411074
12.388825
13.666731
0.349918
0.404449
0.782902
1.216753
0.760760
1.272039
1.830978
3.021853
-11.545027
-11.875737
-7.410980
-3.692581
-0.148902
0.558388
0.805777
0.324579
-0.725622
-1.148502
-1.935642
-2.547549
-1.624482
1.924612
6.263261
10.400802
11.854456
11.270131
-0.218050
0.141632
0.596016
0.230125
0.497764
1.031675
2.145015
-10.901846
-10.617445
-6.062502
-3.874692
-1.042915
-0.286923
-0.734379
-2.316154
-2.958182
-2.497493
-2.099294
-1.277546
-0.517958
2.339384
7.994550
12.439592
12.935022
0.282263
0.182107
0.610014
1.184071
0.876838
1.230131
1.864415
3.308933
-11.114638
-12.233158
-7.966491
-4.289698
-1.010837
0.973339
1.592980
0.872372
-0.436591
-1.240149
-1.966112
-3.324332
-2.840471
0.085529
5.205482
10.547125
11.345990
9.345982
-0.435603
0.186149
0.634671
0.485554
0.684004
0.604774
-11.216258
-13.379375
-8.272517
-3.080516
0.099835
2.709417
2.068309
0.508236
-1.595651
-3.136827
-3.098421
-3.300975
-3.361593
-2.590430
1.174887
6.486273
12.590125
14.590437
-0.072060
0.777800
1.121619
1.593384
1.193447
1.478484
2.168355
3.646683
-11.800683
-11.704765
-6.885126
-3.244910
-0.090695
0.706485
0.591566
-0.291595
-1.339106
-1.766762
-2.173178
-2.989667
-2.151395
0.841542
6.149660
10.917805
11.611904
9.881289
-0.395421
0.111310
0.727471
0.467555
0.595183
0.788004
-8.669698
-12.678501
-8.382551
-3.592808
-1.241295
0.939914
-0.187996
1.135525
1.807567
-0.067952
-0.525237
-0.188938
-0.783478
-0.637277
-1.130760
-1.282661
-1.385945
-0.861723
0.745643
0.485490
0.809592
1.751408
2.420799
3.641425
4.682902
5.438760
6.199876
6.836125
7.109176
3.740214
-5.033056
-10.520965
-12.544066
-11.744243
-5.943032
0.345339
3.610296
4.040488
3.079309
1.765383
3.256192
6.730057
8.313299
11.305202
13.027340
1.604137
2.156373
2.444400
3.463359
3.858610
2.960478
2.994422
2.656677
-6.360935
-9.909718
-9.543790
-7.302742
-4.951783
-3.456506
-1.747563
-1.916939
-3.071956
-3.443198
-2.347283
-0.689583
3.106167
8.378859
8.709765
-0.933810
0.143004
0.626226
0.404319
0.476446
0.530774
0.208318
0.614731
1.115973
-0.559930
-9.813169
-8.910419
-6.023575
-2.910077
-0.745677
-0.233499
-0.132447
-1.516266
-1.832950
-1.631839
-0.729846
-0.159075
0.570137
7.142100
10.331234
12.777167
-0.597111
0.459686
0.480104
0.936957
1.202810
0.889043
1.532565
1.890191
-0.984028
-11.448378
-9.618241
-6.125303
-3.348092
0.096326
0.875884
0.907878
-0.425627
-1.384725
-1.622548
-1.913921
-1.843905
-0.817472
3.573897
8.546608
11.775235
11.023820
-0.155134
-0.340154
0.227063
0.475853
0.402640
0.760327
1.002096
-6.570654
-12.558064
-8.920147
-4.397183
-0.820061
1.427414
0.825905
-0.224578
-1.968013
-2.671575
-2.591423
-2.697366
-2.364009
-1.318694
3.926384
9.176885
13.097460
12.643291
-0.342670
0.312310
0.894116
1.067861
0.921812
1.441231
2.043471
-3.632885
-12.864871
-10.727037
-5.883200
-1.699189
1.569863
1.486255
1.254003
-0.180796
-1.378972
-1.796145
-2.949864
-3.695095
-2.714965
1.975529
7.528137
12.400526
12.120836
10.910590
-0.142266
0.447960
0.618264
0.544642
0.793151
1.352852
-5.587098
-13.014184
-9.861780
-4.787575
-0.787641
1.518966
0.575103
-0.319138
-2.023982
-2.814307
-2.803180
-3.493732
-3.040862
-1.684459
3.711804
9.135782
12.923450
13.310014
-0.070385
0.325467
0.781687
1.033614
0.727348
1.279454
1.826316
-1.403981
-12.827003
-10.927629
-6.298914
-2.302573
0.388884
0.181319
-0.023956
-1.482189
-2.310564
-2.255591
-2.690988
-2.460428
-1.222242
4.601964
8.513109
12.140214
12.522717
-0.219360
0.047595
0.496957
0.745792
0.465116
1.026948
1.586300
-1.641535
-12.480199
-10.175111
-5.536642
-1.927329
0.568386
0.322510
-0.496031
-1.946312
-2.419859
-2.204351
-2.151556
-1.639199
-0.572376
3.915418
9.674589
12.664325
11.726678
0.104719
-0.025372
0.604011
0.943423
0.755572
1.384365
1.871674
-5.674434
-12.672163
-9.830263
-5.189676
-1.694361
1.392427
1.505461
1.329119
-0.059445
-1.283978
-1.713411
-2.841616
-3.640730
-2.797304
1.572856
7.002470
11.949782
11.781928
10.691607
-0.213199
0.411190
0.609183
0.581617
0.858868
1.259598
-7.201783
-13.090558
-9.186343
-4.168118
-0.397078
1.810219
0.830402
-0.232951
-2.050428
-2.902694
-3.022767
-3.554830
-3.153432
-1.801108
3.800729
8.816279
12.824546
13.190431
0.062080
0.271904
0.783821
1.062143
0.760896
1.313652
1.925587
-1.420146
-12.790592
-10.995952
-6.409414
-2.667242
0.548359
0.563490
0.393482
-1.029761
-2.066485
-1.872555
-2.700442
-2.784047
-1.601096
3.703337
8.041786
12.314972
12.628197
-0.166655
0.027645
0.549324
0.781923
0.560480
1.185420
1.806209
-1.570729
-12.518604
-10.509000
-5.853678
-2.498703
0.561550
0.553976
0.022533
-1.380982
-2.178735
-2.362321
-2.675095
-2.074285
-0.717342
3.646600
8.948978
11.885159
11.588907
-0.284873
-0.201826
0.392009
0.774690
0.555965
1.151134
1.600912
-2.234130
-12.202169
-10.308015
-6.106135
-3.211006
0.046351
0.506621
0.196961
-1.363034
-2.224086
-2.021564
-2.413757
-2.524480
-1.604117
2.923240
8.121717
12.642438
12.549043
0.335645
0.287448
0.910970
1.129867
0.981597
1.365994
2.128153
-2.247490
-12.741217
-10.460412
-5.362245
-1.985398
1.041304
1.310964
0.548374
-0.987517
-2.148216
-2.291772
-2.907885
-3.573354
-2.623870
1.142092
7.387416
12.239814
11.174482
9.683412
-0.294619
0.563646
0.953229
0.941246
1.196401
0.620455
-10.587228
-13.636003
-9.251779
-4.003590
-0.269729
2.290015
1.746087
1.101418
-0.406709
-1.905925
-2.578992
-4.027646
-4.857663
-3.625935
0.957640
6.612627
12.416565
12.965867
3.708043
0.438585
0.917249
1.124090
0.842183
1.399097
1.986596
-1.727195
-13.053520
-11.122408
-6.151414
-2.407988
0.450600
0.160798
-0.508738
-1.942623
-2.682381
-2.665144
-3.188755
-2.669903
-1.268683
3.420747
9.266484
12.865823
13.603698
0.369319
0.594399
0.981247
1.279922
0.945085
1.456036
2.129801
-0.900521
-12.535798
-10.614038
-6.349763
-3.347138
-0.447248
-0.183127
-0.185387
-1.466099
-2.498610
-2.011654
-2.405183
-2.332188
-1.220876
4.091786
7.674119
11.858801
12.875643
-0.019831
0.015271
0.521546
0.806304
0.548825
1.184182
1.803256
-1.575020
-12.393719
-10.550069
-5.943616
-2.798062
0.237017
0.352832
0.020225
-1.240496
-1.923784
-2.121716
-2.512460
-2.051160
-0.699419
3.486564
8.512133
11.288632
11.648665
0.130420
-0.213171
0.308069
0.723641
0.547750
0.805535
1.395245
-1.583564
-12.023915
-9.619799
-5.496726
-3.534589
-0.513220
0.098240
-0.164732
-1.668576
-2.433233
-1.923262
-1.888126
-1.771105
-0.936988
3.308031
8.115180
12.484073
12.745369
0.352754
0.120933
0.705504
1.071256
0.864892
1.440061
2.088827
-1.273315
-12.333204
-11.044481
-6.396017
-3.094689
0.160338
0.726467
0.853005
-0.032611
-0.949054
-1.367389
-2.256978
-2.697702
-1.710382
2.127300
6.958243
10.976585
11.603279
-0.944045
-0.233631
0.338804
0.676952
0.534087
0.773086
1.344508
-1.734556
-12.056797
-10.023420
-5.645510
-3.529293
-0.601211
-0.312739
-0.855646
-2.325317
-2.925852
-2.430681
-2.108422
-1.731935
-1.081198
3.119313
8.667952
13.120956
13.712166
0.317878
0.306265
0.827212
1.248830
0.973290
1.588175
2.271536
-1.001071
-12.296131
-10.730096
-6.244365
-3.222039
-0.140797
0.386971
0.638238
-0.171244
-1.109292
-1.401114
-2.190891
-2.624596
-1.590577
2.448694
6.887543
10.895708
11.661174
0.018016
-0.263483
0.284314
0.634838
0.485390
0.707439
1.320722
-1.778251
-12.141115
-10.044368
-5.510785
-3.401426
-0.451207
-0.205109
-0.775372
-2.282629
-2.860940
-2.409380
-2.193531
-1.629830
-0.774039
3.235796
8.530668
12.677034
13.222667
0.393297
0.023273
0.586136
1.031821
0.765095
1.316492
1.903048
3.489789
-11.133201
-10.847116
-6.708898
-4.065410
-1.014992
-0.107695
0.299091
-0.492090
-1.316684
-1.380224
-1.952299
-2.138692
-1.137986
2.828862
6.747494
10.481477
11.700005
-0.410806
-0.300013
0.218993
0.581103
0.403798
0.599993
1.197689
2.571039
-11.133810
-10.441157
-6.064830
-4.006465
-0.984499
-0.461504
-0.737213
-2.007755
-2.582509
-2.154730
-2.116001
-1.406513
-0.433089
3.295653
8.169044
11.680149
12.651762
-0.221776
-0.248066
0.321495
0.742565
0.523270
0.881909
1.654505
3.189168
-10.924633
-9.704455
-5.864731
-3.965204
-1.170259
-0.529114
-0.354698
-1.283860
-2.057163
-1.451183
-1.735207
-1.645574
-0.750911
3.140407
7.476900
11.407750
12.306383
0.176632
-0.178925
0.378742
0.771936
0.549635
0.783543
1.458453
2.928415
-11.045360
-10.411338
-6.199197
-3.980488
-1.145517
-0.432134
-0.381200
-1.415412
-2.060191
-1.801572
-2.035600
-1.591477
-0.779236
2.624777
7.518105
11.493384
12.275570
0.256511
-0.024959
0.562598
0.914332
0.733372
0.961231
1.772165
3.194016
-11.249025
-10.620632
-6.140363
-3.740298
-0.755741
-0.168977
-0.172233
-1.188851
-2.022513
-1.416363
-1.976877
-2.163277
-1.318261
2.166913
7.036710
11.314740
12.082906
0.244123
-0.220883
0.361663
0.768716
0.547522
0.841620
1.542476
2.996232
-11.256452
-11.093744
-6.405046
-3.689115
-0.792787
-0.166113
1.119164
1.854764
-0.020045
-0.457138
0.034042
-0.626771
-1.288916
-1.442752
-1.371809
-1.299891
-0.963724
0.707698
0.391660
0.811726
1.680404
2.375979
3.662134
4.714755
5.496746
6.231507
6.849391
7.130204
5.063006
-4.697473
-10.791098
-12.762134
-11.391211
-5.501751
0.607402
3.523360
3.580288
2.035679
0.025070
1.668707
6.012455
8.910272
11.743267
11.831761
1.136909
1.388006
1.432926
1.623207
1.888141
1.855189
3.022360
3.282117
-4.368180
-8.186481
-8.800221
-7.660468
-5.100306
-3.440906
-1.966468
-2.560388
-3.249553
-3.148464
-2.321809
-1.241218
1.639467
7.260431
9.219308
-1.600242
0.200118
0.757365
0.571918
0.676237
0.732071
0.588402
0.987875
1.759274
0.676263
-7.592193
-7.051817
-4.114749
-1.452106
0.130281
-0.220747
-1.364701
-2.446727
-2.157928
-1.591480
-0.468517
0.201891
0.959636
5.936572
8.800955
11.499548
11.238801
10.496231
0.093674
0.792290
1.064443
1.181060
1.684340
-0.788022
-10.830517
-12.616177
-7.175488
-2.524100
-0.466270
1.927580
1.594161
0.357526
-1.766780
-2.475930
-2.522260
-2.879702
-2.655466
-1.789211
1.879269
7.112238
11.164142
11.276877
10.471280
0.083988
0.713417
0.900511
0.899198
1.202005
1.940262
-3.821379
-12.746614
-10.015688
-4.925309
-1.978510
0.742847
0.513465
-0.318400
-2.020305
-2.915708
-2.630122
-2.859844
-3.056290
-2.189010
2.369139
8.441339
13.519356
13.550978
-0.335127
0.047678
0.699717
0.965355
0.769040
1.478422
2.227269
-1.369185
-12.984447
-11.100100
-6.198421
-2.411633
0.617732
0.515284
0.294720
-0.948793
-1.798825
-2.450291
-3.090192
-3.032896
-1.807719
3.383995
8.309071
11.849506
12.562613
-0.301931
0.106342
0.566094
0.867552
0.635710
1.244847
2.007380
-0.824942
-12.286495
-8.808390
-3.878205
-2.774781
-0.552959
0.047917
-1.452207
-2.883778
-2.826434
-2.117748
-1.763741
-1.366622
-0.684792
3.146197
7.871881
11.454199
10.563506
9.262283
12.630965
0.307200
0.823330
1.028537
1.346524
-1.032095
-11.946465
-13.506670
-9.036722
-3.351761
0.004692
2.734464
2.377551
1.611600
-0.211183
-1.818778
-2.559357
-3.964524
-4.917007
-4.131329
0.636003
5.639659
10.949246
11.634928
10.751917
0.322591
0.806111
1.006031
0.939274
1.215202
1.790730
-4.416771
-13.153398
-9.407007
-4.085077
-1.641122
0.651896
0.045939
-1.538539
-3.354279
-3.396768
-3.478525
-3.070416
-2.279055
-1.165800
3.227672
10.066386
13.641370
13.566318
0.366836
0.735409
1.211998
1.568926
1.237296
1.809732
2.608083
-0.294072
-12.673756
-10.799491
-6.408162
-3.584296
-0.874302
-0.360056
-0.054453
-1.120122
-2.216315
-1.936171
-2.794819
-3.282994
-2.109799
2.767703
7.467047
12.221998
12.371821
-0.261706
0.040459
0.600920
0.804081
0.676981
1.408754
2.007450
-1.443808
-12.738289
-10.519002
-5.642159
-2.508666
0.279686
0.271245
-0.309598
-1.662886
-2.268591
-2.602153
-2.914016
-2.314224
-1.057947
3.367670
9.001241
11.852005
11.686367
-0.080679
-0.035218
0.549914
0.927069
0.734488
1.348667
2.004907
-1.046739
-12.270118
-9.594008
-5.027831
-3.288721
-0.671329
0.308483
-0.438054
-1.883976
-2.093126
-1.916640
-1.902964
-2.043602
-1.581614
1.913996
8.054310
13.277608
12.406073
-0.070750
-0.076135
0.814451
1.225712
1.050852
1.778410
2.443520
-1.049712
-12.560716
-11.901141
-7.105408
-2.966482
0.592185
1.158490
1.079469
0.216855
-0.854730
-1.953692
-3.227043
-3.769650
-2.875364
1.042135
6.464854
11.297305
11.593289
10.622169
0.018066
0.640237
0.899364
0.826522
1.144448
1.771698
-3.830019
-12.852775
-9.494370
-4.681589
-2.367222
0.164017
0.239576
-0.988686
-2.714801
-2.939222
-2.835908
-2.543945
-2.356124
-1.527324
2.817579
8.567734
13.429615
13.256183
-0.026055
0.433256
1.071857
1.450966
1.217526
1.859570
2.584785
-0.775091
-12.828793
-11.482701
-6.757514
-3.091994
0.052732
0.424380
0.507804
-0.458757
-1.438589
-2.077469
-3.140665
-3.521870
-2.483993
2.092223
6.916772
11.392836
12.074563
-1.150880
0.030088
0.592309
0.904019
0.727501
1.406728
2.022562
-1.134279
-12.531828
-10.011611
-5.218884
-3.157847
-0.648137
-0.041999
-1.187023
-2.678049
-2.749904
-2.776530
-2.121321
-1.430463
-0.815149
3.180459
8.685109
13.151194
12.602480
-0.343912
0.361486
1.054844
1.492302
1.251838
1.845533
2.543454
-0.731451
-12.611667
-11.756398
-7.075811
-3.428287
-0.213559
0.787535
1.050840
0.192209
-0.852027
-1.621885
-2.809843
-3.652103
-2.934322
1.002377
6.155968
11.203865
11.492715
10.415140
0.046903
0.655267
0.937751
0.852436
1.209065
1.816903
-2.929961
-12.854032
-10.346079
-5.381121
-2.490610
0.079327
0.185603
-0.708827
-2.347011
-2.849620
-2.977011
-2.855630
-2.516730
-1.615921
2.752846
8.287345
13.025066
13.401469
-0.333857
0.497861
1.091642
1.453117
1.186917
1.806911
2.625885
-0.653092
-12.783280
-10.577974
-5.850008
-3.025394
-0.477189
-0.145363
-0.079752
-1.032065
-1.806679
-1.773251
-2.567708
-2.932254
-1.972850
2.338710
6.993809
11.630707
12.292266
-0.248609
0.018717
0.604167
0.967119
0.821141
1.441961
2.143407
-1.078537
-12.513760
-10.288076
-5.491982
-3.028923
-0.536537
-0.108736
-0.460944
-1.895665
-2.473157
-2.482386
-2.646490
-2.266825
-1.210740
2.930640
7.817087
11.860173
12.060692
-0.019393
0.208277
0.808469
1.193051
1.040398
1.637484
2.317147
-0.719149
-12.378456
-10.327598
-5.739540
-3.412280
-0.934362
-0.248346
-0.311227
-1.470738
-2.280405
-1.991602
-2.229510
-2.534387
-1.865402
1.846583
7.297742
12.336329
12.711943
1.007771
0.118303
0.762118
1.152624
1.061104
1.439601
2.267961
-1.209466
-12.619496
-10.890055
-5.869576
-2.882764
-0.210746
0.455068
0.329418
-0.802814
-1.631111
-1.921951
-2.740717
-2.994729
-2.111032
1.708546
6.651898
11.169829
11.856039
0.616489
-0.036794
0.590983
0.952874
0.831482
1.220398
1.845191
-1.175015
-12.447694
-9.869420
-5.306980
-3.378073
-1.091258
-0.629276
-0.951799
-2.338616
-2.817585
-2.689024
-2.366731
-1.884526
-1.057786
3.102533
8.340652
12.645618
13.077633
-0.445220
0.119464
0.746118
1.188233
0.952426
1.609004
2.445699
-0.633317
-12.318334
-9.116280
-4.614517
-2.793372
-0.689049
-0.089751
-0.227121
-1.398545
-1.995197
-1.784119
-2.160546
-2.417442
-1.606600
1.905690
7.158209
11.694233
11.440888
10.400492
0.078672
0.703650
1.128628
1.034794
1.456768
2.088960
3.940398
-11.411916
-12.052054
-7.288847
-3.950970
-1.035344
0.062839
0.072037
-1.096676
-1.847599
-2.025481
-2.685462
-2.965024
-2.266543
1.430326
6.156404
11.315009
12.086703
11.281409
0.392511
0.986797
1.280568
1.122077
1.461523
2.212482
4.058084
-11.785969
-11.618120
-6.124250
-3.182250
-0.983609
-0.054029
-0.567120
-1.952152
-2.504577
-2.219053
-2.325620
-2.539627
-2.060309
0.815230
6.721526
12.543984
13.008449
-0.038540
0.227029
0.913426
1.391121
1.203476
1.865541
2.511085
4.525909
-11.752900
-12.467728
-7.502740
-3.720639
-0.588918
0.103200
0.151357
-0.692709
-1.588249
-1.860610
-2.990088
-3.543377
-2.801947
0.903892
5.662348
10.976150
12.138080
11.462797
0.248456
0.862913
1.193412
1.061432
1.377818
2.159876
3.981934
-11.813138
-11.257047
-5.332659
-2.791453
-1.153533
-0.257950
-1.130742
-2.734442
-2.906119
-2.634237
-2.472574
-2.210537
-1.759105
0.638944
6.901464
12.524213
12.904467
-0.159922
0.052417
0.873362
1.440615
1.165793
1.791319
2.458983
4.450365
-11.684220
-12.771319
-7.870374
-3.900204
-0.718206
0.416851
0.656752
0.118750
-0.804679
-1.495649
-2.812818
-3.798609
-3.311893
0.165974
5.109664
10.835790
12.029967
11.158689
-0.039765
0.625235
0.938597
0.823544
1.151132
1.840735
3.572164
-11.779267
-11.646633
-6.504029
-3.402191
-0.818053
-0.161551
1.059239
1.786063
-0.049273
-0.453087
-0.181655
-0.790110
-0.557569
-1.095666
-1.216818
-1.319785
-0.911398
0.885393
0.577424
0.830901
1.782598
2.448566
3.722011
4.791325
5.589888
6.272346
6.893896
7.139228
6.341408
-4.099574
-11.253127
-13.739062
-11.847896
-6.011456
0.274901
2.998332
2.861905
0.761004
-1.549480
0.241217
5.600630
9.093840
11.781906
11.804763
11.151907
2.802792
3.381862
5.160168
5.887291
5.257190
3.837291
6.518123
-9.769591
-12.029302
-10.862047
-9.223359
-6.385774
-4.821204
-4.356358
-4.931394
-4.446548
-3.756973
-1.564611
-0.126675
0.759619
6.000755
12.312633
16.450474
0.761689
1.412840
1.562909
1.678471
1.865012
1.736512
2.217655
3.016962
1.620722
-9.144045
-9.152896
-6.812878
-4.728940
-2.124021
-1.295746
-0.626143
-1.397189
-2.199657
-2.896326
-2.703016
-2.149419
-0.542088
4.234035
7.736515
12.536621
-1.305885
0.607510
0.746285
0.969026
1.159114
0.855443
1.535744
2.012520
0.272768
-10.297889
-8.842514
-5.860751
-4.269240
-1.701838
-1.055147
-1.552084
-2.702328
-2.822968
-2.628726
-1.193095
-0.494788
0.165164
5.741590
10.458132
13.720893
1.030024
1.111632
1.475790
1.781188
1.956398
1.738976
2.313965
3.162484
0.985424
-11.083135
-9.685753
-6.164855
-3.865458
-1.391882
-0.662293
-0.223493
-1.207382
-1.882107
-2.341235
-2.612498
-2.587895
-1.619282
3.157871
7.352626
11.587251
11.714028
-1.170903
-0.040369
0.558995
0.809168
0.714060
1.423047
2.105643
-0.919520
-12.589068
-9.731371
-5.018298
-2.256426
-0.209234
-0.366224
-1.259853
-2.626989
-2.858816
-2.757063
-2.386692
-1.839679
-0.863602
3.261553
9.344510
12.984274
12.519493
-0.103504
0.323843
0.949477
1.335719
1.128830
1.761879
2.594185
-0.319548
-12.591470
-10.189166
-5.699447
-2.923841
-0.424225
-0.138408
-0.100356
-1.347098
-2.135782
-2.302619
-2.853452
-2.990542
-2.034865
2.536536
7.242126
12.032537
12.087553
-1.003612
0.285361
0.892246
1.099794
1.037015
1.684877
2.519615
-0.911986
-12.964721
-10.363469
-5.212905
-2.212211
0.324884
0.183259
-0.539914
-1.958684
-2.479919
-2.890679
-3.121287
-2.529495
-1.404201
2.553027
8.180581
12.039867
12.127522
-0.561594
-0.051073
0.602057
1.051982
0.905287
1.559620
2.374586
-0.477351
-12.547195
-9.728397
-5.285962
-3.151507
-0.821795
-0.533337
-0.805320
-2.250619
-2.853526
-2.724317
-2.551610
-2.420573
-1.611453
2.820759
8.208295
13.062330
12.967360
-0.675145
0.241358
0.919435
1.233715
1.175255
1.897885
2.805883
-0.614597
-12.844979
-10.346677
-5.385181
-2.238641
0.354196
0.335205
-0.002324
-1.057126
-1.824661
-2.460545
-2.978834
-3.110755
-2.082800
1.978209
7.190942
11.516612
11.591558
-0.777111
-0.224745
0.438753
0.828959
0.759782
1.493511
2.159484
-0.836697
-12.559706
-9.982446
-5.231180
-3.114047
-0.636549
-0.298008
-1.004386
-2.676714
-3.025336
-3.011205
-2.514845
-2.018765
-1.224281
2.839062
8.380274
12.970886
12.782770
-0.030346
0.395045
1.072518
1.444062
1.321441
2.021296
2.957833
-0.342942
-12.795007
-10.647421
-5.635030
-2.473275
0.093269
0.235963
0.056121
-0.962949
-1.783158
-2.011115
-2.908375
-3.393650
-2.563890
1.129355
6.598360
11.667281
11.884699
11.061891
0.002406
0.739552
1.026975
1.063924
1.495357
2.399758
-1.079177
-13.012418
-10.646960
-5.254002
-2.303382
0.018344
-0.022494
-0.750377
-2.414702
-3.070360
-3.204023
-3.347015
-2.955978
-1.917761
2.246302
7.547670
12.104613
12.269644
-0.167209
0.331623
0.959478
1.339803
1.209343
1.892775
2.785334
-0.302109
-12.840895
-10.317913
-5.348132
-2.784400
-0.692042
-0.342232
-0.693683
-2.002825
-2.766451
-2.530127
-2.759845
-2.912405
-2.185844
1.607933
7.249237
12.592699
12.940768
-0.328784
0.206716
0.883102
1.266981
1.185257
1.931271
2.793832
-0.436771
-12.877107
-10.516983
-5.507458
-2.495709
-0.132636
-0.088559
-0.457253
-1.738989
-2.494648
-2.835142
-3.183873
-3.101675
-2.109830
2.363503
7.093652
11.700015
12.363158
-0.447485
0.074784
0.697827
1.086462
0.945128
1.613551
2.458901
-0.411573
-12.542089
-8.842312
-3.834949
-2.704380
-1.333211
-0.728360
-1.565681
-2.872090
-2.877619
-2.816407
-2.038429
-1.343075
-0.868195
1.927222
8.434673
13.003360
12.053595
-0.529506
0.009609
0.928205
1.507343
1.446305
2.131959
2.900517
5.442442
-11.412562
-11.745980
-6.777344
-3.467544
-1.291289
0.459273
0.456149
-0.578126
-1.766426
-2.382101
-3.199384
-4.037230
-3.738552
-0.496961
4.541146
10.485568
9.749079
7.784160
12.016048
-0.582648
0.267894
0.552464
1.238751
1.902760
1.442305
-12.574853
-12.310311
-6.487135
-2.096322
0.781574
1.063658
-0.058381
-1.812215
-2.773286
-3.549821
-3.826911
-3.605216
-2.839833
0.840791
6.917693
12.716596
14.279883
0.322196
1.057019
1.697378
2.102360
1.850552
2.424927
3.156306
5.706058
-12.581134
-11.700567
-6.675159
-3.530704
-1.374671
-0.931215
-0.850133
-1.624092
-2.429589
-2.267202
-3.204239
-3.897532
-2.966849
1.809909
5.738668
11.135546
11.699012
10.884376
-0.031796
0.648055
0.983449
0.840440
1.614355
2.266764
4.210859
-11.749182
-11.378848
-5.989637
-3.131235
-1.266963
-0.878214
-1.407896
-2.573417
-2.826168
-3.091408
-2.631322
-1.988378
-1.491782
1.221791
7.555931
11.922219
12.895023
-0.037071
0.268882
0.967895
1.469430
1.248693
1.788759
2.747116
5.181885
-11.473030
-10.571915
-5.853492
-3.515110
-1.598424
-1.105424
-0.880678
-1.671497
-2.302540
-1.933090
-2.305494
-2.819209
-2.281801
1.314894
5.913988
11.269723
11.908746
11.064419
0.084759
0.749048
1.098424
1.032427
1.506531
2.332293
4.351818
-11.602309
-11.051682
-5.745550
-3.094981
-1.365322
-0.563732
-0.954783
-2.162826
-2.540883
-2.661184
-2.457971
-2.273325
-1.754083
0.937249
6.654528
12.055734
12.622257
-0.911135
0.598580
1.101268
1.513570
1.296978
2.001122
2.823228
5.568100
-11.803011
-10.803308
-5.115637
-2.492376
-1.320174
-0.653452
-1.178079
-2.460841
-2.815677
-2.749230
-2.805568
-2.819331
-2.418675
-0.066074
6.032630
12.366426
12.005960
10.010355
-0.361065
0.441782
1.012439
0.822435
1.549213
2.252427
4.236602
-11.925182
-12.304521
-7.239089
-3.230596
-0.315045
0.454017
0.186428
-0.745119
-1.684666
-2.499037
-3.352763
-3.725780
-3.135306
0.513896
5.846465
11.938412
12.840368
11.531343
0.750887
1.261342
1.630405
1.393652
2.061045
2.886451
5.421408
-12.175928
-11.527610
-6.347684
-3.157722
-1.070765
-0.859128
-1.132076
-2.257641
-2.967017
-2.920839
-2.827213
-3.186217
-2.736183
0.798181
6.686105
13.151101
13.530775
-1.077227
0.108913
0.914927
1.351187
1.126630
1.813291
2.626080
5.082737
-11.913167
-10.380258
-4.924945
-2.157616
-0.587061
-0.274610
-0.926225
-2.062051
-2.684955
-2.922497
-2.961088
-2.955388
-2.315743
0.271206
6.309738
12.015142
11.516584
9.358053
-0.127166
0.729536
1.261570
1.107906
1.849166
2.531928
4.817271
-11.955580
-12.632837
-7.346684
-3.410694
-0.851048
0.237927
0.094753
-1.045612
-2.017163
-2.507848
-3.219763
-3.889500
-3.601952
-0.445493
5.012389
12.104169
13.424176
11.807729
0.605675
1.152925
1.587586
1.551227
1.936262
2.757127
5.113828
-12.518182
-12.114549
-6.438764
-2.530083
-0.121663
-0.083299
-0.928734
-1.906301
-2.782816
-2.921716
-3.754294
-3.802960
-2.962971
0.727028
6.212659
12.059952
13.462768
-0.742551
0.342653
0.898569
1.379177
1.111833
1.750603
2.678308
5.419839
-11.725196
-10.182621
-5.539462
-3.377763
-1.988868
-1.695691
-1.930873
-3.222287
-3.610080
-3.302003
-2.661753
-2.263830
-1.584749
2.468169
7.165929
12.635953
13.699943
0.097011
0.852603
1.265993
1.657050
1.322273
1.935335
2.776651
5.405340
-11.091484
-9.937366
-5.703441
-3.537683
-1.911907
-0.165042
1.188893
2.088956
0.511175
-0.339415
0.245640
-0.667567
-1.156910
-1.332409
-1.377580
-1.190495
-0.805490
0.706704
0.496511
0.723306
1.620862
2.250743
3.199232
4.366458
5.238857
5.934845
6.616829
6.908987
7.182952
-0.141522
-9.606334
-12.978717
-11.692453
-7.218860
-1.241983
1.452857
1.962454
0.790509
-1.325462
-1.557535
2.684558
8.337131
13.952907
15.411109
2.001657
2.471166
2.428808
2.848733
3.363010
3.263813
3.881071
6.322721
-0.676557
-6.443382
-8.014876
-7.531434
-5.769353
-4.112090
-2.136033
-1.467937
-2.094622
-3.051685
-3.168209
-2.793125
-1.943467
2.815032
9.308071
13.236696
0.076087
0.795961
1.265494
1.475932
1.773952
1.609823
1.891143
2.732045
4.748708
-6.704632
-9.372188
-7.236614
-5.106342
-3.200467
-2.265513
-1.535661
-2.171499
-2.787718
-3.277120
-2.736596
-2.275519
-1.844402
2.419580
8.693046
13.305855
14.137531
0.385511
1.070331
1.433925
1.817312
1.588853
2.036915
2.926339
5.092229
-8.672860
-9.677610
-5.828380
-3.306987
-1.650295
-0.709180
-0.825921
-2.086514
-2.963517
-3.136894
-2.921660
-2.976992
-2.262164
0.635505
6.881939
11.916260
11.805895
9.666314
-0.290551
0.553829
1.149492
1.128158
1.787828
2.627419
4.551235
-10.192670
-11.443975
-6.267732
-2.589374
-0.928451
0.044391
-0.407850
-2.360088
-3.399082
-3.574947
-3.663659
-3.511009
-3.176870
-0.745750
5.247306
11.957340
13.167007
9.973428
0.085363
0.687804
1.281329
1.382510
2.096165
2.852038
4.460742
-11.647111
-12.846124
-7.310667
-2.549119
0.400777
0.986411
0.001994
-1.420348
-2.547785
-3.240623
-4.075637
-4.544476
-3.833750
-0.956510
5.509728
12.096068
13.740827
11.483730
0.387549
1.487505
1.830339
1.693969
2.290458
3.074184
5.458303
-11.641591
-12.373809
-7.013388
-2.873879
-0.737566
-1.009381
-1.644381
-2.594751
-3.451716
-3.620046
-3.992643
-4.588613
-3.687707
-0.131582
6.185708
12.871245
13.986942
11.690406
0.175382
0.886305
1.395052
1.166708
1.755461
2.568877
4.480137
-10.998532
-11.558982
-6.261004
-2.643465
-0.667132
-0.319482
-1.104885
-2.315225
-3.044289
-3.296884
-3.555971
-3.699312
-2.894521
-0.013723
6.580840
11.964726
12.777586
1.577524
0.059474
0.730404
1.302742
1.064702
1.624516
2.538771
4.450185
-9.794573
-11.406594
-7.097736
-3.811825
-1.894230
-1.250955
-1.337428
-2.522735
-3.269127
-3.451488
-3.298999
-3.267115
-2.725435
0.725411
6.841322
12.823499
14.180909
0.103980
0.859574
1.316508
1.731872
1.475675
1.957102
2.742300
4.894296
-9.668306
-10.450435
-5.749249
-2.860132
-1.749529
-0.814665
-1.036522
-2.566905
-3.332059
-3.435711
-3.215407
-2.884821
-2.282219
0.039817
6.580945
12.049216
12.316009
9.643515
-0.161526
0.667217
1.335853
1.173319
1.755850
2.443046
4.514790
-10.399597
-11.755960
-7.421788
-3.630523
-1.297604
-0.242948
-0.322498
-1.498854
-2.490768
-3.275510
-3.606766
-4.065228
-3.485278
-0.027356
5.764809
11.835728
13.247287
11.239885
0.386148
0.963445
1.457290
1.279173
1.854163
2.656840
4.669022
-10.045198
-10.915998
-6.227412
-2.867870
-1.100802
-0.584691
-1.151051
-2.890499
-3.676430
-3.838034
-3.634415
-3.160224
-2.468214
0.594648
7.066926
12.691890
13.377551
-0.065348
0.585834
1.205104
1.751326
1.549135
2.010332
2.866308
4.985257
-9.282317
-11.371193
-7.599529
-4.151376
-2.004751
-0.890980
-0.786892
-1.765704
-2.617028
-3.109594
-3.365211
-3.647473
-2.941509
0.268726
6.086403
11.990442
13.203862
11.302571
0.119424
1.210389
1.683651
1.498349
2.028334
2.826047
5.119401
-9.913809
-10.829957
-6.701239
-3.526981
-1.644887
-1.039150
-1.447714
-2.665431
-3.434985
-3.794138
-3.459525
-3.249443
-2.260431
1.363466
6.901178
11.939034
12.910804
-0.180031
0.514167
1.006327
1.538619
1.268019
1.730182
2.509293
4.761523
-9.105822
-10.571332
-6.482181
-3.709806
-2.418219
-1.515215
-1.506709
-2.894228
-3.332663
-3.315194
-2.812606
-2.255041
-1.776891
0.801884
6.914485
12.465334
13.515021
0.064754
0.721129
1.271894
1.774297
1.548318
2.035449
2.860010
5.282978
-9.294736
-10.273278
-6.246552
-3.364909
-2.017484
-1.014222
-1.034174
-2.266347
-3.098423
-3.386563
-3.208894
-3.213319
-2.536730
0.258746
5.849688
11.466179
12.241128
9.800986
0.066918
0.797543
1.371986
1.249020
1.847456
2.621496
4.634491
-9.930446
-11.635371
-7.258602
-3.511997
-1.348314
-0.571936
-0.912005
-2.209124
-3.010546
-3.452731
-3.463241
-3.465804
-2.761086
0.225229
5.925111
11.895334
13.372403
2.575127
0.584895
1.168854
1.644557
1.439293
1.968752
2.812468
4.961680
-9.828107
-10.827461
-6.039480
-2.840480
-1.629376
-1.373478
-1.599235
-3.121101
-3.615033
-3.640059
-3.243607
-2.540031
-2.060335
-0.047431
6.477110
12.514860
13.208626
-0.844716
0.057225
0.921956
1.610518
1.378731
1.857582
2.676053
5.062261
-10.040885
-10.715692
-6.105453
-2.875700
-1.583612
-0.677579
-0.768663
-2.120908
-2.982294
-3.285683
-3.387125
-3.521593
-3.045898
-0.595616
4.852347
11.310933
12.221881
8.921085
-0.207831
0.513907
1.196349
1.284262
1.914390
2.656750
4.566209
-10.726930
-11.854403
-6.581975
-2.402236
-0.454835
0.111197
-0.438448
-1.947158
-2.897942
-3.383922
-3.855173
-3.847873
-3.307374
-1.285205
4.909993
11.873112
13.765234
11.385461
0.392757
1.056066
1.695601
1.726198
2.319249
3.086334
5.264518
-10.958972
-12.214251
-6.972041
-2.975193
-1.042588
-0.355068
-1.152369
-1.762486
-2.612529
-2.993670
-3.831987
-4.447234
-3.910728
-1.088782
4.883127
11.379493
13.261076
11.417995
-0.152209
0.519672
1.226856
1.072781
1.525881
2.385063
4.307506
-10.066953
-11.324518
-6.448485
-3.141759
-1.775723
-1.153393
-1.631073
-2.978163
-3.709613
-3.551841
-2.995827
-2.634985
-2.211535
0.093329
6.901063
12.351989
14.064162
0.011761
0.792455
1.255950
1.858597
1.691414
2.075134
2.894015
5.205070
-8.638048
-10.171103
-6.320569
-3.589777
-2.309259
-1.455108
-1.451423
-2.358715
-2.947486
-3.198370
-2.953576
-3.148994
-2.485643
0.378976
5.774421
11.170814
12.149840
10.128873
-0.191133
0.532997
1.163002
1.078721
1.540998
2.480594
4.332239
-8.910122
-10.519202
-6.494280
-3.618641
-2.234308
-1.261361
-1.385450
-2.725219
-3.272593
-3.435176
-2.946910
-2.332317
-1.774819
0.767098
6.681070
12.035348
13.340716
0.254932
0.931572
1.404167
1.959467
1.863811
2.181069
2.994977
5.498501
-8.643363
-9.976349
-6.019610
-3.489287
-2.695144
-1.602908
-1.375557
-2.491269
-3.038954
-3.098653
-3.099956
-2.981781
-2.501704
-0.408769
5.665226
11.238618
12.293342
9.673175
-0.674702
0.594267
1.310910
1.225949
1.721659
2.537258
4.040053
-7.419900
-11.981074
-8.100636
-4.201157
-1.923362
-0.671196
-0.934357
-1.926852
-2.746538
-3.467808
-3.473874
-3.390639
-2.810268
-0.180277
6.242641
11.179203
12.946438
-1.234143
0.238827
1.324198
1.915347
1.782866
2.091359
3.003523
4.962509
-6.004320
-10.776443
-7.769992
-5.105618
-3.469234
-2.459765
-2.387533
-3.152438
-3.599083
-3.446142
-3.031178
-2.767990
-2.008955
1.048243
7.062640
11.721133
12.949376
-0.237092
0.464405
1.023331
1.633866
1.441241
1.776884
2.632661
4.289199
-6.388333
-10.887941
-7.385056
-4.322730
-2.587519
-1.662119
-1.679558
-2.426083
-2.898410
-3.124048
-2.857938
-2.492046
-1.927095
0.243831
6.924489
11.238365
12.528451
0.486840
0.197463
0.859529
1.470085
1.353721
1.797271
2.616658
4.368380
-6.253656
-10.603625
-7.191313
-4.306859
-2.749578
-2.000590
-1.977861
-2.666775
-3.095401
-3.166162
-2.921464
-2.719923
-2.161715
0.253874
6.513195
11.280555
12.685862
-0.918269
0.047814
0.743913
1.408606
1.284323
1.701116
2.534133
4.329128
-6.792347
-10.506762
-6.163636
-3.225191
-2.571198
-0.176805
1.149728
1.844171
-0.001611
-0.469970
-0.203914
-0.824958
-0.664553
-1.075936
-0.947467
-0.418930
0.074541
0.665068
1.123031
1.242907
1.294560
1.346148
1.473838
1.676328
1.955281
2.339352
2.819799
3.406300
4.226583
5.120046
6.040693
6.977977
7.900247
8.840038
10.155470
11.699104
12.917660
14.202559
16.396158
3.513670
6.162722
-7.439562
-16.509296
-16.127466
-15.931048
-16.357384
-14.785757
-10.302791
-6.900735
-6.022521
-3.065828
1.462397
10.154736
15.144550
20.058439
15.089119
15.039640
4.869721
-1.142400
-2.500575
-2.879310
-2.469602
-1.422642
-4.696945
-14.118591
-14.253379
-6.390161
-1.283965
0.517582
2.637162
1.038402
0.105046
-0.368938
-0.030614
-0.901992
-3.427567
-3.314656
-2.093485
0.277421
1.884027
3.238469
3.835513
5.327795
7.696376
15.000396
18.765160
-1.212302
-2.731042
-8.490197
-17.752348
-14.589406
-4.665881
1.318179
1.622378
2.777286
1.473091
-1.387852
-3.465529
-4.086065
-3.207713
-3.927950
-3.947198
-3.669673
-1.394878
0.158624
0.791272
3.882893
3.097809
4.739412
13.965279
17.906717
-2.709217
-1.770168
-1.262313
-12.040944
-13.000662
-5.790064
-1.233841
-0.267581
-0.242661
-0.779815
-0.892162
-1.539940
-2.213888
-3.682225
-4.887963
-5.071526
-4.905313
-0.065092
7.811154
15.220344
0.128262
0.132981
0.848170
1.556392
2.000152
1.672251
2.416871
3.534922
1.944771
-9.571125
-8.835437
-6.322604
-4.627074
-2.515597
-1.640391
-1.557881
-1.339246
-1.866392
-2.256017
-1.762378
-1.777121
-1.060295
4.768137
10.316751
13.102545
-1.375451
0.744879
1.264842
1.819415
2.128755
1.997495
2.705323
4.020760
2.543019
-9.559541
-8.506257
-5.961781
-4.905227
-3.137518
-2.445976
-2.302797
-2.723060
-2.698649
-2.703711
-2.575395
-2.720252
-1.697204
3.704668
9.052089
12.706760
11.294312
-0.270499
0.449067
1.233324
1.565947
1.543746
2.341494
3.339853
0.758412
-11.312696
-8.768212
-4.715640
-2.966706
-1.308690
-1.178100
-1.998367
-2.816056
-3.242256
-3.350657
-2.603050
-2.384999
-1.518463
3.601999
9.221247
12.578663
11.547982
-0.249734
0.595330
1.288455
1.605896
1.570986
2.324662
3.377796
1.059415
-11.321259
-9.288823
-5.498269
-3.590558
-1.822395
-1.495456
-1.907095
-2.866924
-3.037285
-3.261582
-2.940961
-2.937878
-2.137204
3.494829
8.718721
12.954202
11.715236
-0.192383
0.575560
1.265317
1.587531
1.564238
2.347805
3.351771
0.426286
-12.025887
-8.426239
-3.729798
-2.073175
-1.101014
-1.028841
-2.395484
-3.290208
-3.265628
-3.422412
-2.403801
-2.170907
-1.682424
2.317065
8.862576
12.992391
11.084714
-0.402289
0.248477
1.217820
1.634564
1.670117
2.477141
3.489416
0.329634
-12.536781
-10.551438
-5.842234
-2.763594
-0.820250
-0.641974
-1.176475
-2.250084
-2.931271
-3.596630
-3.852848
-4.021046
-3.023855
2.055634
7.617149
12.608912
11.379946
10.713395
0.714597
1.209468
1.703797
1.851221
2.482175
3.490006
-0.234030
-13.882089
-10.173803
-4.508830
-1.446834
0.230537
-0.569319
-1.838171
-3.074345
-3.314615
-3.813829
-3.597473
-3.497129
-2.730174
2.041817
8.351425
13.457800
13.080641
-0.344825
0.521124
1.307728
1.632129
1.625659
2.432980
3.511040
0.311237
-12.664294
-9.427424
-4.626495
-2.400483
-0.890545
-1.317276
-2.122184
-3.204549
-3.291044
-3.555579
-3.401725
-3.219158
-2.330195
2.904982
8.188348
12.453004
11.968634
-1.187937
0.448870
1.189603
1.494954
1.481857
2.339539
3.372660
0.550832
-12.005019
-9.139609
-4.758668
-2.941603
-1.410477
-1.622531
-2.366188
-3.488025
-3.488438
-3.472148
-2.868231
-2.750754
-1.943846
3.517110
8.980548
12.884194
12.037966
-0.964598
0.557339
1.257484
1.606947
1.512907
2.279108
3.402366
1.130575
-10.868494
-8.644423
-4.859796
-3.382061
-1.961140
-1.737754
-2.334158
-3.200986
-3.325538
-3.362215
-2.626825
-2.489081
-1.767114
3.874061
9.103933
12.776557
11.919821
0.008431
0.782442
1.425378
1.719705
1.695171
2.456800
3.579087
1.362880
-10.742367
-8.795367
-4.847699
-3.156799
-2.006480
-1.571993
-2.267684
-3.160798
-3.290252
-3.591173
-2.747640
-2.585085
-2.043337
2.999792
8.483217
12.940198
11.093557
-0.089335
0.381986
1.199832
1.652716
1.745363
2.520057
3.483647
0.394853
-12.307450
-9.765019
-5.090331
-2.293122
-0.460189
-0.651824
-1.620676
-2.652608
-3.083855
-3.463374
-3.450122
-3.523019
-2.668612
2.090758
8.090946
12.699574
11.905690
-0.173220
0.630768
1.356201
1.681988
1.757909
2.583227
3.612128
0.218152
-12.699322
-9.514585
-4.337468
-1.841216
-0.661474
-0.994064
-2.143528
-3.381078
-3.620975
-4.019454
-3.446769
-3.048655
-2.308044
2.249365
7.979313
13.050633
11.805443
-0.818787
0.401372
1.285654
1.743792
1.819353
2.640622
3.664713
0.231806
-12.663924
-9.888791
-5.030728
-2.167312
-0.535544
-0.973688
-1.955187
-3.021506
-3.390589
-3.703610
-3.719484
-3.658971
-2.590957
2.420713
7.828356
12.415888
11.828686
-0.310356
0.529989
1.292425
1.629270
1.654831
2.476736
3.499142
0.378518
-12.470054
-9.551538
-4.746080
-2.481548
-1.249088
-1.429196
-2.346523
-3.575604
-3.591011
-3.806638
-3.071635
-2.860874
-2.175136
2.707788
8.124739
13.041290
12.886532
-0.092698
0.749155
1.505417
1.821158
1.775275
2.578244
3.658116
1.089710
-11.796216
-9.260331
-4.854208
-2.831311
-1.555970
-1.727957
-2.212170
-3.188037
-3.270750
-3.488513
-3.118917
-2.924194
-2.104801
2.893418
8.118303
12.482821
12.248909
-0.350289
0.497639
1.226096
1.571902
1.563782
2.384995
3.526091
0.880458
-11.522644
-8.745068
-4.471831
-2.938538
-1.878644
-2.015646
-2.493859
-3.449560
-3.369230
-3.312752
-2.599910
-2.469624
-1.836167
2.796504
8.813132
12.805944
12.048987
-0.428943
0.431798
1.189789
1.624608
1.568727
2.396224
3.489522
1.168265
-11.015924
-8.884439
-4.954515
-3.240323
-2.062567
-1.801014
-1.955680
-2.943944
-3.162706
-3.288732
-2.923226
-2.915154
-2.065150
2.500227
8.203967
12.647882
11.367733
-0.970834
0.585453
1.345435
1.729954
1.729697
2.572034
3.696546
0.557255
-12.012390
-8.841293
-4.201313
-2.325849
-1.271523
-1.297668
-2.092221
-3.113037
-3.084944
-3.339562
-2.884242
-2.666923
-1.932020
1.699893
8.044161
12.595633
11.688602
-1.234719
0.438818
1.280698
1.717575
1.835263
2.659985
3.726515
0.693704
-12.211656
-9.469277
-4.753016
-2.413708
-1.204038
-1.345627
-2.080492
-3.172541
-3.335917
-3.524211
-3.499375
-3.513940
-2.496234
1.608205
7.451567
12.500380
11.508366
11.111892
0.478788
1.249000
1.633013
1.690806
2.557974
3.587924
0.245906
-12.827267
-9.443918
-4.154069
-1.804854
-0.771702
-1.251517
-2.252660
-3.436272
-3.493510
-3.750904
-3.313410
-2.824987
-2.033795
1.766410
7.869997
12.374103
12.334957
-0.450372
0.416464
1.223107
1.675938
1.653688
2.487208
3.592028
1.039442
-11.742359
-8.919254
-4.416774
-2.731432
-1.857311
-1.979973
-2.463661
-3.524736
-3.499346
-3.404836
-2.952745
-2.914242
-2.238161
2.475224
7.817756
12.572295
12.444443
-0.470186
0.357967
1.100817
1.528346
1.592300
2.424160
3.428937
1.233550
-10.950939
-8.599322
-4.438418
-2.836792
-1.831492
-1.942630
-2.418138
-3.554332
-3.644380
-3.500919
-2.943591
-2.694142
-1.789107
3.411414
7.632061
11.736431
11.831946
-0.608464
0.376138
1.074409
1.489850
1.439814
2.185713
3.160810
6.672337
-10.030944
-8.693147
-5.054155
-3.969892
-2.927789
-2.654296
-2.922214
-3.648131
-3.217575
-2.918586
-1.880504
-1.632237
-1.384926
2.840065
8.675797
12.923249
12.259780
-0.218326
0.609792
1.325131
1.724754
1.645149
2.387738
3.389685
6.948094
-9.806494
-8.909107
-5.288124
-3.630477
-2.599074
-2.128600
-2.240964
-2.864142
-2.904531
-3.015149
-2.572119
-2.619172
-1.962504
2.210526
7.696326
12.330620
11.455307
-0.412534
0.341836
1.200338
1.584350
1.627512
2.457426
3.398502
6.765728
-10.975508
-9.571394
-4.999299
-2.749396
-1.849271
-0.165244
1.211290
1.950240
0.101225
-0.349435
-0.000837
-0.596818
-0.509682
-0.940569
-0.880428
-0.341183
0.147424
0.792813
1.238816
1.357302
1.390677
1.433722
1.535244
1.704236
1.954949
2.306159
2.765083
3.299916
4.058364
4.961066
5.897638
6.867798
7.837253
8.803187
10.010118
11.564761
12.913969
14.029756
16.073896
7.643295
-19.514565
-19.921000
-18.883099
-18.048910
-13.400003
-7.376930
-2.938077
-0.138119
2.065846
1.908840
1.153106
0.211944
0.173390
1.732602
3.054309
5.154129
6.865964
7.945315
9.990488
15.253517
18.361094
20.058783
20.060003
-8.889527
-20.029549
-12.744335
-2.605234
0.664951
0.450809
0.082780
0.117740
1.595050
-2.542934
-7.816074
-10.245975
-11.078206
-10.229143
-10.274145
-8.350932
0.704850
7.897758
12.345120
1.306162
2.486385
3.794785
6.363147
8.478913
15.494153
17.832592
6.546464
-5.268830
-5.442842
-11.598818
-13.290006
-12.787965
-12.753985
-13.499490
-9.824964
-6.637711
-3.782645
-0.747769
2.464130
7.613711
13.252798
11.762558
12.065574
-2.172328
-1.511477
-0.814188
0.082192
0.280797
0.720641
1.701332
3.110092
1.582381
-11.557750
-8.738988
-5.016564
-4.277784
-3.066345
-1.927126
-1.501824
-1.036316
-1.453645
-2.354721
-3.018640
-3.582989
-3.948492
-0.288815
7.225657
14.708326
16.003336
0.208233
0.870299
1.484161
1.886080
2.130005
2.870222
3.846439
2.668478
-9.439207
-8.515643
-6.092773
-4.587616
-3.535758
-3.768235
-3.036141
-3.009613
-3.581425
-3.766527
-2.926143
-1.836500
0.188074
6.965155
11.751905
12.075936
-1.767481
-0.816157
-0.340850
0.352541
0.774242
0.699354
1.339846
2.596964
1.171379
-9.642356
-7.115489
-3.255820
-1.938951
-1.426262
-2.306368
-3.628102
-3.218756
-2.381649
-1.184126
-0.248354
-0.513298
-0.503529
3.691156
9.852142
13.249499
12.304567
0.012694
0.289236
1.154059
1.666684
2.226674
2.821068
3.903776
0.030425
-13.290045
-9.135801
-3.051761
0.367186
1.610359
-0.064128
-1.373140
-2.665422
-3.394817
-4.140934
-4.653096
-4.573493
-3.341728
1.021333
7.341175
12.398417
11.705832
11.711383
-0.442071
0.315967
0.688694
1.481118
2.168758
3.279996
-0.399753
-13.650645
-8.570403
-2.315554
-0.635256
-0.063163
-1.903591
-3.899523
-5.524629
-5.092964
-4.714187
-3.424434
-2.870825
-1.701051
2.649139
10.059926
13.978632
12.637554
-0.635821
0.313300
1.176957
1.447209
1.574075
2.505147
3.627647
0.689518
-12.266229
-8.591478
-3.547728
-1.211704
-0.558845
-1.381894
-2.425909
-3.592947
-3.818006
-4.364123
-4.096681
-3.708701
-2.577034
2.334774
8.922321
13.869041
12.139463
-0.627653
0.218068
0.866471
1.252396
1.736853
2.685537
3.645432
0.822639
-11.967754
-9.124385
-4.402681
-1.656277
-0.737297
-1.898888
-2.605859
-3.483290
-3.827165
-4.568172
-4.362158
-3.962791
-2.597181
3.427987
9.950510
14.391186
13.819123
0.150037
0.982436
1.564446
1.779603
1.928984
2.769578
3.827976
1.574874
-11.273580
-8.728682
-4.656200
-2.616047
-1.410352
-2.285572
-2.898755
-3.929784
-4.003558
-4.094220
-3.583079
-3.185687
-1.746159
4.205378
10.561019
13.505407
11.629767
-0.447727
0.379539
1.151274
1.391701
1.444194
2.318696
3.421549
1.128431
-10.893761
-8.841689
-4.804080
-2.625537
-1.373640
-1.920002
-2.537188
-3.673118
-3.999505
-3.845384
-3.199910
-3.037080
-2.009625
4.260595
10.258305
13.864142
12.811159
0.233796
0.910299
1.480273
1.688673
1.936751
2.793538
3.868031
1.576464
-10.428005
-8.681593
-4.933816
-2.601023
-1.402600
-2.090157
-2.522371
-3.530245
-3.814942
-3.952101
-3.749377
-3.510153
-2.104416
4.115312
9.993810
13.497129
11.980997
-0.172020
0.632621
1.291643
1.518724
1.626806
2.476701
3.607331
1.290856
-10.912314
-8.866716
-4.810299
-2.601261
-1.274792
-1.984392
-2.803056
-4.005409
-4.144075
-3.887030
-3.098573
-2.931987
-1.877200
4.091785
10.489664
13.914220
12.815970
0.343304
1.015891
1.573631
1.753417
1.896972
2.744922
3.890718
1.799549
-10.470258
-8.707875
-4.790235
-2.525426
-1.545987
-2.069048
-2.490358
-3.559108
-3.870956
-4.082957
-3.706737
-3.479833
-2.249373
4.025110
9.927516
13.799196
12.036582
-0.504681
0.279227
0.996520
1.295263
1.652248
2.550518
3.584832
1.396102
-10.743189
-8.283417
-4.099397
-1.960827
-0.997839
-1.711185
-2.789510
-3.934950
-4.223458
-4.280205
-3.333915
-2.946986
-2.042081
3.473238
9.912357
13.927183
11.848187
-0.639688
0.110462
0.955533
1.337334
1.583207
2.445825
3.409671
1.079653
-10.818763
-8.928861
-4.948661
-2.288484
-0.961378
-1.645336
-2.398851
-3.344225
-3.906791
-4.049448
-3.390401
-3.120185
-1.994150
3.897562
9.837346
13.907841
13.233067
0.180952
0.980372
1.542840
1.777778
1.954556
2.789045
3.877524
1.870951
-10.656924
-8.290093
-4.209313
-2.238516
-1.223550
-1.887710
-2.915091
-4.036853
-4.299987
-4.299787
-3.304541
-2.764806
-1.644343
3.705834
9.777094
13.387876
11.442596
-0.704636
0.082031
0.938720
1.334755
1.563242
2.449655
3.569618
1.371434
-10.212226
-8.791283
-5.174066
-2.755151
-1.353623
-1.960903
-2.656949
-3.566097
-4.041244
-4.094112
-3.443291
-3.172844
-1.979576
4.264545
9.801505
13.913210
13.220507
0.471504
1.169785
1.655141
1.931238
2.069904
2.873706
3.993793
1.879063
-10.484495
-8.904342
-5.040373
-2.617038
-1.206031
-1.889269
-2.635465
-3.821510
-4.106322
-3.967479
-3.530480
-3.274539
-1.945148
3.885312
9.470994
13.171871
12.063045
-0.442644
0.417575
1.197937
1.529124
1.592863
2.473562
3.696603
1.564501
-10.199627
-8.134077
-4.065555
-2.404423
-1.668896
-2.202817
-3.442427
-4.580750
-4.561575
-4.041004
-2.595185
-2.242522
-1.667197
3.673314
9.478978
13.570346
11.921911
-0.206407
0.506436
1.312060
1.710962
1.813797
2.649415
3.812329
1.666457
-10.312774
-8.888575
-5.177277
-2.685054
-1.354605
-1.844493
-2.581419
-3.541740
-3.851227
-3.809445
-3.292858
-3.135480
-2.165147
3.445469
9.105815
13.348212
12.577131
-0.979464
1.079532
1.678808
2.055796
2.173805
2.956633
4.240592
2.682813
-9.204941
-8.479060
-5.588984
-3.834060
-2.548785
-2.834809
-3.225411
-4.133097
-4.250706
-3.954923
-3.343478
-2.993216
-1.517137
4.278002
9.866616
13.191352
12.076385
-0.218176
0.536596
1.225179
1.583160
1.595134
2.376613
3.555344
1.616255
-9.940468
-8.168739
-4.421082
-2.988288
-2.241794
-2.456914
-3.145179
-4.131368
-3.876298
-3.233602
-2.007818
-1.822469
-1.440564
3.300262
9.907490
13.531523
12.646011
-0.075678
0.714048
1.462024
1.836061
1.914978
2.731189
3.954528
2.315311
-9.331463
-8.407413
-5.228117
-3.186014
-1.881724
-2.105533
-2.489404
-3.334870
-3.505167
-3.518986
-3.212535
-3.207069
-2.071537
3.253940
8.984977
13.020687
11.574516
-0.617428
0.236506
1.005201
1.471040
1.585759
2.456656
3.523921
1.555178
-10.318736
-8.487352
-4.568928
-2.679239
-1.678272
-2.229317
-2.830283
-3.898380
-3.960408
-3.593323
-2.577867
-2.270091
-1.525956
3.591669
10.538319
13.279607
12.344763
-0.024559
0.747039
1.479717
1.817880
1.923787
2.716103
4.000649
2.025857
-10.155958
-8.065335
-4.045062
-2.231334
-1.598908
-1.782279
-2.666240
-3.792949
-3.853343
-3.839220
-3.302377
-2.973585
-2.366521
2.390459
8.265158
13.233478
11.604372
-1.154832
0.227521
0.993606
1.530362
1.885062
2.787523
3.821840
7.079379
-10.095653
-9.743724
-5.742180
-2.859075
-1.540447
-1.991024
-2.819887
-3.759926
-4.169724
-4.282007
-3.573707
-3.273005
-2.197980
3.260791
8.736505
13.113184
12.354453
-0.446032
0.461796
1.301738
1.699158
1.773575
2.547733
3.594411
7.023726
-10.549853
-9.150814
-4.733096
-2.511542
-1.592373
-2.085868
-3.061219
-4.188007
-4.064439
-3.853478
-3.005018
-2.600740
-1.971564
2.558778
8.406501
13.243080
11.747195
-0.715348
0.114366
1.047984
1.546394
1.706813
2.589346
3.634665
6.959245
-9.992857
-9.431577
-5.563556
-2.939898
-1.700705
-0.166224
1.150115
1.989337
0.129023
-0.303764
0.006961
-0.543356
-0.324844
-1.148310
-0.988893
-0.529839
0.039417
0.711753
1.100560
1.297860
1.344463
1.440343
1.581915
1.776776
2.049555
2.373438
3.022830
3.908569
4.839646
5.821843
6.857623
8.095687
9.130744
9.802218
10.624546
8.503448
-6.026469
-11.955437
-14.995050
-14.168681
-10.616755
-5.028696
0.339663
3.093518
3.783466
2.259691
0.552890
-0.980321
-0.264485
3.179357
5.418788
5.753777
8.682311
9.505644
13.271111
15.269774
0.139487
1.534486
2.664171
5.182590
3.009712
-8.165233
-9.112731
-7.978537
-7.504859
-7.759300
-6.953450
-6.340180
-5.770104
-4.809134
-5.313007
-4.177791
-3.196863
-2.413027
3.417913
11.318968
17.740980
-0.300636
0.878494
1.314119
1.847745
2.132904
2.003257
2.697773
3.822026
2.795930
-7.879082
-7.515481
-5.255403
-4.115304
-2.930966
-2.766664
-2.741397
-3.091743
-3.139562
-2.622607
-1.806958
-1.704006
-0.743502
5.951676
10.776472
12.759168
-1.029694
0.360339
1.005523
1.554493
1.790601
1.815326
2.691878
4.182156
3.203348
-8.262316
-7.757897
-5.192720
-4.650106
-3.896130
-3.350585
-3.514353
-3.647182
-2.968932
-2.691481
-1.852716
-2.095005
-1.797172
3.492635
9.875965
14.218946
11.894600
-0.146413
0.712507
1.429299
1.822893
1.987993
2.841644
4.042836
2.206615
-9.294039
-8.539577
-5.423469
-3.174151
-1.629553
-1.871493
-2.415732
-2.998870
-3.442751
-3.503603
-3.255731
-3.158792
-1.933847
4.731636
9.659929
12.662870
11.372409
-0.041343
0.778952
1.467981
1.761747
1.910594
2.867345
4.102656
2.366587
-9.804427
-8.495907
-5.088277
-3.594458
-2.718136
-2.872765
-3.598790
-4.389823
-3.992125
-3.533494
-2.500949
-2.442318
-1.824402
3.907405
10.319643
14.222391
12.234756
0.183214
0.976947
1.629361
1.962669
2.065294
2.932686
4.059413
2.247506
-10.151143
-8.734344
-5.104856
-2.887036
-1.812336
-2.141857
-2.814821
-3.672235
-3.868173
-3.711904
-3.271929
-3.238214
-2.201142
4.058984
9.363877
13.033562
12.032617
-0.156655
0.695384
1.385634
1.731224
1.945393
2.824591
3.953414
2.187581
-10.275392
-8.582323
-4.849985
-3.029813
-2.010308
-2.535284
-3.325713
-4.343422
-4.180139
-3.744684
-2.961644
-2.880808
-1.850689
4.190851
10.183446
13.610183
11.994400
0.024414
0.838247
1.526771
1.849610
1.937110
2.849581
4.109728
2.210844
-9.836812
-8.525586
-4.988292
-3.101326
-2.186613
-2.461161
-3.037455
-3.821142
-3.728606
-3.552377
-2.876344
-2.882420
-2.116469
4.045461
9.734303
13.514263
11.845380
-0.240745
0.640917
1.339467
1.751246
1.968734
2.867942
4.073889
2.119886
-9.878463
-8.024343
-4.327808
-2.591869
-1.997385
-2.256725
-3.270722
-4.088165
-4.145618
-3.935323
-2.885354
-2.694881
-2.112563
3.650007
9.345477
13.363556
11.253597
-0.609014
0.225414
1.119311
1.598527
1.846592
2.756132
3.830917
2.059225
-10.147623
-8.582887
-4.807395
-2.656354
-1.756860
-2.125769
-3.150419
-3.952012
-4.141925
-3.937444
-3.010929
-2.804350
-1.808078
2.914212
9.901241
14.057015
11.757122
-0.120813
0.737396
1.449114
1.850147
2.036560
2.880502
4.100842
2.071681
-10.037687
-8.520340
-4.926636
-2.858287
-1.805117
-2.416439
-3.303668
-4.114086
-4.098325
-3.689146
-2.957284
-2.771209
-1.812258
4.162197
9.551936
13.069694
12.112212
0.138333
1.198578
1.757329
2.056047
2.109927
2.990247
4.534358
2.934278
-8.725933
-7.890683
-5.111530
-3.894577
-3.337063
-3.533226
-3.953213
-4.416772
-4.219926
-3.645027
-2.512299
-2.257489
-1.400192
4.915042
10.061465
13.237922
11.907221
-0.104322
0.728692
1.431784
1.788277
1.919240
2.816950
4.013368
2.398771
-9.387181
-8.201130
-4.861693
-3.108371
-2.370059
-2.508527
-3.225481
-3.903179
-4.032096
-3.753864
-2.722530
-2.474416
-1.732491
4.117456
9.519868
13.325866
12.038228
-0.130477
0.724465
1.454477
1.808660
2.005060
2.883778
4.086563
2.756723
-8.980157
-8.148842
-5.180227
-3.458923
-2.470218
-2.807967
-3.425614
-4.101304
-4.185675
-3.780471
-2.828957
-2.559605
-1.387675
4.259993
10.084539
13.478971
11.965622
0.197657
0.995987
1.626106
1.930522
1.993877
2.876103
4.190116
2.506952
-10.204950
-8.116743
-3.994660
-2.478164
-2.323329
-2.593184
-3.678856
-4.201472
-3.866001
-3.329525
-1.917298
-1.700826
-1.564940
2.386937
9.508029
14.123003
11.606369
-0.390681
0.381600
1.220591
1.771673
2.042215
2.944913
4.106929
2.498307
-9.523090
-8.576873
-5.388449
-3.132231
-2.173651
-2.642730
-3.283253
-3.878663
-4.089544
-4.087580
-3.600233
-3.472933
-2.031728
3.299402
9.755789
13.933494
12.189078
-0.050006
0.815572
1.520598
1.834948
1.979363
2.864933
4.064726
2.234245
-10.185552
-8.146498
-4.175208
-2.555984
-2.352738
-2.944685
-3.620897
-4.360698
-3.926948
-3.511647
-2.280781
-2.055558
-1.593134
3.100748
10.352434
13.614268
11.623309
-0.502753
0.412298
1.356428
1.830227
2.075802
2.988564
4.226202
2.302350
-10.096079
-8.429072
-4.699006
-2.488510
-1.948609
-2.156242
-2.881485
-3.671793
-3.813455
-3.874712
-3.677935
-3.626741
-2.608897
2.329121
8.313096
13.126638
11.156739
-0.290959
0.450443
1.105468
1.663593
2.076628
3.005878
4.133561
1.680134
-11.517408
-8.606322
-3.741863
-1.427569
-0.980172
-2.124603
-3.671703
-4.707179
-4.509608
-4.155302
-3.174752
-2.667206
-1.909190
2.196864
9.329455
13.266623
12.248261
-0.517751
0.418565
1.355942
1.846853
2.073045
3.014561
4.333721
2.753978
-9.550645
-8.283264
-4.955933
-3.051694
-2.814956
-2.891253
-3.426980
-4.277016
-4.252594
-4.163308
-3.635280
-3.188400
-2.443672
2.918871
8.804214
13.799443
11.890572
-0.510779
0.408114
1.184709
1.727823
2.019089
2.899672
4.000978
2.115091
-9.837275
-8.194131
-4.549648
-2.581097
-1.866298
-2.575239
-3.341400
-4.007854
-3.958838
-3.670086
-2.766639
-2.419650
-1.629828
3.408424
10.173715
13.207446
11.923477
-0.271968
0.599043
1.449322
1.867761
1.980101
2.833525
4.231264
2.705885
-9.424388
-8.063254
-4.634128
-2.957888
-2.869196
-3.051585
-3.261063
-3.690983
-3.379585
-3.423309
-2.689533
-2.590395
-2.259026
2.591012
9.002344
13.888460
11.715881
-0.807540
-0.121442
0.748445
1.379708
1.812479
2.737862
3.836044
6.910850
-9.764481
-8.739970
-4.797635
-2.186491
-1.119559
-1.801829
-2.954393
-3.628501
-3.837280
-3.793628
-3.239039
-3.153209
-2.234390
2.659548
8.316092
12.686678
10.809230
-0.612940
0.200893
1.131512
1.609559
1.903722
2.832260
3.893701
7.503715
-10.637263
-9.270805
-4.828413
-2.304313
-1.786587
-2.730259
-3.946530
-4.804813
-4.374675
-3.950492
-2.956803
-2.502060
-2.173985
2.290367
8.519094
13.780315
12.396760
-1.667344
0.216156
1.225174
1.760670
2.013463
2.931782
4.039231
7.873578
-8.898543
-8.239371
-5.084313
-3.260298
-3.034414
-3.294834
-3.709677
-4.186458
-4.253383
-4.044804
-2.826968
-2.373971
-1.819769
3.293818
9.228955
13.763880
11.693655
-0.718845
0.169422
1.084204
1.653762
1.912617
2.780370
3.877476
7.252990
-9.153944
-8.814233
-5.379324
-2.863950
-1.822602
-2.328196
-3.163957
-3.676021
-3.727718
-3.770071
-3.220153
-2.927232
-2.253000
2.918521
8.776901
13.573366
11.900800
-0.993086
0.234826
1.193948
1.740768
1.982354
2.870685
3.955220
7.558269
-8.803610
-8.576380
-5.460548
-3.344988
-2.661633
-3.120718
-3.598348
-4.170917
-4.086567
-3.920029
-3.124868
-2.631751
-2.033603
3.363382
9.473127
13.797612
12.080828
-0.557456
0.340955
1.229842
1.749696
1.942610
2.794086
3.948508
7.356909
-8.824289
-8.652452
-5.389217
-3.029428
-2.154568
-2.594476
-3.317372
-3.974625
-3.889799
-3.758051
-3.092463
-2.693835
-2.170853
2.929296
8.974065
13.681359
11.995122
-0.522896
0.463631
1.132542
1.628861
1.841646
2.764470
3.902339
7.294999
-9.144408
-8.830011
-5.361810
-2.886979
-2.072598
-0.166186
1.213434
2.038146
0.167266
-0.254570
0.075122
-0.581426
-1.157372
-1.340102
-1.102166
-0.892242
-0.473234
0.897871
1.282212
1.574403
1.822959
2.091781
2.394889
2.786752
3.256748
3.972017
4.832520
6.006567
7.204582
8.135538
8.780420
9.390065
5.537210
-1.194409
-10.656570
-13.207685
-11.077352
-6.913032
-3.094106
-0.898115
0.286537
0.213105
-1.159955
-2.205286
0.094227
6.515310
11.165686
11.583270
9.289222
11.071155
3.156860
3.943980
4.755383
4.899159
5.240689
5.519325
5.498595
-8.789071
-11.363523
-10.320389
-8.407519
-7.223160
-6.189537
-4.582995
-3.668007
-3.830845
-4.616200
-3.931818
-3.538613
-2.025049
6.742743
12.358643
-2.525278
-0.410142
0.488056
0.715224
1.082376
1.550003
1.825369
2.544442
3.675733
3.896626
-5.262690
-6.385736
-5.048498
-4.609688
-4.526143
-4.047422
-3.045575
-2.151313
-1.166522
-0.710217
-0.429809
-1.026810
-1.304358
5.521568
10.343476
13.463749
-1.500004
0.380992
1.206787
1.905923
2.232790
2.345571
3.258725
4.949056
3.810151
-8.150374
-7.480318
-4.680131
-3.208811
-2.965941
-2.615118
-3.284058
-3.255710
-3.276121
-3.130844
-2.496430
-2.592412
-2.258859
3.040279
8.939049
12.985996
9.786792
-0.793821
-0.059859
0.606714
1.388887
1.937760
2.870684
3.868103
1.977180
-10.081945
-8.556947
-4.718894
-2.232534
-1.555098
-2.530173
-3.634979
-4.352030
-4.373811
-4.151898
-3.215679
-2.935312
-2.178111
4.927319
10.069252
14.204464
12.730127
0.298730
1.140411
1.749366
2.106819
2.436558
3.350551
4.721393
3.017695
-9.446366
-8.183695
-4.932674
-2.947165
-2.484854
-2.970589
-3.481495
-3.834761
-3.527204
-3.869073
-3.431066
-3.158596
-2.280308
3.858483
9.880176
13.770710
10.930639
-0.788912
0.161638
1.004809
1.529788
1.953875
2.949854
4.190620
2.213668
-9.391923
-8.385022
-5.088481
-2.837299
-2.059865
-2.775533
-3.565129
-4.011279
-4.179472
-3.945733
-3.137094
-2.885304
-2.038780
4.896048
10.130838
13.799931
12.434403
0.261334
1.069024
1.701648
2.024557
2.293408
3.213600
4.621619
3.101861
-9.614735
-7.796758
-4.389970
-2.739778
-2.357869
-3.027692
-3.884360
-4.244811
-3.826048
-3.618235
-2.842929
-2.632033
-1.994668
3.562344
10.113379
13.795517
10.621803
-0.770254
0.156292
0.976021
1.545775
1.976308
2.959679
4.192250
2.330579
-9.617904
-8.127128
-4.548606
-2.344970
-2.136332
-2.792239
-3.672889
-4.180666
-4.243819
-4.078998
-3.144681
-2.932191
-2.295938
3.988014
9.585466
13.910212
11.580289
-1.154694
0.359759
1.128705
1.692848
2.185328
3.121069
4.291861
2.458133
-9.318600
-8.074762
-4.910342
-2.761983
-2.197866
-3.042595
-3.567500
-3.918332
-3.847675
-3.990688
-3.577204
-3.329199
-2.322456
4.473325
10.247078
13.903173
11.633253
-0.449988
0.490943
1.269150
1.698751
2.051916
3.036023
4.358571
2.556839
-9.470528
-8.259006
-4.853347
-2.698824
-2.070046
-2.812977
-3.615466
-4.112511
-3.908911
-3.619222
-2.911303
-2.740975
-2.050796
3.754146
9.926762
13.872834
11.639799
-0.364830
0.530262
1.290964
1.715685
2.139205
3.121619
4.407548
2.715064
-9.325228
-8.103054
-4.763318
-2.608554
-2.032868
-2.933398
-3.734820
-4.116420
-4.024027
-3.732634
-3.227970
-3.025809
-2.077140
3.974407
10.022962
13.628306
11.724855
-0.360008
0.569810
1.292434
1.686313
2.124091
3.075033
4.444351
2.972045
-8.660840
-7.924535
-4.956351
-3.089557
-2.604055
-3.364980
-4.065942
-4.548872
-4.312026
-3.601050
-2.773735
-2.603734
-1.749573
4.570481
10.240202
13.518142
12.038474
0.043814
0.861415
1.541353
1.863658
2.167281
3.145615
4.711618
3.425391
-8.527487
-7.885984
-4.961606
-3.188555
-3.002197
-3.630771
-3.967510
-4.176191
-3.856562
-3.422053
-2.600952
-2.482373
-1.625568
4.276735
10.306564
13.443749
11.196429
-0.524525
0.414741
1.157077
1.624293
2.024132
3.009207
4.292134
2.746036
-8.807688
-7.802855
-4.668244
-2.634857
-2.047856
-2.981229
-3.818738
-4.267892
-4.134109
-3.690737
-3.077299
-2.826367
-1.959896
3.979887
10.307971
13.725327
12.053995
-0.149498
0.673990
1.370882
1.740056
2.189121
3.159103
4.614229
3.345187
-8.059915
-7.904403
-5.242747
-3.330886
-2.902265
-3.557785
-3.947925
-4.330745
-4.169127
-3.672853
-2.969817
-2.770728
-1.848632
4.712305
10.524174
13.894370
12.125552
0.021888
0.831808
1.510401
1.870078
2.268331
3.251363
4.650251
3.470857
-8.251651
-7.795344
-5.053696
-3.118727
-2.789221
-3.475986
-3.787988
-4.158925
-4.043994
-3.689943
-3.003597
-2.796494
-1.812465
4.322700
10.313817
13.519347
11.428388
-0.508290
0.401184
1.173698
1.612755
2.049331
3.039557
4.324867
2.819502
-9.505723
-7.484745
-3.768074
-1.900108
-1.886291
-2.966897
-3.986482
-4.239959
-4.191561
-3.755451
-2.649620
-2.332020
-1.720146
3.159494
10.349391
14.026948
11.420373
-0.624012
0.220332
1.022596
1.645294
2.166440
3.106117
4.377221
2.866553
-8.250093
-7.988334
-5.292654
-3.024018
-2.410564
-3.200663
-3.848638
-4.098562
-4.154749
-4.088542
-3.408444
-2.874732
-2.027813
4.522544
10.072896
14.264273
12.525082
-0.045101
0.772837
1.444318
1.882292
2.357986
3.269960
4.605495
3.296532
-8.428275
-7.775247
-4.920192
-2.895827
-2.447294
-3.224560
-3.859986
-4.228933
-4.107340
-3.697721
-3.043696
-2.721135
-1.845427
3.841799
10.442196
13.800164
11.657931
-0.289904
0.517230
1.272021
1.801681
2.278440
3.184376
4.579640
3.202994
-8.458761
-7.917048
-5.014565
-2.878916
-2.613453
-3.376161
-4.070189
-4.561594
-4.316093
-3.814020
-3.006331
-2.619611
-2.116854
3.301841
10.075584
14.226526
12.371336
-0.096059
0.737866
1.393780
1.885422
2.382119
3.293270
4.705660
3.435943
-8.425258
-7.926243
-5.072494
-2.948379
-2.789727
-3.469067
-3.889330
-4.240600
-4.081347
-3.798032
-3.068184
-2.763619
-2.009480
3.520878
10.268338
13.969931
11.861124
-0.583722
0.312065
1.110744
1.661776
2.198882
3.131922
4.398857
3.033343
-8.255604
-7.600619
-4.805954
-2.758434
-2.434052
-3.283142
-3.909656
-4.337104
-4.191369
-3.867296
-3.140830
-2.614457
-1.915064
3.880312
10.294402
13.782814
11.901460
-0.310898
0.539453
1.353469
1.772731
2.284748
3.203344
4.597682
3.267376
-8.595970
-7.852667
-4.841397
-2.646971
-2.214710
-3.099381
-3.898868
-4.285059
-4.081453
-3.735878
-3.087819
-2.674020
-2.199364
3.112375
9.427614
14.158935
11.802845
-0.660872
0.195934
1.035407
1.592043
2.138380
3.058155
4.231212
7.884321
-8.197450
-8.246224
-5.428011
-3.099153
-2.901209
-3.748607
-4.166446
-4.365580
-3.995141
-3.755017
-2.822951
-2.319589
-1.792033
3.536983
10.132111
14.247507
12.187435
-0.378385
0.467784
1.297312
1.759968
2.219340
3.185861
4.316683
8.239879
-9.162462
-8.415098
-4.819655
-2.256671
-1.866923
-2.878677
-3.914837
-4.267906
-4.036560
-3.956000
-3.334015
-2.683903
-2.267143
2.317081
8.798718
14.229536
11.664452
-1.034842
-0.077171
0.771104
1.476859
2.064885
3.073729
4.177595
7.772789
-8.765736
-8.429263
-5.361639
-2.821284
-2.483211
-3.656434
-4.435914
-4.686154
-4.224311
-4.051119
-3.161936
-2.433027
-2.158689
2.979608
9.668658
14.935076
12.894256
-0.370134
0.440074
1.246129
1.791785
2.275151
3.192374
4.366627
8.237801
-8.870131
-8.545295
-5.237991
-2.632652
-2.337843
-3.281259
-3.937132
-4.127641
-3.753369
-3.824472
-3.175554
-2.572390
-2.196773
2.391630
9.070402
14.526302
11.928119
-1.683986
-0.107548
0.811499
1.467264
2.085797
3.049853
4.179146
7.708769
-8.672870
-8.255480
-5.162482
-2.640725
-2.580039
-3.642950
-4.113370
-4.201760
-3.856284
-3.928239
-3.206584
-2.586175
-2.079889
2.835357
9.612016
14.499716
12.075008
-0.579205
0.456004
1.114068
1.615893
2.103324
3.132374
4.265101
8.035773
-9.878439
-8.792669
-4.718355
-1.806020
-1.428759
-0.167858
1.201540
2.022294
0.211362
-0.197512
0.342733
-0.795377
-0.480534
-0.931921
-1.111068
-0.760552
-0.261477
1.109909
1.466434
1.728645
1.926480
2.121741
2.358735
2.642359
3.014474
3.520737
4.305010
5.173133
6.373347
7.620019
8.648739
9.337911
10.029947
4.498331
0.370624
-9.066226
-12.961820
-11.366060
-7.543601
-4.237975
-2.740821
-1.523610
-1.166932
-1.537026
-1.875152
-0.226444
6.357740
11.241022
11.750153
8.744448
11.347731
3.690959
4.414158
5.717085
5.441545
5.624738
6.380937
7.611200
-9.187434
-11.350218
-10.649751
-8.467700
-7.438052
-6.769316
-4.961196
-3.569508
-3.097480
-4.504107
-4.813228
-3.902259
-2.961934
3.810685
10.508976
15.754185
-1.266073
0.232502
0.827929
1.190050
1.583750
1.876539
2.723620
3.954075
6.791582
-4.496943
-6.435879
-5.075980
-4.000438
-4.498692
-4.807219
-4.346152
-3.426936
-2.115103
-1.187789
-0.429449
-0.577004
-1.824199
2.319368
8.822530
13.978292
13.281301
0.236071
1.137808
1.829850
2.413789
2.775751
3.662807
5.132679
9.197115
-4.543606
-6.879946
-6.595909
-5.151962
-4.492348
-4.057901
-4.097534
-4.178788
-3.752745
-3.765425
-3.306869
-2.984243
-2.266045
2.545094
9.026236
14.116058
11.355285
-0.397748
0.703420
1.276804
1.826241
2.288527
3.230368
4.383809
8.232754
-7.543064
-7.593657
-5.456467
-3.534461
-3.537381
-4.296178
-4.704984
-4.775607
-4.078984
-3.532942
-2.294493
-1.882465
-1.602529
2.763990
10.251725
13.901851
11.559467
-0.630913
0.327041
1.179179
1.702066
2.037409
2.994585
4.246370
8.183364
-8.878300
-8.611157
-5.163523
-2.360449
-2.127789
-3.124193
-3.837494
-4.136962
-3.799370
-3.798526
-3.142828
-2.477852
-2.519481
1.273118
8.024020
14.841340
12.381728
-0.704890
0.406976
0.910445
1.688290
2.315874
3.304998
4.402907
7.874585
-9.225595
-8.329177
-4.848959
-2.116182
-1.692939
-3.032323
-4.410316
-4.672850
-4.281260
-4.102497
-3.193686
-2.600448
-2.060076
1.918839
8.978148
14.017716
12.006597
-0.848997
0.242294
1.064167
1.625659
2.089930
3.075915
4.296914
8.232564
-9.147642
-7.960767
-4.488184
-2.093856
-2.538334
-3.878046
-4.904522
-5.220548
-4.550655
-3.909725
-2.753743
-1.919203
-2.069372
1.474157
8.372779
14.817968
12.240708
-0.564559
0.441608
1.042626
1.704596
2.267488
3.209301
4.360738
7.963320
-8.749393
-8.407779
-5.222737
-2.539228
-2.191774
-3.312723
-4.449225
-4.747768
-4.278933
-3.887272
-2.800402
-2.209007
-2.147313
1.554510
8.692983
14.461565
12.865427
-0.319324
0.646722
1.226246
1.790919
2.335767
3.299691
4.463139
8.528449
-9.001213
-7.935226
-4.608838
-2.111424
-2.399166
-3.839714
-4.853694
-5.117982
-4.454640
-4.150001
-3.091814
-2.121718
-2.021452
1.447695
8.268845
14.806421
12.322511
-0.818938
0.277113
0.920566
1.632555
2.257783
3.212494
4.363387
7.957059
-8.740569
-8.101174
-4.953056
-2.375159
-2.269749
-3.414370
-4.518166
-4.790240
-4.473732
-4.001431
-2.831141
-2.116010
-2.155697
1.483353
8.702581
14.860318
12.917993
-0.367258
0.609582
1.227166
1.818564
2.409806
3.357964
4.501707
8.376300
-8.373321
-8.118046
-5.311274
-2.790652
-2.567217
-3.705395
-4.615074
-4.890108
-4.323213
-4.346361
-3.204716
-2.308317
-2.172994
1.835101
8.383042
14.806993
13.201203
-0.341430
0.686724
1.224192
1.853330
2.431573
3.402880
4.535853
8.317645
-8.480156
-7.747795
-4.710942
-2.333682
-2.462244
-3.670079
-4.775029
-5.178873
-4.628611
-4.094622
-2.898590
-2.067906
-1.963849
1.546440
8.749106
14.490386
11.880743
-0.999946
0.074269
0.892310
1.604187
2.139832
3.104228
4.320608
7.925478
-8.032658
-8.116241
-5.488285
-2.920660
-2.623817
-3.717088
-4.649238
-5.008362
-4.491719
-3.980551
-2.971971
-2.270537
-2.398021
1.942762
8.772351
15.244689
13.027987
-0.343495
0.670871
1.253353
1.884721
2.529700
3.381484
4.506594
8.133859
-7.165075
-7.608828
-5.572063
-3.340315
-2.949034
-3.670172
-4.518690
-4.948455
-4.429578
-3.996717
-2.958188
-2.197390
-2.086243
2.293920
8.932951
14.596909
12.260775
-0.465100
0.540406
1.220945
1.885838
2.480618
3.373164
4.569253
8.448169
-7.696134
-7.322786
-4.994014
-2.760549
-2.874928
-3.799165
-4.724699
-5.083779
-4.722322
-4.240744
-3.075934
-2.094606
-2.108260
1.744475
8.358771
14.781850
12.071375
-0.615111
0.368488
0.986597
1.783302
2.481573
3.357738
4.492083
8.246387
-7.873338
-8.032316
-5.533956
-2.954659
-2.569317
-3.548012
-4.577616
-4.997449
-4.557262
-4.102355
-3.030791
-2.176915
-2.179975
1.688203
8.258017
14.827726
12.721719
-0.346987
0.659899
1.269844
1.956745
2.534167
3.469407
4.562717
8.492322
-8.330024
-7.927394
-5.103804
-2.586376
-2.432599
-3.640073
-4.645409
-4.913190
-4.261565
-4.316470
-3.141565
-2.167595
-1.942290
1.585764
8.322666
14.266335
12.807714
-0.612055
0.438391
1.081479
1.877531
2.516579
3.433996
4.547686
8.591428
-8.118646
-7.734928
-5.157771
-2.769426
-2.653208
-3.767477
-4.810437
-5.152640
-4.453676
-4.323141
-3.234901
-2.180936
-2.041129
1.740859
8.112623
14.413679
12.250676
-0.908468
0.235862
0.988479
1.715601
2.353088
3.279020
4.448738
8.251319
-8.302295
-7.678683
-4.951298
-2.564914
-2.570658
-3.732552
-4.742178
-4.964488
-4.329520
-4.157932
-3.038035
-1.967664
-1.822369
1.377196
8.460885
13.720160
12.149787
-1.070911
0.063488
0.847619
1.562659
2.188101
3.160025
4.293269
7.581125
-7.452478
-8.615379
-5.698407
-2.842838
-2.688781
-3.893244
-4.773223
-4.737704
-3.886285
-3.932552
-3.004746
-2.026565
-1.756760
0.889761
8.078019
13.669853
12.331101
-1.131410
-0.071997
0.646392
1.474967
2.168434
3.142641
4.261212
7.161339
-8.358262
-9.110765
-5.335413
-2.014935
-1.560666
-2.983010
-4.579871
-4.795938
-4.040823
-4.078073
-3.012153
-2.037984
-1.793263
0.214289
9.320685
11.543126
13.154397
-0.899014
0.206086
0.809598
1.672807
2.406523
3.378844
4.473505
7.842026
-8.353127
-8.976936
-5.471091
-2.228074
-1.930698
-3.501915
-4.808415
-4.850207
-4.132094
-4.537046
-3.407680
-2.451821
-2.327502
0.282097
6.890682
13.803674
13.214796
-1.879434
-0.230217
0.422000
1.351359
2.098027
3.121232
4.121680
7.063975
-8.829938
-9.270129
-4.933858
-1.383058
-1.227268
-3.051512
-4.653712
-4.991575
-4.161668
-4.246099
-3.233484
-2.122572
-1.779651
0.385786
9.160753
10.612421
12.198105
-1.404388
-0.457675
0.338867
1.310626
2.039150
3.084158
4.183698
7.359540
-9.673304
-9.386821
-4.773744
-1.041742
-0.991476
-3.081734
-4.719909
-4.784635
-3.989991
-4.151083
-3.426710
-2.672222
-2.236639
-0.816364
7.218769
11.446969
11.614965
11.520164
-0.759591
-0.075129
0.974181
1.818581
2.963284
3.921918
6.614239
-10.337749
-10.179262
-4.609148
-0.257630
0.232208
-1.939638
-4.346750
-4.794862
-4.052646
-4.281335
-2.923692
-2.223378
-2.118795
-0.359260
6.704754
9.697359
11.381869
10.704000
0.046342
0.438278
1.339630
2.112134
3.048506
4.050929
6.957885
-11.221929
-10.283221
-4.105076
0.170251
-0.105516
-2.719797
-5.301733
-5.725707
-4.626480
-4.155240
-2.898247
-2.041476
-1.825544
-0.723946
5.782497
9.814394
10.992849
9.813861
-0.600430
-0.075515
0.843642
1.684420
2.809740
3.787474
6.434371
-11.077772
-10.850096
-4.625054
-0.031620
0.656485
-1.684017
-4.442844
-4.846577
-4.177209
-4.030774
-2.935973
-2.258603
-2.171734
-0.980333
5.063419
12.266652
9.127514
11.390549
-0.246371
0.282556
1.127626
2.029535
3.035074
4.042938
7.021376
-11.193849
-10.410753
-4.423569
-0.142042
-0.495412
-3.146356
-5.392244
-5.527318
-4.468508
-4.210639
-3.234326
-2.461711
-1.960393
-0.752922
6.296159
9.889433
11.738691
10.490763
-0.626018
-0.205064
0.803399
1.666971
2.778934
3.791009
6.552148
-10.982606
-10.515714
-4.494243
0.001447
0.541073
-0.181180
1.026082
1.845081
0.100860
-0.358530
-0.024769
-0.657808
-0.556755
-1.010185
-1.017842
-0.568430
-0.080931
0.687207
0.720962
1.304098
1.514307
1.663443
1.825571
2.043097
2.332484
2.718976
3.199142
3.859970
4.718181
5.614827
6.580968
7.594725
8.755191
10.210548
11.424147
12.364753
13.657801
0.851223
-4.130307
-9.090589
-12.712554
-11.125413
-10.742863
-9.000264
-6.306914
-2.730957
-1.079303
-1.898943
-1.445030
-2.939315
1.045368
7.643128
11.117522
7.613145
6.552283
6.467843
13.593907
-0.925248
0.265130
1.730644
3.151000
5.387522
-8.952924
-14.610485
-8.146250
-1.481493
0.897067
0.085763
-0.758322
-3.474515
-4.529669
-4.891484
-5.908442
-5.553974
-4.906233
-3.298306
1.467781
8.346704
11.651316
9.849564
-1.202247
-0.271507
0.706039
1.352133
2.514861
3.596559
6.131094
-7.253381
-10.490392
-5.402107
-1.536126
-3.070787
-4.514400
-6.331787
-6.127670
-4.151107
-3.157814
-0.951026
0.830721
1.049160
0.480828
3.377072
8.489725
9.435883
12.036835
12.709326
1.629063
2.576751
2.649317
3.213872
4.304089
7.858970
-8.074208
-10.001462
-4.999140
-2.121247
-2.439487
-3.317029
-5.526986
-7.098567
-6.101348
-4.487571
-2.662211
-1.758432
-2.066890
-2.642344
2.060137
8.616958
11.090957
9.571117
-2.085915
-1.716018
-0.584716
0.369419
1.479301
2.667405
4.378698
-5.045842
-8.554385
-5.583055
-2.301749
-2.243201
-2.915774
-3.945647
-3.975584
-3.410672
-2.871000
-1.793123
-1.227487
-1.741339
-1.416067
6.450701
10.651536
13.132294
-0.732193
0.786018
1.497956
2.174505
2.594205
3.424521
4.581586
7.585870
-1.806175
-6.730497
-6.285165
-4.486680
-3.931261
-4.307997
-4.778217
-4.766483
-4.107850
-3.426266
-2.793172
-2.291112
-2.207861
-0.810119
5.089184
12.873824
12.277258
-2.191875
-1.058086
-0.059054
1.016379
2.015334
2.812676
3.896054
5.948003
-2.684924
-7.359986
-6.633291
-4.435878
-3.105726
-3.334766
-4.135892
-4.252445
-4.182138
-4.004011
-3.297031
-2.666784
-2.524818
-0.307191
6.242374
13.379297
13.392259
-0.565267
1.003492
1.626847
2.321100
2.862307
3.703824
4.817155
7.760162
-0.994296
-5.971016
-6.743453
-5.795681
-4.953964
-5.007810
-5.608087
-5.562765
-4.830398
-4.255241
-3.562043
-2.580637
-2.039810
0.102078
7.290980
13.383121
12.562039
-1.355447
0.009568
0.841039
1.635863
2.310862
3.106655
4.265832
6.656993
-1.631086
-6.607592
-6.757549
-5.181391
-4.187356
-4.455111
-5.107364
-4.965787
-4.450725
-4.260436
-3.503170
-2.493966
-1.965511
-0.072732
6.876142
13.585841
13.400687
-0.978247
0.402061
1.029541
1.778808
2.464173
3.349182
4.433870
6.965819
-1.491878
-6.265007
-6.453116
-5.039941
-4.119982
-4.342827
-5.214150
-5.149848
-4.494763
-4.224146
-3.385067
-2.248714
-1.746669
0.251755
7.348531
13.403166
12.742204
-1.086593
0.237493
0.930996
1.756328
2.504495
3.377426
4.426463
7.081941
-1.870101
-6.779089
-6.513882
-4.637355
-3.766760
-4.752074
-5.522645
-5.227399
-4.672301
-4.210015
-3.323787
-2.287087
-1.794273
-0.461460
5.206213
14.331772
13.103140
-1.809523
-0.394061
0.328378
1.263707
2.049561
2.953011
3.959383
6.361591
-4.194813
-8.213906
-6.050457
-3.133151
-2.412796
-3.501462
-5.466533
-5.773716
-5.116541
-4.173390
-2.515029
-1.296252
-1.085879
-0.728480
7.253457
12.046686
13.242086
-0.971695
0.359653
0.939895
1.702610
2.411740
3.315071
4.408340
7.145393
-4.259816
-8.163607
-5.932972
-3.034658
-2.185638
-3.530557
-5.316349
-5.723255
-5.101873
-4.461254
-3.357584
-2.283848
-1.511353
-0.933161
7.796428
12.355535
13.671879
-1.157626
0.227706
0.773471
1.680715
2.472733
3.373213
4.463452
6.984897
-3.061863
-7.745744
-6.565224
-4.165080
-2.860497
-3.719817
-5.360263
-5.652390
-5.033803
-4.476126
-3.401975
-2.352144
-1.856657
-0.521115
8.700398
12.011981
12.811462
-1.322189
0.153493
0.791909
1.627936
2.408327
3.339073
4.426607
6.910616
-3.477813
-7.675231
-5.989908
-3.464723
-2.648305
-3.853827
-5.621359
-6.055656
-5.477199
-4.805094
-3.511467
-2.186217
-1.392573
-0.536670
8.400887
12.095996
12.975853
-1.159739
0.183739
0.792757
1.729172
2.617321
3.423212
4.495080
7.016273
-2.787367
-7.975391
-6.581766
-4.133830
-2.996811
-3.986984
-5.529411
-5.879907
-5.336728
-4.721427
-3.452847
-2.079638
-1.267252
-0.682384
8.152316
11.949454
13.592495
-1.021056
0.370951
0.875063
1.702003
2.527618
3.421903
4.451520
7.178345
-3.101794
-7.675640
-6.353402
-3.901264
-2.881171
-4.399068
-5.816010
-5.725331
-4.769616
-4.297307
-3.115061
-1.745104
-0.851103
-0.474082
6.993389
11.549458
12.776889
-1.695859
-0.156831
0.513964
1.454002
2.338615
3.291689
4.240592
6.904277
-4.731578
-8.985157
-6.077910
-2.661234
-1.444397
-2.729899
-4.935760
-5.605121
-5.101705
-4.378934
-3.059352
-2.055781
-1.569725
-1.296549
5.633088
11.388490
13.630595
-1.101776
-0.452598
0.261082
1.230266
2.170005
3.160080
4.127904
6.519562
-4.462028
-8.919561
-6.177454
-2.929883
-1.728357
-3.032833
-5.348890
-6.155270
-5.236916
-4.540647
-3.092675
-1.828799
-1.336758
-0.691620
6.998800
10.679379
14.496449
-1.308439
0.162315
0.772013
1.708543
2.625894
3.511255
4.553973
7.355690
-3.368915
-7.533051
-6.175688
-3.819739
-2.790527
-3.972974
-5.772701
-6.258677
-5.361619
-4.699104
-3.643144
-2.581110
-1.874004
-0.890501
5.198266
13.592295
14.269403
-1.563020
-0.005573
0.646233
1.560519
2.446961
3.390383
4.474086
6.784372
-3.147359
-7.914566
-6.098809
-3.721638
-2.515937
-3.344701
-5.221443
-5.690431
-4.946507
-4.528606
-3.497041
-2.365382
-1.721160
-0.497585
7.892975
11.396403
13.140128
-1.531992
-0.060552
0.698097
1.635449
2.503361
3.407069
4.515893
6.881667
1.076654
-7.101791
-6.764301
-5.034408
-3.974269
-5.162621
-6.332039
-6.009095
-5.102793
-4.677873
-3.778137
-2.664034
-1.774405
-1.123849
7.856789
11.601283
13.663709
-1.846160
-0.362410
0.277555
1.204115
2.089235
3.062501
4.020257
6.129910
-0.497663
-8.625741
-6.581664
-3.555756
-2.244995
-3.269694
-5.303616
-5.680718
-4.823138
-4.176740
-2.890707
-1.783035
-1.247637
-0.583529
6.782435
11.509972
13.174762
-1.788457
-0.314279
0.425341
1.454369
2.375327
3.279702
4.335846
6.666752
0.000906
-7.882413
-6.782396
-4.315199
-3.072438
-4.190828
-5.969324
-6.324217
-5.580221
-4.714171
-3.478943
-2.281554
-1.428571
-1.244875
7.092629
11.404986
14.188582
-1.709853
-0.163308
0.439185
1.302993
2.269246
3.165874
4.202912
6.270799
0.039977
-8.190928
-6.802876
-4.134307
-2.914183
-3.910807
-5.944635
-6.263023
-5.232903
-4.171703
-2.626791
-1.432995
-0.742739
-0.603561
6.470151
11.077423
14.470612
-1.759990
-0.297381
0.370359
1.344025
2.308836
3.154845
4.255930
6.600495
0.264662
-8.045563
-6.854353
-4.230893
-3.054113
-4.370443
-6.216236
-6.617419
-5.717267
-4.697872
-3.381263
-2.210464
-1.220058
-1.494034
6.856557
11.263693
14.996266
-1.355614
0.362553
0.866075
1.459514
2.260414
3.252917
4.384342
6.567738
-0.452859
-9.106496
-7.003291
-3.617666
-2.022322
-3.409505
-5.586122
-6.035018
-5.284081
-4.168765
-2.831083
-1.669515
-0.855087
-0.897263
5.024688
9.466059
13.763772
11.342692
-0.707809
0.149609
1.026477
1.967608
2.904615
4.041533
6.189322
-1.412153
-9.666013
-6.823048
-2.852649
-1.318254
-2.888443
-5.385246
-6.225964
-5.585341
-4.338786
-3.051310
-2.050486
-1.310362
-1.454748
4.766238
10.201812
14.778306
-1.555378
-0.415191
0.403829
1.132593
2.104901
3.129694
4.200729
6.429926
-0.383247
-8.813188
-7.054272
-3.712865
-2.006121
-3.298294
-5.536595
-6.202754
-5.650938
-4.591169
-3.217821
-2.128569
-1.253914
-1.452348
5.251092
10.813232
15.423434
-1.676441
0.100299
0.732901
1.434709
2.287536
3.295187
4.421873
6.706118
0.303909
-8.179591
-6.927933
-4.078154
-2.608032
-0.179183
1.033936
1.807938
-0.013436
-0.438284
-0.146073
-0.660774
-0.387090
-1.015433
-1.197545
-1.302288
-0.835584
0.818926
0.517331
0.834379
1.782778
2.423592
3.523830
4.580342
5.259571
6.107473
6.712313
6.926531
4.771402
-4.334877
-10.700348
-12.674944
-12.627147
-7.486687
-1.148355
2.737021
3.979617
8.324467
7.171623
10.135077
9.715775
5.527254
2.109057
3.153071
3.300087
2.920276
2.896427
4.375677
5.479337
5.123624
5.250371
7.277147
8.556194
-11.589983
-9.615479
-2.860783
-0.375199
-2.044122
-4.378818
-5.131231
-5.367960
-5.691134
-4.655739
-1.659992
4.646481
16.013779
12.162956
5.653269
-1.566372
0.208387
0.754750
1.517088
2.405768
2.748180
3.876449
6.872778
11.401334
-4.597388
-7.350574
-7.375996
-6.910758
-9.380256
-9.695150
-8.153276
-6.799395
-6.486830
-5.840378
-4.101748
-1.925038
-1.272692
9.116706
12.540529
-2.745533
0.030655
1.487638
1.628538
1.644472
2.361049
3.299652
4.246009
5.985835
6.336996
-6.733595
-8.331151
-5.143940
-4.087478
-5.075287
-6.918868
-7.665426
-5.310167
-2.576267
0.141771
1.818652
1.306516
0.519778
3.914443
8.772408
11.529124
10.353469
9.719182
0.451643
1.799646
2.698471
3.134511
4.306269
6.957716
6.008333
-5.839042
-6.280086
-5.838138
-4.958381
-5.762172
-6.953660
-7.558097
-7.103536
-5.460350
