-0.001443
-0.007878
-0.015810
-0.014282
-0.016788
-0.036145
-0.076885
-0.136873
-0.201366
-0.240015
-0.242138
-0.223168
-0.198870
-0.180884
-0.170503
-0.163596
-0.157464
-0.150839
-0.141898
-0.129625
-0.113611
-0.094199
-0.077132
-0.064145
-0.056674
-0.055893
-0.060356
-0.068189
-0.074590
-0.074010
-0.079231
-0.113463
-0.133981
-0.125423
-0.097222
-0.049466
0.025211
0.112868
0.172206
0.174469
0.152221
0.134737
0.142253
0.159623
0.168953
0.154981
0.142661
0.149621
0.189341
0.239648
0.252843
0.218951
0.164092
0.078490
-0.010358
-0.050488
-0.052438
-0.048330
-0.035357
-0.015205
0.011531
0.043102
0.086364
0.111459
0.121141
0.098807
0.059038
0.048943
0.031919
0.010720
0.001108
-0.008331
-0.034063
-0.058425
-0.065397
-0.082880
-0.119624
-0.181395
-0.255805
-0.326701
-0.388794
-0.321535
-0.307601
-0.334460
-0.361272
-0.376707
-0.385810
-0.409725
-0.435706
-0.466437
-0.486364
-0.476950
-0.420161
-0.320371
-0.248842
-0.190112
-0.173326
-0.220262
-0.298497
-0.407431
-0.511699
-0.611898
-0.709336
-0.791761
-0.854224
-0.900402
-0.919587
-0.918974
-0.880678
-0.856197
-0.834413
-0.812264
-0.790612
-0.775850
-0.766496
-0.754486
-0.707530
-0.660831
-0.653462
-0.639496
-0.633428
-0.643737
-0.657515
-0.658826
-0.663430
-0.673069
-0.680928
-0.684933
-0.684417
-0.694090
-0.705267
-0.712162
-0.706173
-0.706343
-0.699428
-0.679282
-0.674361
-0.668566
-0.657911
-0.646210
-0.634919
-0.619016
-0.591567
-0.524592
-0.469486
-0.439374
-0.418126
-0.401407
-0.385105
-0.361139
-0.318445
-0.266888
-0.210089
-0.150569
-0.100192
-0.060595
-0.038431
-0.015120
0.001437
0.023226
0.043273
0.057486
0.065654
0.049695
0.020504
-0.019516
-0.059900
-0.081051
-0.098729
-0.092383
-0.085641
-0.077993
-0.055923
-0.026077
0.017141
0.063464
0.096570
0.108773
0.116886
0.109714
0.079041
0.038089
0.001333
-0.030664
-0.048126
-0.046657
-0.040156
-0.037765
-0.044509
-0.056637
-0.074219
-0.101121
-0.113105
-0.119127
-0.112753
-0.107688
-0.094677
-0.059665
-0.015832
0.027938
0.066449
0.092618
0.095138
0.096340
0.091111
0.069004
0.055017
0.045145
0.036671
0.036071
0.048271
0.067678
0.081976
0.070552
0.047769
0.012871
-0.026754
-0.044365
-0.057815
-0.065350
-0.070476
-0.060702
-0.025577
0.019305
0.062424
0.097339
0.085178
0.053205
0.035205
0.026988
0.025271
0.038533
0.034254
0.028833
0.033040
0.043522
0.056492
0.064812
0.047273
0.020402
-0.014714
-0.053744
-0.072500
-0.087821
-0.104444
-0.121728
-0.125494
-0.100144
-0.060383
-0.023680
0.004272
0.005416
-0.018847
-0.031182
-0.031327
-0.023372
-0.001087
0.006443
0.007711
0.018724
0.039216
0.066345
0.087358
0.081222
0.064177
0.038216
0.008201
-0.000955
-0.006818
-0.018122
-0.029639
-0.034984
-0.005319
0.038730
0.079576
0.106328
0.083022
0.021875
-0.021724
-0.045636
-0.056762
-0.049052
-0.040137
-0.043473
-0.044104
-0.035675
-0.022886
-0.014767
-0.032093
-0.053304
-0.075339
-0.105201
-0.121454
-0.137048
-0.151222
-0.164609
-0.171455
-0.147487
-0.109651
-0.076504
-0.053016
-0.036387
-0.042950
-0.046451
-0.038815
-0.028332
-0.002264
0.010459
0.019095
0.037338
0.063380
0.095368
0.123043
0.124212
0.113959
0.096494
0.070045
0.065418
0.063714
0.056461
0.049735
0.047911
0.076859
0.122038
0.164316
0.181740
0.144983
0.077739
0.030141
0.000063
-0.019505
-0.018285
-0.017450
-0.025823
-0.027680
-0.020130
-0.008659
-0.000688
-0.017503
-0.038698
-0.061296
-0.096733
-0.116620
-0.134238
-0.148440
-0.162394
-0.171164
-0.147708
-0.110110
-0.078189
-0.057714
-0.041815
-0.046467
-0.051008
-0.039871
-0.019879
0.013675
0.033990
0.050915
0.075256
0.107378
0.142577
0.174152
0.180893
0.177528
0.166896
0.146474
0.147318
0.148015
0.141621
0.136991
0.133403
0.154879
0.195974
0.236628
0.225944
0.169121
0.097294
0.042601
-0.000793
-0.041682
-0.057869
-0.061353
-0.071141
-0.074989
-0.069219
-0.061075
-0.055576
-0.072371
-0.090839
-0.110913
-0.147997
-0.177955
-0.204516
-0.220391
-0.237161
-0.241169
-0.219483
-0.184572
-0.154018
-0.135221
-0.116581
-0.105493
-0.101188
-0.083970
-0.068088
-0.041553
-0.018757
0.003784
0.034364
0.072633
0.113353
0.149765
0.160488
0.160604
0.153523
0.137651
0.144169
0.152029
0.152599
0.153978
0.154930
0.182271
0.231399
0.278050
0.264946
0.206467
0.138125
0.089922
0.053743
0.020853
0.011410
0.005459
-0.004524
-0.005160
0.004780
0.016421
0.028392
0.016897
-0.002112
-0.028054
-0.068621
-0.101982
-0.124996
-0.137725
-0.149227
-0.154341
-0.125720
-0.084906
-0.053544
-0.038078
-0.023670
-0.015345
-0.013618
-0.002921
0.005070
0.023627
0.048107
0.073890
0.103674
0.136097
0.173085
0.206191
0.214013
0.210611
0.197351
0.174461
0.172871
0.175842
0.178334
0.180600
0.177516
0.207150
0.254853
0.299901
0.280853
0.214286
0.136933
0.079600
0.035475
-0.001508
-0.016748
-0.024860
-0.034382
-0.038565
-0.028990
-0.017974
-0.007274
-0.020834
-0.038677
-0.059057
-0.095168
-0.126017
-0.139331
-0.149778
-0.158621
-0.163632
-0.132183
-0.089489
-0.053096
-0.034443
-0.017737
-0.008173
-0.004432
0.007102
0.010535
0.026024
0.057455
0.086584
0.116371
0.143468
0.169585
0.189556
0.186237
0.173233
0.150857
0.118379
0.106336
0.097045
0.092299
0.088077
0.084440
0.115516
0.160946
0.206493
0.196675
0.136994
0.062436
0.009999
-0.024361
-0.051801
-0.058765
-0.058201
-0.059228
-0.059474
-0.049975
-0.039155
-0.029458
-0.043669
-0.059116
-0.072509
-0.100016
-0.111883
-0.109592
-0.109553
-0.108746
-0.108924
-0.080950
-0.037668
0.001947
0.026078
0.042081
0.022081
0.016069
0.021458
0.025739
0.048005
0.062054
0.077000
0.099675
0.128887
0.169556
0.207196
0.220094
0.222388
0.217346
0.200544
0.204377
0.210917
0.208545
0.205578
0.204107
0.217666
0.259346
0.303032
0.287399
0.222978
0.149430
0.096092
0.053730
0.012536
-0.007296
-0.016881
-0.029743
-0.040152
-0.036754
-0.034743
-0.035136
-0.059952
-0.091635
-0.128593
-0.175324
-0.217410
-0.245157
-0.262462
-0.279729
-0.289602
-0.266218
-0.230293
-0.199198
-0.186618
-0.175100
-0.158907
-0.152353
-0.144344
-0.140565
-0.118313
-0.073611
-0.039051
-0.001886
0.044634
0.104087
0.156714
0.180947
0.192235
0.194803
0.186799
0.201088
0.221568
0.234231
0.247092
0.263098
0.282883
0.332660
0.390191
0.396137
0.354731
0.302405
0.262268
0.239556
0.210083
0.182857
0.158691
0.138034
0.125355
0.128544
0.133830
0.137689
0.121194
0.099379
0.072256
0.032215
-0.004901
-0.037255
-0.052266
-0.063985
-0.054178
-0.016833
0.037071
0.080914
0.093390
0.093745
0.043012
0.004965
-0.008964
-0.020364
-0.001524
0.032727
0.060963
0.082660
0.109263
0.144471
0.181551
0.195601
0.199394
0.195044
0.176423
0.167204
0.157524
0.153474
0.154924
0.151867
0.160253
0.189233
0.216931
0.230646
0.206060
0.163682
0.136917
0.114432
0.082419
0.067195
0.055242
0.044492
0.045976
0.059999
0.082035
0.101924
0.095848
0.077615
0.051226
0.012495
-0.006947
-0.021122
-0.031050
-0.041517
-0.053896
-0.031889
0.008044
0.039215
0.051636
0.061149
0.050788
0.040499
0.038287
0.030926
0.040907
0.055979
0.065664
0.080474
0.102606
0.129817
0.157346
0.160768
0.152953
0.136194
0.107487
0.098843
0.097027
0.094475
0.091260
0.086313
0.112822
0.155187
0.195289
0.212750
0.178252
0.109227
0.053953
0.022575
-0.006284
-0.012086
-0.006659
-0.011243
-0.017555
-0.008859
0.006035
0.018494
0.004817
-0.019638
-0.048946
-0.092122
-0.117747
-0.135608
-0.149280
-0.160177
-0.167370
-0.140886
-0.100942
-0.068073
-0.051780
-0.037278
-0.031328
-0.033404
-0.030412
-0.036459
-0.026208
-0.009512
0.003280
0.025392
0.056766
0.102712
0.147980
0.168120
0.172073
0.166467
0.148269
0.151088
0.160598
0.162939
0.164795
0.168817
0.188600
0.233220
0.276340
0.260283
0.191096
0.109408
0.000818
0.006957
0.007704
0.004667
0.007348
-0.006883
-0.040676
-0.093798
-0.150953
-0.181132
-0.180292
-0.161234
-0.135806
-0.113666
-0.100237
-0.090931
-0.080166
-0.066785
-0.052248
-0.038334
-0.025572
-0.013969
-0.003833
0.008283
0.021707
0.030684
0.034553
0.038895
0.031184
0.028285
0.034826
0.048518
0.078913
0.115997
0.146150
0.165291
0.178026
0.183663
0.197151
0.202995
0.200111
0.185187
0.185057
0.201885
0.229844
0.266420
0.304645
0.337711
0.345235
0.355270
0.361841
0.357118
0.357087
0.340495
0.321399
0.308236
0.295981
0.289593
0.309694
0.328087
0.302149
0.236133
0.153368
0.096502
0.056937
0.030751
0.026683
0.030271
0.016403
-0.002136
-0.009049
-0.009843
-0.010642
-0.029576
-0.048879
-0.060966
-0.074026
-0.078284
-0.076625
-0.078397
-0.084603
-0.091293
-0.070525
-0.040381
-0.023863
-0.024421
-0.042580
-0.073873
-0.093381
-0.103344
-0.103998
-0.087423
-0.056047
-0.039481
-0.027468
-0.004462
0.023172
0.045893
0.042806
0.031704
0.013997
-0.008272
-0.009434
-0.013618
-0.018957
-0.022195
-0.023752
-0.008991
0.024026
0.064037
0.092242
0.101281
0.096391
0.094737
0.089890
0.085620
0.084348
0.069760
0.059232
0.061116
0.072863
0.086974
0.095216
0.081079
0.055047
0.019221
-0.020735
-0.041168
-0.055232
-0.062176
-0.067987
-0.053766
-0.013819
0.037175
0.089834
0.127928
0.137426
0.130455
0.128383
0.126585
0.128494
0.126187
0.114918
0.109428
0.112482
0.119703
0.129551
0.132115
0.112221
0.084893
0.047469
0.007405
-0.011153
-0.025431
-0.042085
-0.059346
-0.053330
-0.019560
0.024510
0.072748
0.105351
0.090309
0.058537
0.040686
0.027226
0.019251
0.015569
0.001473
-0.011449
-0.016201
-0.014216
-0.010191
-0.013296
-0.034232
-0.051857
-0.070239
-0.100554
-0.120046
-0.133930
-0.148612
-0.163311
-0.165869
-0.139862
-0.104775
-0.068586
-0.037206
-0.024953
-0.036152
-0.043220
-0.039940
-0.032354
-0.027697
-0.036140
-0.042190
-0.036997
-0.024191
-0.014578
-0.013774
-0.037828
-0.060639
-0.083699
-0.113395
-0.128188
-0.136585
-0.148957
-0.163182
-0.156997
-0.124369
-0.081000
-0.034987
0.002921
0.012220
0.002365
-0.000403
0.006128
0.016695
0.027618
0.021950
0.017244
0.019737
0.028807
0.041328
0.044588
0.021809
-0.003769
-0.032440
-0.067697
-0.085550
-0.100388
-0.114747
-0.124065
-0.118361
-0.084964
-0.041469
0.002579
0.040343
0.051898
0.043931
0.039375
0.040386
0.044748
0.049291
0.039699
0.032357
0.034672
0.044453
0.057107
0.060539
0.038824
0.012749
-0.021662
-0.061298
-0.080302
-0.094246
-0.107104
-0.118516
-0.107338
-0.069706
-0.021919
0.025200
0.065192
0.057463
0.027044
0.011504
0.006340
0.002593
-0.006436
-0.015834
-0.027910
-0.038627
-0.045913
-0.053812
-0.069653
-0.099292
-0.124440
-0.147169
-0.176976
-0.200014
-0.219836
-0.237229
-0.253755
-0.256697
-0.236877
-0.206761
-0.176420
-0.150297
-0.133325
-0.141814
-0.147477
-0.144430
-0.139001
-0.132531
-0.140020
-0.148064
-0.143069
-0.130889
-0.115968
-0.108067
-0.117652
-0.123092
-0.125683
-0.138335
-0.137367
-0.136421
-0.143466
-0.149428
-0.143022
-0.109747
-0.064522
-0.017362
0.021904
0.036489
0.034513
0.038682
0.046434
0.053638
0.071111
0.069582
0.064351
0.067088
0.078564
0.097081
0.106973
0.092451
0.070263
0.038993
0.004629
-0.008964
-0.021103
-0.036558
-0.048557
-0.048269
-0.017374
0.025105
0.066149
0.098713
0.101518
0.086832
0.076252
0.067086
0.059971
0.069450
0.066858
0.058593
0.058810
0.068500
0.085444
0.093412
0.076618
0.052210
0.019062
-0.018874
-0.036731
-0.048261
-0.059182
-0.068536
-0.062914
-0.025825
0.022089
0.067367
0.103361
0.110526
0.087885
0.074397
0.070664
0.073942
0.077142
0.069075
0.064757
0.067769
0.078803
0.093316
0.100078
0.083269
0.059201
0.026865
-0.009534
-0.025110
-0.034799
-0.047877
-0.065418
-0.059711
-0.024190
0.023409
0.069884
0.104322
0.089870
0.034905
0.000407
-0.017526
-0.023431
-0.018837
-0.015911
-0.022926
-0.027333
-0.021188
-0.010250
-0.002121
-0.016013
-0.032748
-0.050419
-0.078215
-0.094689
-0.109154
-0.125067
-0.139744
-0.151523
-0.134816
-0.104160
-0.076416
-0.056164
-0.044199
-0.056330
-0.064775
-0.062978
-0.055683
-0.040602
-0.042556
-0.045648
-0.035012
-0.016526
0.004968
0.021838
0.010297
-0.009135
-0.029079
-0.055499
-0.064830
-0.070038
-0.080838
-0.091918
-0.092886
-0.059997
-0.013491
0.029074
0.062384
0.060794
0.041996
0.034669
0.036882
0.044542
0.059660
0.066008
0.063365
0.064289
0.075091
0.090822
0.103759
0.091397
0.069112
0.038687
0.003333
-0.013127
-0.026616
-0.041485
-0.055446
-0.062885
-0.035892
0.002644
0.035195
0.057996
0.066373
0.051122
0.039327
0.035280
0.037008
0.051246
0.055869
0.053981
0.057124
0.069689
0.084832
0.096630
0.082974
0.059570
0.027928
-0.008636
-0.026136
-0.040035
-0.053820
-0.066325
-0.071003
-0.041858
-0.001750
0.033727
0.060565
0.066445
0.052421
0.042551
0.039795
0.041849
0.056049
0.056666
0.051420
0.054450
0.067196
0.082441
0.094359
0.080783
0.057512
0.026027
-0.010457
-0.027587
-0.039302
-0.054179
-0.069701
-0.077547
-0.050254
-0.010688
0.022044
0.042037
0.037307
-0.013314
-0.054219
-0.072480
-0.076373
-0.079114
-0.079717
-0.082327
-0.082378
-0.081105
-0.082270
-0.086495
-0.106147
-0.123745
-0.138089
-0.161590
-0.175933
-0.194482
-0.211450
-0.226552
-0.237811
-0.222397
-0.195323
-0.170061
-0.152129
-0.135605
-0.139385
-0.143430
-0.136674
-0.125908
-0.106131
-0.098117
-0.098875
-0.087573
-0.066550
-0.044317
-0.027687
-0.040998
-0.060012
-0.074457
-0.101348
-0.111926
-0.116690
-0.126373
-0.135729
-0.133315
-0.101873
-0.055618
-0.010370
0.028295
0.039292
0.023488
0.019850
0.026788
0.035239
0.051612
0.064259
0.064462
0.063084
0.070620
0.083426
0.093219
0.076610
0.049929
0.016632
-0.028043
-0.053018
-0.075527
-0.093426
-0.106446
-0.111847
-0.086196
-0.050909
-0.021001
-0.000047
0.013727
0.003893
-0.005065
-0.007332
-0.008793
0.002579
0.003428
-0.001969
0.003219
0.017781
0.035586
0.048701
0.034161
0.010347
-0.015101
-0.051912
-0.069728
-0.080685
-0.090732
-0.100491
-0.101714
-0.070509
-0.025316
0.012359
0.036364
0.029839
-0.005455
-0.021935
-0.023340
-0.021777
-0.027888
-0.032202
-0.037208
-0.041462
-0.043384
-0.049977
-0.062153
-0.094738
-0.128826
-0.159803
-0.200936
-0.226581
-0.252845
-0.273124
-0.291988
-0.301718
-0.286529
-0.258401
-0.231066
-0.212773
-0.193863
-0.191928
-0.194108
-0.189102
-0.181060
-0.163449
-0.151592
-0.150397
-0.138950
-0.118068
-0.094054
-0.076236
-0.088801
-0.106736
-0.119136
-0.144298
-0.152770
-0.154917
-0.158998
-0.163569
-0.151877
-0.115850
-0.063836
-0.012917
0.032029
0.048478
0.020379
0.007735
0.013880
0.025648
0.043195
0.060295
0.062752
0.057245
0.064692
0.078178
0.088096
0.071284
0.044188
0.011991
-0.031718
-0.057178
-0.080246
-0.102173
-0.123583
-0.139845
-0.125039
-0.097698
-0.074302
-0.061566
-0.051570
-0.060430
-0.070738
-0.071610
-0.068865
-0.053705
-0.042146
-0.043295
-0.038815
-0.022879
-0.000552
0.016097
0.002851
-0.021711
-0.047194
-0.084561
-0.103130
-0.113720
-0.123304
-0.133975
-0.130937
-0.099538
-0.052568
-0.007304
0.028621
0.053210
0.030769
0.011786
0.015283
0.028019
0.047759
0.071106
0.082923
0.085629
0.097706
0.112135
0.124466
0.111595
0.088270
0.057380
0.015164
-0.009062
-0.032662
-0.056047
-0.078442
-0.098724
-0.087217
-0.061375
-0.041744
-0.034986
-0.028688
-0.042606
-0.055842
-0.057929
-0.057485
-0.043153
-0.022047
-0.013210
-0.008935
0.004252
0.020459
0.031349
0.012905
-0.014460
-0.041836
-0.082207
-0.106162
-0.125105
-0.139512
-0.152835
-0.156911
-0.132111
-0.093541
-0.057494
-0.031024
-0.010956
-0.014434
0.000273
0.002784
0.004210
0.005586
0.009531
-0.008546
-0.048156
-0.105620
-0.162899
-0.190615
-0.179798
-0.147709
-0.107902
-0.073834
-0.047026
-0.031782
-0.029168
-0.036159
-0.050850
-0.071310
-0.087607
-0.076389
-0.048838
-0.015067
0.014270
0.033234
0.040323
0.044042
0.041850
0.022455
-0.011560
-0.044470
-0.073839
-0.091126
-0.089810
-0.076699
-0.060101
-0.045567
-0.035005
-0.031519
-0.043017
-0.045557
-0.042175
-0.040910
-0.043391
-0.042240
-0.027779
0.001045
0.035758
0.064266
0.083715
0.079143
0.070475
0.068099
0.057722
0.046324
0.033164
0.017623
0.008614
0.007933
0.014639
0.016906
0.000248
-0.020864
-0.047478
-0.086383
-0.107097
-0.120735
-0.124530
-0.119422
-0.095507
-0.054536
-0.001062
0.055796
0.106011
0.127838
0.127745
0.126706
0.131955
0.137347
0.139685
0.127695
0.115695
0.105484
0.103441
0.106244
0.104873
0.078902
0.043772
0.000316
-0.051419
-0.080474
-0.101144
-0.119401
-0.137221
-0.133815
-0.104373
-0.064820
-0.020736
0.019863
0.038455
0.033193
0.024122
0.021524
0.020701
0.022261
0.010762
0.000391
-0.003327
0.004078
0.009603
0.010235
-0.012387
-0.035656
-0.055393
-0.090564
-0.113537
-0.129119
-0.142152
-0.151523
-0.152485
-0.123905
-0.083651
-0.041575
-0.004441
0.017160
0.015192
0.009465
0.011989
0.017732
0.019928
0.009615
-0.001596
-0.003111
0.006623
0.014596
0.017407
-0.005570
-0.030992
-0.053135
-0.088232
-0.109148
-0.123191
-0.136796
-0.148305
-0.147818
-0.116554
-0.073838
-0.029824
0.008119
0.026262
0.022381
0.016564
0.019553
0.026193
0.035820
0.028749
0.019978
0.017372
0.024645
0.030455
0.035306
0.017492
-0.009233
-0.033578
-0.070810
-0.093204
-0.110832
-0.125530
-0.135708
-0.137317
-0.111796
-0.073892
-0.033512
0.002482
0.026408
0.022289
0.014321
0.016453
0.022502
0.034871
0.028040
0.020829
0.021431
0.032745
0.041450
0.048888
0.032283
0.006139
-0.017927
-0.054010
-0.075052
-0.090815
-0.107220
-0.121487
-0.126643
-0.100718
-0.062148
-0.022197
0.012488
0.033692
0.028801
0.020476
0.021719
0.027018
0.040740
0.035250
0.026524
0.026358
0.038967
0.050782
0.061670
0.048420
0.024065
-0.000035
-0.035781
-0.055182
-0.069519
-0.084529
-0.096488
-0.099282
-0.071811
-0.031222
0.010915
0.046890
0.068585
0.064275
0.057985
0.060781
0.067093
0.077853
0.070735
0.064341
0.064826
0.074485
0.083583
0.091662
0.076685
0.049741
0.016664
-0.026082
-0.049279
-0.068218
-0.085737
-0.099748
-0.105770
-0.080940
-0.043948
-0.005542
0.026783
0.045285
0.035509
0.023648
0.020989
0.021610
0.033692
0.030390
0.020913
0.018490
0.026058
0.032872
0.039135
0.023233
-0.001088
-0.022713
-0.057408
-0.078475
-0.094589
-0.110498
-0.124213
-0.131971
-0.109532
-0.073274
-0.037529
-0.009615
0.009537
0.003816
-0.005517
-0.005045
-0.000204
0.009480
0.003717
-0.003543
-0.003412
0.006527
0.015579
0.022064
0.004652
-0.021785
-0.044681
-0.079595
-0.100207
-0.116410
-0.131000
-0.142616
-0.144391
-0.116584
-0.076559
-0.035851
-0.001121
0.021110
0.017900
0.011441
0.014678
0.022104
0.038667
0.035182
0.028517
0.028456
0.037535
0.048105
0.058265
0.044297
0.020532
-0.000466
-0.034259
-0.053626
-0.068428
-0.083768
-0.095854
-0.102174
-0.081963
-0.046690
-0.011041
0.017487
0.036242
0.029576
0.019766
0.019323
0.022532
0.029240
0.021885
0.012879
0.010480
0.017665
0.023535
0.026438
0.006258
-0.022135
-0.047298
-0.084697
-0.108275
-0.128071
-0.144634
-0.157882
-0.161945
-0.135863
-0.097965
-0.060176
-0.028625
-0.008774
-0.015028
-0.024333
-0.023483
-0.018693
-0.003672
-0.006174
-0.013478
-0.014718
-0.006010
0.003148
0.011542
-0.001264
-0.021606
-0.037294
-0.067387
-0.085802
-0.098298
-0.111386
-0.122097
-0.127894
-0.108183
-0.073275
-0.036155
-0.004684
0.016900
0.014031
0.007561
0.010461
0.016585
0.028670
0.021990
0.013225
0.014743
0.026669
0.039032
0.050201
0.036768
0.012884
-0.007619
-0.042934
-0.064336
-0.079875
-0.093486
-0.103348
-0.104439
-0.076062
-0.034148
0.008886
0.044875
0.068393
0.051235
0.037116
0.038070
0.043213
0.056839
0.059975
0.053648
0.048809
0.054652
0.061159
0.067368
0.050273
0.023830
-0.000765
-0.040973
-0.068342
-0.090541
-0.110332
-0.125660
-0.135825
-0.114910
-0.080762
-0.047013
-0.021363
-0.002770
-0.007734
-0.018048
-0.019499
-0.018454
-0.006402
-0.008812
-0.016485
-0.014588
-0.000901
0.013350
0.026407
0.014235
-0.008790
-0.027682
-0.061744
-0.082280
-0.095749
-0.106749
-0.114806
-0.116570
-0.087231
-0.043819
0.000449
0.037242
0.062143
0.045346
0.031891
0.034099
0.040750
0.053330
0.057964
0.052782
0.047008
0.052418
0.058465
0.064332
0.047062
0.021003
-0.002387
-0.042153
-0.069751
-0.092541
-0.112231
-0.127329
-0.138397
-0.120095
-0.088150
-0.056481
-0.033302
-0.015411
-0.021778
-0.033783
-0.037540
-0.039187
-0.030835
-0.036744
-0.047619
-0.047289
-0.034879
-0.022597
-0.012145
-0.024450
-0.045452
-0.060833
-0.092797
-0.113284
-0.125152
-0.133799
-0.140211
-0.141260
-0.112265
-0.068096
-0.024588
0.007874
0.031715
0.027627
0.022644
0.029233
0.039376
0.041589
0.043467
0.043367
0.038289
0.037021
0.034335
0.027058
-0.000555
-0.033850
-0.063205
-0.110125
-0.145665
-0.174291
-0.193440
-0.202541
-0.202349
-0.179341
-0.146224
-0.110406
-0.080899
-0.056290
-0.056163
-0.063786
-0.063960
-0.063417
-0.057564
-0.064715
-0.074951
-0.079170
-0.068755
-0.057821
-0.049091
-0.061932
-0.081673
-0.094524
-0.118026
-0.132600
-0.140631
-0.147399
-0.151657
-0.147447
-0.117391
-0.073609
-0.024886
0.019538
0.051769
0.058280
0.061684
0.074357
0.088958
0.107245
0.105970
0.099195
0.093317
0.097288
0.102649
0.106385
0.087000
0.057295
0.028259
-0.016063
-0.046052
-0.071232
-0.095441
-0.114941
-0.127834
-0.111686
-0.081540
-0.050711
-0.028257
-0.010520
-0.016451
-0.028854
-0.033442
-0.036253
-0.030031
-0.034584
-0.043858
-0.048073
-0.039955
-0.031250
-0.025052
-0.041333
-0.064896
-0.082314
-0.114479
-0.137388
-0.153481
-0.164411
-0.171509
-0.169908
-0.140140
-0.097322
-0.052300
-0.014008
0.016345
0.015869
0.013807
0.024384
0.038959
0.060821
0.067921
0.068053
0.064582
0.070738
0.080270
0.089042
0.073482
0.046800
0.022048
-0.018063
-0.044890
-0.067444
-0.087782
-0.103047
-0.111405
-0.092471
-0.059930
-0.024968
0.003495
0.025147
0.022012
0.013990
0.014230
0.016476
0.026818
0.021559
0.011517
0.009172
0.019477
0.031733
0.042374
0.027676
0.001954
-0.020071
-0.057300
-0.080953
-0.098474
-0.111703
-0.120972
-0.122009
-0.091578
-0.047920
-0.002251
0.033749
0.061311
0.060456
0.057556
0.064337
0.073575
0.081987
0.081096
0.077583
0.072252
0.072410
0.073067
0.070064
0.043466
0.008375
-0.023659
-0.071238
-0.106199
-0.134138
-0.156669
-0.171365
-0.179578
-0.160780
-0.130454
-0.097990
-0.074084
-0.054304
-0.051422
-0.063273
-0.067101
-0.068905
-0.067623
-0.074110
-0.084470
-0.090524
-0.084161
-0.079051
-0.077939
-0.097357
-0.121904
-0.139735
-0.164796
-0.182090
-0.191577
-0.198770
-0.206978
-0.205703
-0.180212
-0.141183
-0.098741
-0.060921
-0.032462
-0.027585
-0.029532
-0.018661
-0.002323
0.021291
0.028135
0.028126
0.024464
0.030891
0.041265
0.050676
0.034444
0.008887
-0.010817
-0.047698
-0.073112
-0.092599
-0.111861
-0.125869
-0.132868
-0.116987
-0.085742
-0.052235
-0.026597
-0.004722
-0.005296
-0.016767
-0.017575
-0.014708
-0.008976
-0.013982
-0.024127
-0.030554
-0.024826
-0.018868
-0.016961
-0.038680
-0.067696
-0.090711
-0.124463
-0.149385
-0.168616
-0.182407
-0.192173
-0.192586
-0.166208
-0.126733
-0.086753
-0.054738
-0.027449
-0.023645
0.000327
0.004676
0.008136
0.007421
0.007317
-0.014462
-0.053969
-0.108101
-0.158085
-0.174541
-0.158154
-0.129095
-0.094928
-0.065415
-0.043456
-0.033018
-0.033230
-0.042819
-0.060261
-0.081923
-0.099532
-0.091136
-0.067095
-0.040757
-0.014356
0.004075
0.012797
0.023997
0.029298
0.017858
-0.008092
-0.037175
-0.065954
-0.080225
-0.079327
-0.068147
-0.056129
-0.051408
-0.050748
-0.055891
-0.073799
-0.078210
-0.077117
-0.077161
-0.084436
-0.087915
-0.068841
-0.033326
0.009060
0.049120
0.075108
0.082058
0.087116
0.092626
0.095312
0.093369
0.082639
0.073263
0.073714
0.083282
0.103667
0.120884
0.113137
0.091820
0.060844
0.026310
0.012280
0.004520
-0.003855
-0.009036
-0.000652
0.036669
0.083641
0.132400
0.171805
0.174697
0.155169
0.140591
0.131231
0.128565
0.123302
0.108064
0.092138
0.080639
0.078353
0.077624
0.074583
0.048451
0.019614
-0.014004
-0.055665
-0.081800
-0.103096
-0.119913
-0.134049
-0.127988
-0.097141
-0.057046
-0.017699
0.016417
0.037229
0.034632
0.031783
0.033176
0.032704
0.031011
0.017730
0.002909
-0.000767
0.003102
0.003238
-0.002201
-0.028700
-0.056276
-0.081762
-0.120853
-0.146226
-0.161431
-0.170910
-0.178982
-0.169441
-0.135339
-0.090505
-0.046303
-0.006897
0.014802
0.013442
0.014403
0.023698
0.036221
0.041478
0.034203
0.024949
0.021605
0.023484
0.023156
0.018629
-0.005815
-0.030358
-0.052071
-0.089432
-0.114969
-0.133338
-0.149813
-0.163121
-0.168038
-0.144805
-0.111988
-0.079644
-0.051459
-0.034679
-0.043027
-0.049591
-0.048290
-0.044818
-0.037860
-0.048271
-0.061895
-0.062136
-0.053935
-0.048156
-0.046997
-0.064007
-0.079846
-0.091604
-0.118955
-0.135202
-0.143502
-0.151601
-0.158550
-0.156197
-0.125692
-0.083510
-0.041894
-0.004859
0.014363
0.013559
0.015635
0.026385
0.040515
0.056830
0.050102
0.041980
0.043887
0.052626
0.059157
0.061488
0.038460
0.011960
-0.014365
-0.053646
-0.076712
-0.095608
-0.112786
-0.124474
-0.123554
-0.094999
-0.056175
-0.018077
0.015273
0.031120
0.025220
0.021025
0.023376
0.028502
0.038791
0.029665
0.017838
0.017646
0.026224
0.035274
0.039665
0.019646
-0.002819
-0.023776
-0.059522
-0.080882
-0.096328
-0.108123
-0.114978
-0.109373
-0.077500
-0.034049
0.008279
0.044756
0.064061
0.059698
0.058186
0.065253
0.075375
0.078388
0.069367
0.059073
0.054285
0.056304
0.054591
0.047271
0.018281
-0.012474
-0.042131
-0.085778
-0.116377
-0.141136
-0.160918
-0.176029
-0.179160
-0.154042
-0.120502
-0.089022
-0.063624
-0.047520
-0.057135
-0.065575
-0.067006
-0.066155
-0.062911
-0.073342
-0.084159
-0.083633
-0.076182
-0.071482
-0.071737
-0.089786
-0.106179
-0.118230
-0.144391
-0.159575
-0.166551
-0.172210
-0.176948
-0.170701
-0.138475
-0.094785
-0.051405
-0.012407
0.009579
0.011325
0.015400
0.028205
0.044724
0.059941
0.053466
0.045360
0.045672
0.052302
0.058160
0.059718
0.035957
0.009156
-0.015808
-0.054316
-0.078007
-0.097864
-0.115315
-0.127018
-0.128060
-0.102288
-0.066273
-0.031408
-0.001538
0.013921
0.006388
0.000395
0.001451
0.005314
0.017526
0.008725
-0.003255
-0.006051
0.002957
0.012704
0.017680
-0.000541
-0.019842
-0.035770
-0.067765
-0.087614
-0.100978
-0.111012
-0.118338
-0.115880
-0.086387
-0.044720
-0.002219
0.033958
0.057101
0.058069
0.060187
0.069391
0.081800
0.088490
0.080233
0.071868
0.069343
0.074649
0.078524
0.076242
0.048748
0.017228
-0.014426
-0.057957
-0.085657
-0.109137
-0.128093
-0.141673
-0.141301
-0.112508
-0.074937
-0.037847
-0.007010
0.011895
0.006423
0.001664
0.003378
0.008017
0.016375
0.008661
-0.001209
-0.006465
-0.002287
0.000704
-0.000713
-0.022349
-0.043989
-0.062269
-0.096404
-0.119722
-0.136062
-0.149657
-0.159707
-0.162490
-0.140609
-0.106343
-0.072180
-0.045767
-0.024486
-0.028231
-0.031693
-0.026657
-0.022094
-0.020314
-0.029336
-0.044437
-0.055042
-0.056300
-0.062681
-0.076468
-0.104546
-0.130861
-0.152570
-0.180568
-0.200089
-0.215143
-0.227603
-0.237170
-0.236034
-0.211141
-0.177125
-0.141461
-0.110973
-0.088539
-0.090951
-0.091710
-0.082532
-0.070342
-0.057452
-0.063533
-0.071173
-0.071380
-0.061509
-0.049919
-0.042870
-0.057120
-0.071463
-0.080919
-0.106162
-0.120028
-0.128940
-0.138564
-0.145316
-0.142832
-0.115002
-0.074905
-0.032892
0.004413
0.029989
0.034158
0.039643
0.052938
0.068933
0.090795
0.089028
0.083424
0.083167
0.092021
0.100999
0.104672
0.083479
0.054903
0.019969
-0.025574
-0.051402
-0.073381
-0.092792
-0.107011
-0.110703
-0.083464
-0.046764
-0.011243
0.017169
0.034244
0.027482
0.021116
0.021192
0.024917
0.039545
0.036173
0.024179
0.019921
0.028854
0.040736
0.048120
0.029300
0.006942
-0.013355
-0.048392
-0.069463
-0.084127
-0.093960
-0.100658
-0.099222
-0.069137
-0.026790
0.015442
0.050073
0.072433
0.071470
0.071589
0.079579
0.091562
0.106812
0.101342
0.095548
0.096052
0.105375
0.115156
0.120111
0.100600
0.073014
0.040012
-0.003227
-0.027705
-0.045093
-0.063184
-0.079788
-0.086134
-0.058627
-0.021412
0.013753
0.040200
0.054908
0.047184
0.036852
0.035257
0.039058
0.052447
0.048117
0.040124
0.036323
0.042785
0.050332
0.053870
0.032424
0.008500
-0.013236
-0.050215
-0.074721
-0.092048
-0.106253
-0.117716
-0.122184
-0.098037
-0.062866
-0.027862
-0.001456
0.018547
0.014899
0.006995
0.008397
0.014982
0.025854
0.018279
0.009341
0.010669
0.022901
0.035051
0.042158
0.022275
-0.001639
-0.023263
-0.057864
-0.077522
-0.088679
-0.100521
-0.111976
-0.114418
-0.084261
-0.042552
-0.002089
0.029954
0.051141
0.047787
0.042050
0.046799
0.057017
0.070861
0.073602
0.069227
0.065303
0.072019
0.079948
0.084460
0.063191
0.037797
0.011635
-0.028349
-0.053321
-0.072578
-0.089323
-0.102646
-0.108730
-0.085593
-0.051509
-0.018101
0.006544
0.024502
0.018482
0.007994
0.006667
0.010908
0.022151
0.014118
0.004518
0.005616
0.018248
0.032325
0.041625
0.023616
0.001460
-0.018214
-0.051499
-0.070441
-0.080695
-0.090986
-0.101198
-0.102466
-0.071130
-0.027675
0.014452
0.047596
0.069089
0.067537
0.063747
0.069612
0.080888
0.098452
0.097567
0.092972
0.091094
0.098945
0.109089
0.115538
0.096941
0.071852
0.043325
0.002318
-0.022149
-0.041174
-0.058394
-0.072674
-0.080126
-0.057935
-0.022660
0.011160
0.036089
0.054998
0.050635
0.041891
0.041216
0.045694
0.059097
0.052580
0.043518
0.044235
0.056062
0.069141
0.081440
0.070000
0.046976
0.022933
-0.012738
-0.031738
-0.042549
-0.054936
-0.067369
-0.070185
-0.041134
0.000954
0.041982
0.073699
0.092806
0.091035
0.087227
0.091949
0.101131
0.119595
0.117446
0.111207
0.109663
0.117770
0.128140
0.137577
0.125229
0.101884
0.072963
0.033377
0.011666
-0.004567
-0.021382
-0.035688
-0.043617
-0.021101
0.014666
0.048006
0.072295
0.084747
0.076403
0.065448
0.062935
0.065355
0.078964
0.074237
0.062006
0.058516
0.067642
0.078027
0.087824
0.074309
0.050472
0.026815
-0.009649
-0.031370
-0.046187
-0.060325
-0.073013
-0.078519
-0.052172
-0.012806
0.024919
0.053447
0.074586
0.071233
0.065137
0.068551
0.076832
0.094891
0.091884
0.085857
0.085429
0.095270
0.106733
0.116858
0.104425
0.080958
0.052340
0.012485
-0.010171
-0.025829
-0.043784
-0.061388
-0.071886
-0.051399
-0.017023
0.015348
0.038670
0.053317
0.046065
0.035796
0.034077
0.036966
0.050716
0.046356
0.033768
0.031054
0.041117
0.050884
0.059142
0.043677
0.018862
-0.003733
-0.039378
-0.061072
-0.075910
-0.089075
-0.100096
-0.104859
-0.078565
-0.038535
0.000412
0.029606
0.051334
0.051100
0.000192
0.004094
0.007237
0.006001
0.004811
-0.018291
-0.059040
-0.111649
-0.161163
-0.178648
-0.164130
-0.135893
-0.100967
-0.070041
-0.045698
-0.032975
-0.032717
-0.043287
-0.062988
-0.086971
-0.108623
-0.104198
-0.084250
-0.062406
-0.040223
-0.017514
-0.008171
0.004102
0.009397
-0.003803
-0.029768
-0.062441
-0.097073
-0.112924
-0.114763
-0.110198
-0.105565
-0.108593
-0.113151
-0.121916
-0.142880
-0.151950
-0.153045
-0.148085
-0.147408
-0.139942
-0.112047
-0.074433
-0.032377
0.007733
0.038506
0.050559
0.059993
0.072275
0.088706
0.097974
0.090108
0.080397
0.083821
0.094995
0.112666
0.126839
0.116026
0.093597
0.061333
0.025923
0.011944
0.006979
-0.000003
-0.005431
0.003116
0.038532
0.083421
0.128574
0.156226
0.153316
0.141357
0.132979
0.129579
0.127584
0.106907
0.074969
0.048503
0.038291
0.037317
0.036247
0.031560
0.004958
-0.022822
-0.051176
-0.088257
-0.112418
-0.125434
-0.139686
-0.158578
-0.162177
-0.132815
-0.090866
-0.053660
-0.024267
-0.001746
-0.001068
0.000198
0.007023
0.017082
0.025644
0.018969
0.011879
0.013259
0.022414
0.029563
0.032096
0.009976
-0.015708
-0.039605
-0.076836
-0.100316
-0.114072
-0.128200
-0.141774
-0.147154
-0.121470
-0.084940
-0.051702
-0.025458
-0.008889
-0.014087
-0.017453
-0.013019
-0.005514
0.008681
0.010469
0.003074
0.001814
0.009390
0.015796
0.018224
0.000089
-0.018788
-0.034531
-0.066817
-0.087794
-0.102082
-0.112628
-0.119571
-0.118120
-0.092571
-0.055012
-0.017565
0.013798
0.036071
0.034389
0.033607
0.040609
0.051454
0.063702
0.054923
0.044910
0.045796
0.055815
0.064036
0.067647
0.045723
0.019138
-0.008720
-0.048887
-0.071750
-0.088391
-0.101473
-0.108916
-0.104200
-0.071356
-0.027819
0.011539
0.038994
0.053153
0.047640
0.046533
0.050283
0.056846
0.050578
0.028073
0.007301
-0.004473
-0.011407
-0.023782
-0.041231
-0.075165
-0.109136
-0.140139
-0.180335
-0.204689
-0.223411
-0.238629
-0.252464
-0.255253
-0.230879
-0.195794
-0.161391
-0.135262
-0.111954
-0.111179
-0.111969
-0.105415
-0.095573
-0.083812
-0.087692
-0.093133
-0.088030
-0.075934
-0.062196
-0.052884
-0.066131
-0.079968
-0.088783
-0.113999
-0.126204
-0.130270
-0.138483
-0.146443
-0.142692
-0.110922
-0.066811
-0.024955
0.010691
0.036891
0.043874
0.053001
0.070569
0.091925
0.107236
0.105389
0.100468
0.097236
0.102645
0.107129
0.105082
0.078696
0.047744
0.011085
-0.037570
-0.068117
-0.094673
-0.116981
-0.132704
-0.137905
-0.112475
-0.079216
-0.049628
-0.028523
-0.013827
-0.023481
-0.033470
-0.036897
-0.036861
-0.025613
-0.029727
-0.041700
-0.042408
-0.033932
-0.022213
-0.015184
-0.029539
-0.044611
-0.056442
-0.085801
-0.103659
-0.112435
-0.117260
-0.121236
-0.115316
-0.083521
-0.039288
0.003468
0.039173
0.064604
0.068230
0.073250
0.086501
0.103781
0.116727
0.109764
0.102233
0.101266
0.107903
0.113761
0.113862
0.089962
0.058671
0.022287
-0.024658
-0.053275
-0.076464
-0.096969
-0.112486
-0.114552
-0.086867
-0.051477
-0.021017
0.000633
0.016273
0.008034
0.001416
0.001948
0.005454
0.003612
-0.002516
-0.009160
-0.018903
-0.019284
-0.021656
-0.029382
-0.051457
-0.070904
-0.086233
-0.113108
-0.134811
-0.152705
-0.164770
-0.172378
-0.172315
-0.149301
-0.116345
-0.080365
-0.051568
-0.026737
-0.025989
-0.027483
-0.019701
-0.008034
-0.000559
-0.009570
-0.017804
-0.017678
-0.008636
-0.000921
0.001455
-0.019546
-0.041982
-0.060242
-0.092152
-0.111601
-0.123875
-0.136014
-0.146256
-0.144285
-0.114969
-0.074882
-0.035287
-0.001813
0.021526
0.024116
0.028141
0.039272
0.053386
0.061623
0.055757
0.048065
0.040227
0.041508
0.041972
0.037789
0.012779
-0.012990
-0.036033
-0.075079
-0.102937
-0.125261
-0.141345
-0.151133
-0.151510
-0.127286
-0.093595
-0.058511
-0.031264
-0.008682
-0.009086
-0.012020
-0.006928
0.002119
0.012902
0.005060
-0.003557
-0.003603
0.007569
0.017604
0.022136
0.000663
-0.023757
-0.045560
-0.081064
-0.102200
-0.116620
-0.126903
-0.133091
-0.127631
-0.095662
-0.052538
-0.010247
0.024469
0.052314
0.057208
0.062584
0.074243
0.087674
0.085799
0.080696
0.075758
0.064710
0.060849
0.056948
0.047909
0.018522
-0.011585
-0.038897
-0.082090
-0.114258
-0.141592
-0.161510
-0.174074
-0.176474
-0.153443
-0.122151
-0.089589
-0.065309
-0.044279
-0.043041
-0.046440
-0.044124
-0.038710
-0.032327
-0.041108
-0.050608
-0.052239
-0.044327
-0.036882
-0.034689
-0.053959
-0.073543
-0.088478
-0.118567
-0.136979
-0.147047
-0.154984
-0.160977
-0.156060
-0.124944
-0.082446
-0.039813
-0.004019
0.024858
0.031814
0.039536
0.054556
0.073243
0.090069
0.088458
0.083513
0.079196
0.083631
0.089325
0.090533
0.065940
0.037840
0.010644
-0.030268
-0.056572
-0.078741
-0.097629
-0.111035
-0.114365
-0.090865
-0.057746
-0.025374
-0.001486
0.016484
0.010898
0.005314
0.006540
0.011957
0.026192
0.018967
0.006615
0.004356
0.013322
0.023301
0.028542
0.008477
-0.014086
-0.033777
-0.068222
-0.089697
-0.102007
-0.111574
-0.119534
-0.118309
-0.088031
-0.046373
-0.006210
0.024510
0.048177
0.050431
0.048780
0.055192
0.067069
0.079779
0.072302
0.064053
0.061784
0.068063
0.075025
0.077157
0.053245
0.025494
-0.001518
-0.041877
-0.067692
-0.086396
-0.102600
-0.115611
-0.119966
-0.094058
-0.058777
-0.025770
-0.002059
0.017104
0.014165
0.006584
0.007945
0.013892
0.029332
0.029772
0.021964
0.017984
0.025257
0.032647
0.035467
0.014040
-0.009168
-0.029404
-0.064777
-0.088746
-0.103729
-0.117049
-0.127845
-0.131542
-0.107595
-0.072156
-0.036916
-0.011162
0.011122
0.011735
0.006776
0.010837
0.020430
0.033793
0.027183
0.019919
0.020996
0.031086
0.042209
0.048498
0.027869
0.003337
-0.018964
-0.054366
-0.075416
-0.088763
-0.100776
-0.110413
-0.108794
-0.077107
-0.035111
0.004785
0.035494
0.059112
0.061997
0.061328
0.068789
0.081084
0.098883
0.096712
0.090956
0.087708
0.093958
0.102141
0.106201
0.084866
0.058395
0.031088
-0.009558
-0.034842
-0.053389
-0.069380
-0.082160
-0.086830
-0.063293
-0.029065
0.002344
0.023072
0.038182
0.031323
0.020735
0.018530
0.021291
0.027933
0.017361
0.005013
-0.000067
0.005402
0.010228
0.009916
-0.012273
-0.035459
-0.055177
-0.090757
-0.115837
-0.131653
-0.143079
-0.151747
-0.153200
-0.127609
-0.089735
-0.051228
-0.022189
0.002839
0.006483
0.004318
0.009771
0.019957
0.032547
0.025009
0.015787
0.013878
0.020880
0.028133
0.033846
0.017797
-0.006037
-0.025943
-0.059749
-0.081233
-0.094424
-0.109078
-0.122082
-0.127215
-0.107532
-0.073273
-0.039697
-0.016746
0.003593
0.003811
-0.000974
0.003142
0.011804
0.028259
0.027783
0.021095
0.015810
0.020735
0.025158
0.025694
0.007091
-0.017047
-0.037215
-0.072220
-0.096873
-0.115565
-0.130860
-0.142424
-0.146757
-0.125411
-0.092147
-0.058006
-0.033386
-0.012454
-0.009822
-0.015876
-0.012268
-0.003307
0.012536
0.005999
-0.003879
-0.004397
0.004833
0.014811
0.023315
0.009700
-0.011990
-0.029350
-0.060642
-0.079885
-0.090472
-0.103726
-0.116899
-0.122264
-0.102277
-0.066611
-0.031848
-0.009734
0.010048
0.011433
0.007881
0.014013
0.024607
0.033018
0.034151
0.032975
0.027507
0.029493
0.031855
0.029019
0.007228
-0.019131
-0.041373
-0.077151
-0.104272
-0.128285
-0.147725
-0.160601
-0.165838
-0.146631
-0.116578
-0.084825
-0.061993
-0.042914
-0.042548
-0.051176
-0.050843
-0.045832
-0.034965
-0.043803
-0.054079
-0.054486
-0.044687
-0.034377
-0.025719
-0.037078
-0.055019
-0.067274
-0.093539
-0.108321
-0.114887
-0.122779
-0.129868
-0.129589
-0.101804
-0.060620
-0.019203
0.013793
0.040252
0.046023
0.000205
0.004205
0.007769
0.006830
0.005964
-0.014808
-0.053063
-0.105985
-0.157082
-0.175671
-0.161676
-0.133715
-0.098659
-0.066009
-0.041283
-0.029680
-0.030495
-0.042400
-0.064231
-0.090786
-0.116402
-0.117377
-0.102850
-0.083654
-0.064426
-0.039865
-0.015573
0.008569
0.023871
0.019241
0.001944
-0.015715
-0.021983
-0.022830
-0.020662
-0.018585
-0.015568
-0.035757
-0.061858
-0.088970
-0.127979
-0.148518
-0.155112
-0.160383
-0.169649
-0.162379
-0.136610
-0.097386
-0.049448
-0.002133
0.039633
0.064518
0.088149
0.113786
0.139923
0.142070
0.134274
0.126969
0.117248
0.120313
0.126596
0.130857
0.110730
0.086469
0.058130
0.014834
-0.011782
-0.023834
-0.034625
-0.048394
-0.050781
-0.030979
0.002619
0.039147
0.069020
0.088519
0.086441
0.082715
0.083562
0.085843
0.089444
0.075632
0.060148
0.052047
0.058831
0.070807
0.078297
0.059637
0.033717
0.000176
-0.045431
-0.069975
-0.085183
-0.093363
-0.095459
-0.078811
-0.038045
0.010985
0.062123
0.108430
0.138428
0.146013
0.154108
0.166233
0.177373
0.171294
0.158323
0.146050
0.132084
0.128482
0.125689
0.119817
0.090677
0.059003
0.023598
-0.025286
-0.058336
-0.081577
-0.099858
-0.114415
-0.118411
-0.091025
-0.056488
-0.022256
0.004224
0.024234
0.020102
0.014795
0.013262
0.013931
0.014782
0.001831
-0.010318
-0.013799
-0.005740
0.003384
0.007806
-0.010319
-0.029315
-0.045161
-0.077255
-0.096833
-0.107272
-0.113034
-0.116506
-0.109426
-0.074695
-0.028943
0.017287
0.057096
0.081853
0.087842
0.095177
0.107986
0.123007
0.126731
0.112959
0.099801
0.090962
0.091063
0.090727
0.085883
0.057643
0.027150
-0.002748
-0.046270
-0.075858
-0.100144
-0.118766
-0.131130
-0.133137
-0.105798
-0.070330
-0.035536
-0.008427
0.009893
0.004243
-0.000941
-0.000903
0.001256
0.008129
-0.004140
-0.016826
-0.020934
-0.014264
-0.005483
-0.000681
-0.016460
-0.032282
-0.044461
-0.073660
-0.091879
-0.101023
-0.109400
-0.117162
-0.116219
-0.088317
-0.048292
-0.007747
0.025957
0.048565
0.050294
0.049053
0.056285
0.067727
0.078259
0.067203
0.056303
0.053254
0.059400
0.065600
0.066648
0.043008
0.016672
-0.008018
-0.046188
-0.070582
-0.087212
-0.101851
-0.112623
-0.114100
-0.085299
-0.047113
-0.010752
0.017937
0.035872
0.032738
0.026189
0.027111
0.031115
0.042244
0.034436
0.022939
0.016635
0.021062
0.026370
0.028305
0.009761
-0.009113
-0.024920
-0.057863
-0.079860
-0.092156
-0.102651
-0.113010
-0.115302
-0.092185
-0.057413
-0.021781
0.006070
0.025115
0.020917
0.013307
0.014871
0.020979
0.028376
0.017017
0.003527
0.000067
0.008580
0.016634
0.019978
-0.000167
-0.022126
-0.041158
-0.074670
-0.095593
-0.106819
-0.115792
-0.123183
-0.120770
-0.088662
-0.045789
-0.003998
0.030062
0.053833
0.057843
0.058396
0.065791
0.076062
0.084951
0.075960
0.065453
0.057757
0.059449
0.061408
0.059678
0.036172
0.011489
-0.010956
-0.048806
-0.075115
-0.092874
-0.108808
-0.122428
-0.127814
-0.107497
-0.076250
-0.044760
-0.021967
-0.005080
-0.011114
-0.022052
-0.023526
-0.020602
-0.010648
-0.021496
-0.036022
-0.039714
-0.031368
-0.023756
-0.020352
-0.037248
-0.054465
-0.067535
-0.096549
-0.114722
-0.121986
-0.129461
-0.137604
-0.137971
-0.110214
-0.069577
-0.029081
0.002527
0.026662
0.029484
0.028839
0.036879
0.049201
0.061352
0.052642
0.042112
0.038315
0.043467
0.049053
0.050349
0.027627
0.002803
-0.019567
-0.056304
-0.080581
-0.096743
-0.111446
-0.123595
-0.127621
-0.102925
-0.067760
-0.033780
-0.008538
0.011702
0.009676
0.003352
0.004784
0.009833
0.023677
0.019753
0.007725
0.002059
0.007601
0.013277
0.014993
-0.004976
-0.025843
-0.043205
-0.076254
-0.098000
-0.110548
-0.119927
-0.128507
-0.129653
-0.102906
-0.065070
-0.027049
0.001795
0.024088
0.023721
0.019073
0.022920
0.031526
0.043652
0.034495
0.023428
0.021569
0.031298
0.042037
0.048396
0.028878
0.006240
-0.013938
-0.048375
-0.069134
-0.081474
-0.092518
-0.101207
-0.100795
-0.070899
-0.029693
0.008666
0.035456
0.056537
0.056994
0.055054
0.060862
0.068984
0.064940
0.057679
0.049356
0.036242
0.032791
0.028276
0.016899
-0.011740
-0.040014
-0.065320
-0.102031
-0.131517
-0.155425
-0.172410
-0.185181
-0.191561
-0.173086
-0.142992
-0.112843
-0.093640
-0.078630
-0.075425
-0.084455
-0.086359
-0.088981
-0.093341
-0.107027
-0.125320
-0.139482
-0.145828
-0.154533
-0.165892
-0.183506
-0.197058
-0.204144
-0.217018
-0.215397
-0.209285
-0.210788
-0.211534
-0.204468
-0.179857
-0.141509
-0.098047
-0.060219
-0.024676
-0.009279
0.001981
0.023458
0.049575
0.074140
0.075489
0.069412
0.064703
0.068682
0.072966
0.074443
0.053548
0.024947
-0.000325
-0.037813
-0.061594
-0.081740
-0.104450
-0.123845
-0.132847
-0.118092
-0.089522
-0.061287
-0.041657
-0.026064
-0.032419
-0.045170
-0.048762
-0.048029
-0.038112
-0.045050
-0.061179
-0.067437
-0.061301
-0.050249
-0.039761
-0.046805
-0.059180
-0.067578
-0.092903
-0.108176
-0.115129
-0.119779
-0.124121
-0.121930
-0.093106
-0.049919
-0.006719
0.026446
0.056289
0.065993
0.072350
0.087852
0.107170
0.125274
0.130350
0.125418
0.118313
0.122193
0.129634
0.133189
0.115744
0.088094
0.055675
0.012691
-0.013373
-0.034151
-0.055751
-0.074930
-0.085944
-0.068484
-0.037820
-0.009875
0.007440
0.020570
0.014430
0.002392
-0.001763
-0.001899
0.008742
0.005291
-0.007137
-0.013023
-0.006551
0.002244
0.010181
-0.001759
-0.020233
-0.034505
-0.065066
-0.085503
-0.096367
-0.105231
-0.113539
-0.115458
-0.090508
-0.050975
-0.012283
0.015450
0.040672
0.046765
0.047863
0.056201
0.067180
0.084214
0.081826
0.072115
0.065313
0.069416
0.074214
0.075597
0.055491
0.027869
0.003860
-0.036871
-0.066530
-0.087321
-0.105456
-0.120565
-0.127711
-0.110727
-0.079581
-0.050498
-0.034577
-0.021504
-0.023702
-0.033777
-0.035765
-0.035655
-0.030987
-0.034019
-0.040343
-0.046235
-0.045882
-0.047245
-0.053294
-0.072062
-0.090431
-0.102433
-0.125502
-0.146893
-0.162876
-0.171261
-0.173899
-0.169806
-0.144547
-0.108423
-0.068651
-0.036812
-0.008811
-0.001760
-0.001012
0.008825
0.021869
0.034142
0.024719
0.011135
0.005503
0.008758
0.011670
0.013464
-0.003231
-0.025310
-0.041902
-0.072220
-0.094696
-0.108448
-0.122160
-0.133736
-0.137165
-0.116189
-0.082055
-0.047883
-0.022133
-0.001135
-0.001526
-0.006435
-0.001797
0.004918
0.020013
0.023968
0.015235
0.005955
0.008382
0.012443
0.015261
0.000579
-0.018253
-0.031340
-0.060516
-0.083828
-0.099558
-0.111329
-0.119738
-0.120786
-0.100719
-0.066145
-0.031585
-0.007957
0.012405
0.012197
0.006837
0.011127
0.017892
0.020307
0.013034
-0.000735
-0.013499
-0.016830
-0.021776
-0.031657
-0.055216
-0.079489
-0.098076
-0.126419
-0.151181
-0.169743
-0.182279
-0.190779
-0.192711
-0.171201
-0.138584
-0.103681
-0.077326
-0.054137
-0.048648
-0.051583
-0.046084
-0.038697
-0.024143
-0.028850
-0.040040
-0.046665
-0.043858
-0.040964
-0.039091
-0.051236
-0.065624
-0.072892
-0.091911
-0.104428
-0.107769
-0.117539
-0.127349
-0.127899
-0.111618
-0.079868
-0.043353
-0.014095
0.011532
0.015571
0.014213
0.023304
0.035560
0.055483
0.053461
0.040166
0.032519
0.037271
0.044530
0.050680
0.034469
0.010456
-0.008689
-0.044721
-0.069244
-0.086842
-0.100911
-0.109718
-0.110118
-0.083781
-0.044474
-0.004728
0.025940
0.050965
0.055295
0.055327
0.061962
0.070662
0.086458
0.082630
0.071742
0.061674
0.063495
0.069226
0.074608
0.057896
0.033267
0.012224
-0.027388
-0.056077
-0.076136
-0.090148
-0.098751
-0.100114
-0.075238
-0.037729
0.000626
0.029873
0.053597
0.056207
0.000175
0.003045
0.003163
-0.002294
-0.006582
-0.029086
-0.066682
-0.117395
-0.166749
-0.185967
-0.173907
-0.148000
-0.113803
-0.080818
-0.054407
-0.040496
-0.039943
-0.049073
-0.066912
-0.092500
-0.120480
-0.135568
-0.130534
-0.116181
-0.101336
-0.080157
-0.057972
-0.039807
-0.018565
-0.010673
-0.009132
-0.018079
-0.031802
-0.044566
-0.045283
-0.043616
-0.038564
-0.037874
-0.042223
-0.048440
-0.071336
-0.086063
-0.091572
-0.094828
-0.102801
-0.113396
-0.110314
-0.094694
-0.066894
-0.040443
-0.014857
0.003337
0.008953
0.021573
0.035984
0.049525
0.046155
0.037344
0.030642
0.033048
0.037562
0.041641
0.032175
0.013514
-0.006499
-0.045324
-0.072459
-0.089765
-0.101334
-0.109722
-0.111977
-0.091023
-0.055687
-0.016506
0.017720
0.047639
0.057251
0.056852
0.064933
0.074769
0.086641
0.080650
0.069342
0.057157
0.055159
0.055863
0.057457
0.044979
0.023279
0.004315
-0.034238
-0.062867
-0.081854
-0.097315
-0.109843
-0.114763
-0.098745
-0.066374
-0.030421
-0.001731
0.023182
0.026385
0.019588
0.022429
0.024773
0.024350
0.009589
-0.013542
-0.034521
-0.042167
-0.051773
-0.063579
-0.085927
-0.109461
-0.127386
-0.151286
-0.172021
-0.186017
-0.192344
-0.196503
-0.197216
-0.178813
-0.143976
-0.104649
-0.074044
-0.047851
-0.036572
-0.037919
-0.028675
-0.017682
-0.008902
-0.018097
-0.037235
-0.053403
-0.061097
-0.072800
-0.086980
-0.109692
-0.131437
-0.144841
-0.161163
-0.171540
-0.170159
-0.175378
-0.184955
-0.187370
-0.173210
-0.143678
-0.106889
-0.074106
-0.043321
-0.030337
-0.030237
-0.018596
-0.002303
0.014310
0.007247
-0.011441
-0.025432
-0.026507
-0.029244
-0.033798
-0.049752
-0.069440
-0.081668
-0.100846
-0.119122
-0.126714
-0.139008
-0.153104
-0.159368
-0.148617
-0.119751
-0.086164
-0.058668
-0.035067
-0.031624
-0.038923
-0.033782
-0.024489
-0.008580
-0.006279
-0.020780
-0.034614
-0.033573
-0.031183
-0.028622
-0.037657
-0.051718
-0.059069
-0.078629
-0.099815
-0.111284
-0.120565
-0.128388
-0.129343
-0.114454
-0.082758
-0.045392
-0.015087
0.011620
0.017288
0.013533
0.020533
0.030917
0.042885
0.035341
0.017562
0.004204
0.003823
0.003165
0.000345
-0.016312
-0.039810
-0.057288
-0.084855
-0.111345
-0.129932
-0.142166
-0.149277
-0.150500
-0.128603
-0.091854
-0.051627
-0.018646
0.010297
0.018834
0.017523
0.025093
0.034787
0.050520
0.047125
0.033967
0.021956
0.021790
0.023634
0.025842
0.014077
-0.006179
-0.020689
-0.050614
-0.078258
-0.095479
-0.108049
-0.117091
-0.119080
-0.103616
-0.070572
-0.032972
-0.003832
0.022471
0.031714
0.029177
0.035814
0.043960
0.048066
0.039704
0.021797
0.002851
-0.004766
-0.013593
-0.025688
-0.050307
-0.078185
-0.100054
-0.128717
-0.157946
-0.181167
-0.194086
-0.199554
-0.198077
-0.174435
-0.138721
-0.098212
-0.063270
-0.032947
-0.021369
-0.022209
-0.014158
-0.003548
0.003566
-0.005138
-0.021401
-0.031346
-0.031371
-0.032572
-0.034669
-0.049420
-0.069768
-0.083493
-0.105273
-0.126186
-0.135936
-0.143241
-0.149225
-0.148829
-0.128426
-0.092396
-0.051461
-0.017372
0.013164
0.023450
0.024385
0.034861
0.048281
0.057061
0.050255
0.035737
0.023514
0.019024
0.013713
0.006656
-0.013554
-0.038922
-0.058615
-0.089725
-0.119374
-0.141432
-0.156485
-0.164932
-0.166568
-0.147161
-0.114057
-0.075801
-0.041692
-0.011446
0.000526
-0.000500
0.006655
0.015448
0.024467
0.015470
-0.001764
-0.015860
-0.016886
-0.017234
-0.018254
-0.032064
-0.051925
-0.065350
-0.087817
-0.110777
-0.123902
-0.133367
-0.139835
-0.140572
-0.121787
-0.086776
-0.045303
-0.009073
0.022930
0.034529
0.036285
0.046403
0.059214
0.068214
0.061176
0.045372
0.032287
0.030675
0.031244
0.031567
0.016335
-0.008040
-0.026915
-0.059750
-0.089195
-0.109235
-0.122995
-0.130409
-0.130737
-0.109272
-0.071700
-0.029746
0.005542
0.036576
0.048553
0.050828
0.060043
0.069999
0.078668
0.070961
0.056595
0.043855
0.040657
0.038144
0.034777
0.016978
-0.008495
-0.028264
-0.060361
-0.090214
-0.111313
-0.125301
-0.134059
-0.136503
-0.119530
-0.086409
-0.048300
-0.017387
0.009163
0.018882
0.016438
0.022097
0.028677
0.031697
0.020777
0.000044
-0.019914
-0.025452
-0.030791
-0.037824
-0.057617
-0.081396
-0.098746
-0.123191
-0.147466
-0.162843
-0.170942
-0.174874
-0.174879
-0.152457
-0.115443
-0.072801
-0.035550
-0.002953
0.009985
0.012366
0.023023
0.036360
0.047966
0.040554
0.024705
0.013796
0.013906
0.014350
0.014924
0.001174
-0.020810
-0.036441
-0.061964
-0.086426
-0.101514
-0.113045
-0.121767
-0.123724
-0.108654
-0.075779
-0.036865
-0.005068
0.022984
0.035465
0.036219
0.046157
0.058420
0.066540
0.062175
0.051194
0.037639
0.032581
0.028582
0.022066
0.001502
-0.025120
-0.045146
-0.073893
-0.102838
-0.127235
-0.143769
-0.152226
-0.153462
-0.136880
-0.105029
-0.068648
-0.039320
-0.014720
-0.006816
-0.011689
-0.007150
-0.002066
-0.000317
-0.012681
-0.034369
-0.053353
-0.060012
-0.068004
-0.077941
-0.098853
-0.121041
-0.135221
-0.153530
-0.169533
-0.174249
-0.178499
-0.185960
-0.189421
-0.173001
-0.141612
-0.104570
-0.073160
-0.045668
-0.033194
-0.035987
-0.028246
-0.013673
0.000712
-0.003941
-0.017581
-0.029395
-0.030127
-0.031729
-0.034889
-0.049763
-0.068151
-0.077908
-0.094056
-0.109285
-0.113446
-0.123356
-0.138503
-0.146710
-0.138917
-0.114105
-0.082762
-0.055725
-0.033448
-0.023684
-0.031990
-0.029781
-0.021397
-0.006073
-0.008478
-0.025186
-0.037140
-0.033876
-0.027972
-0.022021
-0.031067
-0.048761
-0.058513
-0.079024
-0.099324
-0.111155
-0.119451
-0.125815
-0.126964
-0.108680
-0.071606
-0.029253
0.005956
0.037037
0.049725
0.050682
0.059429
0.071478
0.090752
0.092224
0.078681
0.063853
0.063190
0.065962
0.068279
0.053716
0.027992
0.007759
-0.029428
-0.062228
-0.084400
-0.100596
-0.112744
-0.118650
-0.105438
-0.073241
-0.036728
-0.008110
0.015884
0.023645
0.016073
0.016452
0.020125
0.024208
0.016303
-0.000030
-0.013570
-0.013780
-0.011938
-0.010535
-0.024451
-0.046360
-0.061423
-0.086272
-0.110802
-0.127918
-0.135400
-0.136928
-0.134895
-0.110316
-0.069410
-0.023395
0.015463
0.049295
0.064612
0.068289
0.078562
0.091847
0.102121
0.093687
0.078392
0.067237
0.065100
0.064561
0.063896
0.047093
0.020500
-0.000308
-0.033884
-0.063913
-0.084497
-0.100523
-0.113508
-0.120015
-0.108209
-0.077525
-0.042378
-0.015673
0.006178
0.014320
0.006689
0.007261
0.010360
0.012259
0.002820
-0.014401
-0.030033
-0.034104
-0.038523
-0.043890
-0.058423
-0.078261
-0.091248
-0.110523
-0.131615
-0.146644
-0.154542
-0.157471
-0.156988
-0.136495
-0.100443
-0.057022
-0.018088
0.016060
0.032974
0.035190
0.045104
0.059570
0.070090
0.062301
0.046529
0.035964
0.035394
0.035268
0.035421
0.024800
0.001694
-0.016226
-0.043564
-0.068661
-0.084405
-0.098665
-0.109966
-0.113864
-0.098816
-0.064341
-0.024555
0.010056
0.040210
0.050321
0.047737
0.052835
0.060289
0.071412
0.062649
0.044529
0.030213
0.028664
0.029424
0.031601
0.023136
0.003120
-0.012148
-0.041076
-0.068234
-0.087965
-0.100776
-0.108085
-0.109689
-0.093666
-0.057380
-0.015407
0.020304
0.051118
0.063025
0.062042
0.068757
0.078354
0.089771
0.080837
0.063391
0.048844
0.047568
0.048201
0.048765
0.038452
0.015473
-0.002474
-0.031265
-0.058449
-0.078194
-0.091650
-0.101649
-0.106579
-0.092195
-0.056954
-0.017319
0.015560
0.043414
0.052235
0.048313
0.052413
0.059344
0.069614
0.060481
0.042965
0.029576
0.029445
0.031225
0.034107
0.026158
0.005762
-0.009476
-0.035967
-0.061109
-0.078596
-0.090201
-0.098188
-0.101286
-0.087752
-0.052428
-0.011338
0.021436
0.049520
0.062957
0.000399
0.003814
0.005066
0.002441
-0.000476
-0.023063
-0.061369
-0.114775
-0.168468
-0.194585
-0.191891
-0.176028
-0.156978
-0.139767
-0.128821
-0.120705
-0.111806
-0.101506
-0.089750
-0.076492
-0.063071
-0.052284
-0.043349
-0.035771
-0.031539
-0.032458
-0.039042
-0.050864
-0.065393
-0.082010
-0.103795
-0.117782
-0.110556
-0.090743
-0.051437
0.017946
0.094020
0.147669
0.150199
0.119869
0.115799
0.131200
0.148810
0.143321
0.126544
0.112724
0.090075
0.082940
0.110967
0.101581
0.074243
0.054112
0.025976
0.003142
0.008238
0.009421
0.003001
-0.009450
-0.028167
-0.002869
0.051782
0.098964
0.127501
0.128740
0.090083
0.063592
0.065207
0.078026
0.079040
0.056973
0.036133
0.018237
0.006004
-0.008120
-0.025450
-0.053239
-0.074653
-0.091551
-0.099535
-0.092016
-0.099912
-0.116504
-0.122476
-0.122793
-0.113294
-0.090853
-0.064626
-0.045183
-0.036590
-0.073519
-0.096835
-0.091642
-0.085778
-0.071569
-0.053698
-0.042349
-0.042940
-0.045188
-0.048238
-0.054216
-0.076156
-0.095847
-0.112823
-0.118661
-0.114135
-0.123147
-0.135748
-0.145212
-0.152510
-0.144764
-0.130670
-0.118447
-0.107520
-0.105263
-0.121804
-0.130604
-0.125571
-0.114910
-0.103564
-0.094418
-0.089238
-0.083307
-0.073011
-0.059588
-0.049100
-0.053966
-0.056710
-0.064112
-0.087828
-0.102608
-0.113778
-0.117364
-0.113869
-0.100330
-0.069069
-0.030287
0.011441
0.047739
0.076263
0.084875
0.094491
0.111704
0.127473
0.127940
0.113802
0.100166
0.092142
0.091678
0.090946
0.086496
0.064317
0.041764
0.014218
-0.023992
-0.049863
-0.069278
-0.084707
-0.094345
-0.093011
-0.064972
-0.030876
0.000922
0.024569
0.040031
0.034326
0.029608
0.030664
0.035412
0.033440
0.015473
-0.000278
-0.006214
-0.005945
-0.003643
-0.005142
-0.020682
-0.034621
-0.048822
-0.076819
-0.095023
-0.105296
-0.110270
-0.112374
-0.105092
-0.075135
-0.034368
0.005223
0.036374
0.060431
0.063555
0.067722
0.078848
0.089509
0.089613
0.076356
0.061888
0.051956
0.048782
0.044725
0.036445
0.012265
-0.011110
-0.033318
-0.072683
-0.100979
-0.118930
-0.129746
-0.134620
-0.129787
-0.099738
-0.062103
-0.025898
0.002276
0.022915
0.021570
0.021216
0.027061
0.034843
0.036939
0.023527
0.009699
0.001619
-0.000498
0.000352
-0.001930
-0.017967
-0.031570
-0.043576
-0.074696
-0.094942
-0.105411
-0.112584
-0.116833
-0.110691
-0.083747
-0.045207
-0.008337
0.019435
0.043985
0.047031
0.051524
0.063892
0.074401
0.070329
0.056005
0.039006
0.023268
0.013972
0.002573
-0.014690
-0.042659
-0.067475
-0.090450
-0.124836
-0.151920
-0.170277
-0.180530
-0.185488
-0.181435
-0.154138
-0.118247
-0.081130
-0.052809
-0.028573
-0.026243
-0.025647
-0.017963
-0.007937
-0.007089
-0.022083
-0.037169
-0.042593
-0.044132
-0.044606
-0.048233
-0.063185
-0.073855
-0.082665
-0.105652
-0.111912
-0.113075
-0.123784
-0.132911
-0.130101
-0.109359
-0.076282
-0.041937
-0.014453
0.005565
0.003589
0.004721
0.015615
0.029723
0.046469
0.040019
0.026339
0.019173
0.020747
0.022870
0.021508
0.004566
-0.011389
-0.025224
-0.056823
-0.077893
-0.090397
-0.100549
-0.108398
-0.105575
-0.082164
-0.046695
-0.012453
0.012669
0.030476
0.026219
0.023897
0.029587
0.038090
0.048685
0.037086
0.022311
0.016237
0.017936
0.020746
0.019937
0.002392
-0.014825
-0.030608
-0.064341
-0.086829
-0.099439
-0.107156
-0.112392
-0.108179
-0.078140
-0.038330
-0.000559
0.028486
0.049497
0.049752
0.051559
0.060057
0.071205
0.076616
0.063888
0.049819
0.041007
0.039683
0.039477
0.035621
0.014749
-0.005469
-0.024272
-0.061553
-0.087725
-0.104659
-0.114072
-0.117463
-0.111283
-0.081479
-0.042296
-0.004590
0.024374
0.046356
0.047377
0.049406
0.057353
0.066582
0.066431
0.053562
0.039185
0.029583
0.026310
0.023066
0.015560
-0.006727
-0.027353
-0.047602
-0.086091
-0.113145
-0.128648
-0.135732
-0.138492
-0.132301
-0.103524
-0.064772
-0.027258
0.000603
0.024054
0.025906
0.028181
0.036924
0.043409
0.038336
0.024879
0.010016
-0.003059
-0.011670
-0.018893
-0.031018
-0.053426
-0.070621
-0.085113
-0.111283
-0.128113
-0.137365
-0.143675
-0.147553
-0.142250
-0.114407
-0.076937
-0.038273
-0.007571
0.016202
0.017443
0.020079
0.031855
0.046247
0.049340
0.032305
0.013880
0.005254
0.002563
-0.001663
-0.009818
-0.031179
-0.050091
-0.066999
-0.098951
-0.118620
-0.129479
-0.138888
-0.146587
-0.144440
-0.120558
-0.085613
-0.049341
-0.021892
0.000729
0.001544
0.003286
0.012982
0.024265
0.024472
0.014946
0.003926
-0.008230
-0.012284
-0.015655
-0.024050
-0.044147
-0.060001
-0.073067
-0.098708
-0.115374
-0.125532
-0.134207
-0.140962
-0.138367
-0.112698
-0.077469
-0.039579
-0.009629
0.014313
0.015076
0.016798
0.027994
0.042464
0.047333
0.031949
0.015017
0.005124
0.004510
0.004414
0.000082
-0.019494
-0.037316
-0.052821
-0.085138
-0.106399
-0.118838
-0.128156
-0.135009
-0.132092
-0.103537
-0.066055
-0.027632
0.002431
0.027722
0.031771
0.036494
0.047887
0.061538
0.072914
0.064410
0.052416
0.042326
0.042062
0.044056
0.042382
0.022696
0.003333
-0.013977
-0.048627
-0.072248
-0.087342
-0.097780
-0.105058
-0.102603
-0.079782
-0.045214
-0.009218
0.017810
0.039216
0.038649
0.038919
0.046235
0.056286
0.068365
0.058409
0.045141
0.036840
0.039100
0.043726
0.044664
0.026639
0.008274
-0.008687
-0.043215
-0.066880
-0.080941
-0.089431
-0.095633
-0.093075
-0.065376
-0.027147
0.010884
0.039622
0.060795
0.061287
0.063339
0.071840
0.083004
0.088858
0.077039
0.063504
0.051935
0.051000
0.051012
0.046945
0.024676
0.002705
-0.018210
-0.056590
-0.084506
-0.103039
-0.112993
-0.118065
-0.115472
-0.086828
-0.049570
-0.012025
0.016461
0.039520
0.041251
0.038678
0.043957
0.052586
0.055339
0.041085
0.026497
0.015843
0.014684
0.016620
0.015259
-0.002409
-0.018125
-0.031830
-0.063812
-0.085309
-0.096021
-0.105177
-0.113890
-0.113605
-0.087713
-0.052278
-0.016501
0.010190
0.032497
0.033914
0.032076
0.039166
0.050138
0.058255
0.045364
0.029947
0.019740
0.020515
0.020584
0.015901
-0.004707
-0.024006
-0.040927
-0.074086
-0.096419
-0.107425
-0.116217
-0.125738
-0.126873
-0.103336
-0.069105
-0.034228
-0.009594
0.009330
0.006800
0.000437
0.003164
0.010052
0.016519
0.001666
-0.014904
-0.023532
-0.021875
-0.017617
-0.016385
-0.029898
-0.041103
-0.050234
-0.076455
-0.091738
-0.095989
-0.102683
-0.111192
-0.109505
-0.085237
-0.048486
-0.010474
0.017735
0.040953
0.044030
0.044106
0.053598
0.067622
0.082945
0.074120
0.060992
0.053063
0.056154
0.060436
0.060534
0.040721
0.020090
0.001146
-0.033909
-0.057785
-0.072065
-0.084048
-0.094956
-0.096553
-0.073452
-0.038835
-0.004420
0.019444
0.037783
0.035801
0.030525
0.033111
0.039499
0.052145
0.042063
0.027448
0.018842
0.021573
0.027081
0.029232
0.012886
-0.003508
-0.017910
-0.049743
-0.070378
-0.079744
-0.084934
-0.091026
-0.088896
-0.062951
-0.024514
0.014827
0.043706
0.066943
0.070264
0.070057
0.077401
0.089003
0.094498
0.080077
0.065094
0.055659
0.056109
0.059745
0.063346
0.048870
0.028278
0.009301
-0.025972
-0.049604
-0.063845
-0.074211
-0.081508
-0.079899
-0.050914
-0.010942
0.027557
0.056893
0.079078
0.082665
0.083529
0.090942
0.100269
0.103762
0.089613
0.075313
0.061739
0.058314
0.057269
0.055897
0.039562
0.019767
0.001292
-0.035122
-0.061445
-0.078699
-0.089740
-0.097467
-0.097135
-0.072430
-0.036103
0.000431
0.027417
0.049264
0.050725
0.048659
0.054104
0.061995
0.061770
0.043677
0.024616
0.012149
0.010185
0.007856
0.004570
-0.011255
-0.028828
-0.043457
-0.072056
-0.091830
-0.101999
-0.108514
-0.115292
-0.114105
-0.090641
-0.053416
-0.015514
0.012425
0.035050
0.037030
0.000225
0.005221
0.009842
0.007914
0.005143
-0.019515
-0.059066
-0.110121
-0.161115
-0.185737
-0.182442
-0.166661
-0.148340
-0.131938
-0.121570
-0.113981
-0.106384
-0.097994
-0.088422
-0.077417
-0.065616
-0.056070
-0.048535
-0.041934
-0.038162
-0.039421
-0.046668
-0.060494
-0.078276
-0.095906
-0.116391
-0.132263
-0.128103
-0.106765
-0.105132
-0.074786
-0.038059
-0.025751
-0.029181
-0.029349
-0.028400
-0.033153
-0.035074
-0.055374
-0.088900
-0.125628
-0.159480
-0.185325
-0.210154
-0.233301
-0.249245
-0.262239
-0.275829
-0.285185
-0.293337
-0.306453
-0.331517
-0.355343
-0.369488
-0.379858
-0.383026
-0.354515
-0.328451
-0.291898
-0.269985
-0.241927
-0.196838
-0.143711
-0.089098
-0.035299
0.003827
0.028312
0.054235
0.080648
0.097496
0.088966
0.076976
0.070318
0.058018
0.062522
0.058197
0.052993
0.059810
0.075246
0.094056
0.126772
0.167660
0.192993
0.204299
0.206673
0.208431
0.212156
0.213385
0.187080
0.150006
0.117539
0.089630
0.074334
0.067605
0.067913
0.055918
0.037332
0.008787
-0.031578
-0.063396
-0.083260
-0.107084
-0.134751
-0.157937
-0.152723
-0.146605
-0.147379
-0.156967
-0.157624
-0.161620
-0.167150
-0.164483
-0.154959
-0.139822
-0.135523
-0.136316
-0.130820
-0.117060
-0.099906
-0.081105
-0.071959
-0.062601
-0.054930
-0.059665
-0.046690
-0.035708
-0.039245
-0.043783
-0.034256
-0.014988
0.016519
0.054671
0.090096
0.115899
0.125434
0.138803
0.160316
0.178297
0.180940
0.165429
0.148045
0.138574
0.141901
0.144182
0.144097
0.126142
0.101582
0.067825
0.028601
0.004654
-0.017656
-0.035876
-0.046037
-0.041997
-0.007673
0.030597
0.069166
0.090989
0.087250
0.077470
0.075794
0.083746
0.090560
0.077928
0.047019
0.017828
-0.000685
-0.008375
-0.015950
-0.022752
-0.037723
-0.050570
-0.066870
-0.091427
-0.100123
-0.102830
-0.117454
-0.136256
-0.145551
-0.136932
-0.113737
-0.090221
-0.077181
-0.067341
-0.079369
-0.089647
-0.090057
-0.084836
-0.076774
-0.092409
-0.110873
-0.114412
-0.106266
-0.099797
-0.095901
-0.101645
-0.103905
-0.106055
-0.116566
-0.105828
-0.095649
-0.102506
-0.111563
-0.109454
-0.088384
-0.051329
-0.015893
0.011634
0.030355
0.031095
0.038217
0.056890
0.080754
0.082901
0.067317
0.047769
0.032131
0.025834
0.019249
0.009863
-0.009532
-0.025566
-0.040776
-0.074106
-0.095834
-0.109537
-0.123369
-0.135666
-0.136758
-0.119854
-0.092433
-0.064525
-0.045071
-0.029454
-0.035554
-0.038080
-0.030840
-0.021387
-0.014983
-0.028747
-0.046859
-0.057131
-0.060391
-0.065402
-0.072719
-0.084563
-0.089889
-0.094467
-0.115082
-0.118380
-0.114566
-0.122837
-0.134914
-0.134011
-0.115603
-0.087234
-0.056004
-0.030833
-0.011956
-0.014255
-0.011428
0.003424
0.021617
0.038701
0.028330
0.011246
0.002845
0.003265
0.003271
0.001853
-0.009621
-0.018495
-0.028148
-0.057287
-0.071795
-0.078409
-0.090703
-0.102867
-0.101078
-0.082075
-0.050555
-0.017287
0.010257
0.027079
0.024470
0.026495
0.037037
0.049011
0.054688
0.037013
0.015573
0.002665
-0.001587
-0.007588
-0.016043
-0.033174
-0.046504
-0.060566
-0.094692
-0.117338
-0.129988
-0.137626
-0.141411
-0.135016
-0.105810
-0.067393
-0.027271
0.006382
0.030429
0.034767
0.042189
0.057268
0.074114
0.073436
0.054635
0.035437
0.025291
0.021555
0.015136
0.007200
-0.010342
-0.024678
-0.039430
-0.073258
-0.090158
-0.097235
-0.108320
-0.120321
-0.119858
-0.098459
-0.066766
-0.032174
-0.003383
0.018422
0.018601
0.022277
0.034642
0.048595
0.054187
0.035323
0.013588
0.002048
-0.001171
-0.006862
-0.014525
-0.031603
-0.044838
-0.058391
-0.091398
-0.110917
-0.120445
-0.128364
-0.134200
-0.129179
-0.101071
-0.063079
-0.023029
0.011130
0.035379
0.040390
0.048685
0.064742
0.082027
0.085124
0.066752
0.046175
0.034219
0.030080
0.022941
0.013433
-0.006768
-0.024067
-0.043789
-0.081928
-0.105396
-0.117306
-0.128091
-0.137726
-0.136440
-0.113295
-0.080381
-0.045330
-0.017514
0.003411
0.002965
0.005465
0.015796
0.027392
0.029389
0.012446
-0.006414
-0.017038
-0.022189
-0.029484
-0.039114
-0.055745
-0.067096
-0.076838
-0.104208
-0.115922
-0.117141
-0.121243
-0.126850
-0.121350
-0.098564
-0.063939
-0.026917
0.003505
0.027515
0.029770
0.035837
0.052148
0.066708
0.065646
0.048945
0.028579
0.011363
-0.000188
-0.013087
-0.028919
-0.050596
-0.066063
-0.078478
-0.105518
-0.120260
-0.127125
-0.133693
-0.138791
-0.133058
-0.107350
-0.072543
-0.032165
0.003130
0.031089
0.037058
0.045598
0.063116
0.082167
0.086203
0.070417
0.051318
0.038063
0.035361
0.029212
0.021012
0.002301
-0.013387
-0.028558
-0.062625
-0.081208
-0.089729
-0.100706
-0.110937
-0.108543
-0.088598
-0.056337
-0.020191
0.009387
0.031262
0.031588
0.035492
0.047838
0.058713
0.058673
0.042926
0.022585
0.004368
-0.003920
-0.013923
-0.027629
-0.048613
-0.064142
-0.076995
-0.104871
-0.121239
-0.127908
-0.132001
-0.135447
-0.129517
-0.102287
-0.065643
-0.024302
0.011156
0.035787
0.039845
0.046613
0.062167
0.078885
0.081161
0.064348
0.045451
0.032477
0.029433
0.023719
0.015865
-0.002375
-0.017511
-0.035005
-0.070716
-0.089045
-0.096936
-0.107119
-0.116851
-0.114335
-0.092221
-0.058727
-0.020399
0.012055
0.035940
0.038082
0.042829
0.055013
0.068772
0.072324
0.052858
0.030987
0.016770
0.014766
0.009521
0.001369
-0.018216
-0.034578
-0.049695
-0.083416
-0.105571
-0.116715
-0.122236
-0.125138
-0.118713
-0.091130
-0.051710
-0.009903
0.023949
0.050625
0.056833
0.065410
0.080831
0.094008
0.091298
0.074406
0.054766
0.034324
0.022677
0.011336
-0.002735
-0.025701
-0.043749
-0.060486
-0.092008
-0.111586
-0.121340
-0.127461
-0.132074
-0.127034
-0.100478
-0.064098
-0.023058
0.011418
0.038215
0.043247
0.050143
0.064861
0.080866
0.081255
0.062513
0.043089
0.032278
0.030426
0.025325
0.018070
-0.000554
-0.016241
-0.029511
-0.061368
-0.079513
-0.086768
-0.095864
-0.105034
-0.102742
-0.081211
-0.047553
-0.009044
0.023419
0.047217
0.049953
0.051408
0.061743
0.074495
0.077436
0.059245
0.039515
0.027962
0.027909
0.027778
0.024979
0.007611
-0.007437
-0.024309
-0.059934
-0.083634
-0.096261
-0.104343
-0.108903
-0.103212
-0.070979
-0.029862
0.013315
0.048585
0.077251
0.087256
0.095024
0.109829
0.125318
0.124543
0.106483
0.088144
0.072246
0.066637
0.061021
0.053214
0.031853
0.012417
-0.006833
-0.044381
-0.070181
-0.084327
-0.094299
-0.103176
-0.102508
-0.081817
-0.049603
-0.013328
0.015496
0.036178
0.035357
0.032808
0.038477
0.045862
0.046391
0.026388
0.005323
-0.006213
-0.006255
-0.006834
-0.010084
-0.025166
-0.036664
-0.046608
-0.075541
-0.091790
-0.095413
-0.098947
-0.102782
-0.096003
-0.068124
-0.027925
0.016107
0.052907
0.079748
0.088151
0.094955
0.110256
0.127229
0.128134
0.110655
0.092050
0.077261
0.073147
0.067462
0.058315
0.035395
0.014170
-0.009462
-0.050187
-0.078764
-0.095317
-0.108196
-0.118603
-0.119716
-0.098057
-0.065911
-0.031989
-0.007275
0.011591
0.009262
0.004777
0.008492
0.013764
0.010796
-0.007587
-0.026376
-0.039102
-0.044856
-0.052369
-0.062888
-0.079347
-0.089134
-0.096060
-0.117268
-0.126302
-0.123245
-0.125059
-0.129520
-0.124063
-0.101336
-0.063912
-0.021142
0.014841
0.045751
0.054784
0.060697
0.076975
0.094513
0.099458
0.084030
0.063836
0.048681
0.042714
0.035235
0.028265
0.011512
-0.005597
-0.020150
-0.052154
-0.071959
-0.082459
-0.093794
-0.103201
-0.100559
-0.080437
-0.046597
-0.009815
0.019400
0.041438
0.042853
0.042948
0.051838
0.062546
0.064517
0.046730
0.027285
0.012414
0.005294
-0.003247
-0.012154
-0.028781
-0.043500
-0.054961
-0.080482
-0.097126
-0.104173
-0.109475
-0.114856
-0.110765
-0.087183
-0.050578
-0.010187
0.022988
0.048133
0.052269
0.000215
0.005792
0.010987
0.008998
0.005282
-0.020808
-0.062303
-0.114129
-0.164828
-0.189020
-0.185216
-0.167241
-0.146489
-0.130091
-0.120108
-0.112920
-0.105163
-0.096106
-0.085298
-0.072553
-0.056640
-0.039303
-0.022661
-0.009952
-0.005176
-0.010131
-0.034501
-0.062268
-0.073329
-0.069647
-0.062289
-0.037390
-0.011395
0.006084
0.019423
0.035254
0.049838
0.056392
0.054542
0.036696
0.013076
-0.001171
-0.012968
-0.024698
-0.031638
-0.031725
-0.037461
-0.049634
-0.068851
-0.099642
-0.108185
-0.114283
-0.130786
-0.143069
-0.147722
-0.132941
-0.113200
-0.093086
-0.080290
-0.065535
-0.059538
-0.056652
-0.044326
-0.025405
-0.014533
-0.007460
-0.001381
-0.000697
0.006527
0.022526
0.036395
0.033088
0.026220
0.004656
-0.026160
-0.041842
-0.050153
-0.054919
-0.054905
-0.042687
-0.018863
0.017580
0.056909
0.088267
0.114002
0.121114
0.129947
0.145661
0.162366
0.161533
0.145044
0.127097
0.113545
0.109908
0.105979
0.099443
0.077120
0.054793
0.026105
-0.019427
-0.051867
-0.070688
-0.081995
-0.089666
-0.087122
-0.057276
-0.020791
0.013904
0.037868
0.055762
0.052643
0.051888
0.056836
0.061792
0.050430
0.031745
0.014946
0.000010
-0.009714
-0.016161
-0.023695
-0.037701
-0.046879
-0.056859
-0.088577
-0.107734
-0.114196
-0.115302
-0.115820
-0.107348
-0.081094
-0.043944
-0.002960
0.030944
0.056932
0.060924
0.066679
0.081439
0.094852
0.094126
0.073496
0.050809
0.037360
0.030850
0.022626
0.011899
-0.008759
-0.026024
-0.043513
-0.080114
-0.103238
-0.113963
-0.120774
-0.125413
-0.119435
-0.089373
-0.050138
-0.010360
0.021671
0.046937
0.052283
0.059638
0.072861
0.086244
0.081613
0.063622
0.046628
0.032507
0.023760
0.016040
0.006646
-0.011708
-0.025707
-0.042146
-0.078951
-0.102329
-0.112817
-0.119103
-0.123662
-0.118284
-0.092997
-0.056474
-0.017105
0.014280
0.040729
0.045436
0.051234
0.064609
0.079532
0.081105
0.062394
0.042789
0.034386
0.031212
0.025668
0.017890
-0.001033
-0.017452
-0.034039
-0.069170
-0.089252
-0.097065
-0.103249
-0.108814
-0.103565
-0.077710
-0.039924
-0.000574
0.030675
0.053984
0.057090
0.062434
0.074644
0.088241
0.088342
0.070475
0.051863
0.039593
0.033781
0.027463
0.018947
-0.000777
-0.017215
-0.036116
-0.074422
-0.100022
-0.113370
-0.120157
-0.123728
-0.117905
-0.090216
-0.052668
-0.013666
0.017012
0.040343
0.042921
0.047598
0.058815
0.070667
0.068162
0.050315
0.032561
0.020150
0.013102
0.005417
-0.004559
-0.023311
-0.038060
-0.052850
-0.087779
-0.107916
-0.115100
-0.118871
-0.122515
-0.116613
-0.090406
-0.053141
-0.014474
0.015322
0.040848
0.045295
0.051247
0.064924
0.076638
0.073185
0.055666
0.035893
0.018097
0.005030
-0.008329
-0.024567
-0.047076
-0.063990
-0.078098
-0.107003
-0.124684
-0.131443
-0.133669
-0.134943
-0.126492
-0.099810
-0.062481
-0.020519
0.013718
0.041560
0.048400
0.056548
0.072348
0.085956
0.084150
0.067657
0.049735
0.033560
0.024331
0.015753
0.005463
-0.013896
-0.027707
-0.040678
-0.072396
-0.089396
-0.096264
-0.103058
-0.108625
-0.102524
-0.077171
-0.041146
-0.000451
0.033488
0.059031
0.063694
0.070858
0.086093
0.103163
0.105277
0.087481
0.068495
0.056682
0.054370
0.050331
0.044107
0.025497
0.008835
-0.008503
-0.045999
-0.071973
-0.086678
-0.096094
-0.102321
-0.098494
-0.071399
-0.034755
0.004733
0.036339
0.060181
0.063681
0.069482
0.081580
0.094240
0.091760
0.076225
0.059283
0.043277
0.037195
0.031621
0.023635
0.004898
-0.011063
-0.029454
-0.067547
-0.093277
-0.105240
-0.110203
-0.113704
-0.108362
-0.081958
-0.044702
-0.003860
0.028473
0.055385
0.061350
0.068070
0.080770
0.092061
0.090975
0.076503
0.060062
0.045356
0.038694
0.031985
0.022795
0.003082
-0.013247
-0.029204
-0.064829
-0.086565
-0.095886
-0.100790
-0.104886
-0.099346
-0.073860
-0.036679
0.004984
0.039061
0.064994
0.070340
0.077467
0.091010
0.104541
0.104020
0.088272
0.070639
0.055968
0.051270
0.048135
0.043287
0.026252
0.012058
-0.005124
-0.041906
-0.065409
-0.077358
-0.086050
-0.092760
-0.088117
-0.065462
-0.030570
0.007680
0.036679
0.061126
0.065764
0.072235
0.084797
0.097263
0.090267
0.073726
0.055824
0.035346
0.024717
0.013927
-0.000797
-0.023335
-0.040875
-0.057332
-0.088706
-0.106297
-0.112235
-0.116160
-0.121443
-0.117882
-0.093314
-0.057631
-0.017274
0.015302
0.041173
0.045073
0.050123
0.063231
0.076505
0.077002
0.060399
0.041424
0.028543
0.024723
0.020768
0.015860
0.000650
-0.010796
-0.022818
-0.054986
-0.072054
-0.078516
-0.085424
-0.091115
-0.084209
-0.061491
-0.025692
0.014056
0.046371
0.072136
0.077919
0.087054
0.103748
0.121293
0.115782
0.096851
0.077809
0.057514
0.047561
0.037380
0.023866
0.001116
-0.017632
-0.036844
-0.072746
-0.098608
-0.112692
-0.121873
-0.130008
-0.129929
-0.108193
-0.076780
-0.041798
-0.015119
0.007072
0.008643
0.006598
0.012871
0.021472
0.020325
0.000710
-0.019803
-0.031943
-0.035349
-0.039031
-0.044705
-0.057465
-0.064533
-0.070508
-0.092367
-0.097555
-0.091892
-0.097618
-0.105146
-0.099594
-0.078517
-0.044648
-0.005599
0.025058
0.049031
0.053222
0.057229
0.071967
0.090575
0.095195
0.078901
0.059913
0.045745
0.039968
0.032862
0.020792
-0.002622
-0.022701
-0.042395
-0.079409
-0.104234
-0.117374
-0.125236
-0.132544
-0.131718
-0.109802
-0.077517
-0.041734
-0.014815
0.007878
0.011135
0.011055
0.018902
0.028013
0.028463
0.013452
-0.000616
-0.010943
-0.015225
-0.017409
-0.021187
-0.033547
-0.041042
-0.047076
-0.071553
-0.081278
-0.079601
-0.082432
-0.086993
-0.079284
-0.056701
-0.021140
0.019915
0.053657
0.079928
0.086212
0.091956
0.107802
0.125999
0.129625
0.113901
0.095548
0.082288
0.077250
0.071366
0.062424
0.040669
0.021270
-0.000357
-0.040279
-0.068628
-0.085880
-0.098483
-0.108130
-0.108207
-0.085342
-0.053526
-0.019556
0.005634
0.025662
0.026253
0.024877
0.031233
0.038017
0.034819
0.019389
0.005100
-0.008314
-0.014796
-0.020752
-0.028612
-0.042942
-0.051802
-0.058939
-0.083577
-0.094795
-0.093534
-0.095813
-0.100129
-0.093860
-0.072114
-0.036674
0.003637
0.036616
0.061494
0.065036
0.067644
0.081013
0.094104
0.094044
0.072052
0.045454
0.024302
0.013282
0.000806
-0.011356
-0.029518
-0.044543
-0.056841
-0.081669
-0.095077
-0.098699
-0.105519
-0.113912
-0.111512
-0.088199
-0.051895
-0.013133
0.017301
0.040225
0.043368
0.046155
0.057827
0.072091
0.075945
0.058827
0.041097
0.025404
0.016370
0.007015
-0.001887
-0.017678
-0.031410
-0.042066
-0.068991
-0.083822
-0.089801
-0.094786
-0.100392
-0.096024
-0.076256
-0.042825
-0.005341
0.023920
0.048383
0.052271
0.054446
0.066546
0.078635
0.076252
0.061626
0.044710
0.027750
0.017199
0.006648
-0.004184
-0.020704
-0.033917
-0.045665
-0.074167
-0.090662
-0.097483
-0.103207
-0.109161
-0.105317
-0.084278
-0.049852
-0.010941
0.021195
0.044958
0.047650
0.049655
0.061762
0.075252
0.074033
0.055151
0.034561
0.019519
0.011263
0.001422
-0.008196
-0.023449
-0.035799
-0.044573
-0.069326
-0.083096
-0.087447
-0.092660
-0.098628
-0.094153
-0.073677
-0.039692
-0.000833
0.030961
0.055010
0.058275
0.061111
0.073816
0.087578
0.087828
0.070421
0.051970
0.037233
0.029003
0.019260
0.009577
-0.006865
-0.021275
-0.034911
-0.065942
-0.084357
-0.093198
-0.100413
-0.106759
-0.103157
-0.082575
-0.048082
-0.009083
0.023070
0.048474
0.053082
0.056306
0.068668
0.081787
0.081013
0.062442
0.042861
0.027647
0.018982
0.008869
-0.000838
-0.016799
-0.030159
-0.040761
-0.072664
-0.093443
-0.099676
-0.104887
-0.110770
-0.106402
-0.084809
-0.049055
-0.008662
0.024786
0.051356
0.057598
0.000227
0.005365
0.010090
0.008215
0.004541
-0.022742
-0.065768
-0.117834
-0.167546
-0.188720
-0.180172
-0.157165
-0.131207
-0.108845
-0.091733
-0.080074
-0.072488
-0.067864
-0.066467
-0.069170
-0.076140
-0.086861
-0.102897
-0.129188
-0.152337
-0.163596
-0.151360
-0.127650
-0.106491
-0.086057
-0.059503
-0.039815
-0.024468
-0.016186
-0.012731
-0.015890
-0.033069
-0.049139
-0.055307
-0.060846
-0.064390
-0.065373
-0.066223
-0.062723
-0.066273
-0.087639
-0.101809
-0.112580
-0.126097
-0.143817
-0.158514
-0.155223
-0.133515
-0.104767
-0.078867
-0.053437
-0.039068
-0.024500
-0.002929
0.020545
0.047364
0.071930
0.081806
0.082038
0.091412
0.109879
0.125089
0.120019
0.103528
0.076656
0.043050
0.031548
0.030533
0.024541
0.016745
0.025720
0.047288
0.079957
0.115265
0.141186
0.155269
0.154726
0.156866
0.166037
0.173778
0.146348
0.122545
0.104142
0.086725
0.073765
0.062222
0.050992
0.031490
0.015558
-0.007083
-0.050615
-0.083908
-0.102605
-0.112329
-0.118634
-0.116379
-0.092757
-0.060775
-0.027727
-0.004372
0.015663
0.016665
0.017491
0.024475
0.028444
0.020497
-0.001118
-0.024615
-0.042582
-0.057213
-0.072848
-0.090932
-0.108902
-0.119189
-0.127690
-0.151383
-0.155843
-0.147828
-0.146002
-0.146274
-0.135513
-0.106467
-0.067004
-0.022974
0.013239
0.042286
0.051356
0.063673
0.086171
0.108303
0.107452
0.089790
0.071830
0.056645
0.043611
0.030714
0.017129
-0.002324
-0.016685
-0.033071
-0.069891
-0.087934
-0.096028
-0.107446
-0.117753
-0.114979
-0.096506
-0.068094
-0.035992
-0.011121
0.009574
0.008893
0.011207
0.021854
0.033087
0.031760
0.014644
-0.002853
-0.015675
-0.025118
-0.035471
-0.047780
-0.062849
-0.071045
-0.079445
-0.107439
-0.120374
-0.121241
-0.122630
-0.124875
-0.116826
-0.090405
-0.053629
-0.012855
0.020613
0.046726
0.052098
0.060704
0.079024
0.098787
0.099436
0.083534
0.066936
0.055819
0.048095
0.040011
0.031946
0.016183
0.003674
-0.012499
-0.048947
-0.068199
-0.076894
-0.087205
-0.096442
-0.092767
-0.073332
-0.041699
-0.008572
0.016178
0.034130
0.031815
0.034133
0.044446
0.055221
0.049231
0.028691
0.007793
-0.009011
-0.022012
-0.036130
-0.052586
-0.070855
-0.081992
-0.093539
-0.123792
-0.138538
-0.140070
-0.140344
-0.141876
-0.134083
-0.106800
-0.069760
-0.029316
0.002657
0.030028
0.036283
0.045206
0.064549
0.081929
0.077826
0.058374
0.038429
0.020624
0.005017
-0.010361
-0.026903
-0.045988
-0.057634
-0.066361
-0.092459
-0.101085
-0.101321
-0.107924
-0.114943
-0.109363
-0.088418
-0.057038
-0.021454
0.007847
0.029968
0.030656
0.036099
0.052309
0.069986
0.070675
0.052000
0.032289
0.019070
0.009964
-0.000468
-0.011941
-0.028229
-0.039026
-0.051187
-0.084655
-0.101417
-0.106781
-0.112204
-0.117398
-0.111490
-0.087805
-0.053598
-0.015854
0.014616
0.038021
0.041248
0.048293
0.063864
0.079520
0.077660
0.058311
0.038950
0.022940
0.014199
0.003919
-0.006762
-0.022397
-0.032737
-0.043823
-0.074319
-0.088763
-0.092567
-0.098909
-0.106305
-0.102148
-0.081537
-0.049891
-0.012676
0.017817
0.040509
0.042662
0.048636
0.063763
0.080514
0.082194
0.062473
0.042117
0.028068
0.023046
0.014814
0.006021
-0.009396
-0.020549
-0.032786
-0.065660
-0.081477
-0.085398
-0.091268
-0.098548
-0.094365
-0.072837
-0.039060
0.000236
0.032429
0.056980
0.062089
0.070815
0.087353
0.104737
0.106219
0.087271
0.067709
0.054088
0.049377
0.042679
0.035165
0.018540
0.004921
-0.012313
-0.049499
-0.070641
-0.079642
-0.087581
-0.096040
-0.093480
-0.072111
-0.039212
-0.001514
0.028548
0.051193
0.054359
0.061108
0.075168
0.089216
0.085823
0.066589
0.046995
0.029691
0.021549
0.013157
0.004477
-0.010484
-0.021166
-0.033376
-0.066092
-0.082504
-0.086462
-0.091432
-0.098608
-0.094909
-0.073653
-0.041106
-0.003001
0.028220
0.050581
0.053110
0.059565
0.074732
0.090405
0.091718
0.071671
0.050872
0.037039
0.031910
0.023197
0.012644
-0.005313
-0.019251
-0.035905
-0.071891
-0.089668
-0.094703
-0.100559
-0.108634
-0.106241
-0.083868
-0.050413
-0.011446
0.020479
0.044942
0.049835
0.058299
0.074421
0.091399
0.091324
0.072614
0.054049
0.040153
0.034598
0.026537
0.017583
0.001299
-0.011102
-0.026983
-0.063112
-0.080958
-0.086186
-0.092311
-0.100536
-0.097797
-0.078300
-0.046625
-0.009112
0.021538
0.044625
0.047437
0.053988
0.068447
0.083808
0.083422
0.064299
0.044513
0.029805
0.023540
0.015085
0.006198
-0.008993
-0.019796
-0.032007
-0.064946
-0.080149
-0.083645
-0.089504
-0.097627
-0.094386
-0.075031
-0.043941
-0.007871
0.020330
0.041254
0.042643
0.048994
0.064022
0.078407
0.074902
0.057328
0.037403
0.018751
0.007128
-0.005730
-0.021332
-0.040513
-0.052906
-0.065003
-0.094719
-0.106924
-0.105466
-0.110700
-0.118212
-0.114359
-0.093489
-0.060810
-0.021281
0.012213
0.037390
0.042403
0.048038
0.063790
0.080636
0.082646
0.067119
0.049033
0.034244
0.026137
0.015975
0.005236
-0.010843
-0.021772
-0.035001
-0.068403
-0.082187
-0.082766
-0.091741
-0.101834
-0.098375
-0.079991
-0.049701
-0.012575
0.018194
0.041881
0.045899
0.050665
0.065236
0.081556
0.083596
0.064086
0.042948
0.027103
0.019641
0.008998
-0.003252
-0.021116
-0.033572
-0.048604
-0.081621
-0.097678
-0.099948
-0.107407
-0.116037
-0.113363
-0.092847
-0.060348
-0.021839
0.009678
0.036077
0.042815
0.049102
0.064138
0.080722
0.083160
0.065835
0.047466
0.032182
0.024661
0.014350
0.002727
-0.014996
-0.027604
-0.042578
-0.076818
-0.091647
-0.092488
-0.100706
-0.110495
-0.108063
-0.089219
-0.058428
-0.021170
0.009222
0.034643
0.040293
0.045527
0.060209
0.076881
0.078785
0.061304
0.042323
0.026506
0.018116
0.007844
-0.003645
-0.020705
-0.032398
-0.044218
-0.074763
-0.088150
-0.087896
-0.094523
-0.102605
-0.098761
-0.078314
-0.045611
-0.006801
0.025342
0.049746
0.053817
0.058733
0.073493
0.089514
0.090078
0.072865
0.054255
0.039740
0.031805
0.021187
0.009147
-0.009046
-0.022171
-0.037466
-0.072097
-0.089518
-0.093177
-0.101286
-0.110318
-0.107898
-0.088699
-0.057880
-0.021309
0.008318
0.030398
0.033010
0.036114
0.048491
0.062130
0.064030
0.045923
0.026207
0.009319
-0.000581
-0.012651
-0.023961
-0.038191
-0.048085
-0.057620
-0.085141
-0.096539
-0.094539
-0.099778
-0.106551
-0.101456
-0.080433
-0.046088
-0.005972
0.027785
0.054131
0.060883
0.068552
0.086260
0.105828
0.104626
0.086795
0.068674
0.051009
0.039263
0.026241
0.013927
-0.002708
-0.016022
-0.032016
-0.065577
-0.081711
-0.086120
-0.097519
-0.109385
-0.108751
-0.092147
-0.063183
-0.029249
-0.001906
0.019499
0.020964
0.022406
0.033884
0.046651
0.049029
0.031035
0.011147
-0.007133
-0.019956
-0.034328
-0.049057
-0.064549
-0.072962
-0.078356
-0.100222
-0.105604
-0.098591
-0.102639
-0.109629
-0.104314
-0.084713
-0.052428
-0.013995
0.018475
0.043761
0.050289
0.057416
0.075452
0.095806
0.097415
0.081021
0.063168
0.043749
0.030438
0.015432
0.001174
-0.016403
-0.029084
-0.043033
-0.074657
-0.088740
-0.091160
-0.101523
-0.113014
-0.111645
-0.094891
-0.065354
-0.030293
-0.000925
0.023159
0.027886
0.032550
0.047062
0.063168
0.065056
0.048344
0.030554
0.011013
-0.003196
-0.017976
-0.032209
-0.048102
-0.057241
-0.063081
-0.086035
-0.093369
-0.089187
-0.095567
-0.103935
-0.099544
-0.080927
-0.050842
-0.014150
0.017001
0.040942
0.045050
0.050605
0.067878
0.087517
0.087827
0.070775
0.052445
0.032907
0.019119
0.003617
-0.010841
-0.027399
-0.038255
-0.048785
-0.082485
-0.101615
-0.105232
-0.116324
-0.128045
-0.127255
-0.109138
-0.080091
-0.046532
-0.018336
0.004060
0.007954
0.000280
0.006868
0.013686
0.011355
0.006030
-0.021401
-0.063735
-0.114377
-0.162905
-0.184132
-0.177002
-0.155824
-0.132902
-0.114054
-0.100489
-0.091687
-0.085277
-0.080076
-0.075601
-0.072248
-0.073229
-0.078896
-0.088156
-0.102601
-0.126485
-0.149176
-0.160245
-0.149934
-0.122421
-0.093431
-0.066526
-0.033568
-0.007391
0.013774
0.029017
0.035396
0.033647
0.020943
0.004238
-0.009348
-0.021186
-0.031038
-0.036806
-0.041211
-0.039973
-0.040480
-0.063215
-0.085462
-0.101259
-0.112074
-0.129979
-0.150389
-0.162576
-0.152210
-0.129102
-0.107169
-0.087987
-0.070029
-0.061876
-0.051185
-0.038077
-0.018123
0.001977
0.018238
0.022040
0.028598
0.042383
0.058751
0.059347
0.050955
0.033145
-0.003465
-0.023185
-0.025163
-0.026660
-0.033442
-0.028254
-0.008522
0.022100
0.058199
0.086215
0.106407
0.113544
0.121036
0.137186
0.155672
0.145924
0.125024
0.107498
0.087109
0.072405
0.058401
0.045796
0.026675
0.009332
-0.008753
-0.047616
-0.076743
-0.089556
-0.096133
-0.105969
-0.109345
-0.095835
-0.068202
-0.034866
-0.007262
0.015167
0.021789
0.023587
0.032005
0.039824
0.040385
0.024978
0.006364
-0.007775
-0.016839
-0.023343
-0.027515
-0.035657
-0.039698
-0.041809
-0.067628
-0.081124
-0.077191
-0.077657
-0.082196
-0.075517
-0.055786
-0.021642
0.019039
0.052329
0.078467
0.085736
0.094044
0.112688
0.133593
0.131952
0.112988
0.091455
0.069976
0.054416
0.038621
0.021714
-0.001535
-0.020869
-0.041572
-0.081531
-0.111521
-0.127143
-0.138025
-0.145096
-0.144188
-0.124917
-0.094410
-0.058481
-0.027113
-0.002064
0.005878
0.011303
0.025362
0.040362
0.042709
0.031088
0.017585
-0.002318
-0.015734
-0.029141
-0.041867
-0.055817
-0.062406
-0.066360
-0.091667
-0.098935
-0.089714
-0.094745
-0.104561
-0.100946
-0.084215
-0.055552
-0.017983
0.016267
0.044742
0.052916
0.061225
0.082365
0.107905
0.118319
0.103657
0.080003
0.056652
0.042184
0.026417
0.009539
-0.011822
-0.027803
-0.039899
-0.071632
-0.091937
-0.097877
-0.107233
-0.117381
-0.116476
-0.099760
-0.070566
-0.035266
-0.005466
0.019920
0.029787
0.038009
0.055796
0.075547
0.079174
0.067303
0.051692
0.028088
0.010962
-0.005517
-0.021070
-0.038895
-0.049879
-0.059317
-0.089884
-0.104476
-0.102284
-0.108906
-0.118441
-0.115652
-0.097677
-0.067490
-0.029312
0.005689
0.036279
0.049748
0.061181
0.083957
0.109908
0.120584
0.106645
0.085107
0.061523
0.045510
0.029418
0.013356
-0.008369
-0.024984
-0.039062
-0.072701
-0.089528
-0.089953
-0.100107
-0.113266
-0.113943
-0.099415
-0.073625
-0.040681
-0.012611
0.010695
0.018519
0.025123
0.041397
0.059015
0.063697
0.053578
0.039950
0.017278
0.000538
-0.016032
-0.032170
-0.049981
-0.060073
-0.066812
-0.094688
-0.107002
-0.102414
-0.107959
-0.116826
-0.113286
-0.095894
-0.067070
-0.029604
0.004536
0.034799
0.048119
0.059472
0.082403
0.109618
0.118303
0.105252
0.084681
0.060472
0.042969
0.025405
0.007245
-0.016211
-0.033726
-0.048281
-0.081436
-0.098187
-0.098774
-0.108701
-0.121167
-0.121368
-0.106500
-0.079446
-0.044633
-0.012968
0.013652
0.024078
0.032524
0.050243
0.069097
0.081755
0.073907
0.058834
0.037862
0.023977
0.011478
0.000011
-0.015762
-0.026476
-0.035429
-0.066388
-0.079652
-0.076259
-0.084247
-0.095969
-0.094595
-0.079684
-0.053028
-0.017458
0.013234
0.039870
0.049244
0.057124
0.075824
0.096666
0.102496
0.087449
0.066059
0.040937
0.022509
0.003859
-0.016323
-0.040019
-0.057228
-0.069454
-0.098974
-0.117589
-0.120230
-0.125349
-0.131734
-0.128346
-0.109436
-0.077961
-0.038692
-0.002787
0.027259
0.040546
0.052036
0.072947
0.095937
0.103878
0.089880
0.070987
0.048469
0.031411
0.014059
-0.003171
-0.024514
-0.039957
-0.052258
-0.084759
-0.100668
-0.097358
-0.104127
-0.114572
-0.112273
-0.096271
-0.067524
-0.029197
0.005879
0.036145
0.049144
0.056950
0.074548
0.095083
0.102477
0.087900
0.066858
0.043755
0.027028
0.009636
-0.008170
-0.030090
-0.046091
-0.059069
-0.090777
-0.109691
-0.110637
-0.116425
-0.125116
-0.123087
-0.106869
-0.078004
-0.041178
-0.009309
0.017158
0.027554
0.032864
0.048485
0.066715
0.071623
0.060506
0.043433
0.020309
0.002023
-0.016162
-0.035177
-0.056862
-0.071029
-0.081907
-0.111058
-0.124345
-0.117842
-0.121614
-0.129621
-0.125578
-0.107080
-0.076932
-0.037471
-0.001192
0.029680
0.043755
0.052512
0.071745
0.095810
0.105352
0.092699
0.073565
0.051454
0.034730
0.016617
-0.000331
-0.020447
-0.034192
-0.045501
-0.076515
-0.091549
-0.087813
-0.096243
-0.108765
-0.107921
-0.092968
-0.067340
-0.032414
-0.001169
0.025005
0.034436
0.038881
0.053909
0.071622
0.084088
0.075943
0.060033
0.038460
0.024243
0.011357
-0.002262
-0.020791
-0.033649
-0.044399
-0.075030
-0.088888
-0.083740
-0.090709
-0.102392
-0.101416
-0.086581
-0.057836
-0.020861
0.011377
0.038288
0.046742
0.050494
0.064465
0.081712
0.087930
0.075617
0.058541
0.037146
0.021396
0.005711
-0.008889
-0.026326
-0.037235
-0.043953
-0.071397
-0.086274
-0.083355
-0.089814
-0.100194
-0.098136
-0.082785
-0.054897
-0.018511
0.013408
0.040588
0.050593
0.055289
0.070968
0.090339
0.098479
0.087935
0.072415
0.050398
0.034057
0.018391
0.003203
-0.014133
-0.026733
-0.035297
-0.063809
-0.079667
-0.077980
-0.086759
-0.098598
-0.097252
-0.082796
-0.055743
-0.021133
0.009947
0.035039
0.042484
0.046272
0.061498
0.080661
0.085621
0.075753
0.063263
0.040603
0.024291
0.008530
-0.005913
-0.023768
-0.036180
-0.044678
-0.072757
-0.084103
-0.078051
-0.087847
-0.102351
-0.102891
-0.089915
-0.064633
-0.031604
-0.000518
0.026516
0.037380
0.042634
0.059664
0.081614
0.096071
0.089428
0.074966
0.051810
0.036368
0.021715
0.008303
-0.008817
-0.021741
-0.032360
-0.061115
-0.069359
-0.060340
-0.070619
-0.088072
-0.091323
-0.081221
-0.060047
-0.030739
-0.004043
0.016649
0.019285
0.018909
0.030932
0.047012
0.059350
0.060413
0.046345
0.020678
0.004522
-0.009915
-0.022618
-0.038332
-0.047838
-0.051934
-0.073820
-0.080127
-0.069253
-0.076223
-0.089249
-0.088359
-0.074828
-0.049917
-0.015320
0.015991
0.042960
0.052213
0.056711
0.073959
0.096175
0.107005
0.098618
0.083518
0.058568
0.040644
0.024734
0.010561
-0.007399
-0.021555
-0.032313
-0.056511
-0.063793
-0.055611
-0.066457
-0.085144
-0.089920
-0.080716
-0.060827
-0.034162
-0.011041
0.006190
0.005809
0.002741
0.012885
0.028104
0.038220
0.038765
0.028641
0.006365
-0.006379
-0.018868
-0.029684
-0.041349
-0.046817
-0.049592
-0.068236
-0.066468
-0.050718
-0.057502
-0.074881
-0.078315
-0.068645
-0.049686
-0.020718
0.006610
0.028693
0.033820
0.036622
0.052937
0.075944
0.098643
0.103330
0.084713
0.054314
0.034442
0.019663
0.008667
-0.002222
-0.010186
-0.014967
-0.035298
-0.042481
-0.031730
-0.042090
-0.062258
-0.068519
-0.059913
-0.043782
-0.018607
0.001706
0.017897
0.020752
0.016639
0.026320
0.043488
0.057287
0.060855
0.047456
0.018848
-0.000429
-0.015320
-0.027174
-0.036929
-0.041205
-0.042069
-0.059422
-0.064931
-0.053509
-0.060688
-0.079153
-0.084527
-0.076307
-0.061001
-0.036379
-0.013932
0.004460
0.009044
0.009631
0.024179
0.045336
0.068237
0.078810
0.067314
0.039828
0.021527
0.008566
-0.000657
-0.007749
-0.010643
-0.012823
-0.032040
-0.037581
-0.025680
-0.034813
-0.054924
-0.061591
-0.053856
-0.039356
-0.016124
0.003129
0.017055
0.016685
0.012670
0.023473
0.042449
0.055283
0.056336
0.042017
0.013501
-0.006094
-0.022989
-0.036227
-0.046419
-0.050288
-0.050186
-0.065947
-0.069705
-0.056375
-0.062258
-0.079757
-0.084014
-0.074917
-0.059194
-0.033772
-0.009618
0.011445
0.018289
0.000405
0.007624
0.016870
0.015758
0.011161
-0.015122
-0.056602
-0.109422
-0.161214
-0.186475
-0.182819
-0.161033
-0.135631
-0.116136
-0.106476
-0.100576
-0.093663
-0.084860
-0.073658
-0.060114
-0.047248
-0.036826
-0.027592
-0.020213
-0.016866
-0.019720
-0.028031
-0.043388
-0.070712
-0.093909
-0.106116
-0.094592
-0.051095
0.019077
0.077044
0.081901
0.050008
0.043501
0.050192
0.050623
0.041598
0.008602
-0.028742
-0.075530
-0.113660
-0.142063
-0.167213
-0.190502
-0.203409
-0.211926
-0.231081
-0.261248
-0.278775
-0.290871
-0.301255
-0.303688
-0.296679
-0.275716
-0.249041
-0.222018
-0.205173
-0.193308
-0.178644
-0.170635
-0.162675
-0.147333
-0.140715
-0.140258
-0.132374
-0.117934
-0.102576
-0.085277
-0.075497
-0.073837
-0.066186
-0.069791
-0.074260
-0.050463
-0.038244
-0.038224
-0.031527
-0.010645
0.024819
0.073523
0.112917
0.144440
0.163548
0.177475
0.201107
0.236716
0.263841
0.261867
0.245802
0.221507
0.203147
0.196093
0.194757
0.189260
0.173186
0.155268
0.124555
0.085737
0.059071
0.031174
-0.001421
-0.028859
-0.041795
-0.033860
-0.019397
-0.016692
-0.024790
-0.031291
-0.046637
-0.060243
-0.072444
-0.075683
-0.065205
-0.056618
-0.063351
-0.067476
-0.064085
-0.057126
-0.055951
-0.059353
-0.060043
-0.074463
-0.096184
-0.095482
-0.086306
-0.083057
-0.079056
-0.061953
-0.028190
0.013538
0.050942
0.079885
0.098387
0.104053
0.118243
0.143501
0.163978
0.156189
0.142095
0.125258
0.112372
0.101321
0.092777
0.080463
0.063189
0.049142
0.016868
-0.019567
-0.033341
-0.044979
-0.062632
-0.075023
-0.074319
-0.059023
-0.036132
-0.015426
-0.002487
0.005415
0.000058
0.001976
0.004935
0.009498
-0.002116
-0.015591
-0.032558
-0.046550
-0.057600
-0.066386
-0.077374
-0.085714
-0.090260
-0.108354
-0.131779
-0.135296
-0.128607
-0.127301
-0.126585
-0.113526
-0.084545
-0.045361
-0.003264
0.030568
0.056719
0.066643
0.085191
0.110059
0.127872
0.118134
0.097819
0.077144
0.060046
0.043976
0.029826
0.013314
-0.001660
-0.008988
-0.032008
-0.058984
-0.062597
-0.066770
-0.080564
-0.090197
-0.086296
-0.070352
-0.041650
-0.011296
0.011895
0.028125
0.029239
0.039405
0.052512
0.065362
0.053227
0.036632
0.019261
0.005084
-0.007163
-0.017097
-0.030236
-0.040220
-0.044171
-0.064886
-0.091150
-0.097221
-0.094817
-0.099543
-0.103770
-0.095711
-0.073410
-0.040243
-0.005234
0.021564
0.041275
0.046319
0.060386
0.079145
0.092632
0.082366
0.067750
0.051154
0.035252
0.021280
0.009986
-0.003938
-0.015315
-0.020316
-0.043570
-0.068660
-0.068398
-0.067655
-0.078268
-0.085016
-0.077920
-0.059608
-0.028708
0.004382
0.030429
0.046659
0.050301
0.063848
0.082619
0.094078
0.080976
0.061913
0.041146
0.022726
0.005722
-0.009390
-0.026870
-0.039357
-0.044550
-0.066701
-0.090988
-0.091179
-0.089483
-0.099062
-0.105135
-0.097897
-0.078250
-0.048105
-0.015411
0.009596
0.028909
0.034083
0.049683
0.071855
0.087678
0.078009
0.062826
0.042495
0.022211
0.002397
-0.016075
-0.037337
-0.053335
-0.059539
-0.079489
-0.100309
-0.092874
-0.094332
-0.103971
-0.103646
-0.090355
-0.063828
-0.027354
0.012145
0.046031
0.067036
0.078123
0.100321
0.131923
0.157555
0.152457
0.134279
0.108777
0.086550
0.065591
0.045762
0.022879
0.001294
-0.015785
-0.047707
-0.077628
-0.078687
-0.086107
-0.102770
-0.110324
-0.104107
-0.083766
-0.054763
-0.023290
0.001050
0.016746
0.021330
0.035603
0.054210
0.072058
0.063881
0.050146
0.031145
0.013954
-0.004274
-0.021917
-0.041832
-0.055591
-0.063100
-0.087795
-0.110201
-0.101904
-0.103709
-0.114824
-0.116802
-0.105913
-0.083701
-0.049569
-0.011086
0.020908
0.043396
0.052976
0.073236
0.101830
0.122768
0.113006
0.092224
0.068050
0.046155
0.023610
0.001816
-0.021832
-0.040379
-0.050763
-0.073216
-0.095675
-0.090620
-0.092965
-0.105589
-0.110256
-0.101175
-0.080879
-0.049574
-0.015336
0.012305
0.031390
0.038446
0.056072
0.079589
0.097490
0.089805
0.075022
0.054501
0.034240
0.013093
-0.008128
-0.031506
-0.049349
-0.060014
-0.085732
-0.109901
-0.104104
-0.106372
-0.120578
-0.124790
-0.115586
-0.092905
-0.059759
-0.022752
0.007405
0.032375
0.042258
0.059253
0.084739
0.107206
0.103727
0.092718
0.075109
0.056590
0.037872
0.020378
0.001251
-0.014301
-0.023588
-0.050285
-0.073968
-0.066097
-0.069936
-0.086847
-0.092264
-0.082801
-0.063683
-0.032411
0.002380
0.030899
0.051818
0.058632
0.074450
0.098292
0.118662
0.112468
0.102888
0.083466
0.064074
0.046338
0.030089
0.011174
-0.006149
-0.018006
-0.045018
-0.070785
-0.066320
-0.072829
-0.091169
-0.098231
-0.090985
-0.072500
-0.043717
-0.011882
0.013473
0.030647
0.033623
0.045100
0.064386
0.086223
0.079558
0.062603
0.040085
0.022236
0.004658
-0.011441
-0.029500
-0.042892
-0.048909
-0.066149
-0.083782
-0.070881
-0.072244
-0.085099
-0.087732
-0.076120
-0.055333
-0.021301
0.015707
0.046263
0.068108
0.075508
0.091612
0.117583
0.140437
0.132531
0.114796
0.090999
0.069659
0.048780
0.029695
0.007008
-0.013290
-0.026592
-0.052411
-0.076375
-0.069777
-0.074902
-0.092519
-0.100197
-0.093807
-0.076116
-0.046175
-0.013459
0.012036
0.027665
0.029608
0.040149
0.058253
0.076681
0.065956
0.050677
0.032185
0.015898
-0.001695
-0.016138
-0.032645
-0.043575
-0.044980
-0.062438
-0.080941
-0.069782
-0.067678
-0.080286
-0.085370
-0.075371
-0.057496
-0.026356
0.007663
0.035335
0.052980
0.056451
0.069215
0.091311
0.111681
0.102040
0.081734
0.058781
0.038729
0.019581
0.002089
-0.016039
-0.030191
-0.037566
-0.058191
-0.079678
-0.075282
-0.075286
-0.088871
-0.097464
-0.092421
-0.075147
-0.046393
-0.015310
0.008206
0.025692
0.027359
0.037529
0.055382
0.074566
0.067435
0.057562
0.042613
0.027899
0.012865
-0.000795
-0.013451
-0.022767
-0.026467
-0.046795
-0.066046
-0.056289
-0.055624
-0.068783
-0.073902
-0.063956
-0.044572
-0.012467
0.022385
0.051208
0.066368
0.070944
0.085219
0.108392
0.128592
0.118082
0.098474
0.074658
0.053002
0.031841
0.011727
-0.009597
-0.027397
-0.038418
-0.061051
-0.083344
-0.078197
-0.081737
-0.097283
-0.104173
-0.097673
-0.078670
-0.048460
-0.015086
0.010937
0.031375
0.037027
0.050293
0.071485
0.092198
0.085396
0.072338
0.054949
0.036497
0.016795
-0.001499
-0.017763
-0.028991
-0.032638
-0.052011
-0.070716
-0.057669
-0.058375
-0.072994
-0.076570
-0.064770
-0.044609
-0.010971
0.026372
0.057953
0.076785
0.085482
0.103843
0.132439
0.156333
0.147334
0.128148
0.102553
0.077312
0.052046
0.028731
0.003873
-0.019416
-0.035407
-0.061286
-0.085571
-0.081081
-0.087195
-0.103904
-0.110015
-0.103243
-0.081747
-0.051091
-0.017140
0.009493
0.030049
0.035614
0.047100
0.069545
0.094862
0.093425
0.085166
0.071337
0.053995
0.035241
0.020326
0.006966
-0.004428
-0.010576
-0.035441
-0.068138
-0.062067
-0.063458
-0.080138
-0.087246
-0.078032
-0.058788
-0.028532
0.005685
0.034127
0.055849
0.064576
0.079104
0.103823
0.131965
0.125666
0.110983
0.089259
0.065681
0.043061
0.024274
0.006449
-0.010890
-0.021055
-0.038390
-0.068314
-0.065107
-0.069106
-0.086001
-0.093283
-0.086024
-0.067222
-0.038179
-0.005932
0.019506
0.037866
0.041190
0.050792
0.070608
0.095895
0.089764
0.073983
0.054403
0.034055
0.013254
-0.004489
-0.023792
-0.040773
-0.049629
-0.069053
-0.099612
-0.094396
-0.093168
-0.106419
-0.112729
-0.105217
-0.084573
-0.053353
-0.018015
0.010547
0.034007
0.043553
0.060875
0.086799
0.116324
0.112523
0.100852
0.084229
0.065391
0.046273
0.030441
0.012254
-0.006413
-0.017429
-0.042375
-0.076082
-0.072388
-0.074992
-0.090986
-0.098548
-0.091867
-0.072412
-0.042204
-0.008438
0.018408
0.036678
0.000499
0.002007
0.001852
-0.000215
-0.001859
-0.021227
-0.056156
-0.107512
-0.159118
-0.178334
-0.163560
-0.134051
-0.097986
-0.066501
-0.044822
-0.036536
-0.039357
-0.049657
-0.065825
-0.085881
-0.102991
-0.094202
-0.068755
-0.039601
-0.013318
0.004550
0.011286
0.019898
0.019923
0.003593
-0.027444
-0.060104
-0.093456
-0.114644
-0.083755
-0.030659
0.014220
0.055393
0.064325
0.051658
0.064317
0.085190
0.093136
0.093875
0.081542
0.065236
0.051661
0.038202
0.038961
0.041892
0.033660
-0.009114
-0.042588
-0.052184
-0.047670
-0.066782
-0.088866
-0.110753
-0.134349
-0.154727
-0.160023
-0.167397
-0.166183
-0.162916
-0.178469
-0.206578
-0.220217
-0.212193
-0.201168
-0.200265
-0.195719
-0.186196
-0.168260
-0.139407
-0.116446
-0.102244
-0.079262
-0.057655
-0.018601
0.035501
0.069482
0.088190
0.096506
0.093835
0.094490
0.100906
0.111818
0.110695
0.096236
0.074181
0.045761
0.067407
0.077919
0.060291
0.046365
0.055493
0.076639
0.103536
0.137152
0.164902
0.183531
0.194330
0.205852
0.222922
0.240948
0.220735
0.183063
0.140810
0.100843
0.069388
0.041136
0.014112
-0.014306
-0.038193
-0.064040
-0.104836
-0.139381
-0.156119
-0.164247
-0.172591
-0.175111
-0.156138
-0.126642
-0.093151
-0.066148
-0.046530
-0.031130
-0.019714
-0.011281
-0.004527
-0.012326
