0.000067
0.008116
0.019688
0.016770
0.018515
0.037887
0.080170
0.142988
0.212210
0.254348
0.254995
0.229990
0.198709
0.174501
0.158550
0.146351
0.134541
0.121229
0.103679
0.079691
0.047434
0.005478
-0.038712
-0.082727
-0.125162
-0.164151
-0.200948
-0.237779
-0.280250
-0.336984
-0.378740
-0.336986
-0.293834
-0.270481
-0.245963
-0.222521
-0.205299
-0.180123
-0.109091
-0.000601
0.072074
0.075059
0.014687
-0.053036
-0.110004
-0.141492
-0.173733
-0.208410
-0.253877
-0.309477
-0.326605
-0.293349
-0.232119
-0.133740
-0.015437
0.053407
0.066338
0.062274
0.053771
0.043875
0.037754
0.037639
0.027055
0.032684
0.037829
0.057995
0.076934
0.057959
0.051660
0.057345
0.062260
0.075833
0.103005
0.116306
0.085946
0.042060
-0.014411
-0.061247
-0.017425
0.049167
0.105683
0.008351
-0.021889
-0.008062
-0.001258
-0.012580
-0.023445
0.001063
0.045256
0.107218
0.158847
0.169242
0.131668
0.064057
0.050863
0.057748
0.103208
0.192496
0.283594
0.377923
0.439932
0.483083
0.511008
0.528140
0.546631
0.574763
0.578430
0.561440
0.503498
0.461189
0.421193
0.380496
0.339530
0.304684
0.274811
0.240386
0.160366
0.077922
0.046465
-0.016200
-0.083011
-0.126563
-0.139120
-0.122033
-0.053955
0.049040
0.165926
0.283303
0.393346
0.507148
0.609676
0.695064
0.707201
0.712825
0.698754
0.661195
0.641473
0.620391
0.593217
0.563919
0.534179
0.499050
0.452975
0.361932
0.286286
0.254332
0.235926
0.218894
0.213067
0.224809
0.230231
0.225092
0.206739
0.183065
0.174779
0.171097
0.167228
0.150357
0.120340
0.086054
0.056262
0.030585
0.010990
0.028713
0.069692
0.131334
0.185763
0.201777
0.214165
0.199740
0.194631
0.198107
0.195354
0.194208
0.178144
0.149999
0.119447
0.085005
0.038477
0.009961
0.001104
0.000933
0.004189
0.009308
0.012587
0.004352
-0.007897
-0.015799
-0.014707
-0.008668
0.002891
0.024995
0.028353
0.025163
0.011451
-0.002408
-0.022763
-0.041932
-0.041988
-0.030632
-0.019651
-0.007789
0.003496
-0.007338
-0.016663
-0.012016
-0.017837
-0.020050
-0.020424
-0.029783
-0.048174
-0.072917
-0.092376
-0.085231
-0.065831
-0.033414
0.005308
0.021531
0.024881
0.006136
-0.012423
-0.031732
-0.048114
-0.044891
-0.032176
-0.020340
0.024102
0.051975
0.038830
0.014942
-0.009576
-0.036178
-0.029106
-0.023385
-0.034717
-0.057789
-0.075966
-0.090292
-0.077875
-0.055255
-0.023206
0.014355
0.030983
0.036959
0.030188
0.023140
0.011869
-0.004907
-0.012022
-0.004618
0.009585
0.043351
0.080918
0.082485
0.067023
0.043016
0.011995
0.009976
0.010145
-0.010946
-0.043218
-0.074244
-0.099509
-0.097032
-0.082963
-0.058721
-0.028768
-0.020350
-0.023992
-0.037045
-0.050456
-0.056802
-0.075015
-0.081689
-0.074974
-0.057407
-0.001972
0.058620
0.067473
0.052737
0.028740
-0.002506
-0.019455
-0.020423
-0.031018
-0.051344
-0.068891
-0.082884
-0.070587
-0.053832
-0.035623
-0.008374
0.004855
0.011187
-0.001503
-0.018936
-0.031851
-0.051026
-0.056094
-0.040114
-0.012877
0.016364
0.056533
0.073933
0.071019
0.059952
0.031906
0.029682
0.027538
0.003339
-0.036229
-0.072215
-0.104160
-0.108981
-0.101794
-0.086247
-0.060096
-0.055981
-0.062902
-0.076881
-0.090361
-0.095733
-0.114757
-0.124674
-0.121382
-0.098524
-0.041160
0.010010
0.008424
-0.011748
-0.035022
-0.065608
-0.077352
-0.076100
-0.087274
-0.109767
-0.127325
-0.141205
-0.128899
-0.111591
-0.092213
-0.058655
-0.040671
-0.032201
-0.047973
-0.069911
-0.085445
-0.106335
-0.110448
-0.089422
-0.052951
-0.015492
0.031345
0.058440
0.058509
0.043815
0.014511
0.007951
-0.001798
-0.032921
-0.082441
-0.124045
-0.159732
-0.170204
-0.170123
-0.161811
-0.142281
-0.143924
-0.152895
-0.167714
-0.184601
-0.188684
-0.201612
-0.210235
-0.207033
-0.158058
-0.092405
-0.046095
-0.043831
-0.055245
-0.065461
-0.089419
-0.103841
-0.101818
-0.112349
-0.137215
-0.156004
-0.170405
-0.157503
-0.142595
-0.125455
-0.090006
-0.060836
-0.040417
-0.055896
-0.082501
-0.111141
-0.133395
-0.135315
-0.108528
-0.059983
-0.012164
0.040403
0.083297
0.096099
0.098916
0.080632
0.064439
0.043810
0.007365
-0.044719
-0.094400
-0.134414
-0.148361
-0.151322
-0.146246
-0.130926
-0.138019
-0.153763
-0.174167
-0.195344
-0.203685
-0.222812
-0.238360
-0.237749
-0.182798
-0.117102
-0.079660
-0.087788
-0.110724
-0.133031
-0.164286
-0.174683
-0.174636
-0.190672
-0.224815
-0.256040
-0.285239
-0.276566
-0.259866
-0.235573
-0.195554
-0.161280
-0.140993
-0.152019
-0.175826
-0.199011
-0.229911
-0.240414
-0.218631
-0.172055
-0.122948
-0.067520
-0.020543
-0.000409
0.007278
-0.009342
-0.039146
-0.076528
-0.124850
-0.181352
-0.224463
-0.259778
-0.269717
-0.268154
-0.256154
-0.233504
-0.232005
-0.247556
-0.281264
-0.315458
-0.329615
-0.355761
-0.363455
-0.349646
-0.274416
-0.187881
-0.130132
-0.119688
-0.127833
-0.140264
-0.157605
-0.158248
-0.153037
-0.161626
-0.193409
-0.223942
-0.252893
-0.241519
-0.226148
-0.207657
-0.172574
-0.141380
-0.129618
-0.134966
-0.151161
-0.166285
-0.200189
-0.218681
-0.211247
-0.176088
-0.135601
-0.084199
-0.037482
-0.013125
0.004627
-0.009635
-0.048013
-0.087320
-0.134722
-0.186129
-0.232605
-0.259000
-0.260166
-0.251256
-0.232187
-0.201888
-0.191790
-0.194819
-0.222786
-0.254885
-0.275164
-0.306126
-0.311879
-0.296479
-0.223840
-0.130826
-0.059897
-0.042476
-0.050932
-0.063493
-0.085310
-0.093870
-0.094918
-0.103185
-0.127803
-0.149030
-0.168549
-0.155399
-0.143707
-0.133597
-0.108546
-0.098143
-0.102963
-0.115396
-0.133796
-0.144377
-0.168899
-0.188338
-0.189609
-0.169423
-0.139078
-0.074879
-0.038966
-0.022686
-0.016718
-0.039354
-0.050655
-0.067385
-0.102363
-0.149438
-0.193487
-0.234495
-0.250671
-0.256160
-0.253999
-0.238743
-0.243995
-0.263129
-0.289464
-0.317773
-0.335111
-0.346384
-0.358917
-0.356229
-0.292018
-0.206893
-0.147109
-0.131811
-0.134599
-0.144831
-0.171568
-0.186902
-0.185794
-0.189735
-0.213999
-0.243211
-0.269625
-0.251135
-0.224515
-0.192065
-0.148960
-0.109363
-0.087554
-0.092320
-0.105997
-0.122417
-0.152114
-0.168307
-0.157835
-0.113403
-0.060417
-0.006078
0.055700
0.102098
0.133513
0.129256
0.100999
0.079439
0.038383
-0.016552
-0.080175
-0.136851
-0.164706
-0.179451
-0.184883
-0.178253
-0.193945
-0.221658
-0.253595
-0.285964
-0.308672
-0.314298
-0.330982
-0.343962
-0.308462
-0.253740
-0.223330
-0.231592
-0.266408
-0.298832
-0.327735
-0.340189
-0.346323
-0.363383
-0.400137
-0.444344
-0.480204
-0.470755
-0.454416
-0.432389
-0.396766
-0.362722
-0.333623
-0.342031
-0.371941
-0.418016
-0.459387
-0.480808
-0.464766
-0.403705
-0.324698
-0.194320
-0.104807
-0.062869
-0.043239
-0.066623
-0.102809
-0.134579
-0.165664
-0.208507
-0.252648
-0.297807
-0.318265
-0.328193
-0.329406
-0.315180
-0.309714
-0.308938
-0.331365
-0.371132
-0.393501
-0.400752
-0.400138
-0.381911
-0.346240
-0.276178
-0.211018
-0.185939
-0.174177
-0.161509
-0.169411
-0.166984
-0.163086
-0.178269
-0.210367
-0.237309
-0.262273
-0.261303
-0.247978
-0.225970
-0.190070
-0.173837
-0.171196
-0.197686
-0.235260
-0.256816
-0.284359
-0.293208
-0.267815
-0.215552
-0.161059
-0.094431
-0.052247
-0.036649
-0.031630
-0.055458
-0.078460
-0.095439
-0.127065
-0.173846
-0.212881
-0.247186
-0.257343
-0.256115
-0.245422
-0.221240
-0.217267
-0.229424
-0.260296
-0.298872
-0.321061
-0.345707
-0.351412
-0.335436
-0.293001
-0.207428
-0.116613
-0.075133
-0.072846
-0.078504
-0.104183
-0.124014
-0.126046
-0.131664
-0.157245
-0.181988
-0.203574
-0.197525
-0.180297
-0.157638
-0.119940
-0.098525
-0.085826
-0.089906
-0.110647
-0.129296
-0.159964
-0.174814
-0.162610
-0.125820
-0.085536
-0.035177
0.010007
0.034813
0.051042
0.034180
0.014194
-0.002237
-0.039189
-0.087268
-0.138588
-0.188917
-0.214007
-0.222721
-0.221488
-0.206022
-0.211762
-0.233202
-0.265064
-0.300933
-0.324589
-0.340078
-0.352719
-0.346890
-0.278751
-0.182440
-0.107194
-0.000813
-0.008299
-0.008062
-0.001877
-0.006208
0.006261
0.041255
0.096364
0.155997
0.188234
0.186633
0.163165
0.130685
0.099710
0.077393
0.058474
0.036331
0.009514
-0.020386
-0.051355
-0.082930
-0.115429
-0.148865
-0.187721
-0.231671
-0.273869
-0.313280
-0.355508
-0.349122
-0.313314
-0.268481
-0.232209
-0.214504
-0.189141
-0.152692
-0.115801
-0.093978
-0.092259
-0.123102
-0.149300
-0.157183
-0.131341
-0.123295
-0.155566
-0.221726
-0.310657
-0.408352
-0.494503
-0.515773
-0.520701
-0.521060
-0.509131
-0.501537
-0.495410
-0.499743
-0.510504
-0.511751
-0.498268
-0.496974
-0.485018
-0.429582
-0.345370
-0.259634
-0.212790
-0.185992
-0.171709
-0.176972
-0.182277
-0.165025
-0.148026
-0.150135
-0.164129
-0.177377
-0.148167
-0.110128
-0.087864
-0.073232
-0.066616
-0.073877
-0.087406
-0.094831
-0.095500
-0.113219
-0.129923
-0.127645
-0.106663
-0.064888
-0.011270
0.024075
0.042277
0.044011
0.029879
0.011039
0.017531
0.024355
0.013058
-0.009580
-0.031686
-0.026851
-0.013163
0.008616
0.036640
0.043860
0.051833
0.052584
0.052234
0.057834
0.059893
0.051633
0.036258
0.027582
0.023122
0.011982
-0.019387
-0.048942
-0.072217
-0.081475
-0.064243
-0.054687
-0.065376
-0.089075
-0.098956
-0.102690
-0.082310
-0.049505
-0.006112
0.043106
0.071314
0.083058
0.075046
0.070605
0.056116
0.038749
0.031123
0.023735
0.021806
0.025936
0.014946
-0.021480
-0.053213
-0.073865
-0.071029
-0.051876
-0.045381
-0.055634
-0.070353
-0.078707
-0.080117
-0.057858
-0.026953
0.014841
0.060866
0.084839
0.098431
0.107140
0.120997
0.116263
0.101714
0.094895
0.082959
0.076319
0.095291
0.092126
0.054166
0.020039
-0.003203
-0.010500
0.005452
0.021453
0.026559
0.022080
0.019944
0.022699
0.043529
0.061647
0.081498
0.114869
0.136908
0.147226
0.146329
0.145474
0.141481
0.129452
0.125427
0.121591
0.114921
0.116238
0.125909
0.117796
0.098006
0.078314
0.070911
0.085205
0.097965
0.094959
0.079063
0.068873
0.067174
0.091467
0.115005
0.139578
0.172305
0.189319
0.194954
0.195702
0.199235
0.187985
0.168872
0.153299
0.136847
0.123500
0.127573
0.130324
0.108422
0.076792
0.049729
0.035801
0.046577
0.054334
0.050683
0.037621
0.023752
0.019025
0.041562
0.067774
0.098626
0.137832
0.159099
0.173479
0.177787
0.177548
0.169401
0.151801
0.140866
0.128041
0.110775
0.106509
0.099805
0.071510
0.037736
0.010534
-0.001225
0.011915
0.021010
0.014415
-0.002357
-0.015682
-0.020011
0.001993
0.029308
0.066751
0.111247
0.134298
0.146852
0.147374
0.147861
0.131347
0.109498
0.098543
0.091579
0.082240
0.107226
0.121510
0.095979
0.060210
0.033862
0.024014
0.024045
0.033922
0.043532
0.046155
0.051034
0.062469
0.088875
0.111279
0.131962
0.160906
0.182569
0.196072
0.193796
0.189219
0.179549
0.168924
0.166298
0.169874
0.173588
0.179849
0.200080
0.202568
0.192688
0.180347
0.174168
0.192743
0.213649
0.216025
0.203834
0.185367
0.173791
0.180546
0.183138
0.183116
0.194501
0.191443
0.184855
0.180060
0.176640
0.169004
0.151221
0.134791
0.117777
0.103169
0.102934
0.101410
0.077679
0.049598
0.027482
0.004808
0.012956
0.020227
0.010183
-0.009102
-0.029221
-0.040881
-0.027118
-0.004722
0.027953
0.065151
0.081133
0.091477
0.096046
0.098590
0.097517
0.080480
0.069591
0.060290
0.048670
0.052422
0.048328
0.019137
-0.011759
-0.034154
-0.056513
-0.049108
-0.040890
-0.051682
-0.069915
-0.088242
-0.097726
-0.081476
-0.056682
-0.021455
0.020196
0.040962
0.047851
0.040666
0.033666
0.022404
0.002458
-0.003969
-0.003611
-0.003439
0.009223
0.026824
0.010508
-0.017586
-0.043816
-0.055408
-0.048346
-0.049251
-0.064117
-0.089655
-0.105933
-0.115181
-0.099708
-0.076173
-0.042973
-0.003988
0.013473
0.016216
0.007448
0.003547
-0.013326
-0.032652
-0.036684
-0.031689
-0.021391
0.021583
0.069886
0.064467
0.040529
0.014320
-0.007933
-0.013792
-0.006842
-0.007861
-0.020841
-0.033661
-0.045420
-0.035422
-0.021917
-0.006766
0.019725
0.034461
0.041259
0.035788
0.027603
0.027954
0.017251
0.013552
0.022806
0.037461
0.054986
0.085367
0.095368
0.088922
0.075384
0.059581
0.071206
0.082972
0.073305
0.048963
0.024155
0.003716
0.012598
0.030050
0.048691
0.075348
0.084112
0.081603
0.072821
0.065060
0.057649
0.035759
0.021492
0.018441
0.019624
0.046108
0.065542
0.051330
0.023772
-0.004817
-0.030696
-0.035885
-0.033417
-0.042932
-0.067468
-0.086953
-0.103901
-0.094910
-0.075178
-0.045825
-0.009857
0.006656
0.012341
0.004545
-0.003905
-0.007197
-0.026101
-0.030156
-0.020461
-0.009047
0.006463
0.026082
0.018807
-0.001650
-0.022933
-0.044981
-0.043135
-0.037174
-0.044858
-0.069715
-0.088888
-0.105058
-0.095078
-0.074470
-0.044075
-0.007009
0.010357
0.015605
0.005140
-0.005837
-0.012611
-0.031715
-0.033657
-0.022929
-0.011450
0.009359
0.027752
0.019059
-0.001492
-0.022236
-0.044085
-0.038302
-0.029906
-0.038681
-0.063949
-0.083429
-0.099692
-0.089773
-0.069323
-0.039292
-0.002546
0.014136
0.016662
0.007796
-0.000003
-0.003852
-0.021757
-0.027092
-0.015848
0.002107
0.033809
0.089946
0.103389
0.085995
0.059661
0.045263
0.036875
0.037927
0.038248
0.034388
0.029518
0.027087
0.039750
0.050881
0.059256
0.078024
0.087443
0.097253
0.091082
0.080043
0.074389
0.060785
0.057848
0.069259
0.088608
0.105233
0.135937
0.154081
0.155253
0.148990
0.136034
0.145917
0.164109
0.160042
0.137917
0.110096
0.087557
0.096058
0.110804
0.121259
0.145789
0.153408
0.149994
0.142777
0.136801
0.127713
0.107706
0.089952
0.079823
0.072511
0.084913
0.104274
0.088393
0.057906
0.029849
0.000533
-0.014107
-0.015506
-0.022510
-0.043028
-0.062135
-0.078492
-0.067755
-0.046077
-0.016399
0.026564
0.049617
0.064737
0.060632
0.049949
0.042462
0.025178
0.024414
0.034895
0.044609
0.050324
0.065986
0.062488
0.047272
0.032831
0.011851
0.016297
0.027183
0.019007
-0.004836
-0.027931
-0.046566
-0.036694
-0.016798
0.005599
0.041436
0.057515
0.058699
0.044699
0.032116
0.022767
0.002765
-0.007415
0.001500
0.017860
0.052917
0.091077
0.083697
0.056491
0.029882
0.016252
0.006327
0.005410
0.006970
0.002927
0.001208
0.004619
0.029421
0.056367
0.080813
0.116797
0.137255
0.154954
0.151251
0.142242
0.131898
0.116793
0.110971
0.120477
0.142208
0.158068
0.186304
0.206331
0.211469
0.207706
0.195081
0.198717
0.213113
0.208286
0.184640
0.153285
0.127951
0.134248
0.146394
0.153086
0.174140
0.177875
0.169991
0.154804
0.142227
0.123163
0.101196
0.081560
0.071685
0.064970
0.078585
0.117976
0.111956
0.081125
0.048450
0.014920
-0.010008
-0.017269
-0.020954
-0.041192
-0.062686
-0.081125
-0.072269
-0.052393
-0.026403
0.013004
0.033921
0.046573
0.043131
0.037333
0.037399
0.025262
0.023145
0.033304
0.050197
0.062482
0.084641
0.094094
0.088155
0.076116
0.054305
0.046467
0.055377
0.049353
0.024343
-0.004337
-0.027568
-0.020105
-0.000671
0.020168
0.054538
0.069470
0.068305
0.051406
0.036021
0.017971
-0.004305
-0.018218
-0.017201
-0.006041
0.011104
0.061457
0.075894
0.054761
0.024541
-0.009957
-0.041093
-0.058686
-0.071835
-0.099627
-0.124408
-0.146109
-0.141922
-0.126699
-0.103046
-0.066530
-0.047986
-0.035171
-0.038525
-0.046785
-0.046030
-0.058554
-0.062346
-0.048850
-0.023241
-0.001394
0.035120
0.054629
0.055254
0.051322
0.035204
0.019989
0.021260
0.019406
0.000043
-0.025037
-0.044928
-0.034761
-0.014963
0.005442
0.040625
0.058907
0.064880
0.050707
0.035466
0.023032
0.005457
-0.001169
0.006770
0.023220
0.039967
0.067969
-0.000284
-0.004259
-0.004587
-0.002276
-0.007875
0.008401
0.049426
0.109253
0.169438
0.199570
0.188009
0.152282
0.102358
0.060712
0.026017
0.003142
-0.005342
0.000878
0.027301
0.070046
0.111975
0.109003
0.083566
0.060521
0.053958
0.060512
0.060770
0.034018
0.014887
0.025740
0.054987
0.076191
0.086855
0.080885
0.077410
0.064603
0.048416
0.034352
0.024195
0.021408
0.035415
0.039860
0.038097
0.034650
0.031465
0.028975
0.025904
0.024455
0.021983
0.019690
0.018190
0.025348
0.017300
-0.002757
-0.009069
-0.009669
-0.002132
0.010463
0.012923
0.008818
0.003193
0.002237
0.021320
0.045874
0.076076
0.120624
0.146302
0.164032
0.162096
0.149022
0.126947
0.108886
0.095530
0.080253
0.061992
0.057429
0.048672
0.015658
-0.026799
-0.056772
-0.068265
-0.053816
-0.040818
-0.034226
-0.038428
-0.041789
-0.040955
-0.014332
0.022844
0.069606
0.126587
0.160541
0.183678
0.191448
0.198799
0.190203
0.174280
0.169739
0.162108
0.146990
0.138970
0.130754
0.102233
0.064021
0.034221
0.017761
0.028867
0.041881
0.046234
0.033894
0.027746
0.025618
0.047970
0.071758
0.092902
0.131651
0.157758
0.173233
0.170686
0.164351
0.158756
0.140674
0.133739
0.128718
0.119194
0.114491
0.114797
0.098348
0.069581
0.043447
0.031108
0.042009
0.057665
0.060885
0.047456
0.037726
0.033797
0.056666
0.082754
0.106359
0.145006
0.168938
0.182707
0.181410
0.178424
0.171640
0.152072
0.142473
0.134272
0.122773
0.119483
0.118558
0.098447
0.065183
0.035496
0.015273
0.023419
0.034783
0.037782
0.025755
0.018100
0.011214
0.027747
0.054298
0.079605
0.119907
0.145086
0.163096
0.164690
0.159269
0.152994
0.134199
0.126342
0.122248
0.113688
0.105656
0.108411
0.093033
0.062604
0.035666
0.015135
0.026851
0.039407
0.040185
0.023552
0.011919
0.002182
0.017446
0.043326
0.068110
0.106896
0.130268
0.145473
0.147412
0.146426
0.144182
0.124642
0.115727
0.110675
0.101695
0.095197
0.097698
0.082140
0.051666
0.024034
0.000560
0.010358
0.023837
0.023059
0.002694
-0.011393
-0.023695
-0.011175
0.013547
0.039149
0.078445
0.101030
0.115120
0.114599
0.110182
0.105399
0.084272
0.073891
0.069806
0.064234
0.062209
0.067231
0.050279
0.017645
-0.012291
-0.034758
-0.027291
-0.019482
-0.021764
-0.039517
-0.053464
-0.063095
-0.049095
-0.021939
0.013002
0.059834
0.086746
0.105586
0.106041
0.100413
0.095225
0.075175
0.069312
0.070644
0.070541
0.072871
0.084016
0.071944
0.043885
0.018634
-0.006227
0.001999
0.017580
0.020842
0.007163
-0.003755
-0.012413
0.001559
0.024980
0.046600
0.083245
0.105924
0.120234
0.118914
0.113764
0.112232
0.094164
0.086560
0.087256
0.087889
0.086533
0.095596
0.088367
0.065124
0.041216
0.022274
0.030223
0.042304
0.044328
0.030852
0.017104
0.008255
0.023972
0.049741
0.072798
0.109902
0.132248
0.146810
0.143846
0.136537
0.127975
0.107356
0.099970
0.098867
0.095752
0.094418
0.101224
0.088828
0.060069
0.032418
0.007165
0.015816
0.027186
0.027719
0.012920
-0.000688
-0.013639
-0.001764
0.020972
0.042006
0.077832
0.098997
0.112606
0.112699
0.107476
0.105806
0.090072
0.081961
0.081327
0.079783
0.077099
0.083979
0.072634
0.045917
0.020475
0.002228
0.009856
0.022445
0.026275
0.014839
0.003353
-0.002732
0.015377
0.042759
0.067789
0.107110
0.132171
0.150021
0.148026
0.140700
0.132824
0.112974
0.107487
0.109520
0.109966
0.111363
0.122337
0.114318
0.089540
0.065145
0.041242
0.049508
0.063069
0.066388
0.054112
0.042203
0.030285
0.040215
0.058588
0.073006
0.103732
0.122504
0.132399
0.129501
0.123104
0.121591
0.106491
0.098751
0.097224
0.094025
0.090217
0.095801
0.085642
0.060738
0.036589
0.015961
0.026880
0.041914
0.041958
0.025140
0.008841
-0.004471
0.007495
0.030938
0.051909
0.089951
0.114032
0.129139
0.126915
0.118868
0.110172
0.087699
0.076696
0.072758
0.067987
0.064238
0.084050
0.072550
0.038859
0.008543
-0.019227
-0.021219
-0.011986
-0.009609
-0.024869
-0.037471
-0.046902
-0.032554
-0.007830
0.016028
0.057624
0.086488
0.107362
0.111133
0.106639
0.105337
0.086448
0.080034
0.082154
0.084486
0.082913
0.091772
0.088280
0.070057
0.051668
0.028981
0.035335
0.050251
0.049883
0.031439
0.013626
-0.001675
0.008934
0.031368
0.050322
0.086685
0.109393
0.121222
0.114262
0.103390
0.095884
0.072790
0.062030
0.060526
0.059629
0.059233
0.083435
0.074816
0.042077
0.011174
-0.015549
-0.020476
-0.013472
-0.010788
-0.025657
-0.037774
-0.047340
-0.033454
-0.009776
0.012206
0.052686
0.081137
0.102188
0.106848
0.102020
0.101091
0.084005
0.078966
0.082818
0.087536
0.085985
0.097677
0.097756
0.083565
0.068381
0.048496
0.055995
0.073538
0.076018
0.061015
0.045141
0.031785
0.041806
0.061344
0.075666
0.108653
0.130014
0.138738
0.127878
0.114448
0.106180
0.083272
0.070688
0.070345
0.075402
0.077614
0.091682
0.082527
0.052425
0.021877
0.007053
-0.001227
-0.000645
0.007092
0.006654
0.003542
0.004420
0.026904
0.056170
0.082566
0.128790
0.163924
0.191518
0.199684
0.191826
0.181371
0.165138
0.162984
0.163789
0.162195
0.152467
0.156113
0.150515
0.132326
0.115667
0.100921
0.112486
0.132710
0.144451
0.135915
0.120616
0.107453
0.116704
0.133663
0.144037
0.166825
0.180536
0.184794
0.176063
0.165035
0.154443
0.134843
0.125258
0.117001
0.105675
0.096058
0.094514
0.073031
0.034650
-0.000520
-0.029668
-0.027767
-0.019086
-0.012896
-0.021884
-0.034407
-0.043254
-0.028441
-0.002241
0.024435
0.068385
0.098148
0.120991
0.131847
0.133815
0.136534
0.121215
0.115294
0.115414
0.115547
0.108089
0.113301
0.107504
0.088235
0.069943
0.050117
0.054483
0.070057
0.078581
0.069488
0.056726
0.046316
0.059043
0.079863
0.094968
0.126724
0.149091
0.161081
0.152530
0.138943
0.126857
0.106138
0.097905
0.094796
0.092107
0.087858
0.100382
0.092069
0.063024
0.033242
0.004144
0.000207
0.003609
0.007447
-0.004414
-0.019966
-0.034057
-0.023282
-0.000376
0.021653
0.061205
0.087665
0.107866
0.116104
0.114781
0.113903
0.098270
0.092394
0.090500
0.086734
0.078536
0.082465
0.073102
0.050022
0.028313
0.006357
0.013232
0.029013
0.032871
0.017671
0.000341
-0.013926
-0.002214
0.021484
0.042147
0.080279
0.104679
0.119481
0.114371
0.103566
0.093073
0.067493
0.056287
0.054046
0.055951
0.054913
0.065991
0.054462
0.023271
-0.007921
-0.030934
-0.036181
-0.034216
-0.028468
-0.032366
-0.040627
-0.044458
-0.023499
0.007028
0.035636
0.082143
0.116208
0.142077
0.153524
0.147958
0.141062
0.121221
0.116560
0.119703
0.125996
0.124282
0.130433
0.135328
0.123516
0.109306
0.096985
0.102169
0.117115
0.128378
0.124925
0.116139
0.109453
0.123925
0.144156
0.157921
0.180114
0.194139
0.197824
0.184501
0.169480
0.153920
0.134366
0.124332
0.120469
0.119196
0.121159
0.133337
0.131872
0.107968
0.080400
0.053083
0.053640
0.061232
0.069005
0.060213
0.043714
0.027592
0.037827
0.058303
0.073674
0.108460
0.131965
0.148821
0.159270
0.157973
0.155556
0.141909
0.134349
0.130841
0.127258
0.115288
0.114917
0.109043
0.085845
0.061607
0.041881
0.043543
0.056379
0.065389
0.058206
0.046970
0.039651
0.056598
0.081674
0.101249
0.133237
0.156198
0.171310
0.168215
0.155892
0.142491
0.121413
0.111699
0.110761
0.113594
0.112606
0.123659
-0.000343
-0.006230
-0.008714
-0.004268
-0.005600
0.014361
0.055214
0.111624
0.164141
0.182288
0.165291
0.133808
0.093666
0.059232
0.032540
0.018960
0.017674
0.032807
0.066505
0.111946
0.154328
0.150263
0.120395
0.094947
0.081407
0.085134
0.086971
0.060651
0.036962
0.036348
0.052253
0.069228
0.082075
0.077260
0.082612
0.071844
0.060408
0.056801
0.057576
0.064846
0.086989
0.094592
0.096751
0.099575
0.106302
0.108975
0.096838
0.084630
0.074879
0.065042
0.056546
0.047305
0.019979
-0.011836
-0.032916
-0.036509
-0.026359
-0.023837
-0.037897
-0.050680
-0.068273
-0.082222
-0.069534
-0.042691
-0.004961
0.038324
0.059265
0.069439
0.072735
0.076134
0.075589
0.059578
0.049098
0.034627
0.017258
0.017617
0.009675
-0.028402
-0.069179
-0.098466
-0.104475
-0.093592
-0.083480
-0.081081
-0.089693
-0.088885
-0.086138
-0.058848
-0.027544
0.009925
0.057184
0.088495
0.108468
0.109312
0.106674
0.092125
0.077104
0.077957
0.082831
0.081391
0.080302
0.082822
0.064831
0.038643
0.019779
0.008711
0.020843
0.040188
0.047175
0.042098
0.040170
0.045220
0.072272
0.101250
0.129124
0.172904
0.202308
0.215989
0.212604
0.209389
0.196090
0.177690
0.167162
0.158489
0.144461
0.135953
0.132669
0.108347
0.072882
0.041729
0.027552
0.034490
0.046863
0.053462
0.050871
0.049233
0.051349
0.074301
0.098167
0.120245
0.160130
0.187934
0.204336
0.208966
0.210291
0.209905
0.194298
0.187818
0.183142
0.171675
0.161304
0.162159
0.144862
0.118281
0.096227
0.081832
0.097939
0.121148
0.127936
0.121973
0.115026
0.112151
0.128260
0.143724
0.155731
0.185364
0.203356
0.208557
0.204360
0.201225
0.196355
0.177288
0.164492
0.154264
0.138857
0.131132
0.126904
0.102764
0.067507
0.036342
0.014316
0.025328
0.038592
0.039849
0.029201
0.020180
0.015811
0.037810
0.064285
0.091864
0.134360
0.160404
0.178957
0.186442
0.188422
0.184644
0.166820
0.156922
0.148300
0.132510
0.121699
0.115152
0.089236
0.055430
0.027890
0.008547
0.020937
0.037397
0.038695
0.026700
0.016327
0.010433
0.030053
0.053029
0.075611
0.115073
0.139831
0.153903
0.153592
0.149111
0.140297
0.121307
0.110769
0.104303
0.092984
0.085662
0.083664
0.058883
0.022258
-0.009519
-0.024079
-0.018187
-0.007519
-0.001537
-0.006363
-0.009082
-0.005418
0.021329
0.050857
0.080542
0.126422
0.158934
0.181422
0.187025
0.186282
0.179561
0.162354
0.158006
0.158223
0.154241
0.149078
0.156473
0.146000
0.126111
0.108603
0.097992
0.112624
0.132128
0.139000
0.135120
0.127978
0.125139
0.140903
0.155447
0.166143
0.192738
0.207759
0.209896
0.201798
0.195544
0.186741
0.169199
0.158459
0.149667
0.135466
0.128362
0.125244
0.102706
0.068665
0.037753
0.018758
0.029398
0.042033
0.045015
0.037286
0.027942
0.022731
0.043856
0.068941
0.093448
0.133648
0.158817
0.177024
0.183572
0.184406
0.182192
0.166249
0.158388
0.152540
0.139708
0.130253
0.127104
0.104058
0.072035
0.045498
0.023720
0.037202
0.054851
0.059853
0.048452
0.035925
0.027999
0.044283
0.062389
0.078014
0.111843
0.133160
0.143067
0.138886
0.132994
0.126104
0.107990
0.098852
0.092271
0.082507
0.075393
0.073729
0.051706
0.018368
-0.012428
-0.029059
-0.022526
-0.012636
-0.008486
-0.016900
-0.026342
-0.027385
-0.002345
0.027758
0.059361
0.105070
0.134513
0.155100
0.159202
0.156946
0.147473
0.128116
0.122574
0.120223
0.114175
0.108945
0.111995
0.094953
0.067665
0.043664
0.027386
0.037737
0.051499
0.059695
0.054581
0.047451
0.044190
0.061990
0.080462
0.096324
0.130012
0.152507
0.163579
0.161300
0.156249
0.153027
0.139653
0.133653
0.131500
0.128553
0.120312
0.126265
0.115917
0.093328
0.075304
0.065381
0.074563
0.095083
0.112294
0.116979
0.120138
0.128473
0.151685
0.173625
0.191519
0.216930
0.233270
0.241933
0.238767
0.233289
0.224687
0.210165
0.203634
0.197276
0.189024
0.180659
0.187029
0.177618
0.156032
0.135759
0.123857
0.140216
0.159376
0.168721
0.160572
0.143727
0.131320
0.141147
0.151530
0.157495
0.181261
0.193349
0.197090
0.193503
0.188709
0.182850
0.165883
0.156007
0.146312
0.131149
0.117379
0.109909
0.083663
0.046028
0.011974
-0.017581
-0.012279
-0.002634
-0.001096
-0.014437
-0.029567
-0.037787
-0.020380
0.005491
0.039082
0.085112
0.111089
0.129758
0.135613
0.136209
0.134892
0.117431
0.111789
0.108564
0.100703
0.092667
0.092719
0.073316
0.044008
0.017992
-0.006620
0.002311
0.019348
0.022528
0.007845
-0.008027
-0.019520
-0.003805
0.016245
0.035236
0.071085
0.092545
0.102770
0.096637
0.088207
0.081816
0.063298
0.055311
0.052047
0.047223
0.043918
0.047457
0.029660
-0.001358
-0.031553
-0.055641
-0.050100
-0.044224
-0.047111
-0.063858
-0.081049
-0.090642
-0.074827
-0.049984
-0.018301
0.025737
0.050597
0.064021
0.061930
0.057563
0.052200
0.030326
0.024922
0.028438
0.032855
0.038747
0.050023
0.042056
0.018354
-0.006179
-0.029381
-0.022506
-0.012690
-0.009971
-0.022017
-0.034720
-0.043394
-0.026248
-0.005789
0.013500
0.050099
0.073921
0.086750
0.079971
0.067921
0.059175
0.040640
0.038027
0.043511
0.050534
0.053543
0.067000
0.065601
0.048332
0.027492
0.009819
0.020634
0.034311
0.034179
0.018092
0.000932
-0.010283
0.006382
0.027825
0.047753
0.082714
0.102105
0.108539
0.100208
0.092267
0.085159
0.063011
0.054753
0.054793
0.055578
0.056605
0.065873
0.055123
0.025513
-0.005469
-0.029894
-0.030737
-0.023707
-0.022438
-0.038046
-0.052203
-0.062282
-0.045323
-0.023330
0.000641
0.040331
0.064744
0.080623
0.079872
0.072286
0.066928
0.049772
0.047093
0.050992
0.054959
0.054702
0.065635
0.062565
0.044239
0.022840
0.003164
0.014041
0.027522
0.026148
0.008424
-0.010076
-0.023218
-0.008155
0.011792
0.029998
0.063844
0.082760
0.088313
0.077650
0.067734
0.059161
0.035759
0.026688
0.027394
0.030148
0.034235
0.044253
0.033698
0.004482
-0.027128
-0.055681
-0.054393
-0.049563
-0.050952
-0.067622
-0.084858
-0.096026
-0.081499
-0.059530
-0.032628
0.008881
0.033605
0.049205
0.046293
0.037458
0.032217
0.013895
0.009759
0.015659
0.022219
0.023722
0.035089
0.031069
0.011548
-0.011108
-0.034226
-0.025015
-0.012763
-0.015026
-0.033999
-0.052469
-0.068218
-0.059696
-0.038607
-0.015455
0.021422
0.041103
0.047451
0.038313
0.029425
0.021524
-0.001896
-0.011147
-0.008801
-0.003531
0.004318
0.015185
0.004989
-0.023290
-0.053582
-0.084533
-0.082220
-0.075690
-0.077540
-0.094996
-0.114533
-0.127873
-0.119046
-0.098202
-0.070212
-0.029449
-0.006807
0.005612
0.001037
-0.008498
-0.012808
-0.030865
-0.033995
-0.025645
-0.016575
-0.006230
0.007566
0.001921
-0.019997
-0.042993
-0.067201
-0.058711
-0.042981
-0.041504
-0.058444
-0.074724
-0.087849
-0.077126
-0.055038
-0.031990
0.005962
0.028781
0.039687
0.031635
0.021255
0.015238
-0.005965
-0.011732
-0.005626
0.002509
0.007478
0.021953
0.016933
-0.006990
-0.034015
-0.062717
-0.058870
-0.052176
-0.053805
-0.071094
-0.090489
-0.104142
-0.094779
-0.073378
-0.045482
-0.004232
0.019522
0.031393
0.028284
0.023229
0.021605
0.003338
-0.001743
0.004931
0.013276
0.020183
0.034346
0.031288
0.011595
-0.010766
-0.035665
-0.028778
-0.012512
-0.010468
-0.026578
-0.042151
-0.053433
-0.040408
-0.017017
0.005090
0.042330
0.065159
0.076662
0.068865
0.058071
0.051982
0.029989
0.021441
0.024715
0.031283
0.034539
0.045045
-0.000207
-0.005656
-0.007779
-0.002733
-0.002936
0.018265
0.060306
0.115320
0.167337
0.186576
0.171502
0.140733
0.097349
0.061485
0.032030
0.015478
0.013082
0.028833
0.065027
0.113385
0.161179
0.161631
0.134172
0.108632
0.094510
0.092337
0.105444
0.086327
0.059342
0.052357
0.062573
0.082583
0.101804
0.099025
0.099928
0.095611
0.091401
0.095522
0.101595
0.112503
0.137710
0.150096
0.154151
0.152412
0.152739
0.146547
0.132708
0.124686
0.116888
0.106168
0.096656
0.086724
0.057622
0.019639
-0.015372
-0.026910
-0.016348
-0.010221
-0.022889
-0.035532
-0.051653
-0.063795
-0.049121
-0.022488
0.015744
0.059637
0.079591
0.087666
0.094164
0.103907
0.107342
0.093534
0.080436
0.064680
0.053904
0.047453
0.016479
-0.037364
-0.092541
-0.129050
-0.124288
-0.095773
-0.071345
-0.066940
-0.074459
-0.072370
-0.066717
-0.038263
-0.007796
0.024196
0.066493
0.094831
0.101763
0.093369
0.090479
0.080452
0.060090
0.052038
0.058959
0.068639
0.076623
0.091453
0.085652
0.065993
0.043234
0.026352
0.030019
0.035488
0.033576
0.021336
0.009658
0.005071
0.026003
0.051315
0.075720
0.115469
0.141029
0.150196
0.147967
0.145791
0.143613
0.124302
0.115340
0.114781
0.112601
0.110326
0.116222
0.103088
0.077566
0.054076
0.033695
0.038630
0.054318
0.059402
0.050813
0.041630
0.036217
0.052238
0.069793
0.085307
0.119498
0.142147
0.154219
0.152356
0.147459
0.143159
0.128419
0.120278
0.114288
0.103715
0.091505
0.089832
0.070771
0.040917
0.013200
-0.005546
0.006333
0.020518
0.021103
0.008462
-0.002302
-0.007917
0.012983
0.039555
0.068700
0.112142
0.137900
0.153293
0.154953
0.151781
0.143982
0.122736
0.110576
0.106615
0.102337
0.094381
0.087161
0.057191
0.018487
-0.016538
-0.027105
-0.010072
0.009997
0.022174
0.025394
0.033513
0.046994
0.077996
0.109735
0.139241
0.179464
0.203413
0.217671
0.217298
0.214550
0.207352
0.190101
0.179726
0.175829
0.175856
0.171120
0.182013
0.181469
0.168710
0.152942
0.141089
0.151998
0.165909
0.167334
0.157123
0.139115
0.125416
0.135240
0.146079
0.152225
0.176548
0.187364
0.185380
0.179216
0.174963
0.166735
0.145331
0.131107
0.123028
0.111901
0.100705
0.094982
0.070159
0.031360
-0.006951
-0.030273
-0.029870
-0.024385
-0.021616
-0.032181
-0.044720
-0.050144
-0.028163
-0.000505
0.034328
0.083077
0.113509
0.136831
0.144583
0.144444
0.142471
0.125557
0.123006
0.125651
0.124198
0.116516
0.121056
0.109416
0.087821
0.067770
0.047256
0.057150
0.075652
0.078173
0.067341
0.051230
0.039802
0.050698
0.062924
0.072599
0.101889
0.119237
0.121971
0.109735
0.098710
0.088214
0.069930
0.061909
0.060440
0.056411
0.051871
0.053610
0.035030
0.002603
-0.029825
-0.049115
-0.042392
-0.035615
-0.036256
-0.048416
-0.062036
-0.066939
-0.047123
-0.018801
0.016241
0.064100
0.093264
0.111798
0.115383
0.113148
0.105078
0.084465
0.079527
0.084306
0.087446
0.084761
0.092722
0.080714
0.056444
0.033410
0.025173
0.028398
0.037937
0.052644
0.054472
0.051697
0.052923
0.069278
0.083648
0.094684
0.118843
0.137488
0.148674
0.142607
0.131809
0.123037
0.109412
0.108936
0.110287
0.111265
0.104720
0.112149
0.107260
0.089348
0.069962
0.061358
0.076701
0.094303
0.103163
0.098915
0.088509
0.081066
0.097879
0.116754
0.132072
0.162951
0.180863
0.187229
0.184583
0.182195
0.175084
0.155971
0.145424
0.137329
0.125748
0.114372
0.109820
0.087043
0.052695
0.020328
0.003762
0.008551
0.017676
0.027456
0.024607
0.018293
0.016188
0.035699
0.056773
0.076238
0.113851
0.140049
0.158195
0.159609
0.154061
0.148440
0.134154
0.131229
0.128728
0.123834
0.111378
0.111361
0.099810
0.077293
0.054623
0.039196
0.050904
0.064961
0.068801
0.057564
0.042723
0.033243
0.050730
0.071879
0.091201
0.126294
0.146508
0.155815
0.150834
0.142978
0.132058
0.111682
0.101892
0.096704
0.089354
0.077585
0.074886
0.053354
0.019532
-0.012102
-0.021168
-0.022189
-0.017522
-0.003967
-0.001134
-0.003063
-0.000952
0.022289
0.047127
0.070318
0.111610
0.141633
0.163877
0.166925
0.161101
0.154283
0.139334
0.138509
0.139581
0.139842
0.130669
0.132445
0.125545
0.109015
0.090825
0.078483
0.089767
0.105281
0.112904
0.107887
0.095456
0.087472
0.101801
0.116943
0.127892
0.155816
0.171492
0.173683
0.163724
0.154666
0.144081
0.124726
0.115838
0.110770
0.103854
0.093875
0.092987
0.074143
0.042122
0.009470
-0.013262
-0.010626
-0.003719
0.001881
-0.005345
-0.017287
-0.024951
-0.006013
0.017308
0.041006
0.080555
0.105261
0.122485
0.125777
0.123154
0.119939
0.105312
0.102445
0.101747
0.098243
0.088778
0.091531
0.078337
0.054682
0.030694
0.007147
0.016856
0.033129
0.036523
0.024955
0.009872
-0.000616
0.015105
0.034026
0.050864
0.084521
0.104686
0.112094
0.101951
0.089641
0.078071
0.055961
0.048305
0.048943
0.050901
0.049179
0.054868
0.045379
0.020320
-0.008078
-0.029518
-0.023751
-0.016416
-0.014756
-0.024971
-0.038040
-0.045989
-0.027095
-0.003509
0.020443
0.059866
0.084342
0.097997
0.093242
0.083116
0.074344
0.053873
0.050994
0.057037
0.063907
0.064294
0.074479
0.070930
0.050790
0.027862
0.003670
0.007407
0.020029
0.025031
0.014141
0.000903
-0.008065
0.008014
0.026585
0.042996
0.076523
0.098226
0.107471
0.100574
0.090416
0.083663
0.065898
0.061098
0.063090
0.067267
0.064237
0.073039
0.070933
0.052742
0.029599
0.009294
0.017035
0.026946
0.027357
0.014870
-0.001497
-0.013128
0.003013
0.023808
0.043205
0.077749
0.097445
0.105537
0.097035
0.085975
0.074058
0.051291
0.044240
0.045406
0.047006
0.044982
0.049415
0.037691
0.009267
-0.021978
-0.050189
-0.048936
-0.043832
-0.042755
-0.055181
-0.070099
-0.080057
-0.063899
-0.041682
-0.017235
0.022681
0.046942
0.061104
0.057234
0.047579
0.040527
0.023992
0.022416
0.028635
0.036045
0.038054
0.049642
0.046589
0.028420
0.007253
-0.009530
-0.000745
0.011605
0.017460
0.010432
0.000322
-0.005270
0.011788
0.030526
0.046482
0.080227
0.102998
0.112505
0.101052
0.085720
0.073899
0.052629
0.046914
0.051918
0.061441
0.063910
0.076296
0.076433
0.060499
0.039151
0.021468
0.030825
0.042773
0.047678
0.040410
0.027870
0.015960
0.026386
0.045466
0.061316
0.092937
0.111881
0.118530
0.112624
0.104540
0.098629
0.081940
0.074285
0.076420
0.082762
0.080197
0.087679
0.083708
0.062848
0.038189
0.012915
0.015108
0.025177
0.033813
0.028944
0.019713
0.012368
0.024674
0.043366
0.058932
0.091308
0.113016
0.126254
0.122742
0.112397
0.104126
0.085369
0.080592
0.083967
0.089915
0.087071
0.092295
0.091852
0.075568
0.054798
0.034300
0.045824
0.061429
0.066160
0.057388
0.042594
0.028121
0.036352
0.053476
0.066842
0.095881
0.112475
0.116533
0.109790
0.103074
0.098106
0.080731
0.070349
0.070534
0.077772
0.075465
0.081349
0.076438
0.053252
0.026129
0.008690
0.005494
0.008789
0.018467
0.018022
0.012592
0.006250
0.021105
0.041444
0.058601
0.091192
0.114963
0.133679
0.136295
0.127389
0.119269
0.101965
0.099131
0.103477
0.110383
0.108523
0.116379
0.119125
0.106956
0.090268
0.074289
0.088250
0.106163
0.113232
0.106971
0.092596
0.078102
0.084229
0.097678
0.105870
0.129823
0.141751
0.141777
0.130259
0.119134
0.111115
0.089705
0.079352
0.077781
0.077562
0.072913
0.075241
-0.000223
-0.005755
-0.008333
-0.003645
-0.004124
0.014674
0.054264
0.109328
0.163025
0.183460
0.168998
0.138669
0.097482
0.059679
0.029864
0.014922
0.014029
0.031226
0.069217
0.119438
0.170691
0.175794
0.150802
0.122048
0.105660
0.098762
0.100095
0.087697
0.063268
0.049335
0.049400
0.052700
0.048027
0.046679
0.041680
0.037175
0.032574
0.053779
0.081425
0.111175
0.155023
0.180521
0.191803
0.197172
0.202658
0.190475
0.176435
0.167980
0.156967
0.142219
0.120533
0.098692
0.055831
0.000337
-0.053045
-0.070111
-0.075197
-0.081573
-0.083923
-0.097313
-0.102621
-0.102725
-0.070304
-0.038618
-0.006719
0.044213
0.071145
0.082729
0.088166
0.096672
0.100764
0.095267
0.090389
0.081450
0.068311
0.054310
0.045857
0.020796
-0.010521
-0.032520
-0.041436
-0.024894
-0.009450
-0.005117
-0.015635
-0.028686
-0.037053
-0.018029
0.009525
0.045664
0.095858
0.124722
0.141196
0.141469
0.137669
0.124242
0.106298
0.097171
0.083069
0.061150
0.042779
0.027935
-0.009706
-0.058086
-0.097259
-0.105462
-0.099459
-0.092993
-0.084731
-0.087857
-0.088536
-0.085892
-0.058921
-0.028133
0.007411
0.058348
0.093304
0.114845
0.120865
0.122855
0.123613
0.110036
0.110783
0.110318
0.104320
0.091870
0.091068
0.074668
0.051143
0.030253
0.019208
0.031165
0.045531
0.051404
0.043375
0.032148
0.025646
0.042730
0.061443
0.077833
0.112672
0.134564
0.141853
0.133486
0.124802
0.115467
0.095748
0.086974
0.080173
0.069309
0.061057
0.054331
0.028086
-0.009246
-0.044209
-0.057064
-0.044772
-0.032877
-0.025038
-0.028456
-0.033199
-0.032128
-0.006604
0.022294
0.052079
0.097763
0.129257
0.151952
0.157807
0.156719
0.154126
0.137467
0.133789
0.130830
0.123234
0.112218
0.112000
0.094826
0.069214
0.046717
0.030332
0.043615
0.059137
0.066307
0.060367
0.048521
0.040632
0.054260
0.068598
0.079951
0.110371
0.129400
0.133699
0.126690
0.120800
0.116238
0.099531
0.092370
0.087998
0.080578
0.073638
0.072892
0.057631
0.028164
-0.001462
-0.020992
-0.010689
0.001269
0.006284
-0.000621
-0.010413
-0.014367
0.007274
0.032578
0.057467
0.098036
0.124460
0.140044
0.138485
0.132040
0.125743
0.105460
0.099308
0.097833
0.093021
0.087479
0.087849
0.073198
0.045202
0.019123
-0.002961
0.005902
0.019402
0.026818
0.020860
0.012018
0.006435
0.022196
0.039087
0.053866
0.087873
0.110604
0.120451
0.114275
0.107448
0.102531
0.087796
0.084213
0.083636
0.081172
0.076457
0.081699
0.073281
0.050680
0.027234
0.011341
0.023219
0.039763
0.045440
0.036758
0.026274
0.020395
0.038921
0.060051
0.079095
0.114742
0.137280
0.146473
0.138119
0.128384
0.118016
0.095200
0.085701
0.082241
0.077283
0.071803
0.070629
0.054183
0.023552
-0.006635
-0.025977
-0.019408
-0.009707
-0.001523
-0.005096
-0.011327
-0.013865
0.006204
0.028334
0.049334
0.087870
0.114594
0.129636
0.128001
0.122474
0.118398
0.104095
0.102043
0.103737
0.104381
0.099109
0.104978
0.099937
0.080383
0.059633
0.040994
0.054414
0.073314
0.080210
0.072814
0.062286
0.055263
0.069344
0.084330
0.095692
0.124820
0.142510
0.145415
0.134777
0.126289
0.119997
0.100245
0.090420
0.086464
0.083461
0.077700
0.080649
0.070269
0.044405
0.016827
-0.002395
0.006075
0.017384
0.023044
0.017379
0.007883
0.002283
0.021563
0.043760
0.064439
0.101571
0.125923
0.139114
0.136390
0.129755
0.124438
0.106031
0.101032
0.101343
0.100418
0.092943
0.096284
0.087257
0.064022
0.039855
0.015761
0.022135
0.038024
0.045664
0.039222
0.029540
0.023301
0.039570
0.057453
0.072634
0.105538
0.126703
0.136167
0.128759
0.119953
0.113487
0.094950
0.089066
0.087358
0.085343
0.078392
0.081993
0.073066
0.049726
0.024558
0.004629
0.014883
0.028398
0.031569
0.020498
0.006021
-0.004233
0.012335
0.032829
0.051787
0.087093
0.108334
0.117954
0.111614
0.102384
0.094085
0.073126
0.065168
0.064799
0.065556
0.058508
0.059084
0.044444
0.014233
-0.016139
-0.026985
-0.028822
-0.023613
-0.009155
-0.005861
-0.005338
-0.000080
0.023257
0.047091
0.068957
0.104042
0.131470
0.151431
0.149308
0.139318
0.131497
0.113852
0.110492
0.116951
0.128725
0.131679
0.138610
0.145107
0.136919
0.128874
0.125583
0.138254
0.160893
0.183665
0.197655
0.202209
0.207519
0.219276
0.227195
0.228877
0.237314
0.230708
0.217326
0.202283
0.186322
0.170112
0.151308
0.140756
0.134006
0.128828
0.117077
0.116734
0.106828
0.080091
0.050323
0.029062
0.037040
0.052484
0.066673
0.068494
0.062839
0.054426
0.068962
0.092128
0.112908
0.147872
0.168990
0.185405
0.195134
0.199495
0.200560
0.188655
0.183414
0.181242
0.174893
0.157631
0.152342
0.139488
0.113495
0.087756
0.063335
0.069967
0.088874
0.095780
0.088050
0.072019
0.056794
0.059741
0.068771
0.074308
0.098627
0.112413
0.113778
0.097157
0.079905
0.067300
0.044507
0.034743
0.035937
0.041046
0.038234
0.043475
0.034205
0.005398
-0.028153
-0.055228
-0.060667
-0.053446
-0.046409
-0.054999
-0.071250
-0.081365
-0.069192
-0.045813
-0.016271
0.025933
0.050938
0.067645
0.070517
0.068325
0.067450
0.051752
0.048251
0.054066
0.060536
0.058582
0.065143
0.062466
0.045365
0.025643
0.002995
0.006553
0.021277
0.027400
0.018759
0.005453
-0.007227
0.000550
0.015711
0.027310
0.057064
0.076301
0.081349
0.067745
0.053223
0.044046
0.024439
0.017518
0.021965
0.031074
0.031252
0.040209
0.037369
0.017666
-0.006215
-0.032206
-0.030848
-0.020960
-0.012977
-0.017505
-0.026612
-0.033751
-0.018915
0.004409
0.025042
0.064722
0.093394
0.110086
0.108478
0.100749
0.094697
0.079656
0.074983
0.080232
0.090920
0.090916
0.097028
0.097826
0.083395
0.067201
0.052309
0.052645
0.061847
0.075130
0.081991
0.084606
0.084345
0.097292
0.110569
0.118146
0.138392
0.157048
0.168401
0.159556
0.142488
0.128711
0.110544
0.105902
0.105340
0.105985
0.098424
0.102162
0.097329
0.076869
0.054124
0.038576
0.052102
0.071471
0.084402
0.087006
0.081836
0.074067
0.085347
0.102818
0.115367
0.143526
0.163972
0.173406
0.171278
0.165925
0.161549
0.145553
0.139221
0.138330
0.135415
0.124035
0.122356
0.109846
0.081680
0.055015
0.028584
0.025998
0.039744
0.052832
0.051764
0.044109
0.035502
0.044950
0.059430
0.068933
0.096554
0.118411
0.130597
0.125758
0.115482
0.108036
0.094712
0.088765
0.088461
0.090647
0.083552
0.087347
0.081529
0.059345
0.035931
0.022114
0.024616
0.038984
0.057068
0.065567
0.070975
0.075032
0.093236
0.112913
0.127601
0.153602
0.175966
0.189973
0.183830
0.171100
0.160488
0.141202
0.135845
0.137362
0.141319
0.136049
0.139831
0.138544
0.121789
0.103578
0.084284
0.094499
0.113566
0.129545
0.134636
0.129154
0.120793
0.126917
0.135894
0.138144
0.153604
0.162461
0.159867
0.153928
0.148364
0.143028
0.133278
0.127982
0.123653
0.118259
0.104132
0.101965
0.090801
0.063206
0.035661
0.008115
0.014203
0.033364
0.045542
0.042694
0.032147
0.020994
0.032826
0.053419
0.069988
0.105769
0.130032
0.145744
0.146382
0.139722
0.134218
0.116012
0.107674
0.102215
0.094804
0.080378
0.074772
0.057038
0.025526
-0.005414
-0.034848
-0.033536
-0.023561
-0.014365
-0.018486
-0.029001
-0.039428
-0.027121
-0.005841
0.012845
0.052231
0.080925
0.099083
0.098793
0.090019
0.084706
0.068495
0.064686
0.064587
0.063003
0.053952
0.054185
-0.000192
-0.004635
-0.003399
0.005652
0.008620
0.029410
0.067978
0.121124
0.173040
0.194251
0.182012
0.154145
0.114205
0.076062
0.044463
0.026704
0.024149
0.034681
0.063579
0.108627
0.160492
0.185482
0.171305
0.144082
0.126294
0.119706
0.125674
0.128745
0.102891
0.077102
0.059984
0.064963
0.076144
0.088656
0.083727
0.078157
0.069958
0.066584
0.069211
0.074453
0.098121
0.114018
0.120508
0.124953
0.129580
0.135757
0.135790
0.137784
0.134009
0.130708
0.119867
0.109032
0.096387
0.066282
0.034131
0.009916
0.009818
0.016837
0.025235
0.027518
0.022673
0.017459
0.026421
0.046072
0.067493
0.110147
0.140829
0.161210
0.166421
0.164478
0.164767
0.153291
0.146827
0.140147
0.128529
0.108229
0.095460
0.076010
0.039815
0.005666
-0.019853
-0.016582
-0.004700
0.010271
0.014581
0.012788
0.009711
0.021226
0.043344
0.063649
0.105480
0.137782
0.159691
0.165542
0.164112
0.163903
0.155384
0.149464
0.143968
0.136040
0.118114
0.111088
0.097864
0.067356
0.040624
0.023840
0.031769
0.053944
0.078194
0.089775
0.099857
0.110773
0.132616
0.156511
0.175504
0.201902
0.224984
0.240229
0.230524
0.215238
0.205399
0.188982
0.178212
0.173151
0.171788
0.161278
0.155655
0.149416
0.124388
0.099004
0.081973
0.091816
0.116992
0.143458
0.161854
0.174283
0.185666
0.205850
0.225663
0.237645
0.253701
0.263623
0.260155
0.252311
0.247641
0.242804
0.230397
0.221897
0.213846
0.202839
0.181098
0.168954
0.157462
0.127688
0.096683
0.073936
0.084439
0.109716
0.133002
0.143650
0.149097
0.150202
0.162952
0.180190
0.190452
0.209031
0.227207
0.233666
0.233522
0.232325
0.230180
0.220376
0.211300
0.204765
0.195970
0.177672
0.168741
0.157357
0.127089
0.096738
0.068970
0.068276
0.088941
0.108789
0.112918
0.110437
0.104819
0.111105
0.123318
0.129435
0.149556
0.172006
0.183847
0.181434
0.173277
0.166448
0.155588
0.147685
0.141725
0.135070
0.119165
0.114475
0.104252
0.075229
0.044885
0.020734
0.025785
0.045047
0.062251
0.066832
0.067665
0.067956
0.082367
0.104690
0.121713
0.150727
0.179297
0.199230
0.199905
0.190567
0.183914
0.166032
0.155804
0.149873
0.142875
0.126594
0.119936
0.107359
0.077057
0.046541
0.018338
0.021136
0.037259
0.053498
0.057110
0.053691
0.048325
0.057300
0.075893
0.089528
0.120319
0.149631
0.167897
0.171505
0.167040
0.163909
0.154811
0.146905
0.140330
0.133390
0.115236
0.104944
0.092428
0.061797
0.030969
0.011101
0.011989
0.028787
0.051860
0.064153
0.074256
0.083312
0.105275
0.131496
0.152519
0.182018
0.212675
0.236655
0.239140
0.228495
0.218082
0.198665
0.190248
0.184051
0.175766
0.159025
0.151738
0.142676
0.116881
0.089692
0.072962
0.080911
0.101413
0.117503
0.124411
0.123819
0.122394
0.133972
0.152051
0.164030
0.185629
0.206968
0.216332
0.213961
0.207339
0.202656
0.189135
0.178887
0.169191
0.158097
0.137525
0.126887
0.110360
0.075976
0.041134
0.019424
0.021662
0.036884
0.054214
0.064935
0.070720
0.073754
0.090341
0.113166
0.131142
0.162179
0.192477
0.214801
0.222090
0.217491
0.213472
0.199485
0.192644
0.186056
0.174506
0.153219
0.140724
0.127158
0.097472
0.067934
0.046395
0.053008
0.072309
0.091009
0.097123
0.095071
0.092356
0.102773
0.120196
0.131747
0.154003
0.177426
0.190388
0.191312
0.185143
0.181503
0.171162
0.163446
0.153445
0.140381
0.119231
0.108455
0.092358
0.059741
0.026375
0.004595
0.007658
0.024038
0.039596
0.043936
0.041850
0.038552
0.051253
0.074301
0.092669
0.126828
0.158321
0.179681
0.184613
0.178142
0.172970
0.158941
0.149743
0.141568
0.130846
0.110802
0.099030
0.081448
0.047854
0.014545
-0.009920
-0.008859
0.003989
0.019254
0.025584
0.025991
0.025739
0.040293
0.063674
0.082217
0.114831
0.145931
0.167767
0.172986
0.167453
0.163685
0.153862
0.147705
0.141260
0.133695
0.117086
0.108262
0.097649
0.070629
0.043591
0.026175
0.031442
0.052266
0.075827
0.085221
0.089078
0.092922
0.109892
0.131731
0.147715
0.172286
0.197143
0.212136
0.208034
0.195429
0.187476
0.169176
0.159617
0.153069
0.145151
0.129348
0.122668
0.111263
0.082889
0.052684
0.031064
0.037129
0.055548
0.071114
0.076166
0.074860
0.070421
0.080648
0.100142
0.113909
0.139357
0.164437
0.179443
0.181416
0.176430
0.172877
0.163856
0.155888
0.147865
0.138480
0.119176
0.105314
0.090241
0.057443
0.023231
0.000523
-0.001863
0.008346
0.026163
0.036063
0.041313
0.043611
0.060329
0.084225
0.102412
0.131206
0.160891
0.185717
0.194650
0.188985
0.183190
0.172323
0.165911
0.160185
0.153273
0.137565
0.129528
0.121341
0.095955
0.071091
0.055387
0.062864
0.086037
0.110927
0.124413
0.131349
0.137523
0.154992
0.174451
0.186381
0.203584
0.218527
0.220638
0.207632
0.191511
0.179384
0.160314
0.151437
0.149162
0.149078
0.141485
0.139632
0.140299
0.120575
0.093469
0.072796
0.078909
0.097564
0.117958
0.127949
0.133184
0.131275
0.141378
0.155782
0.162012
0.175922
0.189231
0.190368
0.185456
0.179220
0.172458
0.161994
0.156343
0.155006
0.152641
0.142459
0.136379
0.136205
0.115517
0.089301
0.062856
0.067557
0.090294
0.107295
0.108433
0.102601
0.093446
0.099626
0.115455
0.123841
0.144739
0.166038
0.178074
0.176033
0.165082
0.156548
0.140512
0.128328
0.120878
0.114220
0.099076
0.091496
0.079969
0.049182
0.014826
-0.019994
-0.024421
-0.010848
0.004082
0.004129
-0.001060
-0.007066
0.004135
0.027732
0.046765
0.084677
0.118990
0.142200
0.151668
0.148884
0.145896
0.135678
0.127582
0.122806
0.118218
0.104526
0.097123
0.091094
0.067322
0.040678
0.020297
0.021208
0.035993
0.049394
0.050346
0.046564
0.042236
0.053653
0.074151
0.088435
0.114312
0.140478
0.158537
0.157204
0.142051
0.131206
0.111885
0.100899
0.094519
0.089076
0.076212
0.070513
0.059688
0.030389
-0.003122
-0.027448
-0.025361
-0.012416
-0.000587
0.003186
0.002122
-0.000886
0.012597
0.037085
0.056638
0.090670
0.121870
0.143096
0.150432
0.146443
0.142662
0.133531
0.127314
0.124852
0.123308
0.112245
0.105250
0.100520
0.076886
0.050585
0.031864
0.032771
0.047553
0.065143
0.072904
0.077097
0.078948
0.090164
0.107647
0.118930
0.137909
0.159223
0.173704
0.171757
0.156697
0.145847
0.127571
0.117604
0.112911
0.108469
0.096548
0.091615
0.086063
0.061589
0.031461
0.011502
0.018373
0.037422
0.052300
0.057626
0.058487
0.054885
0.062191
0.083189
0.099759
0.127633
0.153980
0.170593
0.180382
0.180291
0.178835
0.168944
0.158605
0.150996
0.139884
0.119006
0.106381
0.090218
0.055586
0.019976
-0.010080
-0.007835
0.008109
0.022164
0.024321
0.021777
0.017032
0.023161
0.042127
0.057233
0.087707
0.117160
0.138703
0.145455
0.138337
0.132425
0.120961
0.110392
0.104777
0.098679
0.083800
0.075943
0.064945
0.034974
0.001856
-0.025983
-0.023004
-0.007436
0.007652
0.009949
0.008042
0.005256
0.013517
0.035742
0.053794
0.084668
0.114626
0.136616
0.141074
0.133678
0.128545
0.116109
0.105049
0.101242
0.097663
0.085433
0.080196
0.071566
0.043787
0.013162
-0.013317
-0.009085
0.007620
0.021779
0.023031
0.020377
0.015687
0.022013
0.042062
0.057800
0.086778
0.115093
0.135213
0.138872
0.130678
0.125081
0.114843
0.103091
0.096998
0.093476
0.080066
0.070244
-0.000426
-0.005378
-0.005605
0.000707
0.002349
0.023070
0.062654
0.118404
0.175006
0.203246
0.199429
0.179490
0.154362
0.130842
0.113914
0.099684
0.084070
0.066229
0.045885
0.022613
-0.002412
-0.025944
-0.048978
-0.072683
-0.095162
-0.114212
-0.128616
-0.138436
-0.148114
-0.150847
-0.123146
-0.105995
-0.118738
-0.125812
-0.126665
-0.123483
-0.097842
-0.043831
0.034198
0.091146
0.064184
-0.001211
-0.063098
-0.094392
-0.114332
-0.135205
-0.138160
-0.137566
-0.171835
-0.168289
-0.146938
-0.132776
-0.108667
-0.087730
-0.104528
-0.129371
-0.150918
-0.159409
-0.149149
-0.166454
-0.189884
-0.189432
-0.167056
-0.122586
-0.053610
-0.019087
-0.020915
-0.030954
-0.023430
0.008601
0.035953
0.056700
0.067728
0.075085
0.083016
0.106959
0.121250
0.131324
0.132657
0.118952
0.119529
0.123414
0.115652
0.108728
0.102366
0.087728
0.068897
0.054727
0.050775
0.092621
0.109451
0.095517
0.086798
0.074483
0.069457
0.073587
0.087872
0.103474
0.118720
0.134246
0.181181
0.210920
0.212988
0.208104
0.193585
0.194897
0.198032
0.199265
0.201586
0.196557
0.191348
0.185413
0.173671
0.166805
0.174664
0.167529
0.144520
0.120754
0.106681
0.104628
0.112463
0.122092
0.122832
0.100984
0.082502
0.080405
0.077105
0.079339
0.099937
0.111628
0.117954
0.106597
0.090629
0.079968
0.074027
0.078605
0.077598
0.069523
0.056709
0.049336
0.024213
-0.013298
-0.047139
-0.058930
-0.048708
-0.036725
-0.027998
-0.026139
-0.030261
-0.031296
-0.013555
0.005794
0.031100
0.068801
0.093892
0.109289
0.110709
0.107334
0.104860
0.093639
0.095054
0.095645
0.090470
0.081037
0.079607
0.061545
0.034654
0.008869
0.001562
0.017028
0.030337
0.036437
0.036085
0.029144
0.026088
0.037965
0.049100
0.061532
0.089450
0.107086
0.113258
0.103945
0.093508
0.085778
0.073804
0.070485
0.068437
0.063243
0.053757
0.052567
0.034786
0.005262
-0.020609
-0.029139
-0.017019
-0.001590
0.010995
0.016932
0.016788
0.020436
0.040887
0.061526
0.082215
0.122336
0.151210
0.166696
0.165183
0.158572
0.152668
0.137688
0.133709
0.129514
0.120517
0.106961
0.103343
0.083943
0.054855
0.028628
0.018170
0.030550
0.044983
0.056341
0.060539
0.055170
0.053006
0.065493
0.076357
0.086580
0.118067
0.138410
0.144737
0.137841
0.129999
0.123012
0.111903
0.106877
0.102857
0.096161
0.080726
0.076778
0.057429
0.025231
-0.002081
-0.008547
0.001781
0.019632
0.039807
0.053950
0.064454
0.077223
0.101452
0.123438
0.144665
0.179126
0.205826
0.221631
0.220148
0.213422
0.206396
0.191344
0.186117
0.178929
0.169163
0.150752
0.145578
0.130499
0.105490
0.082041
0.076620
0.093597
0.112390
0.124876
0.131765
0.127059
0.125569
0.136107
0.142868
0.148434
0.169704
0.173255
0.167995
0.164625
0.161065
0.154853
0.143836
0.139293
0.135598
0.128068
0.117044
0.116694
0.099449
0.069080
0.040633
0.018898
0.030223
0.049601
0.062466
0.065898
0.061678
0.058420
0.071521
0.084433
0.096258
0.127945
0.148837
0.157630
0.154917
0.151412
0.146968
0.135073
0.128889
0.123800
0.115374
0.101969
0.099124
0.080245
0.050000
0.021878
0.001395
0.012085
0.027456
0.035813
0.037041
0.030572
0.027137
0.041291
0.055950
0.070164
0.104476
0.127234
0.136105
0.129877
0.122746
0.116948
0.100898
0.095036
0.091435
0.084511
0.074054
0.071808
0.052848
0.022518
-0.006604
-0.020461
-0.009446
0.003680
0.013128
0.015759
0.012110
0.011626
0.029097
0.046886
0.064470
0.102829
0.129946
0.145094
0.142726
0.135163
0.129168
0.115977
0.110988
0.105614
0.096351
0.082029
0.076956
0.056354
0.025835
-0.001978
-0.012167
-0.002428
0.011588
0.023228
0.029424
0.028291
0.031509
0.050432
0.068618
0.087444
0.126616
0.154136
0.168261
0.165445
0.159338
0.154187
0.141800
0.136076
0.129665
0.120553
0.103410
0.097982
0.078633
0.048627
0.024613
0.018736
0.028353
0.045440
0.064561
0.077995
0.080479
0.088098
0.106761
0.120885
0.133134
0.158668
0.174217
0.179585
0.173618
0.166490
0.159862
0.145653
0.141116
0.135646
0.126683
0.112571
0.109727
0.091655
0.061020
0.032210
0.024100
0.043488
0.064948
0.078953
0.088320
0.089484
0.092607
0.109785
0.125245
0.139574
0.170814
0.189227
0.195623
0.192543
0.189503
0.185592
0.173737
0.167461
0.158304
0.146855
0.128532
0.122730
0.103719
0.073501
0.046302
0.038042
0.045886
0.060139
0.080173
0.091970
0.090842
0.093775
0.109136
0.120905
0.130682
0.154617
0.169001
0.174346
0.169959
0.164766
0.159651
0.145785
0.141711
0.134867
0.125108
0.109608
0.107099
0.090251
0.060606
0.032190
0.022392
0.039358
0.058857
0.073697
0.080149
0.075980
0.075131
0.090334
0.104494
0.117157
0.148617
0.168638
0.176389
0.172123
0.167037
0.161873
0.145499
0.139708
0.132233
0.121483
0.103527
0.096857
0.076267
0.044745
0.014625
-0.004596
0.003748
0.017334
0.030558
0.033964
0.027354
0.023732
0.038972
0.054713
0.069438
0.103620
0.126570
0.138234
0.136037
0.131850
0.128446
0.118583
0.114764
0.108855
0.100227
0.085134
0.081666
0.063373
0.033659
0.004839
-0.017095
-0.008402
0.004959
0.014637
0.014207
0.005487
-0.000107
0.014155
0.029627
0.044722
0.079512
0.103211
0.113807
0.108726
0.102681
0.098823
0.084870
0.080195
0.075542
0.068622
0.057719
0.055710
0.037343
0.007189
-0.022680
-0.038303
-0.029420
-0.017796
-0.006540
-0.005381
-0.009453
-0.010304
0.007979
0.026941
0.046018
0.084748
0.112796
0.129234
0.127255
0.120598
0.116765
0.102190
0.098582
0.093915
0.086879
0.073500
0.071146
0.058885
0.033131
0.006685
-0.004720
0.007472
0.021008
0.033119
0.036429
0.029789
0.026438
0.040268
0.052956
0.064484
0.096352
0.117374
0.124442
0.116163
0.107427
0.100638
0.084824
0.082582
0.082091
0.080284
0.071076
0.072458
0.062631
0.037476
0.009894
-0.007496
0.002833
0.016992
0.029062
0.031391
0.029324
0.029079
0.045847
0.062124
0.076902
0.109924
0.131530
0.138974
0.130947
0.123805
0.118322
0.104507
0.101389
0.099231
0.097390
0.089298
0.092512
0.085655
0.064595
0.042031
0.028278
0.043013
0.060572
0.072588
0.075093
0.066368
0.060663
0.070450
0.078574
0.085316
0.110977
0.125184
0.125011
0.114422
0.106122
0.097935
0.083037
0.078246
0.075815
0.073603
0.064778
0.065573
0.055102
0.028588
-0.000878
-0.024477
-0.016226
-0.002651
0.007073
0.005900
-0.000501
-0.005051
0.011183
0.029127
0.046426
0.081928
0.105946
0.117835
0.113717
0.107953
0.103135
0.089649
0.085371
0.082365
0.079275
0.069816
0.070387
0.060047
0.035993
0.010338
-0.013419
-0.004636
0.009561
0.018253
0.016457
0.006848
0.000598
0.013707
0.027702
0.040679
0.073169
0.094082
0.101633
0.091938
0.083295
0.077236
0.064394
0.058930
0.053808
0.049570
0.039829
0.039183
0.026986
0.000446
-0.028861
-0.043879
-0.032764
-0.020829
-0.013127
-0.014007
-0.020986
-0.028161
-0.016492
0.002469
0.020998
0.058031
0.083223
0.096001
0.089324
0.079038
0.071845
0.054029
0.049358
0.049283
0.046835
0.038820
0.036233
0.020431
-0.009522
-0.040413
-0.057025
-0.048439
-0.038068
-0.026080
-0.023133
-0.024800
-0.026811
-0.013074
0.005416
0.023777
0.062148
0.090285
0.106719
0.101209
0.091513
0.085747
0.072736
0.070717
0.070802
0.069334
0.059828
0.059659
0.048080
0.022592
-0.004198
-0.014951
-0.000163
0.017128
0.030498
0.035303
0.035524
0.035827
0.049346
0.065646
0.079913
0.110009
0.130868
0.139496
0.130776
0.122793
0.117446
0.104927
0.099393
0.095894
0.091957
0.080528
0.079008
-0.000239
-0.006884
-0.010595
-0.004822
-0.003315
0.019623
0.059960
0.113097
0.166757
0.193376
0.189134
0.169866
0.146476
0.124903
0.109743
0.097273
0.084473
0.070396
0.054423
0.035947
0.015312
-0.003969
-0.022145
-0.041023
-0.058860
-0.073163
-0.082337
-0.085217
-0.085483
-0.086194
-0.064137
-0.042788
-0.057675
-0.075687
-0.049007
-0.046796
-0.035272
0.018898
0.078872
0.100016
0.087556
0.069241
0.052919
0.071391
0.109648
0.148506
0.177457
0.194463
0.206823
0.215073
0.211642
0.201240
0.205333
0.208723
0.210407
0.209267
0.207586
0.201389
0.193538
0.198549
0.206618
0.187488
0.183454
0.177251
0.192407
0.200518
0.191156
0.178678
0.174962
0.176155
0.189187
0.212514
0.225427
0.224152
0.215564
0.223319
0.234827
0.241975
0.257024
0.256334
0.266982
0.279084
0.283939
0.290747
0.303530
0.296237
0.259308
0.213600
0.151805
0.074287
-0.015864
-0.109047
-0.191154
-0.224103
-0.231033
-0.237845
-0.248159
-0.264609
-0.277062
-0.290989
-0.271345
-0.243080
-0.203738
-0.152274
-0.122168
-0.150706
-0.209205
-0.256760
-0.279677
-0.288047
-0.245770
-0.170559
-0.081238
-0.007775
0.059608
0.110271
0.133843
0.137594
0.135657
0.148889
0.163109
0.169187
0.168748
0.159203
0.144484
0.140589
0.137251
0.136810
0.150445
0.145618
0.133931
0.126484
0.124764
0.120848
0.122060
0.118541
0.106257
0.086478
0.066480
0.048817
0.011587
-0.039039
-0.080356
-0.096115
-0.086373
-0.074565
-0.071112
-0.079271
-0.080703
-0.072760
-0.045113
-0.008980
0.037018
0.090338
0.127981
0.158753
0.172891
0.178735
0.175943
0.153344
0.142003
0.127868
0.116991
0.109733
0.085133
0.040480
-0.011561
-0.050438
-0.054899
-0.033690
-0.012929
0.001452
0.008149
0.019910
0.031322
0.052507
0.072434
0.096893
0.130817
0.147051
0.130170
0.107227
0.097652
0.094166
0.091359
0.096253
0.107432
0.120848
0.124830
0.141646
0.143989
0.132258
0.117225
0.107173
0.128808
0.153037
0.162937
0.163416
0.163133
0.163278
0.173881
0.181545
0.189918
0.207860
0.202671
0.176819
0.156642
0.148143
0.140763
0.127798
0.117854
0.113400
0.107298
0.099773
0.098708
0.077904
0.040072
0.001156
-0.004902
0.011059
0.031543
0.049178
0.060045
0.070478
0.080196
0.102290
0.122141
0.142612
0.183506
0.212391
0.222341
0.216902
0.213216
0.208495
0.198424
0.194528
0.189774
0.181962
0.165564
0.162315
0.143999
0.113135
0.085568
0.071395
0.086058
0.107572
0.125608
0.139711
0.149321
0.158350
0.172686
0.181190
0.189981
0.216668
0.224766
0.210218
0.193058
0.186049
0.177318
0.165722
0.163252
0.160672
0.154668
0.144185
0.144063
0.125337
0.090923
0.058743
0.037724
0.053677
0.077561
0.093646
0.102090
0.106196
0.109611
0.124087
0.136942
0.151789
0.188229
0.209674
0.214350
0.212786
0.215140
0.212935
0.205318
0.198613
0.187682
0.169558
0.150611
0.138263
0.107514
0.065439
0.028722
0.010423
0.024727
0.044555
0.058996
0.067993
0.077331
0.088455
0.109408
0.127726
0.148054
0.190722
0.221561
0.236162
0.232978
0.228382
0.223266
0.207783
0.198042
0.183843
0.163928
0.142051
0.127942
0.097563
0.056383
0.019488
0.012617
0.031373
0.051944
0.065895
0.075661
0.084743
0.094396
0.114788
0.133031
0.152866
0.193944
0.217386
0.220706
0.215739
0.216580
0.214991
0.204139
0.198194
0.187732
0.171070
0.149667
0.138605
0.110567
0.071011
0.036443
0.022087
0.040947
0.063648
0.078353
0.087131
0.095646
0.105599
0.126044
0.143685
0.162820
0.203638
0.230525
0.240611
0.237441
0.235560
0.232276
0.217368
0.207116
0.191979
0.170282
0.147043
0.130618
0.097516
0.053486
0.014578
0.002324
0.019971
0.041029
0.055392
0.064381
0.073901
0.084933
0.107870
0.129063
0.153770
0.199013
0.229113
0.240174
0.238305
0.238988
0.238148
0.227090
0.219786
0.206704
0.188404
0.164898
0.152404
0.124465
0.086184
0.053307
0.042147
0.058175
0.078083
0.092925
0.105183
0.112922
0.123534
0.142121
0.156337
0.170087
0.203581
0.220495
0.220261
0.213286
0.211915
0.208588
0.198250
0.189114
0.176239
0.159028
0.137314
0.126779
0.099306
0.058134
0.025249
0.017626
0.034185
0.058850
0.083771
0.104593
0.120410
0.136690
0.159791
0.177671
0.193730
0.226445
0.246098
0.252825
0.249723
0.248390
0.244789
0.232445
0.223930
0.205610
0.180898
0.152469
0.135333
0.103075
0.059511
0.021276
0.009172
0.026440
0.049854
0.069803
0.080533
0.088485
0.096949
0.116966
0.134990
0.153690
0.193493
0.217362
0.225670
0.227466
0.231814
0.232024
0.224441
0.215696
0.198810
0.176232
0.150041
0.134683
0.102933
0.060346
0.026384
0.013250
0.025517
0.047261
0.071191
0.087082
0.098666
0.112793
0.135210
0.153168
0.169634
0.203152
0.224416
0.232189
0.228403
0.226536
0.223665
0.209922
0.200431
0.183067
0.160562
0.138107
0.124049
0.094015
0.052701
0.017236
0.007529
0.026339
0.049832
0.069585
0.080748
0.085668
0.093271
0.112324
0.129300
0.149652
0.190286
0.212936
0.221106
0.223429
0.228112
0.228790
0.219522
0.211226
0.194171
0.170810
0.144620
0.128745
0.096974
0.055401
0.019242
0.005736
0.024390
0.046481
0.063060
0.069606
0.074637
0.082810
0.103491
0.121961
0.140407
0.179793
0.207258
0.221388
0.221932
0.221544
0.220155
0.207473
0.194929
0.175645
0.152443
0.125058
0.107745
0.075632
0.033136
-0.001661
-0.010833
0.003263
0.025001
0.050557
0.068404
0.079302
0.092775
0.116133
0.135599
0.154892
0.190847
0.214207
0.225067
0.224137
0.223721
0.222143
0.209747
0.201080
0.184016
0.161857
0.135780
0.120549
0.090558
0.049925
0.013982
0.004755
0.023183
0.044207
0.059198
0.067677
0.072325
0.078342
0.096744
0.113169
0.128335
0.164364
0.186400
0.195978
0.197305
0.199879
0.199668
0.191016
0.182982
0.167122
0.146002
0.122538
0.108518
0.081495
0.041727
0.005220
-0.009620
0.006122
0.024600
0.036571
0.038876
0.039384
0.042764
0.061935
0.079969
0.100962
0.142827
0.172556
0.188867
0.186672
0.182041
0.177349
0.159482
0.149470
0.134612
0.115652
0.091371
0.074462
0.046095
0.004820
-0.034235
-0.046004
-0.032802
-0.017438
-0.001821
0.005559
0.011824
0.019166
0.041330
0.062788
0.085435
0.128593
0.159684
0.177148
0.177303
0.177247
0.177096
0.168572
0.162622
0.150254
0.134422
0.115101
0.105970
0.084520
0.051466
0.022002
0.010177
0.027556
0.047465
0.060330
0.064148
0.064908
0.068558
0.085051
0.098897
0.112320
0.147039
0.168535
0.174828
0.169156
0.165415
0.160791
0.147862
0.137973
0.122774
0.104098
0.084259
0.070263
0.043431
0.002164
-0.036769
-0.048677
-0.034414
-0.017872
-0.002755
0.003688
0.009969
0.018561
0.042332
0.065728
0.092743
0.138871
0.172560
0.191917
0.194355
0.194737
0.194963
0.184727
0.178880
0.167803
0.153986
0.133608
0.125010
0.106275
0.076066
0.048842
0.040062
0.055159
0.074200
0.091828
0.106160
0.112753
0.122417
0.138832
0.149295
0.157762
0.182176
0.193446
0.190018
0.182055
0.178671
0.174082
0.163401
0.154418
0.142156
0.126860
0.104597
0.093920
0.072817
0.036224
0.002957
-0.008826
0.008578
0.033415
0.055485
0.069644
0.079068
0.084878
0.101238
0.119107
0.135643
0.171850
0.195579
0.207930
0.209424
0.210071
0.207307
0.197968
0.189540
0.176660
0.158502
0.134179
0.119259
0.092657
0.053394
0.017378
0.001603
0.015110
0.033508
0.051536
0.065268
0.075417
0.083425
0.099864
0.115509
0.129031
0.158520
0.178588
0.187065
0.181488
0.177172
0.172913
0.160630
0.152475
0.141498
0.126805
0.107685
0.097753
-0.000230
-0.007447
-0.011660
-0.005816
-0.003597
0.020785
0.063679
0.117664
0.170904
0.196957
0.192089
0.170276
0.144415
0.122240
0.107513
0.095555
0.082484
0.067303
0.049279
0.027866
0.001620
-0.027633
-0.058484
-0.088248
-0.112904
-0.131169
-0.108842
-0.056259
-0.014317
-0.000581
-0.003346
-0.015648
-0.009393
0.020780
0.053188
0.058550
0.034838
0.002918
-0.015380
-0.005666
0.009379
0.007574
0.002768
0.002299
0.001011
-0.005782
0.007476
0.028279
0.053385
0.090523
0.079249
0.042070
0.005830
-0.028272
-0.050282
-0.060420
-0.041131
-0.008588
0.031306
0.059531
0.086902
0.101870
0.092831
0.070768
0.060494
0.056373
0.055920
0.060524
0.052166
0.033426
0.016973
0.018781
0.025329
0.047550
0.080966
0.099393
0.109628
0.108863
0.105302
0.101569
0.100325
0.094531
0.081381
0.064524
0.041737
0.026669
-0.004097
-0.046756
-0.086741
-0.099834
-0.091108
-0.080218
-0.070063
-0.066186
-0.063245
-0.057951
-0.035528
-0.011540
0.019592
0.069738
0.106476
0.125543
0.126793
0.125222
0.123659
0.109674
0.105125
0.098972
0.090750
0.075542
0.071303
0.051563
0.022055
-0.004069
-0.003334
0.010630
0.026897
0.044271
0.057163
0.061310
0.066757
0.079661
0.088768
0.099795
0.134744
0.156588
0.164149
0.159318
0.155672
0.152897
0.143581
0.136736
0.124498
0.108608
0.089500
0.081031
0.057111
0.020811
-0.009004
-0.016354
0.004563
0.030094
0.048646
0.061822
0.067846
0.077378
0.097860
0.115968
0.135402
0.176144
0.202962
0.214009
0.212257
0.210778
0.207755
0.192796
0.182678
0.168098
0.148249
0.123007
0.107140
0.076800
0.036888
0.001470
-0.004307
0.010257
0.027079
0.043684
0.057050
0.062704
0.070205
0.087701
0.101936
0.119692
0.159962
0.186342
0.197427
0.196349
0.195435
0.193848
0.184582
0.176339
0.161455
0.142867
0.117285
0.104347
0.078171
0.041067
0.007139
-0.003051
0.014922
0.035045
0.046483
0.055885
0.060294
0.066317
0.084466
0.101106
0.119115
0.157870
0.181065
0.188903
0.187060
0.187000
0.185190
0.174897
0.164907
0.149708
0.130693
0.108196
0.095067
0.066876
0.028288
-0.006463
-0.016411
-0.000656
0.017478
0.031536
0.041733
0.046044
0.052733
0.071713
0.088534
0.108948
0.150890
0.179809
0.194224
0.194045
0.192117
0.190157
0.177789
0.169218
0.155755
0.138333
0.116312
0.104667
0.078321
0.041783
0.009285
0.002184
0.017900
0.035997
0.051534
0.064370
0.069386
0.076981
0.094339
0.108714
0.124242
0.162093
0.184447
0.191743
0.188637
0.187559
0.185728
0.175054
0.165646
0.151386
0.134696
0.110616
0.098909
0.073909
0.037456
0.007365
0.000715
0.016669
0.039733
0.064141
0.085265
0.095854
0.109657
0.130596
0.146884
0.161494
0.192873
0.212318
0.219079
0.214988
0.212176
0.208007
0.197669
0.188178
0.169459
0.147564
0.121019
0.106209
0.078309
0.039467
0.007900
0.000466
0.016596
0.038443
0.061476
0.078769
0.084589
0.092213
0.109858
0.122912
0.136268
0.170478
0.189316
0.195320
0.194079
0.193915
0.191122
0.180335
0.172456
0.156510
0.135607
0.111582
0.097137
0.067117
0.025650
-0.012649
-0.025314
-0.009996
0.008311
0.022807
0.030453
0.032905
0.037018
0.054565
0.071285
0.089915
0.130911
0.160297
0.176162
0.178581
0.179103
0.179024
0.166957
0.158698
0.143024
0.123193
0.099597
0.085951
0.057255
0.018181
-0.017273
-0.027730
-0.016811
-0.001248
0.016327
0.026021
0.029622
0.035919
0.054056
0.070601
0.090698
0.132607
0.161758
0.175256
0.174156
0.172928
0.171682
0.161384
0.152693
0.136361
0.117736
0.093326
0.080871
0.055574
0.020315
-0.009674
-0.019321
-0.006820
0.011676
0.031560
0.045262
0.049309
0.056509
0.075253
0.091686
0.108938
0.148067
0.172852
0.183492
0.182958
0.183507
0.183176
0.174455
0.164658
0.145657
0.123451
0.098716
0.084034
0.054768
0.015567
-0.018683
-0.029381
-0.016335
0.001615
0.019565
0.028835
0.030140
0.033507
0.050164
0.065140
0.084242
0.125041
0.152249
0.164554
0.164973
0.165186
0.163723
0.156198
0.149301
0.135281
0.118420
0.093556
0.079574
0.052447
0.014905
-0.019634
-0.025307
-0.013821
0.004142
0.029112
0.046647
0.058617
0.070851
0.092617
0.110333
0.128097
0.162555
0.182132
0.187827
0.185218
0.185477
0.184831
0.174915
0.166450
0.150019
0.131473
0.108617
0.098404
0.074864
0.040085
0.010448
0.002804
0.021031
0.044413
0.063940
0.073774
0.075478
0.078324
0.092478
0.103864
0.117000
0.152452
0.172416
0.179148
0.179476
0.180840
0.178594
0.171619
0.162965
0.146409
0.125333
0.099229
0.083126
0.051405
0.007253
-0.033967
-0.040508
-0.027139
-0.010152
0.011770
0.025753
0.036525
0.047228
0.068799
0.087591
0.108162
0.147413
0.176074
0.190989
0.188382
0.185401
0.183384
0.173137
0.168266
0.157054
0.143994
0.123538
0.116071
0.100877
0.073608
0.047337
0.039834
0.058586
0.080433
0.097361
0.107642
0.109117
0.112832
0.124384
0.130948
0.137320
0.161315
0.167524
0.158277
0.150015
0.145840
0.138291
0.129714
0.124531
0.114348
0.103110
0.087399
0.081141
0.062165
0.027374
-0.008085
-0.020390
-0.004612
0.015363
0.033620
0.046644
0.057247
0.066619
0.088491
0.108118
0.128622
0.168605
0.195880
0.210047
0.207416
0.205074
0.203379
0.192870
0.185576
0.171530
0.156098
0.133011
0.122034
0.103360
0.072626
0.044067
0.033680
0.046303
0.061244
0.076509
0.086457
0.085673
0.086880
0.097541
0.104214
0.110512
0.137326
0.148685
0.146669
0.139258
0.135187
0.128670
0.121371
0.115029
0.102401
0.087471
0.069300
0.059982
0.037239
-0.001451
-0.039415
-0.053680
-0.041006
-0.023928
-0.008483
0.001865
0.009463
0.015474
0.036539
0.056578
0.080077
0.123952
0.155975
0.174441
0.174128
0.171352
0.169167
0.158061
0.154090
0.144834
0.132797
0.113450
0.104591
0.086160
0.055203
0.026338
0.017321
0.027945
0.041726
0.059230
0.072953
0.077744
0.083444
0.096730
0.105544
0.113760
0.141434
0.154706
0.153112
0.145593
0.141709
0.136286
0.127410
0.120305
0.109577
0.096610
0.080194
0.073776
0.054594
0.020230
-0.009696
-0.018319
0.003928
0.033530
0.060901
0.080286
0.094769
0.105502
0.122906
0.138187
0.151788
0.179629
0.195244
0.197897
0.191913
0.189627
0.185373
0.170997
0.161469
0.150535
0.136641
0.117193
0.106450
0.083447
0.047255
0.012258
-0.002069
0.013166
0.031872
0.052493
0.069729
0.081432
0.088327
0.102841
0.116433
0.128180
0.158292
0.175731
0.183089
0.179209
0.177190
0.174278
0.166786
0.158858
0.145934
0.130530
0.107533
0.095830
0.073471
0.035787
0.001432
-0.009561
0.001055
0.019870
0.043960
0.064336
0.076629
0.085824
0.101505
0.115110
0.128421
0.160421
0.179701
0.187527
0.182923
0.179943
0.176437
0.167149
0.159911
0.148235
0.132649
0.113145
0.103334
0.080786
0.043982
0.010122
0.000485
0.017784
0.040529
0.062119
0.080556
0.092634
0.101000
0.115745
0.128718
0.139252
0.167763
0.184761
0.190859
0.187565
0.186623
0.184137
0.176353
0.168231
0.154187
0.136230
0.113770
0.101094
0.075523
0.035280
-0.001545
-0.014224
0.000222
0.019352
0.039099
0.056086
0.067880
0.076615
0.092942
0.108535
0.124606
0.160123
0.182519
0.193791
0.191872
0.190191
0.187781
0.179412
0.171312
0.157914
0.140341
0.117027
0.103965
0.079248
0.040802
0.005657
-0.005511
0.010159
0.030350
0.050546
0.068221
0.080809
0.089931
0.106124
0.120924
0.134125
0.170883
0.196314
0.205003
0.200882
0.199255
0.196389
0.187108
0.177859
0.163263
0.144557
0.120117
0.105330
-0.000243
-0.007053
-0.010824
-0.005092
-0.002900
0.022709
0.067090
0.121177
0.173404
0.196546
0.187535
0.161916
0.131118
0.105678
0.085788
0.071612
0.061553
0.054263
0.049999
0.049880
0.053846
0.060875
0.080343
0.122415
0.161945
0.180768
0.162636
0.138883
0.135498
0.147497
0.155939
0.160103
0.141279
0.108429
0.081536
0.075760
0.089235
0.100466
0.106173
0.110570
0.109322
0.105871
0.103129
0.096829
0.098378
0.119505
0.133836
0.144955
0.154867
0.164401
0.173982
0.172099
0.163842
0.154986
0.148203
0.137313
0.133956
0.119470
0.086740
0.047914
0.009339
-0.019828
-0.032136
-0.033298
-0.041536
-0.060605
-0.075948
-0.069319
-0.050476
-0.019970
0.019710
0.035196
0.038733
0.042585
0.049473
0.047760
0.045433
0.037763
0.023036
0.007358
-0.008520
-0.021273
-0.048432
-0.087364
-0.120748
-0.106691
-0.093410
-0.080393
-0.063525
-0.046845
-0.037345
-0.027617
-0.008325
0.008884
0.033849
0.081952
0.119583
0.139819
0.141091
0.139008
0.138676
0.131452
0.130338
0.124205
0.116172
0.098781
0.092971
0.076862
0.050840
0.030520
0.028971
0.049563
0.076742
0.102770
0.128114
0.141409
0.158739
0.176623
0.187568
0.197547
0.224398
0.230138
0.219853
0.210158
0.205413
0.197850
0.184558
0.173803
0.156449
0.137495
0.115190
0.103039
0.075971
0.035120
-0.000460
-0.003722
0.017231
0.042861
0.069207
0.095135
0.105169
0.116523
0.134704
0.148833
0.166084
0.206012
0.226313
0.230560
0.228927
0.229997
0.227299
0.220322
0.215228
0.202729
0.185407
0.159612
0.146721
0.119438
0.080470
0.045985
0.035010
0.047310
0.064159
0.081906
0.100456
0.109908
0.120630
0.134973
0.143426
0.153247
0.184770
0.200180
0.199145
0.190850
0.186480
0.181200
0.168554
0.159747
0.145950
0.129354
0.109019
0.099081
0.073405
0.033921
-0.002741
-0.010751
0.005780
0.026644
0.045986
0.064585
0.072810
0.079427
0.094788
0.108078
0.126169
0.166684
0.189433
0.196556
0.196101
0.197754
0.195963
0.189549
0.182233
0.169784
0.153337
0.131470
0.119942
0.092092
0.052971
0.018071
0.011381
0.026958
0.047151
0.068604
0.090740
0.105421
0.120764
0.138886
0.150956
0.164536
0.198797
0.216271
0.217551
0.211081
0.208135
0.204003
0.191464
0.181664
0.165443
0.147629
0.123143
0.111768
0.086805
0.047367
0.014206
0.011630
0.032530
0.059289
0.088136
0.116739
0.131173
0.145958
0.164103
0.175705
0.185476
0.214635
0.225144
0.220933
0.215305
0.214046
0.209284
0.200204
0.192903
0.179533
0.161898
0.140213
0.129775
0.102011
0.059791
0.021553
0.011677
0.029013
0.050288
0.069343
0.088302
0.098335
0.108535
0.124546
0.136191
0.150435
0.188274
0.208590
0.212793
0.208055
0.206406
0.203054
0.192654
0.184537
0.170250
0.151971
0.129060
0.116180
0.087580
0.046727
0.010182
0.002061
0.019251
0.039681
0.061158
0.079116
0.090097
0.099687
0.115250
0.126628
0.139971
0.174797
0.192637
0.192982
0.186240
0.184433
0.181001
0.172865
0.166842
0.153140
0.136353
0.116411
0.106646
0.080613
0.041509
0.005056
-0.005887
0.012736
0.033883
0.052720
0.066279
0.075638
0.083920
0.099858
0.112695
0.127898
0.165990
0.186207
0.187779
0.181233
0.180085
0.177417
0.169189
0.161259
0.145438
0.126844
0.104938
0.092088
0.063255
0.022230
-0.016080
-0.028211
-0.011913
0.007074
0.023934
0.035326
0.042521
0.050055
0.067868
0.083961
0.104891
0.147934
0.174328
0.182168
0.177967
0.177860
0.176828
0.168360
0.161064
0.146080
0.128397
0.106727
0.094533
0.066768
0.027026
-0.009216
-0.017427
-0.002541
0.015470
0.035501
0.049966
0.059537
0.068358
0.084636
0.097885
0.113978
0.152739
0.174237
0.175348
0.167250
0.165308
0.162536
0.154156
0.147848
0.134333
0.118458
0.100944
0.092314
0.067048
0.028874
-0.006011
-0.016863
0.001940
0.023558
0.042212
0.055940
0.066649
0.077519
0.096939
0.113584
0.134118
0.176144
0.199073
0.201809
0.195649
0.195994
0.195445
0.185301
0.176699
0.160113
0.140824
0.117908
0.104518
0.075490
0.034422
-0.003377
-0.013034
0.003699
0.022633
0.040774
0.054151
0.061580
0.070802
0.088487
0.103550
0.123273
0.165390
0.188373
0.192166
0.187704
0.189131
0.188855
0.182289
0.174631
0.158325
0.139240
0.116854
0.104843
0.076954
0.036779
-0.000337
-0.010808
0.005522
0.024939
0.043403
0.057360
0.067392
0.076653
0.093359
0.106909
0.123174
0.162378
0.182851
0.183363
0.175572
0.174333
0.171717
0.164768
0.158681
0.145284
0.129877
0.110718
0.101319
0.075451
0.036613
0.001979
-0.005608
0.009263
0.031217
0.057372
0.080502
0.098588
0.114316
0.134912
0.149899
0.165737
0.201143
0.217612
0.215550
0.211185
0.211721
0.209002
0.199772
0.190952
0.173353
0.152738
0.129800
0.116847
0.090978
0.051492
0.015961
0.004673
0.020178
0.042658
0.066701
0.087349
0.098651
0.109626
0.126997
0.140394
0.157225
0.196452
0.215152
0.215368
0.213292
0.215741
0.213448
0.207589
0.200342
0.182751
0.161349
0.135757
0.119897
0.091038
0.048288
0.008229
-0.006354
0.009512
0.029456
0.048936
0.064781
0.078569
0.091507
0.111242
0.126809
0.146099
0.185377
0.206637
0.208405
0.204878
0.205224
0.203076
0.194172
0.185990
0.169753
0.151075
0.126168
0.112144
0.086857
0.048328
0.011594
-0.000960
0.014556
0.033950
0.054645
0.071632
0.083688
0.095650
0.114857
0.130148
0.148914
0.189059
0.208725
0.208721
0.205997
0.207877
0.206296
0.199432
0.192257
0.175948
0.156778
0.131107
0.116579
0.090781
0.050697
0.012215
-0.000725
0.013959
0.032990
0.053437
0.070847
0.083810
0.095519
0.113950
0.128218
0.143882
0.180350
0.198586
0.198314
0.195605
0.196947
0.194789
0.186705
0.177837
0.160615
0.140746
0.117795
0.105128
0.078977
0.038582
0.001129
-0.010985
0.003090
0.021851
0.041692
0.059366
0.072963
0.085334
0.105011
0.120869
0.140051
0.180698
0.203242
0.207037
0.204670
0.205860
0.204350
0.196873
0.189864
0.174406
0.155946
0.133644
0.120805
0.095615
0.057254
0.021726
0.008458
0.024408
0.045092
0.067776
0.088346
0.103690
0.115476
0.130959
0.143352
0.156620
0.189902
0.205995
0.203710
0.199310
0.199284
0.196080
0.187279
0.177895
0.162053
0.142701
0.118927
0.104234
0.076197
0.033171
-0.007881
-0.017445
-0.002424
0.016978
0.041163
0.063834
0.083229
0.095668
0.113391
0.129205
0.148926
0.188183
0.209015
0.212294
0.210661
0.212278
0.210201
0.203168
0.197701
0.186038
0.169895
0.146768
0.133909
0.109621
0.071524
0.036397
0.022008
0.037674
0.059407
0.085086
0.110714
0.130358
0.145389
0.162005
0.172592
0.181337
0.208503
0.217809
0.209182
0.202440
0.201757
0.197208
0.188938
0.180735
0.166402
0.148710
0.126652
0.112753
0.086224
0.044262
0.004232
-0.006432
0.009438
0.031453
0.060228
0.087447
0.110713
0.125025
0.143523
0.158438
0.175794
0.212873
0.231399
0.232959
0.231194
0.233719
0.231876
0.225245
0.218765
0.205041
0.185632
0.158399
0.141091
0.112737
0.070458
0.030775
0.016282
0.029442
0.048508
0.075179
0.101828
0.124211
0.138731
0.155716
0.167095
0.176442
0.204954
0.216617
0.210841
0.205953
0.206171
0.202197
0.194866
0.188733
0.175114
0.157084
0.134320
0.120991
0.094164
0.050949
0.009516
-0.001617
0.013202
0.034098
0.061776
0.088716
0.113718
0.128375
0.146165
0.159541
0.173801
0.213446
0.237958
0.239266
0.234913
0.234664
0.230995
0.220951
0.215773
0.205616
0.189500
0.166167
0.151592
-0.000291
-0.008597
-0.014578
-0.008376
-0.004461
0.020855
0.064482
0.117563
0.168603
0.191827
0.184333
0.160707
0.133927
0.112014
0.095811
0.084590
0.075733
0.067895
0.060354
0.053344
0.050773
0.052754
0.057565
0.072019
0.108045
0.144795
0.162638
0.144417
0.117514
0.112756
0.127195
0.138335
0.143949
0.125265
0.087199
0.055487
0.042686
0.047354
0.058811
0.071327
0.084944
0.089803
0.091152
0.091962
0.088229
0.086892
0.109388
0.132123
0.148623
0.159074
0.169765
0.182425
0.191289
0.184610
0.172117
0.162963
0.154872
0.146998
0.143873
0.125823
0.095905
0.059632
0.030789
0.010219
0.006895
0.006228
-0.008385
-0.025319
-0.025124
-0.014361
0.006271
0.049684
0.074218
0.078524
0.071586
0.071615
0.069192
0.066220
0.063582
0.053805
0.043119
0.027330
0.014096
-0.008977
-0.046720
-0.087851
-0.091840
-0.079030
-0.064690
-0.041596
-0.018165
-0.000517
0.010724
0.029411
0.047732
0.068003
0.111142
0.144506
0.159977
0.159046
0.161643
0.165686
0.163184
0.158621
0.147787
0.134016
0.114206
0.103287
0.086182
0.056932
0.029887
0.016880
0.027628
0.047085
0.068269
0.087873
0.093385
0.097175
0.105593
0.111008
0.115530
0.145967
0.163768
0.161777
0.155347
0.155029
0.151831
0.147185
0.138992
0.123695
0.106750
0.085517
0.072629
0.046026
0.002431
-0.042125
-0.054560
-0.041622
-0.021342
0.004351
0.029243
0.053431
0.070143
0.094367
0.116234
0.140700
0.186446
0.221957
0.239985
0.241025
0.238668
0.236903
0.226177
0.219465
0.205964
0.186211
0.160566
0.143531
0.119809
0.083590
0.048863
0.035688
0.044685
0.061914
0.091877
0.119547
0.138835
0.150741
0.164539
0.171993
0.177886
0.207136
0.217269
0.204919
0.197718
0.198853
0.194884
0.189548
0.184761
0.170722
0.151220
0.126316
0.112242
0.086031
0.041883
-0.003402
-0.024403
-0.010756
0.016594
0.048377
0.075791
0.103685
0.120367
0.142495
0.160517
0.175905
0.213130
0.238496
0.244477
0.241731
0.242498
0.240473
0.232557
0.225224
0.209601
0.188573
0.159256
0.137227
0.107887
0.064803
0.022023
0.005029
0.012222
0.029902
0.061681
0.091985
0.116637
0.131935
0.150451
0.163329
0.175813
0.211495
0.230303
0.226684
0.222433
0.223949
0.221156
0.213778
0.207507
0.192182
0.170188
0.140652
0.119892
0.090992
0.045763
-0.000105
-0.021568
-0.008352
0.017654
0.050360
0.079894
0.107301
0.123158
0.145860
0.164683
0.182095
0.221077
0.242402
0.240328
0.237515
0.241333
0.240689
0.234926
0.230349
0.216006
0.195726
0.167737
0.146895
0.118275
0.076142
0.035438
0.017123
0.022341
0.038422
0.070530
0.102274
0.129709
0.145554
0.163910
0.175689
0.185250
0.218077
0.234422
0.228973
0.225335
0.227666
0.225109
0.218852
0.213245
0.197065
0.174433
0.144016
0.122624
0.093367
0.047730
0.000281
-0.019310
-0.007060
0.018948
0.053962
0.086856
0.117004
0.135011
0.159187
0.178679
0.196354
0.234609
0.255611
0.254574
0.253618
0.258334
0.258148
0.252322
0.246001
0.229577
0.205676
0.174556
0.151282
0.120548
0.076562
0.034707
0.007873
0.012185
0.030592
0.061169
0.089305
0.109994
0.121146
0.137424
0.149820
0.161564
0.197423
0.214754
0.210096
0.208093
0.212782
0.212025
0.208457
0.204124
0.188069
0.166929
0.137994
0.118387
0.090175
0.046176
0.002542
-0.017050
-0.005991
0.017235
0.049825
0.080991
0.109736
0.129893
0.154435
0.173789
0.189377
0.224307
0.247722
0.251992
0.250731
0.252281
0.250929
0.242383
0.232859
0.213601
0.187824
0.156401
0.133438
0.102612
0.058183
0.014386
-0.004910
0.007688
0.031051
0.063495
0.094963
0.118427
0.135172
0.156922
0.174015
0.189081
0.226447
0.246429
0.244094
0.244340
0.250102
0.249653
0.244886
0.237041
0.216731
0.189975
0.156447
0.132122
0.102570
0.058202
0.013938
-0.007936
0.001822
0.023758
0.053757
0.082394
0.104994
0.122506
0.144963
0.162752
0.178635
0.215247
0.238476
0.241348
0.240422
0.243291
0.242169
0.236055
0.227932
0.209375
0.186264
0.157063
0.136141
0.110861
0.070582
0.030301
0.011492
0.018032
0.037932
0.071027
0.104446
0.129127
0.147664
0.169648
0.185271
0.198630
0.232121
0.248734
0.242622
0.240559
0.244023
0.241669
0.234274
0.226904
0.208382
0.183522
0.152605
0.130207
0.103013
0.060281
0.015163
-0.006185
0.004721
0.028074
0.060200
0.092044
0.119984
0.136009
0.155976
0.170751
0.184207
0.219379
0.237790
0.233611
0.232300
0.237269
0.236038
0.231238
0.227307
0.211352
0.188782
0.159178
0.137892
0.111720
0.069926
0.027855
-0.000769
0.001589
0.018555
0.047840
0.075165
0.096488
0.108102
0.126651
0.140690
0.153716
0.188591
0.205731
0.200463
0.199208
0.203850
0.202562
0.198296
0.192025
0.176632
0.156778
0.130510
0.114258
0.091806
0.053535
0.014137
-0.005948
0.001560
0.020221
0.049868
0.079173
0.103601
0.117336
0.134664
0.146619
0.155510
0.187254
0.205834
0.203588
0.201141
0.203762
0.201162
0.196538
0.191072
0.175995
0.156297
0.129708
0.111986
0.089218
0.049471
0.007405
-0.015337
-0.010080
0.006806
0.036888
0.067179
0.096843
0.111571
0.129045
0.143148
0.154444
0.187840
0.207975
0.206696
0.205310
0.208408
0.205801
0.200677
0.195320
0.183058
0.164698
0.139888
0.122660
0.098433
0.057425
0.014393
-0.005060
-0.000457
0.014577
0.047076
0.079430
0.113601
0.127258
0.145024
0.158702
0.169665
0.202260
0.217101
0.209601
0.207130
0.211415
0.209008
0.203731
0.199563
0.189299
0.171570
0.145472
0.126385
0.102944
0.062727
0.019732
-0.007331
-0.002508
0.017218
0.051595
0.083992
0.120373
0.130289
0.145494
0.159443
0.172267
0.205195
0.216384
0.204468
0.200395
0.206613
0.206116
0.203166
0.201534
0.192968
0.177576
0.155688
0.141561
0.119712
0.080798
0.041040
0.014065
0.010682
0.030693
0.066994
0.099522
0.131890
0.143852
0.159387
0.169817
0.175997
0.202007
0.211483
0.199129
0.194709
0.198587
0.195653
0.191192
0.187946
0.175675
0.157329
0.131143
0.113842
0.091112
0.050004
0.005726
-0.018910
-0.014916
0.002733
0.036341
0.068906
0.104446
0.115698
0.130771
0.145746
0.158555
0.186534
0.196532
0.184715
0.178455
0.182667
0.180339
0.175456
0.174722
0.170299
0.160625
0.144470
0.135724
0.119586
0.085684
0.048999
0.026173
0.024281
0.040741
0.074270
0.104189
0.139487
0.156400
0.166974
0.172514
0.176611
0.198330
0.198267
0.177905
0.168936
0.174314
0.172717
0.169122
0.170583
0.163964
0.150115
0.129942
0.117134
0.096651
0.058313
0.015530
-0.019461
-0.024180
0.002481
0.044214
0.079791
0.115394
0.136872
0.146744
0.155358
0.161869
0.185742
0.195837
0.180708
0.174707
0.183018
0.184179
0.180441
0.181980
0.175809
0.165153
0.145403
0.129549
0.112550
0.077095
0.035397
0.004901
-0.003927
0.012725
0.048388
0.080383
0.114552
0.139664
0.148033
0.153087
0.155900
0.177130
0.185828
0.170160
0.159922
0.164638
0.162843
0.158461
0.160822
0.157576
0.149274
0.133512
0.122813
0.107410
0.073626
0.034020
-0.000720
-0.011147
0.008528
0.046822
0.080627
0.115362
0.145284
0.155308
0.159486
0.163927
0.187267
0.196240
0.180474
0.174200
0.183571
0.185694
0.182832
0.185329
0.180075
0.169362
0.150928
0.136717
0.118001
0.080659
0.036763
0.007825
0.002725
0.021987
0.060067
0.095190
0.134802
0.162802
0.171795
0.177040
0.179516
0.199803
0.207356
0.190495
0.180799
0.186907
0.186150
0.182340
0.184490
0.179483
0.167547
0.146715
0.131315
-0.000418
-0.009275
-0.017731
-0.012897
-0.009459
0.015030
0.057476
0.112481
0.166925
0.194328
0.189996
0.164187
0.133022
0.106796
0.091025
0.079135
0.065591
0.048996
0.028453
0.003715
-0.021738
-0.045666
-0.069917
-0.094238
-0.116256
-0.133099
-0.145555
-0.148970
-0.108780
-0.056802
-0.031794
-0.041091
-0.056082
-0.058892
-0.028173
0.049493
0.123133
0.119317
0.075873
0.029313
-0.001661
0.001925
0.016389
0.045245
0.066399
0.077923
0.096680
0.115171
0.123701
0.128346
0.144470
0.172276
0.186374
0.182603
0.166360
0.143331
0.121232
0.107264
0.110344
0.120127
0.137644
0.154735
0.165618
0.180029
0.187863
0.184350
0.190127
0.198630
0.200397
0.199353
0.187790
0.164121
0.148171
0.141201
0.128680
0.128793
0.130438
0.101145
0.072701
0.056336
0.043023
0.030096
0.021626
0.009535
0.002641
-0.010856
-0.024782
-0.046054
-0.087392
-0.146863
-0.195530
-0.210031
-0.208739
-0.197398
-0.187979
-0.184484
-0.187530
-0.188202
-0.177512
-0.163980
-0.136291
-0.099069
-0.076313
-0.075081
-0.078581
-0.079975
-0.080483
-0.078048
-0.064417
-0.037854
-0.008939
0.010021
0.032045
0.044736
0.048602
0.040131
0.019885
0.009844
0.016064
0.021185
0.024694
0.013857
0.007788
0.007521
0.005585
0.019073
0.040887
0.037710
0.009942
-0.017575
-0.037247
-0.053395
-0.061627
-0.061411
-0.055634
-0.049126
-0.040968
-0.031333
-0.042172
-0.073248
-0.098548
-0.088094
-0.067530
-0.041039
-0.015143
0.012263
0.017444
0.024516
0.037984
0.049443
0.080796
0.117664
0.130278
0.125605
0.121673
0.120803
0.121514
0.123492
0.124087
0.120595
0.113727
0.102146
0.095444
0.073685
0.048319
0.024743
0.027864
0.038180
0.057534
0.079301
0.094276
0.099323
0.106863
0.112752
0.115655
0.133441
0.157416
0.159009
0.148775
0.141496
0.137743
0.131551
0.123313
0.112994
0.096927
0.081556
0.065826
0.057140
0.030330
-0.006881
-0.033705
-0.024708
0.000898
0.031869
0.062897
0.085844
0.096459
0.109663
0.122466
0.128649
0.151939
0.180303
0.183411
0.174969
0.172982
0.173613
0.172375
0.171249
0.162748
0.148501
0.131972
0.113333
0.100632
0.069629
0.032688
-0.000207
0.000928
0.011907
0.030056
0.050601
0.067450
0.075225
0.086631
0.096107
0.100694
0.123412
0.152746
0.159836
0.149876
0.142612
0.139823
0.136030
0.129798
0.120522
0.107367
0.094618
0.080752
0.072466
0.045656
0.009840
-0.017440
-0.013187
0.001714
0.025700
0.054343
0.078662
0.088248
0.100887
0.112260
0.118407
0.144257
0.172963
0.173937
0.161425
0.158204
0.157820
0.155126
0.153247
0.144015
0.128780
0.111601
0.095643
0.082044
0.049618
0.009132
-0.019822
-0.016137
0.000602
0.026716
0.056602
0.083638
0.098079
0.115432
0.129031
0.136431
0.162135
0.190894
0.193039
0.179592
0.175508
0.174350
0.171217
0.167484
0.159297
0.144486
0.128291
0.109078
0.095824
0.063822
0.021682
-0.009986
-0.007291
0.007868
0.036241
0.071276
0.109804
0.128370
0.150157
0.167966
0.177260
0.201762
0.227908
0.222397
0.216087
0.218009
0.215948
0.211101
0.204460
0.191950
0.168875
0.140298
0.115014
0.089479
0.045954
-0.009146
-0.052403
-0.053755
-0.033600
0.000942
0.039036
0.082453
0.111512
0.134540
0.157892
0.178122
0.214627
0.250005
0.252897
0.248635
0.254193
0.257340
0.256195
0.251929
0.241579
0.219159
0.191887
0.163517
0.137738
0.096771
0.051529
0.013608
0.013536
0.026875
0.053927
0.086974
0.127464
0.144250
0.164324
0.179471
0.189500
0.218126
0.245121
0.238117
0.234269
0.239907
0.241448
0.239209
0.234204
0.220502
0.195802
0.167076
0.138823
0.114057
0.071322
0.019441
-0.018065
-0.014420
0.008148
0.041616
0.080004
0.123689
0.145175
0.168907
0.188863
0.201823
0.228176
0.255255
0.251573
0.244298
0.247766
0.249361
0.246320
0.241537
0.229006
0.206394
0.179336
0.151535
0.126728
0.084629
0.035756
-0.001602
-0.003264
0.010800
0.039763
0.076587
0.120431
0.141807
0.165388
0.184799
0.198164
0.227879
0.256765
0.252405
0.246482
0.251592
0.251748
0.248144
0.242819
0.230412
0.206238
0.178339
0.146558
0.122322
0.083840
0.035143
-0.004996
-0.009363
0.002178
0.029363
0.065237
0.107376
0.126991
0.146331
0.163470
0.175532
0.206486
0.235175
0.229117
0.224471
0.232819
0.235373
0.232880
0.231373
0.220048
0.197139
0.168689
0.137823
0.112377
0.070501
0.018661
-0.023617
-0.028422
-0.021803
0.003503
0.036891
0.076167
0.101448
0.120465
0.139348
0.154126
0.185601
0.216539
0.214105
0.211079
0.218866
0.220962
0.218715
0.216703
0.208693
0.189886
0.165789
0.140004
0.119550
0.083759
0.039336
-0.001714
-0.001234
0.016497
0.045808
0.077496
0.116275
0.140430
0.157830
0.172565
0.181135
0.202418
0.224722
0.213097
0.208476
0.215155
0.216843
0.213417
0.210898
0.197971
0.175056
0.147252
0.118626
0.095038
0.055103
0.004435
-0.036985
-0.037069
-0.019234
0.012329
0.049153
0.092290
0.113551
0.132568
0.154015
0.169659
0.199157
0.227380
0.221693
0.218703
0.227631
0.231544
0.230461
0.228540
0.217758
0.197006
0.172241
0.147705
0.127567
0.091486
0.047426
0.009444
0.012117
0.026169
0.051536
0.082634
0.119156
0.132720
0.148835
0.160519
0.163804
0.184640
0.207223
0.197314
0.185675
0.187519
0.187812
0.183464
0.183317
0.173563
0.155628
0.134021
0.113559
0.097220
0.062668
0.016608
-0.022537
-0.021626
-0.003092
0.024801
0.057541
0.095017
0.116049
0.134496
0.150181
0.160321
0.185083
0.211461
0.209218
0.197980
0.197469
0.198058
0.195295
0.191388
0.183315
0.168663
0.151161
0.129697
0.115324
0.083801
0.041676
0.003069
0.002067
0.010649
0.032640
0.062389
0.098666
0.114777
0.127793
0.138735
0.145400
0.170339
0.194916
0.187662
0.177157
0.178859
0.178987
0.174553
0.172349
0.163551
0.146763
0.124728
0.105779
0.086240
0.049092
0.000893
-0.039079
-0.037553
-0.019371
0.010310
0.045823
0.088496
0.120752
0.142736
0.162773
0.177420
0.205118
0.233170
0.230647
0.225588
0.230838
0.232627
0.230283
0.225422
0.215726
0.196764
0.173521
0.145305
0.123315
0.086435
0.039999
-0.000051
-0.001325
0.011848
0.038316
0.074192
0.118316
0.141794
0.159032
0.172396
0.179442
0.203845
0.228398
0.217895
0.212253
0.220756
0.223555
0.220066
0.217847
0.205792
0.183015
0.153755
0.126182
0.097774
0.052362
-0.004898
-0.051117
-0.052938
-0.035997
-0.004371
0.035444
0.084243
0.119554
0.143353
0.169418
0.189622
0.221131
0.251746
0.249998
0.249333
0.258211
0.261178
0.259846
0.253787
0.243289
0.220849
0.193314
0.161165
0.135987
0.098580
0.049008
0.003435
-0.003195
0.005970
0.030533
0.067606
0.114128
0.132445
0.146418
0.159746
0.169117
0.198626
0.237967
0.234859
0.226573
0.234563
0.239718
0.237864
0.235997
0.227663
0.206956
0.178595
0.145491
0.116097
0.074443
0.020163
-0.031817
-0.035327
-0.022855
0.003907
0.040152
0.085333
0.118595
0.130509
0.149999
0.163686
0.186171
0.223089
0.223487
0.217156
0.222980
0.225466
0.223029
0.219679
0.212611
0.195031
0.171405
0.143478
0.121965
0.087836
0.041578
-0.004675
-0.006219
0.008749
0.034417
0.068707
0.112934
0.137684
0.151408
0.170325
0.182439
0.206502
0.243396
0.241175
0.229405
0.231512
0.233292
0.231052
0.225640
0.216980
0.198172
0.174258
0.144522
0.120190
0.081098
0.031601
-0.016346
-0.018119
-0.005273
0.019721
0.054877
0.099036
0.122992
0.137241
0.157550
0.171540
0.200784
0.240753
0.239490
0.233111
0.240603
0.245781
0.245708
0.241630
0.232087
0.211404
0.184871
0.155619
-0.000531
-0.003475
-0.002083
0.003315
0.003722
0.021604
0.057558
0.111040
0.165376
0.186550
0.171274
0.139270
0.097335
0.060848
0.034680
0.024200
0.027036
0.044336
0.077083
0.120240
0.160884
0.155331
0.123122
0.094740
0.079866
0.080676
0.082984
0.059458
0.043818
0.049298
0.068486
0.086125
0.101210
0.118009
0.084132
0.028246
-0.015435
-0.057517
-0.065121
-0.049205
-0.058946
-0.077231
-0.081207
-0.076219
-0.064398
-0.053012
-0.044785
-0.034292
-0.028694
-0.019549
-0.005538
0.038518
0.058397
0.043108
0.013917
0.014840
0.015557
0.019056
0.037977
0.065940
0.075455
0.089243
0.096574
0.102673
0.127701
0.167727
0.183884
0.177542
0.161134
0.153449
0.150297
0.157159
0.166939
0.165726
0.166379
0.167267
0.150991
0.133557
0.088717
0.029046
-0.000932
-0.008449
0.002319
0.030380
0.057973
0.063287
0.056645
0.063807
0.085252
0.115358
0.156183
0.140654
0.133276
0.159716
0.188609
0.198062
0.200817
0.194650
0.167865
0.129402
0.083036
0.031256
-0.028889
-0.097413
-0.159240
-0.167311
-0.149009
-0.119102
-0.083765
-0.047229
-0.011682
0.017856
0.050490
0.080093
0.113211
0.163466
0.206425
0.229015
0.233772
0.236439
0.239687
0.230880
0.223313
0.208244
0.190520
0.170887
0.150103
0.127629
0.103972
0.083139
0.082326
