-0.131341
0.017805
0.170493
0.309478
0.420625
0.524377
0.633086
0.705720
0.772206
0.839681
0.877205
0.906972
0.959274
0.863881
0.730673
0.659529
0.576560
0.444845
0.379365
0.293965
0.201524
0.137739
0.050296
-0.009515
-0.146681
-0.224452
-0.340005
-0.445806
-0.527401
-0.634480
-0.609003
-0.543989
-0.520937
-0.441609
-0.243284
-0.254653
-0.258292
-0.219653
-0.267214
-0.339061
-0.380510
-0.347478
-0.342068
-0.337672
-0.337163
-0.199966
-0.187182
-0.192111
-0.296605
-0.314642
-0.305822
-0.265071
-0.255804
-0.188577
-0.040107
-0.055514
-0.090693
-0.042151
-0.154328
-0.240122
-0.265731
-0.237645
-0.228299
-0.193789
-0.141233
-0.016889
0.002053
-0.021321
0.050499
0.047146
-0.001166
0.054020
0.088806
0.143595
0.242334
0.170510
0.120471
0.144052
0.188859
0.237123
0.266326
0.200318
0.208520
0.124863
-0.000573
-0.049106
-0.095480
-0.097825
-0.072913
-0.045365
-0.086959
-0.105554
-0.127358
-0.115145
-0.118802
-0.085206
0.058497
0.182272
0.107078
0.002964
-0.079136
-0.176631
-0.268384
-0.215302
-0.190057
-0.128830
-0.177556
-0.124160
-0.102550
-0.091832
-0.150407
-0.190144
-0.259038
-0.226402
-0.156348
-0.107265
0.047970
0.109144
-0.005574
0.009000
0.084570
0.015035
-0.026165
0.058825
-0.038326
-0.137810
-0.145059
-0.104263
-0.103097
-0.054063
-0.041866
-0.085371
-0.123165
-0.108937
-0.115899
-0.124583
0.013590
0.175417
0.274287
0.231332
0.138985
0.059969
-0.026506
-0.077353
-0.036860
-0.025817
0.002168
-0.088285
-0.072202
-0.045945
-0.047342
-0.100036
-0.142732
-0.186565
-0.165404
-0.139142
-0.073753
0.081856
0.103190
0.020059
0.042193
0.099219
-0.001726
0.061904
0.165777
0.146836
0.075006
-0.056449
-0.019710
0.004699
0.038241
-0.024575
-0.036881
-0.062675
-0.052911
-0.057086
-0.037463
0.124605
0.246621
0.171564
0.195562
0.228051
0.115770
0.046329
0.093603
0.102506
0.101607
-0.001504
-0.084479
-0.052912
-0.026772
-0.031200
-0.036702
-0.108474
-0.089612
-0.077334
-0.068084
0.096002
0.172455
0.068025
0.089258
0.104542
-0.002185
-0.049895
0.003577
0.009291
-0.002293
-0.081337
-0.080205
-0.055051
-0.026167
-0.061004
-0.085600
-0.133774
-0.116766
-0.101176
-0.101311
0.058169
0.113335
0.018816
0.020732
0.094514
0.063721
-0.026295
-0.002478
0.026636
0.012155
-0.017288
-0.140669
-0.102693
-0.076833
-0.074015
-0.082184
-0.129263
-0.144749
-0.128464
-0.124961
-0.028552
0.122762
0.172710
0.099693
0.137802
0.066351
-0.031107
-0.038367
-0.004965
-0.006370
0.025223
0.047858
0.115487
0.142298
0.114196
0.072135
0.054393
0.026693
0.057847
0.098848
0.161586
0.283737
0.232915
0.172476
0.202801
0.252793
0.240833
0.159693
0.189694
0.147631
0.044612
0.020994
-0.131187
-0.100016
-0.072599
-0.063348
-0.125646
-0.151202
-0.163613
-0.150115
-0.152641
-0.066396
0.102211
0.184248
0.044015
-0.038552
-0.118873
-0.210287
-0.257365
-0.218628
-0.214122
-0.174473
-0.160769
-0.064576
-0.044632
-0.060863
-0.087335
-0.139470
-0.172715
-0.115106
-0.069764
0.002128
0.140766
0.137298
0.051293
0.072853
0.121178
0.116390
0.035052
0.077560
-0.011059
-0.130767
-0.167442
-0.186851
-0.172343
-0.132854
-0.094108
-0.173314
-0.187701
-0.202453
-0.202544
-0.213484
-0.134704
0.018940
0.153309
0.136908
0.174423
0.138275
0.056988
-0.001484
0.040118
0.061076
0.087047
-0.040996
-0.096784
-0.061785
-0.047330
-0.103175
-0.148429
-0.210462
-0.189162
-0.174621
-0.142171
0.023051
0.139399
0.058400
0.052522
0.120016
0.018496
0.055717
0.112796
0.118347
0.120491
0.138649
0.179185
0.178600
0.207852
0.119903
0.162992
0.160334
0.194853
0.203333
0.204323
0.343640
0.350467
0.236405
0.219825
0.253122
0.272727
0.206908
0.169684
0.208325
0.121073
0.065638
-0.053486
-0.123455
-0.093673
-0.063374
-0.115679
-0.143748
-0.187137
-0.159819
-0.144351
-0.114248
0.068884
0.213758
0.103395
0.000454
-0.090014
-0.172590
-0.265714
-0.229566
-0.212181
-0.190080
-0.183941
-0.081135
-0.058923
-0.041093
-0.099803
-0.111079
-0.176980
-0.110239
-0.047056
-0.032957
0.119603
0.154594
0.045353
0.011370
0.050974
0.092424
0.108089
0.041269
0.071118
0.044403
-0.084801
-0.139695
-0.146971
-0.153190
-0.125254
-0.087557
-0.120874
-0.131768
-0.159456
-0.152718
-0.159186
-0.142149
0.015249
0.167647
0.189111
0.127615
0.075930
0.015746
-0.080359
-0.043044
-0.012938
0.008779
-0.082774
-0.167489
-0.126670
-0.101006
-0.144681
-0.194014
-0.275177
-0.247689
-0.191178
-0.179034
-0.027195
0.048054
-0.045148
-0.047290
0.017959
0.001621
-0.008739
0.047039
0.067300
0.053843
0.026820
0.049832
0.047292
0.081079
0.025917
0.008897
0.001884
0.029766
0.029821
0.026163
0.161673
0.278649
0.222247
0.186645
0.208288
0.249475
0.146538
0.116333
0.170146
0.173385
0.139651
0.022974
0.008815
0.047190
0.049976
0.000980
-0.040436
-0.097461
-0.067578
-0.045378
0.002684
0.164392
0.259715
0.173156
0.176879
0.098210
0.001346
-0.049168
-0.004662
0.004854
-0.044762
-0.157583
-0.085510
-0.046614
-0.034992
-0.140800
-0.118212
-0.156495
-0.140734
-0.111161
-0.081282
0.068128
0.094882
0.013954
0.030119
0.087951
-0.005614
-0.031683
0.028410
0.031802
-0.019129
-0.133709
-0.157217
-0.118767
-0.086177
-0.121663
-0.142427
-0.179779
-0.162606
-0.157001
-0.132693
0.026438
0.162532
0.095008
0.102080
0.129188
0.014147
-0.009782
0.046135
0.060036
0.067042
-0.003700
-0.016566
0.008018
0.037473
-0.027059
-0.006603
-0.055352
-0.029952
-0.000314
0.008173
0.161344
0.188125
0.077815
0.073152
0.155975
0.094016
0.031247
0.091810
0.110403
0.035209
0.022051
-0.046403
-0.034136
0.001697
-0.026260
-0.035524
-0.068053
-0.063912
-0.050081
-0.044966
0.078357
0.217999
0.176237
0.154672
0.192941
0.098534
0.013564
0.025431
0.056411
0.054949
0.016657
-0.006426
0.034049
0.068711
0.017136
-0.013452
-0.065023
-0.075448
-0.048244
-0.030149
0.075500
0.219850
0.188418
0.138318
0.193846
0.122312
0.038117
0.049625
0.079418
0.048862
0.029394
-0.098734
-0.053236
-0.037387
-0.051532
-0.111984
-0.134974
-0.146333
-0.133865
-0.136865
-0.032293
0.126979
0.114809
0.072966
0.120280
0.014460
-0.070856
-0.072636
-0.038122
-0.038840
-0.057409
-0.066887
-0.002580
0.029665
-0.031733
-0.061086
-0.105513
-0.115889
-0.092028
-0.066754
0.035516
0.180122
0.147147
0.097763
0.150070
0.117880
0.026711
0.043581
0.075773
-0.015056
-0.039599
-0.177378
-0.123261
-0.102023
-0.096096
-0.156960
-0.176319
-0.185069
-0.174991
-0.179456
-0.088356
0.076103
0.109720
0.060470
0.088324
-0.015896
-0.106684
-0.113950
-0.074697
-0.072438
-0.034377
-0.032430
0.021969
0.053680
-0.000099
-0.027561
-0.078320
-0.090390
-0.058369
-0.019808
0.073099
0.210809
0.185467
0.116839
0.154072
0.191464
0.107819
0.112679
0.156599
0.059813
0.003841
-0.140994
-0.134230
-0.110666
-0.080796
-0.155188
-0.148700
-0.162237
-0.155987
-0.164933
-0.117767
0.042664
0.132083
0.071668
0.097932
0.060065
-0.053529
-0.099354
-0.061133
-0.050969
-0.006939
-0.021711
0.017403
0.053951
0.064329
0.025300
-0.008697
-0.067994
-0.040774
0.014303
0.059828
0.199877
0.228710
0.135498
0.153191
0.223562
0.152205
0.139475
0.180454
0.086936
0.009361
-0.054478
-0.083479
-0.075912
-0.041852
-0.085198
-0.109376
-0.132255
-0.123553
-0.129944
-0.117585
0.046051
0.190212
0.133030
0.153372
0.129580
0.003437
-0.068781
-0.037493
-0.018020
0.005036
-0.005464
0.039638
0.074985
0.087268
0.044004
0.019755
-0.066607
-0.038699
0.008296
0.029298
0.181885
0.260922
0.154311
0.168248
0.242390
0.163111
0.102454
0.161573
0.071964
-0.013189
-0.011792
-0.022868
0.003593
0.038551
-0.037844
-0.046146
-0.078380
-0.061438
-0.061300
-0.062941
0.098437
0.227548
0.164302
0.185761
0.089804
0.001026
-0.093704
-0.061656
-0.038848
-0.015356
-0.092764
-0.055700
-0.021365
0.001648
-0.074026
-0.091134
-0.170989
-0.144092
-0.109898
-0.092186
0.077661
0.186720
0.098305
0.111391
0.173791
0.085572
0.020623
0.070558
0.043659
-0.037549
-0.046472
-0.050663
-0.022783
0.007650
-0.061175
-0.046383
-0.078553
-0.063187
-0.063186
-0.064466
0.107476
0.174370
0.081168
0.112860
0.097094
-0.017517
-0.087656
-0.042647
-0.027217
-0.012013
-0.115169
-0.135343
-0.104777
-0.075366
-0.139929
-0.153058
-0.229196
-0.201035
-0.172836
-0.155465
0.016787
0.144354
0.058997
0.068301
0.132807
0.024838
-0.035140
0.018126
0.027047
0.018122
-0.023198
-0.060427
-0.045337
-0.013010
-0.039732
-0.075371
-0.118695
-0.102243
-0.098250
-0.099612
0.066941
0.121515
0.026730
0.041334
0.118153
0.025687
-0.040133
0.021330
0.038099
0.036160
-0.019315
-0.125847
-0.090464
-0.057391
-0.086237
-0.107333
-0.174084
-0.144896
-0.129068
-0.121116
0.042899
0.175444
0.107149
0.109138
0.113099
0.004902
-0.063463
-0.018680
0.002204
0.007477
-0.054032
-0.068354
-0.032926
-0.003007
-0.048549
-0.070940
-0.113066
-0.109916
-0.098644
-0.072223
0.064675
0.163058
0.071487
0.068384
0.137155
0.054602
-0.009368
0.032482
0.046338
0.012229
-0.035232
-0.092403
-0.069345
-0.036756
-0.054451
-0.079564
-0.106349
-0.105005
-0.095976
-0.092721
0.038022
0.161148
0.092304
0.090572
0.146828
0.060066
-0.016356
0.022063
0.043633
0.039323
-0.004185
-0.083923
-0.056956
-0.021254
-0.055743
-0.073581
-0.123694
-0.115417
-0.096180
-0.083550
0.047999
0.183337
0.125317
0.108548
0.148361
0.048999
-0.020947
0.010093
0.032068
0.030106
-0.010780
-0.042300
0.000149
0.032644
-0.018077
-0.065407
-0.105767
-0.096757
-0.082439
-0.075646
0.056426
0.195037
0.127393
0.117729
0.174492
0.090933
0.018544
0.055944
0.077118
0.037322
0.013637
-0.075448
-0.056849
-0.028821
-0.065770
-0.079342
-0.110213
-0.104224
-0.091813
-0.091280
0.043518
0.184308
0.125508
0.118190
0.139065
0.036281
-0.036408
-0.009049
0.016612
0.015224
-0.022030
-0.050940
-0.011023
0.021857
-0.055707
-0.054340
-0.102420
-0.092375
-0.072531
-0.061354
0.071226
0.204799
0.130373
0.118326
0.174070
0.099944
0.025650
0.067877
0.090739
0.022748
0.012331
-0.079112
-0.061627
-0.035034
-0.057033
-0.085865
-0.113575
-0.108552
-0.098750
-0.102111
0.033846
0.183303
0.129461
0.126653
0.137954
0.032805
-0.042553
-0.022041
0.005805
0.006719
-0.032299
-0.047566
-0.008237
0.025577
-0.045024
-0.053383
-0.110891
-0.100280
-0.077602
-0.064509
0.069544
0.204894
0.136309
0.121953
0.176026
0.099548
0.023693
0.062597
0.085594
0.015160
0.007963
-0.098345
-0.067092
-0.041763
-0.061278
-0.105035
-0.131309
-0.125267
-0.117188
-0.123311
0.012702
0.167967
0.117198
0.115237
0.125351
0.018307
-0.057515
-0.040043
-0.011803
-0.010758
-0.049332
-0.060852
-0.016964
0.016370
-0.053553
-0.063277
-0.121283
-0.110816
-0.088742
-0.076707
0.054801
0.191464
0.125181
0.109204
0.164053
0.093863
0.016927
0.056845
0.080584
0.010786
0.002703
-0.108151
-0.074283
-0.048549
-0.064129
-0.112285
-0.137740
-0.131307
-0.123633
-0.131165
0.002422
0.159695
0.113264
0.108370
0.120345
0.013994
-0.062311
-0.043982
-0.014176
-0.013705
-0.050814
-0.060974
-0.014939
0.018550
-0.045674
-0.063346
-0.124176
-0.113483
-0.090827
-0.078684
0.049761
0.188927
0.130088
0.109191
0.164081
0.093242
0.015559
0.054873
0.079408
0.016017
0.007176
-0.098586
-0.069157
-0.042684
-0.060781
-0.110739
-0.136148
-0.129023
-0.121448
-0.130102
0.001722
0.155857
0.111135
0.102605
0.122476
0.017095
-0.059055
-0.037706
-0.006540
-0.007764
-0.040756
-0.057748
-0.014450
0.020221
-0.045911
-0.061686
-0.119590
-0.108066
-0.085624
-0.073414
0.053899
0.192177
0.133413
0.111766
0.165700
0.092880
0.016678
0.056286
0.082359
0.036145
0.027833
-0.080316
-0.048484
-0.028892
-0.042587
-0.083689
-0.090145
-0.100012
-0.090201
-0.093353
0.011322
0.159190
0.113217
0.088447
0.130325
0.026828
-0.053183
-0.045618
-0.010875
-0.014283
-0.035471
-0.052257
-0.009342
0.025795
-0.023912
-0.046144
-0.090980
-0.096437
-0.069335
-0.036963
0.069911
0.211476
0.164686
0.123073
0.173045
0.103076
0.019288
0.032145
0.062216
0.027588
0.008805
-0.094016
-0.064918
-0.043376
-0.063686
-0.104871
-0.128707
-0.137510
-0.124039
-0.123515
-0.017332
0.134235
0.113835
0.074465
0.110855
0.002642
-0.077704
-0.081207
-0.044956
-0.045765
-0.033379
-0.043883
0.007683
0.042147
-0.029249
-0.049713
-0.096504
-0.103135
-0.079350
-0.035702
0.066626
0.204463
0.146370
0.110179
0.158502
0.122649
0.034461
0.054489
0.084146
-0.006418
-0.030196
-0.173726
-0.116742
-0.093601
-0.088049
-0.144775
-0.154320
-0.163716
-0.155119
-0.159456
-0.061463
0.097525
0.093583
0.052618
0.084628
-0.027687
-0.110446
-0.117261
-0.076150
-0.074765
-0.017396
-0.004459
0.028067
0.062055
0.019035
-0.014430
-0.070339
-0.077812
-0.044992
0.001709
0.100917
0.236522
0.192236
0.147480
0.191354
0.169207
0.078803
0.100568
0.129263
0.034316
0.005389
-0.145246
-0.098868
-0.074728
-0.066112
-0.157877
-0.153535
-0.156355
-0.151154
-0.166576
-0.075340
0.082354
0.078584
0.042683
0.083318
-0.008177
-0.099691
-0.101406
-0.059742
-0.059395
-0.033321
-0.041009
-0.007235
0.032565
-0.001574
-0.055516
-0.114320
-0.123175
-0.096300
-0.051640
0.045586
0.189870
0.190146
0.115876
0.156692
0.170705
0.071742
0.069843
0.107177
0.029404
-0.018009
-0.155240
-0.090661
-0.071702
-0.048339
-0.145234
-0.136950
-0.153788
-0.144468
-0.151059
-0.092867
0.070108
0.139999
0.076896
0.105374
0.021786
-0.076633
-0.105547
-0.066794
-0.059782
-0.037655
-0.038766
0.018506
0.053482
0.021187
-0.012848
-0.047953
-0.076555
-0.045385
0.002726
0.070181
0.205472
0.176515
0.108283
0.132522
0.197411
0.124021
0.100607
0.149561
0.054025
-0.019599
-0.127453
-0.137193
-0.123798
-0.086414
-0.132823
-0.122616
-0.146511
-0.135538
-0.140384
-0.129806
0.037472
0.151248
0.099505
0.099821
0.010247
-0.088637
-0.124004
-0.086462
-0.065318
-0.013875
-0.028553
-0.002606
0.034788
0.041837
-0.016615
-0.046290
-0.101688
-0.066162
-0.008867
0.032827
0.173842
0.189685
0.099336
0.115472
0.174709
0.107129
0.095180
0.137775
0.043394
-0.037449
-0.100671
-0.118044
-0.105145
-0.070879
-0.104548
-0.123139
-0.140039
-0.131087
-0.139748
-0.131519
0.029110
0.182173
0.134417
0.144200
0.120242
-0.004703
-0.073486
-0.043539
-0.019720
0.002536
0.006272
0.045120
0.083194
0.106146
0.048450
0.021593
-0.062115
-0.029613
0.026378
0.047751
0.194433
0.266151
0.156019
0.166254
0.238309
0.166471
0.106045
0.169721
0.095763
0.005180
-0.015043
-0.035499
-0.053682
-0.013182
-0.041514
-0.081980
-0.105899
-0.087128
-0.090237
-0.095981
0.060594
0.206965
0.147907
0.163989
0.126335
0.008133
-0.074353
-0.047041
-0.022145
-0.001598
-0.081705
-0.038996
-0.000340
0.018508
-0.031750
-0.068309
-0.151431
-0.121030
-0.088914
-0.069758
0.094896
0.214136
0.124656
0.136347
0.190912
0.098092
0.035488
0.086366
0.096359
0.014527
-0.027647
-0.066562
-0.066368
-0.031131
-0.051767
-0.100755
-0.127264
-0.106905
-0.109606
-0.115682
0.053306
0.128877
0.041600
0.066616
0.102832
-0.012247
-0.080226
-0.038156
-0.021322
-0.010744
-0.114235
-0.129331
-0.101979
-0.075048
-0.094646
-0.124589
-0.198079
-0.168089
-0.151691
-0.136731
0.030209
0.155895
0.068246
0.077781
0.116672
0.010295
-0.046123
0.007690
0.019349
0.008249
-0.047188
-0.076670
-0.057893
-0.027445
-0.047205
-0.078824
-0.116001
-0.098258
-0.098863
-0.101191
0.061987
0.110152
0.015337
0.020181
0.101236
0.017522
-0.044562
0.022086
0.040966
0.034525
-0.016415
-0.116482
-0.093001
-0.058018
-0.073807
-0.091680
-0.139716
-0.133175
-0.116489
-0.104825
0.027563
0.158702
0.096670
0.076983
0.078034
-0.031760
-0.090954
-0.063336
-0.038850
-0.037318
0.017101
0.011297
0.052416
0.081521
-0.000597
0.011930
-0.015412
-0.000796
0.046306
0.070536
0.192285
0.250200
0.148189
0.134536
0.185388
0.145710
0.074712
0.128468
0.157076
0.066761
0.057703
-0.089629
-0.055060
-0.024719
-0.072251
-0.083099
-0.105753
-0.094702
-0.081796
-0.076159
0.052529
0.194708
0.168709
0.141813
0.123827
0.011842
-0.065067
-0.057674
-0.021400
-0.013530
-0.039293
-0.022201
0.026174
0.047078
0.002579
-0.039194
-0.115181
-0.104891
-0.079358
-0.058400
0.076342
0.214559
0.167692
0.145171
0.192589
0.119139
0.039079
0.069959
0.093574
0.010259
0.003505
-0.108285
-0.069621
-0.046398
-0.063946
-0.145058
-0.163694
-0.152019
-0.148918
-0.157260
-0.025119
0.134827
0.094597
0.086133
0.108931
0.000143
-0.076742
-0.066737
-0.033296
-0.031802
-0.063433
-0.059924
-0.010303
0.024148
-0.044357
-0.068717
-0.126633
-0.113612
-0.095027
-0.079650
0.052038
0.188076
0.122639
0.106301
0.154347
0.080646
0.005374
0.042685
0.067019
0.016159
0.006428
-0.091179
-0.069038
-0.041698
-0.061659
-0.108683
-0.125630
-0.117869
-0.112117
-0.117808
0.011375
0.151103
0.089135
0.091146
0.128412
0.028885
-0.043457
-0.015389
0.016214
0.011458
-0.012933
-0.044204
-0.014859
0.020796
-0.038347
-0.042446
-0.088180
-0.074151
-0.054522
-0.040900
0.089852
0.220524
0.143637
0.134438
0.179503
0.101969
0.028741
0.068009
0.093439
0.059339
0.052401
-0.057218
-0.030714
-0.005196
-0.045605
-0.062736
-0.083415
-0.075641
-0.066974
-0.067797
0.068363
0.203317
0.132140
0.135841
0.150359
0.050680
-0.020712
0.003242
0.030616
0.030088
0.003388
-0.047211
-0.019348
0.013937
-0.052151
-0.046170
-0.089783
-0.077168
-0.058548
-0.045365
0.091365
0.218957
0.137805
0.134822
0.176295
0.094715
0.022185
0.057721
0.083189
0.055075
0.050723
-0.077742
-0.037689
-0.015019
-0.060042
-0.069809
-0.090463
-0.081396
-0.072268
-0.068590
0.073186
0.202350
0.126644
0.133718
0.139532
0.039246
-0.032068
-0.013612
0.012676
0.015711
-0.014342
-0.082845
-0.052521
-0.020609
-0.080725
-0.076403
-0.122090
-0.109688
-0.092319
-0.076781
0.065093
0.194740
0.116439
0.118171
0.153934
0.062306
-0.007651
0.020826
0.044889
0.042620
0.041121
-0.063684
-0.040774
-0.014677
-0.066222
-0.075903
-0.101131
-0.090792
-0.080557
-0.072584
0.071732
0.201733
0.123609
0.130285
0.140323
0.041856
-0.029067
-0.008207
0.016051
0.019207
-0.011440
-0.098277
-0.066705
-0.036313
-0.100565
-0.083674
-0.123255
-0.112463
-0.097029
-0.080158
0.061418
0.188893
0.109362
0.112444
0.145213
0.051174
-0.017773
0.010088
0.033441
0.032288
0.030009
-0.064207
-0.048798
-0.021674
-0.076614
-0.073967
-0.099656
-0.089108
-0.077979
-0.066662
0.078833
0.207762
0.128702
0.135037
0.140505
0.040841
-0.029545
-0.008588
0.014898
0.018777
-0.014945
-0.101927
-0.068499
-0.038562
-0.107634
-0.080874
-0.118878
-0.108833
-0.093848
-0.077880
0.065962
0.188437
0.107585
0.109910
0.145689
0.052024
-0.016620
0.012647
0.034848
0.034766
0.028103
-0.069894
-0.051718
-0.025033
-0.082667
-0.071993
-0.096959
-0.086599
-0.075297
-0.060738
0.083422
0.205785
0.127778
0.133838
0.138342
0.037689
-0.032334
-0.011603
0.011334
0.015716
-0.021930
-0.103385
-0.069856
-0.040123
-0.108845
-0.078851
-0.115201
-0.105535
-0.090522
-0.073302
0.071206
0.188190
0.108516
0.110105
0.150139
0.056853
-0.012091
0.018822
0.040384
0.040834
0.030820
-0.075284
-0.050873
-0.024949
-0.080121
-0.066250
-0.088855
-0.079805
-0.069076
-0.052648
0.090210
0.200874
0.116747
0.124718
0.128456
0.024675
-0.043512
-0.022083
0.000838
0.004827
-0.035786
-0.096741
-0.064047
-0.032888
-0.097597
-0.080863
-0.120130
-0.109052
-0.092349
-0.071432
0.073724
0.198465
0.116157
0.117727
0.158037
0.065279
-0.002487
0.028294
0.048359
0.049547
0.038498
-0.077967
-0.049407
-0.019744
-0.084929
-0.091730
-0.129911
-0.098550
-0.091925
-0.082527
0.091504
0.193848
0.107667
0.127489
0.106805
0.001652
-0.070250
-0.032262
-0.009973
-0.001148
-0.064287
-0.162996
-0.126850
-0.101715
-0.130352
-0.121879
-0.187783
-0.160001
-0.149411
-0.134593
0.032430
0.112414
0.014269
0.033510
0.070568
-0.030599
-0.088521
-0.032079
-0.012387
-0.013784
-0.023880
-0.076541
-0.056009
-0.023201
-0.083466
-0.080062
-0.122012
-0.095927
-0.087633
-0.083766
0.079285
0.159099
0.059975
0.070796
0.130972
0.040129
-0.022700
0.036597
0.055358
0.054884
0.013323
-0.089815
-0.068344
-0.001239
0.042669
0.107462
0.254998
0.386041
0.516266
0.626116
0.649472
0.727740
0.820810
0.897210
0.954536
1.012022
0.924119
0.839109
0.756797
0.653302
0.533631
0.450868
0.360365
0.289231
0.204778
0.118934
0.057462
-0.079111
-0.201649
-0.280768
-0.394250
-0.490891
-0.512229
-0.507937
-0.490931
-0.490275
-0.384486
-0.233870
-0.254897
-0.235227
-0.194949
-0.174394
-0.228143
-0.261549
-0.303269
-0.376383
-0.384256
-0.361499
-0.326988
-0.315242
-0.307813
-0.356071
-0.410893
-0.414910
-0.398555
-0.402331
-0.312657
-0.147676
-0.062290
-0.023542
0.006723
-0.099815
-0.177944
-0.209940
-0.167507
-0.163776
-0.095729
-0.048996
0.019628
0.043362
-0.028522
-0.164723
-0.215459
-0.211340
-0.177322
-0.136891
-0.032638
0.120388
0.125076
0.061859
0.090215
0.091949
0.004719
-0.018645
0.011908
-0.081524
-0.131023
-0.275289
-0.222556
-0.206097
-0.182071
-0.215225
-0.229110
-0.240383
-0.231323
-0.239262
-0.191465
-0.034064
0.080045
0.025268
0.030697
0.027916
-0.064001
-0.100604
-0.067542
-0.053552
-0.002984
-0.026970
-0.009459
0.029634
0.023806
-0.021874
-0.054759
-0.087917
-0.044633
0.008725
0.044899
0.179471
0.182375
0.092511
0.099231
0.152532
0.088725
0.066596
0.128835
0.065310
-0.012310
-0.146811
-0.165253
-0.139919
-0.099845
-0.126845
-0.126843
-0.150034
-0.136231
-0.139310
-0.120387
0.033836
0.154363
0.116735
0.168744
0.157573
0.075684
0.029298
0.064927
0.087663
0.108026
-0.023319
-0.076056
-0.034555
-0.023997
-0.081027
-0.120552
-0.170625
-0.144208
-0.136678
-0.102630
0.059024
0.144146
0.066486
0.063986
0.056551
-0.026446
-0.024285
0.032281
0.037421
0.037395
-0.047949
-0.043138
-0.010412
0.006637
-0.080302
-0.045446
-0.041210
-0.020201
-0.010246
0.011020
0.145334
0.140375
0.056678
0.059837
0.131815
0.060257
0.006854
0.078530
0.096263
0.083494
0.017371
-0.060065
-0.048471
-0.009541
-0.023502
-0.029754
-0.076357
-0.043391
-0.027940
-0.019203
0.129220
0.242749
0.158234
0.155459
0.177274
0.074852
0.017919
0.077365
0.098176
0.102963
0.016572
-0.039308
-0.019140
0.011982
-0.038260
-0.024963
-0.063065
-0.036307
-0.024376
-0.017830
0.135261
0.173663
0.068015
0.076341
0.124518
0.028888
-0.018036
0.051220
0.067805
0.065645
0.003352
-0.082324
-0.068917
-0.032069
-0.067981
-0.051539
-0.093596
-0.064672
-0.052999
-0.045818
0.108680
0.191902
0.092713
0.101891
0.141930
0.040634
-0.014586
0.045696
0.065132
0.067766
0.000461
-0.052881
-0.035383
-0.001316
-0.062599
-0.038147
-0.077933
-0.049696
-0.038651
-0.029821
0.126698
0.177287
0.072937
0.085172
0.127845
0.028884
-0.021432
0.041407
0.059010
0.058322
0.006984
-0.081874
-0.066485
-0.030853
-0.076114
-0.061771
-0.106235
-0.077801
-0.067119
-0.057865
0.101282
0.183130
0.083018
0.093626
0.126342
0.023628
-0.033261
0.024242
0.043062
0.045715
-0.012126
-0.068480
-0.049721
-0.016391
-0.080243
-0.052758
-0.093896
-0.066402
-0.054376
-0.047095
0.110539
0.159595
0.055679
0.067764
0.120786
0.022852
-0.027888
0.034677
0.053045
0.051320
0.008388
-0.084029
-0.070703
-0.034780
-0.082007
-0.067394
-0.110638
-0.082407
-0.072684
-0.064560
0.095070
0.180015
0.081037
0.092216
0.123788
0.021636
-0.036487
0.019308
0.038690
0.040936
-0.012947
-0.072682
-0.053437
-0.020188
-0.086431
-0.055133
-0.095688
-0.068676
-0.059378
-0.051450
0.106327
0.153843
0.049897
0.062483
0.113820
0.016198
-0.034350
0.027834
0.045859
0.043557
0.006766
-0.077809
-0.064787
-0.028692
-0.078340
-0.061209
-0.104119
-0.076580
-0.067566
-0.060040
0.097640
0.177213
0.076488
0.087707
0.134543
0.035294
-0.022402
0.035054
0.054079
0.054628
0.008896
-0.069640
-0.053015
-0.018440
-0.085943
-0.056922
-0.096105
-0.067960
-0.059785
-0.052124
0.107695
0.166902
0.063387
0.079132
0.111080
0.010145
-0.045315
0.011642
0.030438
0.029850
-0.014858
-0.096922
-0.077716
-0.042936
-0.092324
-0.075529
-0.122543
-0.095735
-0.087011
-0.078217
0.079121
0.152764
0.049830
0.064041
0.113129
0.014413
-0.041410
0.016754
0.036065
0.034642
-0.005303
-0.065245
-0.051391
-0.016702
-0.080438
-0.057586
-0.093777
-0.066804
-0.059578
-0.054709
0.100228
0.147502
0.043795
0.054754
0.114213
0.022871
-0.030636
0.031829
0.050909
0.047010
0.015174
-0.082246
-0.070373
-0.034425
-0.079520
-0.070538
-0.113395
-0.084570
-0.076329
-0.068512
0.088565
0.193314
0.105715
0.112834
0.140915
0.041769
-0.019233
0.033287
0.053336
0.054032
0.006665
-0.075929
-0.057125
-0.026541
-0.069850
-0.049016
-0.085505
-0.062709
-0.057732
-0.053768
0.104776
0.140349
0.038935
0.050577
0.101927
0.005843
-0.043227
0.017072
0.037235
0.032919
0.000571
-0.084743
-0.070405
-0.032659
-0.079393
-0.070206
-0.117146
-0.086638
-0.077304
-0.070148
0.087765
0.197831
0.108408
0.115596
0.154168
0.056379
-0.005135
0.048475
0.068103
0.068194
0.027401
-0.062131
-0.045326
-0.014113
-0.056746
-0.049038
-0.084217
-0.059889
-0.054626
-0.051233
0.109380
0.147617
0.045236
0.060931
0.093025
-0.006219
-0.057560
-0.001093
0.020772
0.017525
-0.023925
-0.109256
-0.090070
-0.053200
-0.093321
-0.088681
-0.143798
-0.113731
-0.104105
-0.092728
0.064279
0.176960
0.089547
0.095866
0.136569
0.039555
-0.021189
0.034018
0.053410
0.052285
0.018419
-0.044880
-0.032790
-0.001376
-0.041672
-0.048611
-0.077211
-0.053441
-0.049654
-0.050227
0.105538
0.135191
0.035933
0.043150
0.105185
0.023700
-0.033557
0.034428
0.056036
0.050458
0.026752
-0.082297
-0.059262
-0.024349
-0.060697
-0.070084
-0.120773
-0.087718
-0.078286
-0.068517
0.090080
0.208560
0.129629
0.136091
0.122262
0.016898
-0.049341
-0.006360
0.018913
0.024394
-0.021202
-0.046315
-0.020518
0.012619
-0.074015
-0.054101
-0.096573
-0.067174
-0.059719
-0.050065
0.104758
0.143355
0.038182
0.043861
0.107026
0.029234
-0.028942
0.042306
0.062539
0.014436
0.009987
-0.084182
-0.080713
-0.042561
-0.091713
-0.066532
-0.099819
-0.072553
-0.066548
-0.063973
0.091290
0.198613
0.111278
0.119725
0.152219
0.055141
-0.008662
0.042781
0.067520
0.067895
0.028267
-0.066739
-0.046629
-0.013536
-0.063291
-0.053178
-0.099838
-0.069798
-0.061376
-0.050393
0.110902
0.170585
0.066868
0.088065
0.080980
-0.021247
-0.078090
-0.027053
-0.006893
-0.007416
-0.045463
-0.132537
-0.109677
-0.077692
-0.124590
-0.103677
-0.155539
-0.130047
-0.120434
-0.117346
0.039258
0.121833
0.023764
0.033956
0.093011
0.005940
-0.054361
0.006140
0.026278
0.010703
-0.001351
-0.071726
-0.063725
-0.028563
-0.071607
-0.057528
-0.088006
-0.063668
-0.060519
-0.060729
0.089763
0.138244
0.037617
0.048902
0.108505
0.026734
-0.032169
0.029564
0.052052
0.047214
0.021309
-0.073573
-0.061881
-0.023056
-0.059843
-0.063716
-0.110993
-0.078935
-0.070363
-0.063048
0.089026
0.206445
0.120413
0.127086
0.144181
0.046769
-0.016121
0.035904
0.058721
0.057854
0.026057
-0.033173
-0.017425
0.015244
-0.044814
-0.037156
-0.068865
-0.042063
-0.036449
-0.034091
0.118463
0.152923
0.048998
0.058704
0.114663
0.031384
-0.024487
0.042911
0.065623
0.058706
0.047903
-0.064488
-0.042061
-0.008227
-0.061356
-0.063081
-0.108290
-0.074379
-0.066248
-0.057602
0.098741
0.216436
0.134082
0.141838
0.134656
0.033714
-0.032669
0.012952
0.038633
0.041636
0.009392
-0.048750
-0.025686
0.006900
-0.078612
-0.048125
-0.089552
-0.059362
-0.051853
-0.042358
0.113292
0.160929
0.056039
0.068279
0.115182
0.027054
-0.033690
0.007062
0.031063
0.023814
0.016375
-0.038964
-0.026511
0.007479
-0.052253
-0.025392
-0.047251
-0.035347
-0.022753
-0.006515
0.113716
0.209551
0.119699
0.113715
0.160338
0.087929
0.016094
0.053484
0.080291
0.052416
0.043505
-0.064947
-0.043251
-0.013740
-0.075699
-0.052596
-0.068125
-0.053893
-0.044769
-0.026966
0.106282
0.229223
0.149790
0.155508
0.119993
0.015960
-0.050106
-0.032261
-0.002976
-0.001080
-0.032578
-0.044362
-0.011350
0.021128
-0.071181
-0.043180
-0.072170
-0.057269
-0.038447
-0.000040
0.134418
0.199163
0.102557
0.102689
0.144738
0.067060
0.000782
0.042344
0.070522
-0.007723
-0.020672
-0.138670
-0.102089
-0.076762
-0.128218
-0.111204
-0.124391
-0.108530
-0.102438
-0.087444
0.053061
0.183341
0.114468
0.124414
0.054482
-0.053375
-0.122256
-0.114589
-0.078053
-0.076052
-0.035383
-0.021082
-0.001361
0.030494
-0.049083
-0.046517
-0.081235
-0.060658
-0.026748
0.009920
0.141935
0.209060
0.109692
0.109190
0.147712
0.086001
0.013294
0.054103
0.078652
-0.004807
-0.019649
-0.134555
-0.086640
-0.059236
-0.104819
-0.109850
-0.106565
-0.091867
-0.087643
-0.080603
0.044954
0.164318
0.086557
0.091027
0.111603
0.009253
-0.057083
-0.037298
-0.004687
-0.003805
-0.030033
-0.042321
-0.025630
0.009295
-0.040003
-0.052247
-0.092742
-0.069685
-0.051426
-0.026800
0.112453
0.233911
0.157092
0.161845
0.179911
0.083892
0.011727
0.029272
0.054787
0.055450
0.046540
-0.073584
-0.034874
-0.009234
-0.069125
-0.081335
-0.098522
-0.084091
-0.078689
-0.063656
0.068212
0.163152
0.070822
0.082260
0.092911
-0.008276
-0.071949
-0.049537
-0.021892
-0.023063
-0.045344
-0.118587
-0.091394
-0.059593
-0.131589
-0.103313
-0.128563
-0.114463
-0.104097
-0.088100
0.049357
0.162543
0.080204
0.078495
0.114747
0.035417
-0.035562
-0.003194
0.022647
0.018586
0.010906
-0.112032
-0.071802
-0.047129
-0.091898
-0.073725
-0.082980
-0.072172
-0.066364
-0.058298
0.072199
0.146340
0.053146
0.060785
0.086211
-0.011267
-0.071411
-0.037149
-0.006507
-0.010993
-0.027344
-0.052616
-0.036109
-0.000235
-0.059244
-0.060141
-0.092217
-0.070207
-0.053416
-0.033417
0.100562
0.223299
0.146014
0.144421
0.168724
0.079851
0.008053
0.033426
0.060843
0.059116
0.056709
-0.064563
-0.030852
-0.003391
-0.065181
-0.070406
-0.086625
-0.070479
-0.062803
-0.049610
0.083479
0.192612
0.106623
0.112516
0.122971
0.026414
-0.039339
-0.015928
0.013540
0.012608
-0.008039
-0.099824
-0.079796
-0.049286
-0.107502
-0.079101
-0.102876
-0.088038
-0.078369
-0.062653
0.072753
0.173476
0.081765
0.087328
0.102350
0.007144
-0.057744
-0.028046
0.001005
-0.002378
-0.014982
-0.089461
-0.069068
-0.038062
-0.108595
-0.076054
-0.097892
-0.083006
-0.072730
-0.060431
0.067163
0.167586
0.077650
0.077951
0.111790
0.033367
-0.036442
-0.001834
0.028048
0.024223
0.019757
-0.097631
-0.068319
-0.039796
-0.102821
-0.070736
-0.085950
-0.069762
-0.061845
-0.048958
0.078570
0.191077
0.108822
0.110296
0.125546
0.032906
-0.034132
-0.006489
0.025208
0.023523
0.004903
-0.065896
-0.048707
-0.016949
-0.078943
-0.055353
-0.078572
-0.061924
-0.050595
-0.035443
0.096897
0.199691
0.107671
0.111398
0.131008
0.042392
-0.024237
0.007990
0.038831
0.036501
0.015250
-0.094593
-0.069596
-0.040808
-0.105697
-0.080716
-0.100237
-0.082049
-0.072567
-0.060035
0.074999
0.203614
0.122322
0.126875
0.114660
0.019458
-0.049156
-0.026911
0.003163
0.004949
-0.014212
-0.080560
-0.058484
-0.027252
-0.084688
-0.064490
-0.093102
-0.077905
-0.066496
-0.051564
0.081643
0.175679
0.083408
0.085741
0.116834
0.036308
-0.031949
0.003999
0.036250
0.033007
0.028942
-0.099431
-0.065903
-0.037723
-0.103341
-0.080118
-0.097036
-0.078547
-0.068883
-0.057110
0.072125
0.201806
0.122254
0.127085
0.124056
0.030986
-0.037627
-0.013942
0.018908
0.019414
0.002388
-0.073149
-0.055974
-0.023313
-0.079599
-0.070311
-0.099201
-0.080774
-0.068606
-0.052164
0.083294
0.211520
0.130220
0.132003
0.132080
0.043400
-0.025804
0.001751
0.032123
0.031862
0.011051
-0.103214
-0.072025
-0.045526
-0.101663
-0.081309
-0.100887
-0.084462
-0.076504
-0.063705
0.068416
0.178353
0.093543
0.099697
0.102049
0.009064
-0.057577
-0.029966
0.002874
0.002553
-0.015696
-0.095156
-0.077750
-0.045183
-0.093596
-0.082684
-0.110496
-0.092568
-0.080196
-0.065923
0.068621
0.199837
0.120935
0.123289
0.128963
0.042221
-0.027820
0.002168
0.033729
0.032801
0.012787
-0.091210
-0.070430
-0.041720
-0.099614
-0.083361
-0.102624
-0.084446
-0.075139
-0.064516
0.070191
0.196144
0.119787
0.124425
0.107911
0.013938
-0.055261
-0.029910
0.001813
0.003400
-0.014972
-0.099490
-0.079751
-0.047322
-0.090587
-0.079015
-0.110087
-0.094452
-0.082648
-0.066798
0.063998
0.182139
0.105407
0.105947
0.125072
0.043860
-0.026928
0.007909
0.040578
0.037803
0.030643
-0.081276
-0.059762
-0.030980
-0.087701
-0.072536
-0.087645
-0.068679
-0.059148
-0.051436
0.080363
0.204150
0.127997
0.133044
0.120040
0.026918
-0.042569
-0.017103
0.016120
0.018170
0.000777
-0.088934
-0.072418
-0.040116
-0.076329
-0.076290
-0.099092
-0.104213
-0.092224
-0.074105
0.033527
0.170018
0.105900
0.090559
0.092629
-0.001482
-0.072009
-0.061249
-0.027409
-0.029307
-0.037141
-0.067080
-0.027219
0.003839
-0.041795
-0.070524
-0.078204
-0.073387
-0.054783
-0.026483
0.075765
0.204239
0.131482
0.113542
0.137444
0.094760
0.009756
0.024334
0.060840
0.061816
0.044118
-0.094833
-0.065828
-0.034933
-0.076110
-0.065953
-0.076862
-0.073251
-0.058289
-0.046743
0.057251
0.195669
0.147267
0.128020
0.113271
0.006761
-0.060514
-0.068219
-0.031954
-0.026795
-0.037404
-0.036743
-0.003113
0.029396
-0.025610
-0.046078
-0.081410
-0.077312
-0.054915
-0.024915
0.085542
0.221043
0.177103
0.153185
0.172252
0.079503
0.002214
-0.001029
0.032616
0.034903
0.003407
-0.125412
-0.078079
-0.059219
-0.089281
-0.153373
-0.159074
-0.155085
-0.145708
-0.135897
-0.026774
0.123011
0.083287
0.059769
0.065653
-0.046067
-0.120863
-0.130588
-0.093063
-0.088845
-0.090134
-0.089497
-0.026165
0.007601
-0.053547
-0.074825
-0.102786
-0.100129
-0.079629
-0.033005
0.066651
0.195236
0.130772
0.111066
0.135884
0.112209
0.020915
0.036964
0.067496
0.017335
-0.010581
-0.161369
-0.106761
-0.087850
-0.092825
-0.141676
-0.131291
-0.123289
-0.115315
-0.113421
-0.018709
0.123613
0.084121
0.060597
0.051588
-0.058166
-0.133435
-0.133703
-0.095375
-0.089942
-0.031599
-0.038755
-0.045388
-0.006387
-0.029184
-0.062663
-0.100316
-0.097349
-0.074257
-0.022953
0.076198
0.203016
0.140993
0.112088
0.134672
0.104778
0.019543
0.042886
0.074063
0.044313
0.012814
-0.147585
-0.088463
-0.070990
-0.072228
-0.136380
-0.114795
-0.105436
-0.099250
-0.104101
-0.013475
0.127344
0.078472
0.057507
0.072750
-0.020874
-0.096579
-0.086565
-0.047817
-0.043327
-0.022434
-0.040105
-0.039028
-0.000047
-0.004191
-0.041541
-0.077352
-0.071585
-0.046510
-0.009460
0.086712
0.212837
0.157981
0.123878
0.146687
0.104625
0.022543
0.042392
0.074083
0.071151
0.044052
-0.109787
-0.049559
-0.034776
-0.049546
-0.097851
-0.089847
-0.085840
-0.079690
-0.081437
0.012621
0.150302
0.101646
0.078864
0.095093
0.006099
-0.068621
-0.059356
-0.022341
-0.018474
-0.030218
-0.050396
-0.027665
0.009529
-0.021024
-0.050345
-0.075616
-0.069835
-0.047836
-0.017724
0.078104
0.205884
0.148924
0.119477
0.142289
0.108183
0.023216
0.040608
0.073128
0.072312
0.045108
-0.105282
-0.053969
-0.033776
-0.053180
-0.088986
-0.085501
-0.082266
-0.074652
-0.073415
0.018930
0.155535
0.102230
0.082905
0.095752
0.009098
-0.064982
-0.055458
-0.017861
-0.013804
-0.035912
-0.068102
-0.041932
-0.006095
-0.041169
-0.064886
-0.086959
-0.082402
-0.062173
-0.048820
0.049329
0.181203
0.127584
0.097062
0.120831
0.088231
0.002692
0.019476
0.052780
0.053428
0.026226
-0.123597
-0.069093
-0.048744
-0.067096
-0.094083
-0.093693
-0.091547
-0.083751
-0.081310
0.010842
0.147631
0.096562
0.074508
0.085727
0.000187
-0.073616
-0.061403
-0.024228
-0.020502
-0.025293
-0.054553
-0.038741
-0.002252
-0.036032
-0.053715
-0.074124
-0.069787
-0.050513
-0.031977
0.063327
0.192773
0.135505
0.107556
0.128584
0.105130
0.018807
0.038023
0.071667
0.073308
0.043093
-0.108984
-0.060908
-0.039044
-0.056203
-0.090963
-0.085654
-0.080231
-0.072440
-0.073215
0.017704
0.153332
0.099752
0.081112
0.091200
0.008982
-0.065848
-0.054499
-0.016351
-0.011006
-0.031126
-0.080010
-0.058298
-0.023140
-0.045492
-0.069948
-0.093966
-0.090815
-0.071652
-0.060201
0.040177
0.175644
0.131221
0.097188
0.118135
0.064391
-0.016155
-0.002619
0.030927
0.033247
0.010307
-0.134664
-0.078754
-0.061149
-0.079564
-0.114057
-0.117904
-0.117180
-0.109432
-0.107842
-0.010584
0.130960
0.093979
0.062087
0.071380
-0.018333
-0.092886
-0.082421
-0.047148
-0.043604
-0.036781
-0.064254
-0.038566
-0.000589
-0.042320
-0.058781
-0.077228
-0.071837
-0.050492
-0.022524
0.066787
0.187191
0.128272
0.101153
0.123655
0.120090
0.031087
0.055285
0.088578
0.089126
0.054277
-0.100482
-0.055826
-0.035182
-0.049982
-0.082739
-0.071163
-0.064214
-0.058196
-0.061477
0.024901
0.156596
0.105721
0.084581
0.094394
0.014958
-0.061188
-0.050086
-0.011575
-0.005174
-0.014274
-0.043939
-0.035429
0.000740
-0.024111
-0.057599
-0.082400
-0.075779
-0.053656
-0.033773
0.061897
0.193508
0.148759
0.113270
0.131949
0.066234
-0.012095
0.001542
0.034106
0.035952
0.014495
-0.129474
-0.072198
-0.055316
-0.074176
-0.116391
-0.117611
-0.114705
-0.106110
-0.102151
-0.004673
0.136332
0.095499
0.065224
0.075392
-0.015986
-0.090531
-0.080226
-0.044813
-0.041614
-0.037323
-0.064037
-0.039353
-0.001192
-0.037070
-0.060244
-0.079527
-0.073594
-0.054027
-0.020297
0.070364
0.193404
0.132349
0.105673
0.128542
0.116562
0.028638
0.052517
0.084166
0.083395
0.051365
-0.105928
-0.052343
-0.034302
-0.050585
-0.080922
-0.068930
-0.061999
-0.055021
-0.057441
0.031928
0.164672
0.110595
0.090436
0.097867
0.010428
-0.063644
-0.052257
-0.014199
-0.008807
-0.013655
-0.032487
-0.022819
0.012939
-0.017207
-0.044738
-0.066201
-0.058373
-0.036718
-0.018811
0.079952
0.209547
0.158440
0.127228
0.144698
0.086499
0.006053
0.019269
0.051423
0.053166
0.031849
-0.116155
-0.058721
-0.039072
-0.063359
-0.102692
-0.102367
-0.098144
-0.089469
-0.085723
0.013153
0.152713
0.102322
0.079513
0.087068
-0.006275
-0.079708
-0.070624
-0.035408
-0.031594
-0.038446
-0.059321
-0.031080
0.004331
-0.034743
-0.053312
-0.070932
-0.065475
-0.046603
-0.016737
0.078007
0.204082
0.136368
0.113699
0.136126
0.112876
0.026297
0.046195
0.078363
0.077473
0.048442
-0.108405
-0.053475
-0.033395
-0.055454
-0.079113
-0.066587
-0.059989
-0.052683
-0.051206
0.039652
0.162223
0.097593
0.084948
0.094918
0.011171
-0.062139
-0.050127
-0.012137
-0.007515
-0.024341
-0.045248
-0.033764
-0.001012
-0.027388
-0.044486
-0.058360
-0.048461
-0.028749
-0.010369
0.089861
0.221270
0.162289
0.140110
0.150404
0.066639
-0.007649
0.002055
0.035203
0.037252
0.022791
-0.089207
-0.058603
-0.031000
-0.067818
-0.094173
-0.096628
-0.091920
-0.082133
-0.070472
0.032889
0.172185
0.116402
0.100677
0.098171
-0.002517
-0.073547
-0.070039
-0.036444
-0.033881
-0.059034
-0.073935
-0.036584
-0.004778
-0.066820
-0.067934
-0.077783
-0.071615
-0.054152
-0.023059
0.073853
0.193409
0.121136
0.102154
0.126329
0.102977
0.015440
0.033345
0.064770
0.065412
0.036402
-0.118749
-0.066248
-0.042669
-0.069279
-0.066720
-0.054905
-0.048956
-0.040939
-0.036661
0.054852
0.155513
0.071164
0.074978
0.078480
-0.011560
-0.078998
-0.047754
-0.010849
-0.007773
-0.021613
-0.084152
-0.072276
-0.035993
-0.076449
-0.112817
-0.140139
-0.113127
-0.098781
-0.082628
0.053818
0.187445
0.138242
0.122428
0.103181
0.001950
-0.069736
-0.054169
-0.022881
-0.018116
-0.035808
-0.058524
-0.024105
0.011479
-0.075206
-0.082370
-0.105951
-0.086341
-0.075264
-0.050698
0.070830
0.163266
0.075025
0.073721
0.104164
0.066873
-0.014694
0.027612
0.054781
0.044577
0.029122
-0.131454
-0.072342
-0.047858
-0.085260
-0.084184
-0.078063
-0.056956
-0.054192
-0.055142
0.058895
0.156201
0.074007
0.076251
0.090267
0.010227
-0.060024
-0.027980
0.007623
0.011209
-0.004008
-0.046674
-0.040464
-0.002229
-0.036413
-0.069222
-0.098321
-0.070074
-0.054530
-0.035906
0.093880
0.220679
0.161468
0.150157
0.130897
0.032815
-0.036880
-0.017294
0.012702
0.016183
-0.002267
-0.049387
-0.022159
0.012815
-0.070097
-0.073084
-0.092902
-0.072690
-0.063787
-0.047503
0.074816
0.173725
0.085670
0.086457
0.111833
0.050638
-0.029416
-0.021665
0.271938
0.415741
0.528182
0.621772
0.725422
0.793958
0.864499
0.959973
1.026240
1.092377
1.010784
0.940463
0.809024
0.703074
0.726324
0.679577
0.541091
0.468960
0.414297
0.352052
0.270591
0.183286
0.029997
-0.105322
-0.268871
-0.408902
-0.513398
-0.607826
-0.635794
-0.547175
-0.506440
-0.483830
-0.401117
-0.247544
-0.228742
-0.209934
-0.198663
-0.262023
-0.357998
-0.359638
-0.378818
-0.457917
-0.497636
-0.566622
-0.561676
-0.555614
-0.532711
-0.614222
-0.691684
-0.676140
-0.596258
-0.576823
-0.449189
-0.289094
-0.234643
-0.265254
-0.236097
-0.297515
-0.376120
-0.391833
-0.363931
-0.376959
-0.298274
-0.182215
-0.116877
-0.085799
-0.113632
-0.227396
-0.250600
-0.231575
-0.163088
-0.143260
-0.055708
0.094652
0.151262
0.094013
0.109045
0.060198
-0.056948
-0.046440
-0.023352
-0.018424
-0.034976
-0.104103
-0.057279
-0.013687
-0.030002
-0.116969
-0.136502
-0.122668
-0.094594
-0.079076
-0.003452
0.135251
0.168008
0.114534
0.129249
0.092510
-0.001702
0.009067
0.035435
0.039196
0.001965
-0.094653
-0.028561
0.011690
-0.016386
-0.081090
-0.100461
-0.095714
-0.082283
-0.073126
0.009305
0.150934
0.179608
0.121418
0.143392
0.089198
0.001004
0.007570
0.033597
0.037752
0.016491
-0.048834
0.011482
0.053591
0.011930
-0.063293
-0.081542
-0.071147
-0.059093
-0.031559
0.050476
0.189217
0.181200
0.128037
0.155982
0.116900
0.032436
0.042816
0.068626
0.071090
0.047095
-0.083596
-0.019565
0.011221
-0.016733
-0.080238
-0.091342
-0.084913
-0.076254
-0.073830
0.010494
0.154578
0.165481
0.107984
0.134884
0.068218
-0.015226
-0.010249
0.017199
0.021667
0.008246
-0.056380
-0.002361
0.037631
-0.011065
-0.069175
-0.087367
-0.077420
-0.058417
-0.032404
0.051187
0.185689
0.160738
0.114280
0.138601
0.099514
0.016022
0.030583
0.058549
0.060968
0.036869
-0.111029
-0.053132
-0.034586
-0.052307
-0.109988
-0.116247
-0.112167
-0.103699
-0.109148
-0.015006
0.132934
0.151966
0.091737
0.100099
0.017068
-0.061384
-0.060952
-0.031627
-0.022843
-0.013683
-0.048704
-0.001422
0.040574
-0.014427
-0.070234
-0.086960
-0.072266
-0.034396
-0.006650
0.073882
0.191350
0.143490
0.106854
0.123837
0.122659
0.039211
0.065869
0.099161
0.100264
0.062407
-0.101576
-0.050316
-0.032988
-0.040496
-0.075679
-0.065680
-0.051652
-0.045576
-0.051894
0.028354
0.158475
0.154418
0.107137
0.105526
0.018743
-0.061922
-0.051699
-0.017909
-0.004969
0.023246
-0.002832
-0.034305
0.011184
0.000039
-0.066303
-0.100160
-0.094317
-0.072840
-0.033490
0.056255
0.185380
0.146178
0.108962
0.116314
0.070093
-0.010683
0.012823
0.044859
0.046042
0.017465
-0.142199
-0.073867
-0.061548
-0.067989
-0.132935
-0.125848
-0.111870
-0.104875
-0.111562
-0.022119
0.126740
0.137935
0.084791
0.086716
-0.004909
-0.085328
-0.080375
-0.049480
-0.037278
-0.013774
-0.043525
-0.028045
0.016475
-0.000913
-0.059784
-0.089171
-0.082163
-0.052183
-0.017864
0.067657
0.194180
0.150723
0.115658
0.127260
0.114796
0.028604
0.054806
0.088390
0.089384
0.052729
-0.101670
-0.051967
-0.045399
-0.041522
-0.086754
-0.068407
-0.068627
-0.057047
-0.062810
-0.003684
0.131311
0.141117
0.081433
0.088515
0.008633
-0.079599
-0.087579
-0.054466
-0.039880
0.002076
-0.005505
-0.025995
0.016100
0.014883
-0.048455
-0.073431
-0.078797
-0.048970
0.004364
0.069118
0.197989
0.164857
0.111402
0.119365
0.100067
0.009920
0.011246
0.047110
0.048274
0.008174
-0.142472
-0.068914
-0.049791
-0.040610
-0.109234
-0.101586
-0.104425
-0.090760
-0.096268
-0.035220
0.109894
0.134374
0.069960
0.086624
0.022505
-0.067387
-0.081486
-0.049589
-0.039535
-0.030682
-0.041530
-0.021652
0.018418
0.011248
-0.044943
-0.068845
-0.077727
-0.043807
-0.000073
0.061087
0.188055
0.154604
0.103638
0.117875
0.126754
0.033556
0.034093
0.069156
0.070783
0.026313
-0.125784
-0.062445
-0.049169
-0.035868
-0.097831
-0.088427
-0.090101
-0.076413
-0.083904
-0.022162
0.119949
0.136908
0.076064
0.091498
0.013967
-0.073999
-0.088599
-0.057099
-0.044827
-0.023638
-0.031087
-0.024912
0.014657
0.004914
-0.052689
-0.075355
-0.084906
-0.060478
-0.012590
0.051146
0.180325
0.147905
0.097075
0.110832
0.116211
0.022311
0.022072
0.055369
0.057302
0.011759
-0.140570
-0.076982
-0.064735
-0.049532
-0.114538
-0.100194
-0.099146
-0.085951
-0.094705
-0.035215
0.108095
0.122403
0.062016
0.077219
0.015750
-0.073768
-0.087255
-0.056614
-0.044287
-0.032733
-0.042195
-0.030175
0.009669
0.006377
-0.045175
-0.070210
-0.081281
-0.058712
-0.012498
0.049587
0.177876
0.147452
0.094864
0.109662
0.118753
0.025762
0.025662
0.059507
0.061629
0.016011
-0.136498
-0.070511
-0.057084
-0.041643
-0.108495
-0.095408
-0.093628
-0.081990
-0.089634
-0.031589
0.112111
0.127114
0.065722
0.081432
0.024890
-0.065456
-0.080078
-0.049502
-0.037782
-0.030231
-0.050403
-0.033503
0.006380
0.004552
-0.044284
-0.070671
-0.082789
-0.058174
-0.017091
0.045164
0.175042
0.148615
0.095448
0.112695
0.112659
0.020280
0.016671
0.049131
0.051616
0.006831
-0.143098
-0.067816
-0.052334
-0.039830
-0.115948
-0.104683
-0.104420
-0.093907
-0.102060
-0.045890
0.099994
0.120889
0.057598
0.077060
0.042152
-0.052892
-0.068910
-0.039094
-0.029111
-0.038364
-0.082493
-0.034750
0.002630
-0.001674
-0.051382
-0.073138
-0.085204
-0.060160
-0.030815
0.028704
0.160072
0.141258
0.083732
0.103950
0.098431
0.007081
0.001592
0.032713
0.036135
-0.004575
-0.149695
-0.057361
-0.040056
-0.031633
-0.104260
-0.101671
-0.107341
-0.096428
-0.102242
-0.045957
0.099471
0.128570
0.061902
0.084519
0.057605
-0.037395
-0.053511
-0.024314
-0.016760
-0.021840
-0.094197
-0.034073
-0.000389
-0.018044
-0.060656
-0.074833
-0.085260
-0.068560
-0.041572
0.015239
0.149496
0.135778
0.074112
0.096904
0.095860
0.004017
-0.002245
0.027967
0.031596
-0.006799
-0.147906
-0.048831
-0.030015
-0.024260
-0.100364
-0.100709
-0.107587
-0.095881
-0.102161
-0.045309
0.101460
0.139219
0.071702
0.095166
0.069375
-0.025146
-0.043097
-0.014207
-0.007278
-0.022847
-0.111415
-0.030566
0.001129
-0.013537
-0.061923
-0.073391
-0.083725
-0.069363
-0.045206
0.010541
0.146520
0.136491
0.074154
0.097852
0.101743
0.009343
0.002600
0.032267
0.036029
-0.002016
-0.142034
-0.042186
-0.022273
-0.017412
-0.092369
-0.094053
-0.100380
-0.089869
-0.095918
-0.038317
0.109449
0.151429
0.083897
0.105414
0.079075
-0.015181
-0.033642
-0.005541
0.002285
-0.012774
-0.104018
-0.022549
0.008742
-0.001810
-0.055058
-0.065456
-0.076146
-0.062839
-0.039223
0.017007
0.153733
0.143155
0.081737
0.104347
0.107264
0.015195
0.008070
0.038217
0.042549
0.004524
-0.138291
-0.040366
-0.020893
-0.016343
-0.091421
-0.093634
-0.099550
-0.086608
-0.093790
-0.034568
0.112408
0.155562
0.088334
0.108072
0.078432
-0.015004
-0.033219
-0.004979
0.003620
-0.008631
-0.100103
-0.026611
0.005515
-0.005694
-0.060348
-0.072099
-0.082817
-0.067851
-0.048983
0.008926
0.147636
0.140285
0.078193
0.100060
0.096290
0.004685
-0.003416
0.027736
0.032609
-0.004584
-0.147191
-0.047770
-0.027565
-0.024020
-0.097264
-0.100396
-0.106961
-0.094334
-0.097794
-0.042333
0.104441
0.144357
0.077329
0.098071
0.075130
-0.018687
-0.035609
-0.007420
0.000550
-0.014647
-0.108780
-0.026390
0.004727
-0.001766
-0.064274
-0.074463
-0.083024
-0.066859
-0.046719
0.009842
0.147790
0.146756
0.084854
0.104866
0.100654
0.008704
0.000060
0.031277
0.036809
0.000931
-0.138710
-0.043827
-0.021844
-0.017901
-0.088808
-0.096182
-0.104274
-0.091495
-0.097130
-0.037407
0.110331
0.159318
0.093257
0.109973
0.079938
-0.012716
-0.030897
-0.002894
0.006299
-0.007510
-0.106132
-0.025643
0.005418
-0.000489
-0.068784
-0.079991
-0.088228
-0.072058
-0.060947
-0.002511
0.138969
0.145019
0.080771
0.101566
0.099020
0.006591
-0.003214
0.028237
0.033381
-0.002044
-0.141446
-0.044997
-0.022614
-0.018680
-0.089222
-0.096808
-0.104190
-0.090579
-0.096880
-0.037119
0.110980
0.158018
0.091552
0.107945
0.076066
-0.015736
-0.033521
-0.004691
0.005004
-0.008050
-0.109969
-0.030427
0.001086
-0.006171
-0.073734
-0.086187
-0.094474
-0.078177
-0.062708
-0.004717
0.137010
0.146664
0.082817
0.102081
0.094977
0.003027
-0.007562
0.024187
0.029718
-0.005280
-0.141639
-0.044328
-0.021005
-0.018167
-0.090269
-0.099193
-0.105765
-0.091988
-0.097321
-0.039159
0.109607
0.161529
0.093932
0.109664
0.079655
-0.012428
-0.030029
-0.001945
0.008557
-0.002349
-0.102619
-0.026641
0.006013
0.000454
-0.069384
-0.082764
-0.090601
-0.074850
-0.058515
-0.001114
0.141013
0.154531
0.090666
0.107749
0.100100
0.008516
-0.003003
0.029997
0.036285
0.000366
-0.141146
-0.045941
-0.023001
-0.018984
-0.091632
-0.103479
-0.109132
-0.094757
-0.101572
-0.041961
0.108340
0.167506
0.098864
0.110202
0.072552
-0.018796
-0.037480
-0.009817
0.002690
-0.000645
-0.095731
-0.030604
0.005624
-0.004471
-0.073350
-0.089731
-0.097079
-0.079458
-0.058258
-0.001452
0.140647
0.151510
0.088504
0.104655
0.094782
0.004837
-0.006908
0.028556
0.034964
-0.001408
-0.146163
-0.051923
-0.029300
-0.025097
-0.094759
-0.106673
-0.110837
-0.096987
-0.104218
-0.046472
0.104042
0.171317
0.102220
0.109908
0.072355
-0.018405
-0.037036
-0.008058
0.005654
0.007303
-0.090156
-0.033556
0.004076
-0.006342
-0.075120
-0.092657
-0.098751
-0.080734
-0.059405
-0.003691
0.138446
0.152539
0.089391
0.102764
0.089145
0.000568
-0.011464
0.025331
0.033193
-0.004003
-0.148273
-0.054551
-0.030607
-0.025571
-0.092020
-0.107197
-0.112186
-0.099099
-0.106101
-0.048176
0.103864
0.180216
0.110248
0.113676
0.073022
-0.016994
-0.036335
-0.007143
0.007651
0.013694
-0.084970
-0.031643
0.007279
0.000007
-0.078814
-0.096913
-0.099663
-0.080878
-0.057895
-0.003489
0.139012
0.157139
0.094049
0.104177
0.093444
0.005228
-0.007704
0.030656
0.039531
0.001929
-0.143333
-0.054340
-0.029859
-0.024330
-0.087638
-0.104803
-0.109093
-0.094777
-0.102365
-0.045389
0.106431
0.183743
0.113927
0.113986
0.070417
-0.018062
-0.038597
-0.007600
0.008354
0.003246
-0.098491
-0.031648
0.006250
-0.000077
-0.082745
-0.101026
-0.101626
-0.082161
-0.058159
-0.004642
0.137694
0.156933
0.094096
0.100429
0.093030
0.005585
-0.007356
0.033561
0.043336
0.004866
-0.141572
-0.057439
-0.032621
-0.026194
-0.084817
-0.103558
-0.106365
-0.091756
-0.099081
-0.043552
0.108121
0.187486
0.118957
0.114037
0.086355
0.006459
-0.013616
0.015781
0.032769
0.020975
-0.093378
-0.028509
0.008564
0.005429
-0.085756
-0.104901
-0.099438
-0.078579
-0.066376
-0.011152
0.134016
0.168714
0.105101
0.104026
0.087870
-0.000469
-0.015020
0.027596
0.040527
0.010554
-0.134632
-0.061610
-0.034282
-0.019289
-0.060685
-0.080891
-0.104744
-0.085156
-0.086874
-0.054883
0.093595
0.189882
0.112000
0.108032
0.088093
-0.009160
-0.045051
-0.008414
0.009226
0.020483
-0.035530
-0.003512
0.028835
0.040380
-0.026541
-0.032263
-0.036375
-0.000436
0.035297
0.057624
0.184948
0.176250
0.094992
0.095927
0.118206
0.037946
0.010840
0.065288
0.076951
0.056237
-0.076724
-0.073551
-0.052240
-0.026744
-0.067986
-0.092683
-0.108646
-0.081975
-0.079834
-0.050820
0.096964
0.187773
0.113970
0.106018
0.029936
-0.064623
-0.101839
-0.070113
-0.047414
0.006382
-0.032112
-0.015240
0.022321
0.021930
-0.029443
-0.052581
-0.062507
-0.020769
0.029391
0.056110
0.182139
0.166789
0.090725
0.091939
0.115407
0.050923
0.020158
0.075585
0.085135
0.017700
-0.125996
-0.095302
-0.085018
-0.059207
-0.076303
-0.078315
-0.078327
-0.055664
-0.062063
-0.039178
0.100786
0.197659
0.131832
0.120123
0.069018
-0.030515
-0.072277
-0.037742
-0.011862
0.040481
-0.026085
-0.040493
-0.001550
0.021751
-0.042124
-0.084589
-0.107370
-0.076356
-0.030173
0.004917
0.144641
0.145277
0.068583
0.075139
0.065895
-0.022380
-0.055960
-0.006855
0.002886
-0.049422
-0.185035
-0.089869
-0.070942
-0.047576
-0.115751
-0.125229
-0.124129
-0.101545
-0.103033
-0.082438
0.066145
0.166598
0.092186
0.094743
0.105594
0.006052
-0.035347
0.006210
0.024019
0.035597
-0.055713
-0.041494
-0.011164
0.008144
-0.049418
-0.068748
-0.081774
-0.057436
-0.043620
-0.016085
0.122809
0.131352
0.046656
0.050683
0.044727
-0.042180
-0.074082
-0.025181
-0.009462
-0.015599
-0.139957
-0.094192
-0.066558
-0.044678
-0.085476
-0.099025
-0.108883
-0.089262
-0.070069
-0.050097
0.090600
0.146670
0.072395
0.071842
0.090363
0.002899
-0.037115
0.011641
0.027291
0.029015
-0.091591
-0.056547
-0.031676
-0.011395
-0.042857
-0.051959
-0.061151
-0.043704
-0.037037
-0.015707
0.119379
0.150242
0.070876
0.074097
0.091044
0.003027
-0.033351
0.014045
0.030935
0.033704
-0.074531
-0.064467
-0.035337
-0.014589
-0.052944
-0.076175
-0.087759
-0.063477
-0.062955
-0.036810
0.104953
0.161253
0.083312
0.080978
0.085406
-0.005393
-0.043348
0.004593
0.023166
0.019908
-0.091984
-0.057835
-0.027869
-0.009796
-0.054481
-0.067237
-0.072831
-0.050527
-0.039509
-0.016990
0.120507
0.149326
0.069101
0.069241
0.083366
-0.003255
-0.039037
0.012377
0.030210
0.031023
-0.092093
-0.083217
-0.052392
-0.030998
-0.062536
-0.087456
-0.096847
-0.073269
-0.073736
-0.049402
0.094737
0.165526
0.092003
0.083454
0.077912
-0.012252
-0.051708
-0.003433
0.017585
0.017898
-0.084220
-0.056872
-0.024737
-0.007424
-0.055724
-0.068162
-0.071902
-0.048429
-0.030639
-0.009105
0.125084
0.147577
0.068242
0.065503
0.078135
-0.004090
-0.039143
0.014671
0.033640
0.034069
-0.092392
-0.085393
-0.055993
-0.032659
-0.058200
-0.082456
-0.089716
-0.066141
-0.064629
-0.041924
0.099839
0.178322
0.105615
0.092503
0.079748
-0.009432
-0.049139
0.000592
0.023286
0.029141
-0.073637
-0.058453
-0.026118
-0.007002
-0.055925
-0.073251
-0.076954
-0.051354
-0.029396
-0.007797
0.125443
0.146012
0.067511
0.062560
0.069848
-0.013046
-0.047717
0.008397
0.028800
0.030657
-0.095227
-0.090102
-0.059815
-0.037051
-0.064226
-0.088141
-0.091289
-0.065908
-0.059602
-0.038566
0.102080
0.175965
0.104869
0.091090
0.080490
-0.007747
-0.048448
0.003907
0.027093
0.030262
-0.087803
-0.074465
-0.042723
-0.021792
-0.059715
-0.083833
-0.089782
-0.065086
-0.052375
-0.030277
0.107845
0.150096
0.074735
0.067323
0.071094
-0.012862
-0.051183
0.003128
0.024764
0.024282
-0.097326
-0.084052
-0.052258
-0.031615
-0.063225
-0.087217
-0.086156
-0.060806
-0.051591
-0.031891
0.106628
0.178166
0.108539
0.094532
0.093260
0.006222
-0.034168
0.019349
0.042762
0.044953
-0.076166
-0.071640
-0.039905
-0.019203
-0.048922
-0.074343
-0.078749
-0.053551
-0.041973
-0.020269
0.117091
0.165252
0.092513
0.082591
0.076130
-0.007641
-0.047142
0.006808
0.029641
0.028961
-0.092455
-0.087626
-0.056124
-0.034968
-0.064679
-0.091383
-0.093088
-0.067034
-0.056037
-0.035597
0.103177
0.172548
0.104447
0.089424
0.082831
-0.002534
-0.043420
0.010472
0.034690
0.039091
-0.083488
-0.073205
-0.042013
-0.021078
-0.054156
-0.080275
-0.083228
-0.056367
-0.044481
-0.023061
0.114274
0.173274
0.105146
0.089973
0.084264
0.000970
-0.039506
0.016979
0.041055
0.038942
-0.080484
-0.081223
-0.049918
-0.029810
-0.057476
-0.083392
-0.084592
-0.057415
-0.050709
-0.028990
0.109069
0.177968
0.110425
0.092976
0.081274
-0.002725
-0.043474
0.011411
0.036902
0.045519
-0.080100
-0.077256
-0.045525
-0.024193
-0.054116
-0.081369
-0.086172
-0.057935
-0.046604
-0.023723
0.116500
0.197092
0.111732
0.101528
0.101290
0.004584
-0.054835
0.001590
0.028054
0.043206
-0.034105
-0.050965
-0.033449
0.000791
-0.010270
-0.028082
-0.044159
-0.009545
0.024850
0.023936
0.155275
0.180606
0.076639
0.075704
0.078219
-0.014997
-0.060236
0.001582
0.026288
0.041306
-0.061338
-0.082308
-0.067500
-0.025640
-0.055581
-0.097196
-0.105973
-0.057824
-0.029054
-0.031287
0.104210
0.214891
0.135757
0.120429
0.098154
-0.002149
-0.063747
-0.007781
0.020658
0.037688
-0.042429
-0.061016
-0.039486
-0.001415
-0.028658
-0.056460
-0.070152
-0.029844
0.007853
0.007356
0.140196
0.164058
0.058424
0.056801
0.053562
-0.037196
-0.082718
-0.019095
0.005457
0.016826
-0.082890
-0.122460
-0.110785
-0.068489
-0.066385
-0.101061
-0.109974
-0.068705
-0.045793
-0.053290
0.082093
0.195019
0.118474
0.109090
0.109071
0.010956
-0.051358
0.002178
0.028056
0.043275
-0.046534
-0.058631
-0.038859
-0.001228
-0.031655
-0.060284
-0.068978
-0.029980
-0.005220
-0.006301
0.125836
0.162018
0.054488
0.055104
0.068274
-0.023383
-0.072040
-0.013502
0.010116
0.021897
-0.083643
-0.100606
-0.085889
-0.044560
-0.059765
-0.096101
-0.103848
-0.064307
-0.040352
-0.046766
0.088029
0.194814
0.114810
0.106314
0.118041
0.022080
-0.040321
0.013717
0.037068
0.047699
-0.040213
-0.055628
-0.036605
-0.001907
-0.031374
-0.050918
-0.051555
-0.011516
-0.003387
0.017563
0.141029
0.151487
0.068419
0.062806
0.071178
-0.001461
-0.037621
0.021818
0.042880
0.029821
-0.088323
-0.156115
-0.123839
-0.097387
-0.081907
-0.115308
-0.121972
-0.095683
-0.092630
-0.075922
0.067597
0.161287
0.095163
0.082429
0.038257
-0.047883
-0.093424
-0.050864
-0.024809
0.002751
-0.094620
-0.078225
-0.040075
-0.021475
-0.084529
-0.111801
-0.109152
-0.084167
-0.050561
-0.033579
0.097912
0.125336
0.050267
0.045016
0.061979
-0.002561
-0.046145
0.011512
0.028526
0.019694
-0.117004
-0.113660
-0.087842
-0.067928
-0.045031
-0.060067
-0.052126
-0.032346
-0.034051
-0.022626
0.106110
0.200799
0.137215
0.118428
0.113068
0.024351
-0.018190
0.031172
0.056794
0.085859
-0.039178
-0.055641
-0.020533
-0.001636
-0.041992
-0.083251
-0.090817
-0.063123
-0.050045
-0.024925
0.116171
0.169822
0.097433
0.084902
0.057591
-0.024855
-0.067818
-0.017378
0.004963
0.005242
-0.123779
-0.094822
-0.060530
-0.041938
-0.079016
-0.104455
-0.097218
-0.073307
-0.055549
-0.038855
0.098416
0.169285
0.101645
0.089481
0.095085
0.011676
-0.031430
0.022021
0.042684
0.045744
-0.081067
-0.069271
-0.038824
-0.020360
-0.033056
-0.060712
-0.059582
-0.034849
-0.035942
-0.015607
0.122060
0.190215
0.120183
0.104264
0.093358
0.006254
-0.034137
0.017544
0.040422
0.048486
-0.079167
-0.080043
-0.047904
-0.026838
-0.056240
-0.088642
-0.092690
-0.067223
-0.057749
-0.033716
0.107927
0.169641
0.099893
0.085442
0.066447
-0.020309
-0.060921
-0.010417
0.011448
0.019613
-0.095455
-0.072034
-0.039942
-0.022969
-0.055337
-0.078507
-0.079463
-0.055344
-0.035776
-0.015423
0.120705
0.170221
0.099272
0.086581
0.088037
0.000169
-0.038068
0.014764
0.036052
0.040899
-0.069229
-0.063078
-0.032598
-0.014970
-0.047479
-0.076746
-0.077111
-0.050614
-0.039761
-0.016507
0.122541
0.200631
0.128676
0.110059
0.079692
-0.011280
-0.051084
-0.002507
0.020650
0.050560
-0.085682
-0.079220
-0.045658
-0.030883
-0.065060
-0.095923
-0.102064
-0.075156
-0.061037
-0.035360
0.105876
0.159140
0.085606
0.071266
0.048671
-0.039403
-0.077971
-0.028282
-0.006232
0.006667
-0.091478
-0.065542
-0.033985
-0.018735
-0.060456
-0.080376
-0.079798
-0.054675
-0.024249
-0.005552
0.128470
0.173638
0.102018
0.087600
0.089631
0.000237
-0.037043
0.016789
0.036884
0.044436
-0.068766
-0.062948
-0.034058
-0.021633
-0.051528
-0.083571
-0.086469
-0.059180
-0.050265
-0.025376
0.115096
0.202979
0.127838
0.108695
0.061328
-0.031405
-0.069765
-0.025649
-0.002239
0.037312
-0.068975
-0.055302
-0.019808
-0.010842
-0.058365
-0.083910
-0.086987
-0.059078
-0.022543
0.001088
0.135913
0.158234
0.082622
0.073068
0.063847
-0.025061
-0.059955
-0.008746
0.010021
0.015131
-0.095530
-0.065064
-0.038396
-0.023914
-0.066780
-0.093763
-0.093591
-0.068137
-0.047134
-0.025739
0.112723
0.201915
0.128495
0.112556
0.081716
-0.013218
-0.053006
-0.009092
0.012038
0.037374
-0.074843
-0.050075
-0.017517
-0.005402
-0.061306
-0.090490
-0.094757
-0.068058
-0.042586
-0.017259
0.120967
0.166170
0.091595
0.082434
0.064343
-0.028426
-0.066302
-0.020635
-0.001919
0.005723
-0.101187
-0.058038
-0.028198
-0.014277
-0.065361
-0.088168
-0.091669
-0.068389
-0.046281
-0.024079
0.114531
0.180681
0.108973
0.098807
0.095520
-0.027476
-0.100567
0.208665
0.357873
0.493313
0.589204
0.688988
0.786694
0.827326
0.903036
0.974985
1.025973
1.065743
1.099111
1.033820
0.904945
0.805970
0.806273
0.715999
0.594487
0.519759
0.466618
0.401878
0.321735
0.245981
0.094294
-0.032518
-0.181851
-0.322396
-0.421775
-0.481021
-0.517476
-0.492280
-0.474235
-0.456978
-0.319841
-0.146291
-0.106630
-0.096107
-0.170799
-0.314271
-0.431200
-0.467037
-0.400937
-0.456099
-0.512361
-0.596694
-0.574607
-0.586737
-0.584691
-0.627443
-0.708121
-0.717518
-0.645346
-0.608803
-0.507782
-0.358816
-0.352241
-0.360004
-0.324600
-0.390771
-0.449685
-0.461849
-0.456624
-0.429572
-0.346433
-0.272516
-0.214890
-0.212433
-0.195051
-0.263249
-0.288454
-0.231461
-0.139673
-0.130460
-0.066808
0.070087
0.139251
0.078393
0.075312
-0.016682
-0.124936
-0.114624
-0.085103
-0.072050
0.011599
-0.037332
-0.050077
-0.009543
-0.010172
-0.129489
-0.143046
-0.103071
-0.042019
-0.022339
0.046940
0.173087
0.199805
0.139444
0.125892
0.062070
-0.027921
-0.012547
0.019953
0.028805
0.012749
-0.065483
-0.010408
0.029146
0.014445
-0.085986
-0.101370
-0.078007
-0.072028
-0.049330
0.028419
0.166572
0.212873
0.151219
0.139917
0.037013
-0.036423
-0.051147
-0.026867
-0.012920
-0.016895
-0.063581
0.009715
0.055445
0.012866
-0.103122
-0.126841
-0.107926
-0.064283
-0.038469
0.041894
0.175100
0.182472
0.133080
0.141503
0.073685
-0.012770
-0.011169
0.014097
0.022359
0.004479
-0.104680
-0.022086
0.011250
-0.019927
-0.114132
-0.125942
-0.102863
-0.097183
-0.088340
-0.003903
0.142929
0.187918
0.127182
0.131646
0.037767
-0.042317
-0.057215
-0.034208
-0.020736
-0.028702
-0.084908
0.001401
0.044060
-0.002218
-0.111932
-0.131170
-0.107509
-0.079347
-0.053024
0.028275
0.164989
0.177294
0.125871
0.137446
0.074604
-0.011802
-0.012232
0.012359
0.020789
0.003533
-0.115861
-0.027989
0.005209
-0.023156
-0.114455
-0.124362
-0.101599
-0.095898
-0.086711
-0.002646
0.143654
0.180938
0.123062
0.127728
0.038162
-0.042261
-0.055262
-0.032904
-0.019940
-0.031786
-0.104188
-0.013882
0.026744
-0.012141
-0.120599
-0.142696
-0.120727
-0.096720
-0.071368
0.012045
0.153540
0.174893
0.123077
0.135671
0.067636
-0.017357
-0.022719
0.000759
0.009650
-0.012571
-0.122038
-0.027396
0.005980
-0.020719
-0.116502
-0.130086
-0.106382
-0.100212
-0.091637
-0.007028
0.142193
0.183974
0.124859
0.132450
0.047130
-0.032768
-0.046857
-0.025547
-0.012834
-0.024498
-0.099912
-0.009557
0.031516
-0.009250
-0.114866
-0.137991
-0.114726
-0.090358
-0.065819
0.016146
0.157518
0.182338
0.129710
0.138466
0.070656
-0.014236
-0.019231
0.004409
0.013749
-0.009451
-0.125304
-0.031019
0.003552
-0.023101
-0.119097
-0.135375
-0.111886
-0.105248
-0.097028
-0.012151
0.138238
0.186574
0.126361
0.129555
0.039892
-0.038739
-0.055105
-0.034616
-0.021234
-0.030694
-0.103310
-0.012270
0.031492
-0.010149
-0.119248
-0.143423
-0.119825
-0.091508
-0.067816
0.012448
0.153664
0.179092
0.126594
0.134708
0.071457
-0.014598
-0.017232
0.006344
0.015053
-0.010354
-0.136288
-0.038353
-0.003249
-0.026816
-0.123084
-0.140878
-0.117830
-0.111893
-0.104613
-0.020595
0.131416
0.190236
0.128781
0.125375
0.027597
-0.048640
-0.067428
-0.048330
-0.034088
-0.015677
-0.076853
-0.001331
0.045788
-0.000763
-0.108381
-0.129006
-0.101099
-0.058760
-0.038678
0.034776
0.170380
0.181346
0.129869
0.138418
0.094491
0.009526
0.011698
0.036475
0.043472
0.020212
-0.129724
-0.038433
-0.006927
-0.017248
-0.104603
-0.112747
-0.114241
-0.110000
-0.107040
-0.049988
0.098435
0.176513
0.116799
0.110745
0.010118
-0.055777
-0.094091
-0.076220
-0.059723
-0.006134
-0.043151
0.040466
0.085593
0.049801
-0.067975
-0.080980
-0.055638
0.019010
0.042846
0.090094
0.215455
0.222583
0.161005
0.163072
0.153493
0.057758
0.045060
0.072655
0.079094
0.046945
-0.095688
-0.001642
0.018159
0.012474
-0.065002
-0.069254
-0.062418
-0.051918
-0.051242
0.004146
0.143837
0.208864
0.141945
0.139570
0.040531
-0.043337
-0.074563
-0.050894
-0.035070
-0.016035
-0.058325
0.014761
0.055541
0.019306
-0.085894
-0.100356
-0.089543
-0.048213
-0.012345
0.045199
0.176104
0.189011
0.132785
0.138817
0.106263
0.009849
-0.008528
0.017321
0.024804
-0.004457
-0.142571
-0.027006
-0.009010
-0.006285
-0.098048
-0.108164
-0.100396
-0.087349
-0.081255
-0.022218
0.120910
0.182163
0.116587
0.125882
0.046930
-0.041436
-0.068882
-0.044675
-0.030940
-0.005876
-0.068586
-0.003019
0.033879
0.009387
-0.087228
-0.105586
-0.097732
-0.082711
-0.041883
0.017823
0.154721
0.182755
0.125476
0.135343
0.096717
0.001412
-0.021494
0.003251
0.011395
-0.017207
-0.146130
-0.021495
-0.001250
-0.002594
-0.097150
-0.109622
-0.100399
-0.085846
-0.078032
-0.017538
0.126342
0.182123
0.118084
0.129644
0.057983
-0.031470
-0.058550
-0.034588
-0.021721
-0.004064
-0.082234
-0.009209
0.025542
0.005722
-0.092144
-0.112582
-0.103141
-0.085763
-0.059165
0.002722
0.143670
0.181951
0.122723
0.132306
0.082829
-0.011902
-0.035919
-0.011190
-0.001938
-0.022762
-0.141607
-0.018353
0.008170
0.000255
-0.100676
-0.117579
-0.106994
-0.090959
-0.079974
-0.018169
0.127203
0.192684
0.126360
0.136802
0.061286
-0.029150
-0.056363
-0.032024
-0.019453
-0.003428
-0.088652
-0.007689
0.025394
0.010337
-0.098637
-0.121713
-0.107810
-0.088975
-0.062714
-0.001900
0.139623
0.187519
0.125355
0.133392
0.074578
-0.018620
-0.042609
-0.017440
-0.006534
-0.011392
-0.120094
-0.018753
0.012011
-0.002655
-0.099509
-0.120574
-0.109977
-0.093041
-0.071661
-0.009801
0.133991
0.196803
0.130682
0.135422
0.054879
-0.035633
-0.062370
-0.037885
-0.024855
-0.007952
-0.099034
-0.019388
0.013558
-0.000997
-0.109303
-0.132869
-0.117664
-0.097779
-0.072787
-0.013004
0.129475
0.186574
0.122088
0.129933
0.065919
-0.026467
-0.050130
-0.025343
-0.013820
-0.010983
-0.113570
-0.013871
0.016083
0.000729
-0.099310
-0.119234
-0.104722
-0.086620
-0.063085
-0.004131
0.137775
0.198428
0.132146
0.135790
0.059774
-0.031398
-0.055271
-0.030869
-0.018244
-0.008679
-0.112784
-0.025582
0.008359
-0.010136
-0.110326
-0.134150
-0.119524
-0.100888
-0.076129
-0.016740
0.126016
0.190822
0.123938
0.127223
0.053154
-0.037664
-0.062282
-0.038039
-0.025237
-0.014187
-0.110682
-0.013361
0.018139
0.003023
-0.101998
-0.123276
-0.105609
-0.083332
-0.052682
0.002150
0.141317
0.200943
0.135454
0.140122
0.076062
-0.016018
-0.038304
-0.013175
-0.001313
0.000742
-0.115874
-0.026254
0.008539
-0.006117
-0.102811
-0.127946
-0.116425
-0.099436
-0.078251
-0.018323
0.126089
0.194006
0.127766
0.126832
0.042600
-0.046706
-0.074606
-0.051825
-0.037331
-0.016431
-0.105215
-0.018090
0.017320
-0.000429
-0.105589
-0.130473
-0.113171
-0.094500
-0.057121
-0.002673
0.136460
0.193978
0.129336
0.135800
0.087791
-0.007045
-0.028544
-0.003146
0.006894
-0.007275
-0.138881
-0.022789
0.008134
0.001511
-0.097269
-0.118305
-0.106224
-0.090416
-0.083199
-0.025019
0.120675
0.191790
0.127607
0.127230
0.045480
-0.044793
-0.072621
-0.050630
-0.035541
-0.014905
-0.105674
-0.019659
0.019179
-0.004189
-0.102743
-0.131487
-0.117830
-0.091695
-0.055072
-0.000551
0.137436
0.190381
0.127742
0.133462
0.087472
-0.007342
-0.029021
-0.003598
0.006096
-0.012123
-0.148927
-0.027784
0.003739
0.002625
-0.098088
-0.122801
-0.111117
-0.096368
-0.090831
-0.033134
0.115313
0.190026
0.128491
0.127410
0.043396
-0.046045
-0.077655
-0.057170
-0.041154
-0.019689
-0.097791
-0.006908
0.033569
0.008451
-0.091043
-0.122388
-0.107537
-0.071673
-0.038121
0.014305
0.149966
0.196938
0.135104
0.139265
0.107476
0.011196
-0.009083
0.017979
0.025710
-0.003523
-0.147544
-0.027390
0.000158
0.003683
-0.087399
-0.113037
-0.101637
-0.087007
-0.092970
-0.035454
0.113862
0.189011
0.129531
0.126017
0.037779
-0.049618
-0.082778
-0.062618
-0.045504
-0.029053
-0.109296
-0.008530
0.034695
0.007239
-0.095989
-0.126733
-0.111899
-0.075486
-0.041177
0.010407
0.144260
0.182087
0.122770
0.124743
0.102592
0.004321
-0.013147
0.015636
0.022626
-0.008968
-0.154877
-0.033304
-0.008331
-0.003376
-0.080974
-0.104195
-0.091934
-0.078049
-0.090283
-0.035109
0.113005
0.188168
0.129667
0.123956
0.038121
-0.049817
-0.082315
-0.062036
-0.044207
-0.026424
-0.107687
-0.013761
0.031496
0.006525
-0.096933
-0.131275
-0.117734
-0.078682
-0.043615
0.008111
0.142851
0.190041
0.129517
0.130911
0.098994
0.003622
-0.016465
0.011743
0.019962
-0.008677
-0.156228
-0.037811
-0.008846
-0.002746
-0.083200
-0.113810
-0.101798
-0.087630
-0.093664
-0.038676
0.111246
0.188731
0.133327
0.125637
0.036385
-0.049239
-0.082493
-0.063337
-0.045709
-0.029431
-0.126473
-0.028303
0.017743
-0.004609
-0.107961
-0.143746
-0.130320
-0.091378
-0.058021
-0.008046
0.128905
0.189471
0.127148
0.128870
0.094330
-0.000611
-0.021649
0.005316
0.014367
-0.006334
-0.157918
-0.041849
-0.009188
-0.001887
-0.080111
-0.115104
-0.099730
-0.084480
-0.091922
-0.038843
0.111726
0.191368
0.138426
0.127567
0.037774
-0.051204
-0.083902
-0.065580
-0.047979
-0.030531
-0.132766
-0.032312
0.014724
-0.002163
-0.104195
-0.141144
-0.127344
-0.082550
-0.051922
-0.005125
0.130913
0.193641
0.131478
0.129243
0.102462
0.008388
-0.012195
0.016163
0.025315
0.003082
-0.152327
-0.045487
-0.013447
-0.003431
-0.070248
-0.110022
-0.094179
-0.079445
-0.089856
-0.040437
0.110357
0.190379
0.141524
0.128256
0.058608
-0.002599
-0.040756
-0.025805
-0.008409
0.011899
-0.113248
-0.039818
0.008797
-0.001552
-0.110112
-0.160429
-0.140713
-0.112263
-0.075991
-0.027814
0.113145
0.185848
0.127473
0.116662
0.066688
-0.027453
-0.052607
-0.028642
-0.014726
-0.012028
-0.149411
-0.048919
-0.006652
-0.011564
-0.092275
-0.131224
-0.115295
-0.097870
-0.080936
-0.035149
0.108416
0.185056
0.134978
0.119223
0.055252
-0.036667
-0.064476
-0.043006
-0.026558
-0.008498
-0.118980
-0.028814
0.016488
0.007882
-0.086696
-0.124447
-0.110311
-0.076004
-0.049181
-0.006625
0.130330
0.201171
0.144475
0.132836
0.094458
0.000887
-0.022399
0.004480
0.017094
0.000961
-0.157567
-0.062239
-0.019600
-0.015781
-0.082401
-0.135135
-0.125673
-0.110277
-0.111372
-0.059506
0.092779
0.174824
0.138270
0.159776
0.092877
0.030905
-0.009110
0.004340
0.018758
0.021554
-0.135814
-0.042389
-0.003084
0.001402
-0.096369
-0.157088
-0.125313
-0.084119
-0.065242
-0.024385
0.117109
0.197021
0.148861
0.133469
0.080220
-0.016682
-0.043235
-0.022013
-0.005994
0.010831
-0.117084
-0.036442
0.011042
0.010222
-0.080835
-0.125697
-0.110176
-0.089274
-0.058850
-0.016491
0.121112
0.192084
0.142089
0.120412
0.068070
-0.024362
-0.049874
-0.024784
-0.008895
-0.002970
-0.144838
-0.056180
-0.009101
-0.009620
-0.091544
-0.139806
-0.127760
-0.101542
-0.085335
-0.042333
0.100451
0.177679
0.136693
0.115153
0.068434
-0.015155
-0.040645
-0.021046
-0.005559
0.007360
-0.120772
-0.023093
0.015992
0.032542
-0.058471
-0.112898
-0.100486
-0.059430
-0.023419
-0.012658
0.118196
0.216292
0.158850
0.144816
0.121641
0.011519
-0.032100
-0.000478
0.013174
0.034332
-0.067149
0.006428
0.037437
0.049179
-0.032275
-0.074466
-0.057806
-0.033229
0.005592
0.016548
0.144280
0.229612
0.163920
0.146078
0.115884
0.012552
-0.031361
0.005691
0.022298
0.038044
-0.095042
-0.042071
-0.006157
0.006873
-0.050515
-0.100233
-0.093826
-0.071752
-0.051689
-0.031770
0.107535
0.196178
0.131562
0.118335
0.060803
-0.039473
-0.081596
-0.052861
-0.034872
-0.005189
-0.098502
-0.020174
0.014372
0.025727
-0.059211
-0.101531
-0.083750
-0.045978
-0.007235
0.006181
0.136954
0.221131
0.150446
0.139122
0.135481
0.035496
-0.008235
0.034420
0.046881
0.056664
-0.081995
-0.018879
-0.000323
0.017734
-0.031858
-0.072223
-0.052330
-0.023544
-0.020303
-0.002464
0.132577
0.222207
0.156740
0.140568
0.077372
-0.023071
-0.063689
-0.030756
-0.009158
0.041902
-0.111328
-0.126571
-0.079385
-0.055036
-0.096980
-0.165008
-0.171141
-0.147991
-0.138277
-0.107532
0.045181
0.138703
0.076737
0.064208
0.014998
-0.057490
-0.097205
-0.077018
-0.060006
-0.030464
-0.111385
-0.034158
-0.004257
0.004824
-0.081168
-0.128295
-0.081345
-0.031428
0.004154
0.008085
0.135768
0.233321
0.164560
0.149803
0.146453
0.048860
0.003135
0.047162
0.062906
0.081095
-0.054587
-0.030154
-0.008051
0.003504
-0.024512
-0.070754
-0.050429
-0.020353
-0.021447
-0.003407
0.129387
0.214447
0.152303
0.124342
0.036191
-0.059326
-0.097314
-0.064734
-0.040610
0.016494
-0.095956
-0.097933
-0.051825
-0.033968
-0.103289
-0.167095
-0.161566
-0.133251
-0.092931
-0.070496
0.070884
0.158261
0.093725
0.074465
0.037246
-0.057059
-0.104161
-0.066322
-0.047952
-0.022370
-0.113359
-0.055598
-0.024251
-0.009560
-0.066787
-0.111688
-0.078769
-0.036765
-0.012137
-0.008411
0.120949
0.217489
0.159394
0.139831
0.115419
0.015529
-0.032224
0.008785
0.031061
0.060282
-0.076365
-0.071327
-0.033494
-0.014770
-0.049267
-0.109563
-0.100373
-0.075654
-0.065411
-0.045138
0.096266
0.183495
0.125941
0.101624
0.067215
-0.008009
-0.046908
-0.018283
-0.000041
0.023137
-0.101604
-0.067606
-0.031114
-0.015281
-0.080170
-0.153870
-0.118788
-0.077313
-0.044607
-0.033258
0.102631
0.201021
0.146342
0.125756
0.080941
-0.021942
-0.071014
-0.037429
-0.014596
0.036333
-0.092851
-0.073249
-0.031520
-0.010984
-0.061611
-0.123054
-0.109815
-0.084533
-0.051249
-0.036374
0.098740
0.184193
0.124092
0.099772
0.053327
-0.039144
-0.085958
-0.046979
-0.025228
0.001275
-0.090607
-0.051454
-0.017199
-0.001185
-0.059094
-0.112796
-0.086891
-0.058544
-0.020182
-0.014106
0.115872
0.209743
0.155363
0.131925
0.104896
0.006279
-0.043095
-0.001678
0.021006
0.044905
-0.088368
-0.061485
-0.027205
-0.011990
-0.048586
-0.110650
-0.093775
-0.067295
-0.047811
-0.034109
0.103063
0.191667
0.139554
0.113745
0.044801
-0.053530
-0.097484
-0.065599
-0.041866
0.006930
-0.090174
-0.055317
-0.016136
-0.004153
-0.070184
-0.127432
-0.109460
-0.071706
-0.031779
-0.021912
0.108533
0.196122
0.136175
0.112708
0.097592
0.003433
-0.045674
0.001233
0.021419
0.036332
-0.097382
-0.060164
-0.036120
-0.016832
-0.037302
-0.094812
-0.064476
-0.032863
-0.022154
-0.014917
0.119014
0.215728
0.168441
0.141788
0.079837
-0.020759
-0.066968
-0.033598
-0.007243
0.047398
-0.079860
-0.070599
-0.021559
0.003634
-0.068694
-0.140229
-0.135927
-0.107879
-0.068400
-0.049296
0.089893
0.174604
0.119618
0.095046
0.034569
-0.060505
-0.106481
-0.072163
-0.051433
-0.024205
-0.111016
-0.073513
-0.039193
-0.022721
-0.072266
-0.136365
-0.100972
-0.067706
-0.030470
-0.029675
0.100433
0.203915
0.158304
0.134899
0.112823
0.012966
-0.040287
-0.000338
0.024032
0.050659
-0.063318
-0.034383
-0.001540
0.012786
-0.035083
-0.098870
-0.074853
-0.045226
-0.015876
-0.006453
0.124033
0.211237
0.161293
0.131501
0.068271
-0.029298
-0.075548
-0.037475
-0.011775
0.042425
-0.092274
-0.074773
-0.034428
-0.016515
-0.067546
-0.135943
-0.121403
-0.094670
-0.061334
-0.049459
0.086864
0.177610
0.129719
0.104360
0.056325
-0.041393
-0.089753
-0.054576
-0.031281
-0.003816
-0.104354
-0.071237
-0.035232
-0.014769
-0.063543
-0.133463
-0.108432
-0.076908
-0.038860
-0.034925
0.095959
0.193362
0.148564
0.124334
0.093251
-0.004162
-0.057987
-0.019716
0.004980
0.030750
-0.086759
-0.056348
-0.019790
-0.001042
-0.043073
-0.114264
-0.092614
-0.064304
-0.034368
-0.026868
0.106576
0.200258
0.157553
0.130759
0.076224
-0.022880
-0.072237
-0.038262
-0.012775
0.041261
-0.086248
-0.059050
-0.017532
0.000066
-0.056254
-0.129505
-0.115198
-0.081214
-0.033528
-0.047744
0.083662
0.197585
0.143960
0.129564
0.102234
-0.019020
-0.085555
-0.051452
-0.027825
-0.010374
-0.028208
-0.034082
-0.021654
0.011191
-0.013725
-0.085891
-0.062622
-0.014950
0.031103
0.007462
0.126019
0.243498
0.182415
0.165094
0.164588
0.057286
-0.012063
0.035264
0.060768
0.084853
-0.024877
-0.011517
0.006251
0.038812
0.013364
-0.062024
-0.044529
0.009169
0.030194
0.020140
0.145018
0.254511
0.188808
0.172935
0.113736
-0.005485
-0.064667
-0.024538
0.002750
0.026117
-0.091271
-0.087660
-0.049468
-0.015190
-0.055570
-0.143560
-0.140630
-0.093107
-0.060292
-0.063641
0.075633
0.187704
0.125566
0.114485
0.064249
-0.054217
-0.116808
-0.082883
-0.058047
-0.032234
-0.087940
-0.068864
-0.051327
-0.016563
-0.058542
-0.129301
-0.101742
-0.048655
0.000313
-0.021162
0.101839
0.217963
0.148790
0.135679
0.141647
0.039614
-0.029058
0.022694
0.045365
0.052904
-0.049246
-0.027620
-0.022205
0.005863
0.007263
-0.059476
-0.033066
0.024485
0.033972
0.020788
0.143999
0.254487
0.188565
0.160537
0.101714
0.010059
-0.055884
-0.013801
0.014487
0.064212
-0.074707
-0.131128
-0.086822
-0.062154
-0.092299
-0.172317
-0.167644
-0.136639
-0.132771
-0.107177
0.045239
0.131234
0.085555
0.021148
-0.047523
-0.121224
-0.180126
-0.153242
-0.131954
-0.121332
-0.258142
-0.173268
-0.141363
-0.130943
-0.147590
-0.199477
-0.152056
-0.098470
-0.076376
-0.084767
0.039360
0.166426
0.129944
0.109296
0.097967
-0.007245
-0.058441
-0.016853
0.007979
0.038046
0.011456
-0.011995
0.003486
0.015191
-0.006678
-0.053710
-0.011931
0.027744
0.053805
0.048867
0.162749
0.246636
0.195316
0.155594
0.115021
0.017982
-0.030653
0.020030
0.049970
0.099116
-0.041143
-0.058661
-0.018293
0.008155
-0.048072
-0.119354
-0.110149
-0.084945
-0.067714
-0.048259
0.091749
0.173329
0.130183
0.109795
0.022556
-0.052123
-0.108007
-0.080697
-0.058781
-0.035873
-0.134158
-0.072346
-0.038874
-0.025276
-0.096626
-0.173353
-0.138029
-0.090081
-0.048621
-0.043830
0.087909
0.190657
0.147928
0.124475
0.092557
-0.017778
-0.069004
-0.033940
-0.011985
0.016271
-0.078486
-0.046453
-0.015409
-0.002624
-0.047223
-0.114056
-0.084417
-0.043538
-0.013868
-0.009837
0.116492
0.203937
0.158357
0.126652
0.064299
-0.039082
-0.085336
-0.047750
-0.023704
0.031511
-0.084186
-0.054711
-0.016247
0.003231
-0.058511
-0.122347
-0.106651
-0.082279
-0.038016
-0.027876
0.102400
0.186889
0.138293
0.111413
0.064709
-0.039641
-0.086415
-0.050389
-0.030286
-0.005628
-0.103766
-0.056568
-0.021343
-0.005548
-0.060568
-0.127754
-0.103257
-0.073276
-0.034492
-0.028768
0.101860
0.194197
0.152127
0.127260
0.075440
-0.033222
-0.081561
-0.050046
-0.029290
0.015909
-0.081196
-0.042090
-0.004316
0.012476
-0.051052
-0.114562
-0.097864
-0.058334
-0.020554
-0.011626
0.116393
0.201077
0.149047
0.125059
0.091670
-0.011906
-0.061576
-0.023700
-0.004024
0.018230
-0.096050
-0.047406
-0.012919
0.005987
-0.046534
-0.113820
-0.090859
-0.063099
-0.033612
-0.024755
0.108691
0.200308
0.158794
0.135871
0.067210
-0.037538
-0.082283
-0.055763
-0.036480
0.018536
-0.087696
-0.046047
-0.005212
0.010234
-0.061061
-0.125432
-0.111271
-0.072346
-0.030577
-0.019140
0.109852
0.193024
0.137907
0.117130
0.087598
-0.016836
-0.065943
-0.029238
-0.012068
0.010287
-0.103409
-0.041001
-0.009394
0.008238
-0.043583
-0.103829
-0.077286
-0.049165
-0.021877
-0.014400
0.117364
0.207823
0.162216
0.140956
0.075099
-0.032275
-0.075926
-0.048398
-0.029323
0.025092
-0.088780
-0.055372
-0.013414
0.003562
-0.064946
-0.129477
-0.118077
-0.092453
-0.045515
-0.031874
0.098988
0.181400
0.127257
0.107247
0.063880
-0.040625
-0.086372
-0.054774
-0.039213
-0.012050
-0.098643
-0.025515
0.006740
0.020956
-0.050224
-0.102998
-0.075668
-0.044859
-0.006572
-0.001313
0.125998
0.214577
0.163697
0.145512
0.108266
-0.002060
-0.049473
-0.016581
0.001517
0.033793
-0.091125
-0.036976
0.000313
0.015808
-0.046490
-0.107020
-0.095045
-0.071105
-0.037490
-0.022336
0.110600
0.192256
0.139521
0.119855
0.050000
-0.050937
-0.091918
-0.066107
-0.050538
-0.022007
-0.103872
-0.020730
0.012821
0.025103
-0.066126
-0.117702
-0.094984
-0.051511
-0.013045
-0.003289
0.124715
0.210013
0.153768
0.139922
0.107843
-0.002050
-0.047712
-0.014304
-0.000775
0.019120
-0.105327
-0.023135
0.004873
0.022969
-0.045532
-0.098577
-0.078939
-0.052971
-0.024164
-0.010800
0.121587
0.205771
0.154000
0.136619
-0.054382
-0.154205
0.062682
0.220919
0.369111
0.497137
0.613821
0.694436
0.789312
0.866538
0.892101
0.964849
1.009469
1.050606
1.082647
1.102599
1.120190
0.949722
0.909574
0.817582
0.696656
0.603807
0.543800
0.489054
0.407220
0.330490
0.215959
0.092313
-0.050024
-0.168910
-0.279363
-0.407814
-0.479889
-0.437987
-0.471310
-0.492152
-0.464379
-0.380822
-0.277818
-0.177164
-0.191423
-0.180138
-0.266940
-0.415810
-0.514662
-0.501562
-0.462534
-0.510383
-0.527239
-0.581224
-0.605432
-0.612559
-0.621710
-0.582689
-0.577417
-0.546266
-0.427921
-0.363874
-0.274537
-0.190761
-0.249094
-0.252322
-0.280568
-0.341113
-0.377468
-0.379844
-0.360215
-0.336236
-0.292570
-0.237509
-0.218171
-0.235585
-0.194184
-0.225628
-0.211005
-0.135152
0.007636
0.029308
0.079932
0.175117
0.117241
0.086948
0.066713
-0.026920
-0.114548
-0.098688
-0.069040
-0.064378
-0.041004
-0.144338
-0.114974
-0.097946
-0.058133
-0.168639
-0.173676
-0.120113
-0.100432
-0.085253
0.012018
0.145121
0.180326
0.142416
0.140380
0.018872
-0.056458
-0.095210
-0.068976
-0.054317
-0.048255
-0.101835
-0.018766
0.009448
-0.029308
-0.140808
-0.151012
-0.123363
-0.067671
-0.047248
0.036118
0.158811
0.142978
0.108974
0.121100
0.035107
-0.055472
-0.063410
-0.045116
-0.038475
-0.061682
-0.099285
-0.039829
-0.019437
-0.017077
-0.109184
-0.091676
-0.059816
-0.037839
-0.028804
0.039790
0.159443
0.139865
0.103994
0.114262
0.023343
-0.059557
-0.062114
-0.036166
-0.030871
-0.028655
-0.051449
0.012018
0.038771
0.022308
-0.079472
-0.069151
-0.038778
-0.006906
0.008388
0.082700
0.198998
0.184589
0.146255
0.153218
0.054550
-0.029627
-0.035562
-0.011673
-0.004632
-0.012251
-0.067526
0.004000
0.028620
-0.002025
-0.100242
-0.097314
-0.071069
-0.052658
-0.029868
0.053094
0.175399
0.169058
0.133840
0.142663
0.035244
-0.048785
-0.065247
-0.042128
-0.032852
-0.027532
-0.058612
0.017765
0.042133
0.008956
-0.107007
-0.106462
-0.077224
-0.054423
-0.030724
0.054500
0.178950
0.167278
0.131937
0.140833
0.039673
-0.046410
-0.061006
-0.039221
-0.030763
-0.033254
-0.075624
-0.004228
0.018528
-0.005178
-0.116509
-0.115688
-0.083752
-0.060526
-0.038605
0.044155
0.167526
0.159331
0.123645
0.130821
0.025251
-0.058985
-0.071127
-0.047571
-0.039408
-0.035036
-0.067063
0.004242
0.028524
-0.008272
-0.108105
-0.102603
-0.070427
-0.046634
-0.024123
0.057449
0.178689
0.169708
0.132423
0.137915
0.034232
-0.049989
-0.059905
-0.036751
-0.028535
-0.029093
-0.074310
-0.003174
0.019484
-0.015352
-0.113830
-0.110504
-0.078138
-0.054864
-0.032386
0.049940
0.171770
0.166958
0.129404
0.133860
0.024920
-0.058674
-0.070868
-0.046478
-0.037895
-0.030590
-0.066877
0.004521
0.028293
-0.010395
-0.112585
-0.110841
-0.077853
-0.053850
-0.029826
0.054601
0.177246
0.173350
0.135708
0.140166
0.031563
-0.052979
-0.066791
-0.042756
-0.033929
-0.028866
-0.070592
0.002506
0.025666
-0.011038
-0.116212
-0.116812
-0.084038
-0.062854
-0.037371
0.048136
0.172176
0.170324
0.131752
0.136741
0.026939
-0.057481
-0.071915
-0.047967
-0.039151
-0.030558
-0.067888
0.003850
0.027289
-0.012166
-0.115699
-0.116776
-0.082305
-0.058902
-0.033537
0.052098
0.175387
0.174977
0.136395
0.139348
0.027888
-0.056548
-0.071223
-0.047008
-0.037980
-0.030089
-0.069440
0.003349
0.026039
-0.015229
-0.118911
-0.120615
-0.086193
-0.064521
-0.037804
0.048811
0.173346
0.176176
0.137268
0.139350
0.025542
-0.058686
-0.074189
-0.049629
-0.040349
-0.029706
-0.066985
0.006771
0.030494
-0.012904
-0.121074
-0.122880
-0.087321
-0.062385
-0.036638
0.050227
0.174768
0.181218
0.140521
0.141566
0.025038
-0.059581
-0.076196
-0.051353
-0.041622
-0.027615
-0.063775
0.009355
0.033550
-0.011467
-0.121875
-0.125753
-0.089911
-0.065826
-0.038269
0.049645
0.175037
0.184897
0.143057
0.143129
0.022985
-0.061102
-0.079551
-0.054290
-0.043818
-0.026916
-0.061821
0.012923
0.038038
-0.010134
-0.124309
-0.131003
-0.095192
-0.069530
-0.040744
0.048526
0.174542
0.185803
0.142593
0.141348
0.020578
-0.061999
-0.081038
-0.055986
-0.045224
-0.029230
-0.068617
0.007979
0.032359
-0.014683
-0.128825
-0.138955
-0.102927
-0.074199
-0.046172
0.043225
0.169853
0.185780
0.142240
0.138242
0.015122
-0.066752
-0.087216
-0.062002
-0.050724
-0.033118
-0.068827
0.008787
0.033698
-0.015338
-0.129825
-0.140302
-0.105173
-0.074684
-0.046668
0.041557
0.167653
0.183615
0.140314
0.138138
0.016431
-0.065366
-0.083083
-0.058283
-0.047752
-0.032791
-0.072244
0.007843
0.031961
-0.013975
-0.128416
-0.137116
-0.100236
-0.070310
-0.043556
0.042121
0.167029
0.184908
0.140193
0.138313
0.017056
-0.065635
-0.082047
-0.057081
-0.046921
-0.030037
-0.069375
0.010425
0.034831
-0.010875
-0.124988
-0.133358
-0.096599
-0.065964
-0.039792
0.045628
0.170540
0.189242
0.144346
0.140365
0.019004
-0.062665
-0.079708
-0.054830
-0.044537
-0.030617
-0.074231
0.008393
0.033675
-0.012147
-0.125909
-0.136579
-0.102128
-0.071887
-0.045352
0.040826
0.166607
0.186337
0.141221
0.138828
0.018439
-0.063702
-0.081726
-0.057415
-0.047262
-0.032522
-0.076351
0.007958
0.031640
-0.012980
-0.125316
-0.138107
-0.102569
-0.071672
-0.045493
0.040025
0.165418
0.184453
0.140201
0.137901
0.017747
-0.064538
-0.081988
-0.057678
-0.047881
-0.035393
-0.079364
0.007135
0.030497
-0.013339
-0.122591
-0.133865
-0.098109
-0.067959
-0.042711
0.041154
0.166217
0.184405
0.140370
0.139788
0.021841
-0.061612
-0.077336
-0.053013
-0.043887
-0.032097
-0.078414
0.008586
0.031191
-0.010901
-0.122178
-0.131625
-0.094899
-0.064838
-0.040416
0.042656
0.167149
0.187792
0.142840
0.140006
0.020751
-0.061046
-0.076929
-0.052504
-0.043209
-0.031299
-0.081005
0.007314
0.031616
-0.010020
-0.121414
-0.133638
-0.098180
-0.067638
-0.042621
0.041005
0.166450
0.188876
0.143944
0.140399
0.021455
-0.060871
-0.077882
-0.053750
-0.044182
-0.033850
-0.085386
0.006853
0.030198
-0.011839
-0.122149
-0.136834
-0.102752
-0.072448
-0.047193
0.037045
0.163131
0.185440
0.140368
0.138013
0.020169
-0.062664
-0.080318
-0.056737
-0.047395
-0.036714
-0.088002
0.005282
0.028547
-0.012182
-0.121447
-0.137234
-0.101895
-0.070669
-0.045839
0.037344
0.162906
0.185920
0.141217
0.138360
0.020454
-0.062565
-0.079725
-0.056085
-0.046904
-0.037944
-0.091146
0.003555
0.027594
-0.011461
-0.119080
-0.134512
-0.099660
-0.068810
-0.044705
0.037087
0.162378
0.185640
0.140924
0.138779
0.022790
-0.060029
-0.075877
-0.052256
-0.043384
-0.036223
-0.094605
0.002041
0.025637
-0.011492
-0.120842
-0.136577
-0.101824
-0.070854
-0.047252
0.034342
0.159692
0.186638
0.141435
0.137454
0.018258
-0.060834
-0.077222
-0.053990
-0.044894
-0.038506
-0.098984
-0.001658
0.022998
-0.012957
-0.120113
-0.139210
-0.105669
-0.074147
-0.050542
0.030958
0.157019
0.184355
0.139929
0.135963
0.018035
-0.061842
-0.078767
-0.055991
-0.046842
-0.042458
-0.103509
-0.005392
0.020411
-0.013938
-0.120448
-0.140697
-0.107655
-0.076426
-0.053807
0.027332
0.153735
0.182136
0.137209
0.134149
0.017853
-0.062171
-0.079328
-0.057332
-0.048471
-0.044553
-0.105083
-0.006479
0.019462
-0.011702
-0.119986
-0.140594
-0.106613
-0.074679
-0.052528
0.027385
0.153365
0.184705
0.140326
0.135548
0.020910
-0.059808
-0.077460
-0.055727
-0.046536
-0.045801
-0.109304
-0.010318
0.017390
-0.012482
-0.120203
-0.142239
-0.109401
-0.077356
-0.055856
0.023170
0.149340
0.182540
0.139387
0.133821
0.021694
-0.059360
-0.077080
-0.055951
-0.046681
-0.049103
-0.114339
-0.013958
0.014708
-0.013115
-0.122993
-0.145760
-0.113191
-0.078167
-0.058114
0.019635
0.145416
0.179732
0.139319
0.132195
0.024047
-0.057450
-0.075277
-0.055003
-0.045740
-0.051276
-0.117790
-0.016961
0.012023
-0.011951
-0.119571
-0.144137
-0.112938
-0.077556
-0.058560
0.017919
0.143836
0.178879
0.140672
0.132620
0.029247
-0.052775
-0.070736
-0.051457
-0.042184
-0.053441
-0.126071
-0.023621
0.006538
-0.013341
-0.120003
-0.146240
-0.117153
-0.084627
-0.065738
0.009884
0.136388
0.173245
0.137018
0.129988
0.029093
-0.054373
-0.073256
-0.055047
-0.046018
-0.057026
-0.121000
-0.018826
0.012086
-0.006832
-0.114606
-0.142246
-0.111349
-0.065162
-0.050932
0.022518
0.146917
0.183336
0.148872
0.140528
0.039879
-0.044528
-0.063190
-0.044084
-0.035440
-0.051399
-0.122514
-0.019668
0.011109
-0.004756
-0.111983
-0.139495
-0.109642
-0.072115
-0.056577
0.016490
0.141699
0.179066
0.148748
0.141661
0.038224
-0.047210
-0.067373
-0.049003
-0.039881
-0.054566
-0.125510
-0.022115
0.011193
0.000882
-0.111513
-0.135992
-0.130100
-0.082644
-0.059921
-0.009841
0.113888
0.169738
0.137740
0.136460
0.038792
-0.054037
-0.086555
-0.067951
-0.061985
-0.040151
-0.058036
0.059765
0.081760
0.065991
-0.033656
-0.054719
-0.020160
0.052589
0.067035
0.104505
0.220572
0.266026
0.211463
0.209922
0.127727
0.026190
0.002003
0.029420
0.033441
0.046646
-0.045452
0.068744
0.081268
0.069027
-0.035974
-0.050447
-0.022055
0.006555
0.036400
0.084571
0.201513
0.238615
0.191445
0.171226
0.056830
-0.026493
-0.058671
-0.033914
-0.027281
0.008271
-0.069913
-0.002555
0.026041
0.006089
-0.096264
-0.135400
-0.121966
-0.097787
-0.050052
0.011168
0.137996
0.183852
0.137750
0.135080
0.030155
-0.053355
-0.086426
-0.064549
-0.059021
-0.041940
-0.126097
-0.005513
0.006823
0.007598
-0.101814
-0.130351
-0.103370
-0.065907
-0.035210
0.015402
0.139854
0.183342
0.131072
0.138419
0.044025
-0.050222
-0.077627
-0.052822
-0.049423
-0.023255
-0.079727
0.035689
0.044470
0.035693
-0.067700
-0.080940
-0.048416
-0.012765
0.016735
0.064569
0.184206
0.224922
0.171073
0.172143
0.071791
-0.018983
-0.042769
-0.016451
-0.012809
0.011760
-0.088176
-0.001087
0.013604
0.002325
-0.088513
-0.117664
-0.095748
-0.072064
-0.051966
0.008933
0.138123
0.185510
0.142412
0.142704
0.031227
-0.050732
-0.086521
-0.062983
-0.056069
-0.023358
-0.112843
-0.013232
0.007473
0.000280
-0.109835
-0.149574
-0.128398
-0.100431
-0.056817
0.001250
0.129399
0.177733
0.128710
0.130866
0.024189
-0.061722
-0.091636
-0.068478
-0.064076
-0.037300
-0.116933
0.002720
0.011753
0.010161
-0.093388
-0.120342
-0.088175
-0.052277
-0.020616
0.028456
0.151172
0.196024
0.142889
0.144785
0.045633
-0.046057
-0.071537
-0.045644
-0.042003
-0.013320
-0.097242
0.009557
0.021656
0.011227
-0.082577
-0.108731
-0.080647
-0.047692
-0.020949
0.030724
0.154671
0.199167
0.153829
0.146477
0.033318
-0.050961
-0.079273
-0.054333
-0.049052
-0.016426
-0.105966
-0.016443
0.004595
-0.007557
-0.105426
-0.144939
-0.124796
-0.098314
-0.059613
-0.003161
0.124992
0.172998
0.132429
0.128102
0.025346
-0.060088
-0.092888
-0.070350
-0.064675
-0.035770
-0.132311
-0.010238
0.006109
0.005048
-0.098520
-0.135506
-0.110125
-0.069996
-0.037056
0.013439
0.138291
0.185133
0.138268
0.136321
0.036472
-0.054150
-0.081978
-0.057248
-0.052936
-0.025878
-0.117285
0.003101
0.018266
0.014814
-0.087947
-0.121079
-0.093674
-0.071338
-0.033005
0.016249
0.141800
0.189388
0.147922
0.140171
0.033148
-0.052400
-0.082186
-0.058152
-0.052892
-0.018488
-0.111192
-0.008143
0.013217
0.002825
-0.091971
-0.133592
-0.111389
-0.074084
-0.039332
0.011974
0.136340
0.182420
0.140589
0.133671
0.027374
-0.058158
-0.086547
-0.062529
-0.057916
-0.034107
-0.133187
-0.011861
0.006480
0.008247
-0.092908
-0.131140
-0.107111
-0.080676
-0.045770
0.002547
0.128733
0.178440
0.139336
0.133001
0.034115
-0.052775
-0.082707
-0.059331
-0.054060
-0.029214
-0.128814
-0.011899
0.009314
0.004889
-0.090595
-0.131503
-0.107589
-0.071141
-0.040360
0.007306
0.131628
0.179530
0.141147
0.132504
0.032126
-0.054918
-0.084263
-0.060532
-0.055759
-0.031634
-0.127980
-0.010528
0.009451
0.008383
-0.086912
-0.126811
-0.101006
-0.065205
-0.036218
0.009453
0.133935
0.182477
0.145554
0.135469
0.038107
-0.050223
-0.079891
-0.056183
-0.051030
-0.027273
-0.127138
-0.012618
0.009003
0.004014
-0.083882
-0.125408
-0.100437
-0.064514
-0.035819
0.009116
0.133105
0.181311
0.144428
0.133106
0.034811
-0.053753
-0.083232
-0.060148
-0.054985
-0.029275
-0.123454
-0.010346
0.010679
0.003876
-0.080270
-0.122266
-0.095459
-0.057634
-0.030102
0.013596
0.136489
0.183669
0.147935
0.135352
0.039559
-0.050086
-0.079219
-0.055591
-0.050112
-0.027468
-0.129815
-0.017264
0.004794
-0.000905
-0.080077
-0.123322
-0.097305
-0.059148
-0.033421
0.009725
0.133157
0.181219
0.148561
0.131710
0.044817
-0.043942
-0.074369
-0.051929
-0.046456
-0.027179
-0.143811
-0.033000
-0.010182
-0.014972
-0.087154
-0.134386
-0.110367
-0.073627
-0.046338
-0.002865
0.121715
0.171110
0.142711
0.132332
0.042857
-0.046698
-0.078942
-0.058369
-0.052791
-0.030971
-0.141890
-0.032123
-0.009124
-0.010734
-0.082131
-0.132065
-0.106084
-0.067175
-0.040845
0.000717
0.125106
0.175209
0.148255
0.136666
0.050693
-0.040432
-0.072848
-0.052179
-0.046526
-0.025886
-0.141763
-0.035517
-0.011542
-0.015483
-0.076857
-0.128431
-0.103417
-0.066322
-0.040400
0.000220
0.123914
0.173570
0.147543
0.135333
0.049413
-0.041476
-0.073839
-0.054692
-0.048306
-0.026632
-0.133870
-0.023732
-0.000382
-0.007014
-0.070984
-0.122264
-0.094433
-0.054522
-0.028457
0.010259
0.132597
0.181678
0.156918
0.139728
0.056103
-0.036400
-0.068761
-0.047094
-0.041067
-0.019928
-0.119308
0.006613
0.024816
0.027768
-0.034337
-0.091113
-0.071766
-0.015317
0.019281
0.029819
0.145778
0.212120
0.171130
0.158047
0.075856
-0.030268
-0.073497
-0.045534
-0.041190
-0.010814
-0.054419
0.060751
0.069007
0.068961
-0.013611
-0.066565
-0.031217
0.016011
0.057605
0.066286
0.178793
0.237184
0.188497
0.171613
0.090775
-0.018688
-0.057935
-0.028456
-0.021798
0.008977
-0.070392
0.030029
0.036957
0.049988
-0.041154
-0.095144
-0.066241
-0.032102
0.012020
0.025794
0.143945
0.205851
0.158426
0.145246
0.053693
-0.046823
-0.082808
-0.056279
-0.050294
-0.023659
-0.090954
0.018127
0.025775
0.037638
-0.057021
-0.111816
-0.081255
-0.049358
-0.001046
0.014307
0.135201
0.201779
0.151494
0.144734
0.066876
-0.037589
-0.075056
-0.049237
-0.043801
-0.016982
-0.092227
0.018272
0.022009
0.034537
-0.055403
-0.112663
-0.076121
-0.038590
-0.003722
0.012468
0.134462
0.200064
0.150141
0.141153
0.053925
-0.048106
-0.084044
-0.058380
-0.052327
-0.024462
-0.092048
0.005058
0.011149
0.023099
-0.067504
-0.126159
-0.090388
-0.053162
-0.017312
-0.000545
0.123261
0.191255
0.143199
0.133976
0.048752
-0.053829
-0.089558
-0.063427
-0.056901
-0.028927
-0.093669
0.010008
0.014635
0.025494
-0.066122
-0.123357
-0.084800
-0.041491
-0.006332
0.007605
0.129382
0.195418
0.147380
0.136092
0.053939
-0.049766
-0.085166
-0.057204
-0.050161
-0.020552
-0.091434
0.003699
0.007623
0.019338
-0.068313
-0.127690
-0.088916
-0.051558
-0.016626
-0.001349
0.122141
0.189657
0.145034
0.131123
0.037055
-0.063930
-0.099071
-0.072521
-0.064663
-0.035813
-0.086053
0.007566
0.014880
0.025175
-0.068844
-0.130712
-0.092373
-0.052434
-0.008887
0.005408
0.127538
0.194128
0.147425
0.133688
0.048947
-0.055267
-0.091240
-0.062686
-0.055017
-0.024268
-0.091107
0.002829
0.006359
0.017731
-0.069018
-0.130918
-0.088636
-0.050006
-0.015767
-0.001732
0.121234
0.188211
0.145140
0.128074
0.034457
-0.068125
-0.103993
-0.076807
-0.067740
-0.038560
-0.086238
0.004323
0.012096
0.022318
-0.066716
-0.131430
-0.091706
-0.055855
-0.007221
0.005742
0.126758
0.192354
0.148743
0.131147
0.044519
-0.060497
-0.096438
-0.067111
-0.057657
-0.027631
-0.092725
-0.004496
0.001236
0.011506
-0.066915
-0.130352
-0.087512
-0.043534
-0.010599
0.001382
0.122463
0.187844
0.146512
0.126855
0.033726
-0.069021
-0.105450
-0.077641
-0.067181
-0.039248
-0.085668
0.000105
0.009083
0.018803
-0.064394
-0.132086
-0.089896
-0.053998
-0.005454
0.006338
0.127025
0.192355
0.151411
0.130989
0.041330
-0.064112
-0.101281
-0.072790
-0.061883
-0.033422
-0.088434
-0.005486
0.003430
0.013431
-0.064021
-0.132905
-0.088849
-0.044317
-0.009296
0.002218
0.123555
0.189525
0.149365
0.128243
0.034679
-0.066868
-0.104406
-0.076648
-0.065442
-0.038122
-0.085160
-0.003420
0.006740
0.016488
-0.062714
-0.133183
-0.089077
-0.053859
-0.003014
0.007712
0.127532
0.191631
0.152435
0.129961
0.036582
-0.065689
-0.103087
-0.074613
-0.063477
-0.035431
-0.086103
-0.003865
0.005918
0.015660
-0.060966
-0.130168
-0.085858
-0.050199
-0.001837
0.008438
0.128252
0.192518
0.154048
0.131202
0.036531
-0.065706
-0.103310
-0.075105
-0.063952
-0.036195
-0.080500
0.002251
0.012549
0.021904
-0.060919
-0.129346
-0.086786
-0.054087
-0.000558
0.009917
0.128673
0.191359
0.153203
0.129654
0.034610
-0.068302
-0.105404
-0.075897
-0.066247
-0.036354
-0.075397
0.012336
0.020267
0.029848
-0.056129
-0.121614
-0.079181
-0.047059
0.005598
0.015273
0.133355
0.195228
0.156444
0.133032
0.040107
-0.064338
-0.101101
-0.070799
-0.061576
-0.030427
-0.071396
0.017522
0.024396
0.030903
-0.053306
-0.116885
-0.076694
-0.045676
0.007143
0.017202
0.134935
0.196257
0.155332
0.133348
0.041617
-0.065170
-0.101047
-0.070286
-0.062278
-0.029898
-0.063587
0.029934
0.033472
0.040273
-0.048367
-0.108947
-0.067290
-0.035544
0.017569
0.027857
0.144729
0.203880
0.162844
0.141358
0.047586
-0.058514
-0.093447
-0.063655
-0.055887
-0.022741
-0.064514
0.030881
0.032693
0.042854
-0.050191
-0.108157
-0.069260
-0.037518
0.014794
0.026848
0.144573
0.203890
0.161781
0.142291
0.046335
-0.058073
-0.091746
-0.063197
-0.056100
-0.023374
-0.066961
0.034148
0.032901
0.042856
-0.047461
-0.102593
-0.064347
-0.033330
0.019242
0.032132
0.149688
0.207316
0.162615
0.145815
0.053568
-0.050701
-0.083387
-0.055656
-0.048761
-0.015279
-0.068519
0.031411
0.026182
0.036665
-0.052874
-0.106429
-0.069099
-0.032472
0.003766
0.020011
0.140806
0.200758
0.156636
0.141990
0.045660
-0.056630
-0.088686
-0.062566
-0.056320
-0.024016
-0.066152
0.028853
0.024717
0.034529
-0.056470
-0.109540
-0.074732
-0.038067
-0.000716
0.017944
0.139818
0.200523
0.155708
0.144280
0.045034
-0.055812
-0.088664
-0.064603
-0.058968
-0.027006
-0.059652
0.034210
0.028540
0.037551
-0.056206
-0.108005
-0.072333
-0.033808
0.004108
0.024058
0.146204
0.204518
0.160321
0.149042
0.044366
-0.055230
-0.089138
-0.066331
-0.060719
-0.028914
-0.058921
0.028604
0.023227
0.032197
-0.062242
-0.114372
-0.081798
-0.043138
-0.004222
0.018214
0.145509
0.187266
0.151132
0.130674
0.012963
-0.074509
-0.093760
-0.069781
-0.063750
-0.005772
-0.067123
-0.025590
-0.019562
-0.030910
-0.110018
-0.156792
-0.123591
-0.091457
-0.061519
-0.009955
0.112538
0.150449
0.120705
0.105660
-0.004120
-0.085713
-0.109870
-0.085866
-0.081260
-0.037154
-0.104555
-0.007868
-0.010166
-0.013204
-0.097509
-0.137871
-0.098239
-0.057057
-0.024610
0.019899
0.137541
0.172111
0.133063
0.118936
0.007442
-0.083804
-0.103771
-0.078223
-0.073576
-0.023914
-0.068545
0.020062
0.021251
0.004773
-0.069680
-0.104876
-0.064509
-0.029465
0.003852
0.047878
0.164022
0.196026
0.158487
0.139515
0.022980
-0.066032
-0.084959
-0.059352
-0.054623
-0.005522
-0.059788
0.012694
0.015654
0.000648
-0.073623
-0.111126
-0.077515
-0.056372
-0.015281
0.032340
0.149503
0.182111
0.148881
0.128629
0.004775
-0.078402
-0.100304
-0.075411
-0.071361
-0.026363
-0.072936
0.018914
0.020788
0.015404
-0.079125
-0.115158
-0.081647
-0.042630
-0.008781
0.038983
0.156764
0.190247
0.155169
0.140380
0.019213
-0.066622
-0.090265
-0.065424
-0.061127
-0.014559
-0.060329
0.027762
0.029221
0.012785
-0.067305
-0.104359
-0.069613
-0.033355
0.002789
0.051008
0.165857
0.196048
0.159444
0.143529
0.018199
-0.068654
-0.092646
-0.068059
-0.063801
-0.016051
-0.053688
-0.017737
-0.017344
-0.031336
-0.119172
-0.183168
-0.127790
-0.085546
-0.066408
-0.007650
0.123234
0.164148
0.126567
0.152904
0.023898
-0.047080
-0.080859
-0.062472
-0.050508
-0.026368
-0.139873
-0.061707
-0.072954
-0.064993
-0.117684
-0.184037
-0.120443
-0.074372
-0.036898
0.011418
0.135519
-0.014834
