0.267027
0.266582
0.267670
0.270217
0.274024
0.278847
0.284733
0.291647
0.299176
0.307351
0.315979
0.324943
0.334363
0.343350
0.351328
0.358251
0.364338
0.369370
0.373465
0.376719
0.379056
0.380758
0.381614
0.381758
0.380886
0.378981
0.375895
0.371957
0.367114
0.361135
0.354840
0.349224
0.343932
0.339041
0.335931
0.333473
0.330858
0.328588
0.326243
0.323132
0.319368
0.315812
0.312344
0.308932
0.305483
0.303165
0.301204
0.299435
0.296923
0.294009
0.290882
0.288140
0.285536
0.283234
0.282300
0.281855
0.280977
0.280476
0.279347
0.277268
0.274600
0.272117
0.269780
0.267741
0.266060
0.265619
0.265580
0.265577
0.265970
0.266698
0.266781
0.267060
0.267846
0.268920
0.271078
0.273135
0.274488
0.275828
0.277523
0.279713
0.282430
0.284641
0.286597
0.288231
0.288724
0.288318
0.287519
0.286706
0.285924
0.285437
0.284764
0.283943
0.282671
0.281489
0.280312
0.279283
0.279206
0.280652
0.281947
0.282409
0.281941
0.280554
0.278120
0.275805
0.273793
0.272208
0.270610
0.269248
0.268160
0.267287
0.266108
0.264475
0.262090
0.259712
0.257917
0.256560
0.256449
0.257314
0.257494
0.257502
0.258063
0.258440
0.258377
0.258675
0.258683
0.257657
0.256153
0.254955
0.253901
0.253212
0.252776
0.251984
0.251000
0.249875
0.248754
0.247521
0.247073
0.248204
0.250700
0.253074
0.254852
0.255852
0.255955
0.255262
0.254756
0.254418
0.254398
0.253854
0.253126
0.252590
0.252155
0.251481
0.250381
0.248578
0.246846
0.245343
0.244200
0.244446
0.245497
0.245869
0.246168
0.247065
0.247325
0.247563
0.249046
0.250575
0.251572
0.251542
0.251329
0.251294
0.251616
0.251740
0.251462
0.250926
0.250377
0.249820
0.249248
0.249865
0.251863
0.253681
0.255546
0.257714
0.259218
0.260006
0.260779
0.261757
0.262752
0.263134
0.262630
0.261990
0.261635
0.261229
0.260865
0.260135
0.259165
0.258338
0.257604
0.257947
0.259375
0.260237
0.261027
0.262021
0.262300
0.262069
0.261937
0.262004
0.262073
0.261511
0.260716
0.260072
0.259717
0.259262
0.258365
0.257311
0.256090
0.254968
0.253931
0.253886
0.254789
0.255141
0.255312
0.255952
0.256845
0.256875
0.256687
0.256873
0.256990
0.256843
0.255963
0.254942
0.254079
0.253329
0.252669
0.251724
0.250219
0.248869
0.247605
0.246796
0.247475
0.249110
0.250212
0.251434
0.252492
0.252538
0.252109
0.251948
0.251844
0.251951
0.252349
0.253385
0.254716
0.256108
0.257040
0.257846
0.258122
0.258563
0.259440
0.260678
0.263105
0.265720
0.267601
0.269514
0.271825
0.274433
0.276296
0.278002
0.279695
0.280504
0.280683
0.279986
0.279018
0.278198
0.277612
0.276591
0.275368
0.273678
0.272141
0.270606
0.269461
0.269858
0.271500
0.272376
0.272352
0.271481
0.269734
0.267219
0.264911
0.262703
0.260780
0.259129
0.258282
0.257769
0.257286
0.256675
0.255627
0.253918
0.252483
0.251649
0.251253
0.252168
0.253659
0.254377
0.255010
0.256010
0.257348
0.257950
0.258510
0.258796
0.257909
0.256235
0.254512
0.252854
0.251404
0.250367
0.249001
0.247357
0.245287
0.243275
0.241168
0.239348
0.238945
0.240063
0.241401
0.242915
0.244544
0.245422
0.245569
0.245831
0.246354
0.247113
0.247154
0.246473
0.245739
0.245278
0.244491
0.243262
0.241341
0.239377
0.237547
0.235901
0.235503
0.236444
0.237202
0.237692
0.238578
0.239057
0.239646
0.240625
0.241751
0.242926
0.244163
0.245822
0.247583
0.249560
0.251131
0.252563
0.254280
0.256121
0.258137
0.260144
0.263051
0.266529
0.269167
0.271417
0.273910
0.276684
0.278958
0.280750
0.282669
0.284238
0.285029
0.284963
0.284038
0.282974
0.282294
0.281357
0.280130
0.278403
0.276712
0.275205
0.273877
0.273881
0.275471
0.276817
0.277160
0.276556
0.275137
0.272853
0.270434
0.268253
0.266265
0.264328
0.263177
0.262497
0.262022
0.261171
0.260091
0.258650
0.257263
0.256544
0.256138
0.256740
0.258235
0.259085
0.259307
0.259654
0.260417
0.261571
0.262184
0.262679
0.263313
0.262929
0.261642
0.260181
0.258819
0.257492
0.256552
0.255509
0.254407
0.252838
0.251298
0.249730
0.248232
0.247763
0.248855
0.250684
0.252051
0.252989
0.253410
0.252983
0.252414
0.252183
0.252170
0.251699
0.250353
0.248963
0.247882
0.246523
0.244738
0.242359
0.239790
0.237616
0.235753
0.234882
0.235070
0.234821
0.234308
0.234215
0.233859
0.233947
0.234258
0.234849
0.235395
0.235705
0.236129
0.236590
0.237290
0.237780
0.237870
0.238021
0.238238
0.238548
0.238798
0.239880
0.242248
0.244758
0.246718
0.248733
0.251205
0.252973
0.254245
0.255788
0.257490
0.258968
0.259676
0.259835
0.260162
0.260766
0.261094
0.260960
0.260146
0.259357
0.258806
0.258540
0.259600
0.261935
0.263842
0.265582
0.266906
0.267244
0.266900
0.266713
0.266712
0.266555
0.265421
0.264383
0.263790
0.263462
0.262657
0.261553
0.260106
0.258645
0.257387
0.256342
0.256499
0.257433
0.257723
0.257964
0.258749
0.258966
0.258734
0.258844
0.259136
0.259097
0.258222
0.256800
0.255481
0.254557
0.253570
0.252340
0.250666
0.248986
0.247389
0.245847
0.245489
0.246594
0.247643
0.248606
0.249788
0.250268
0.250335
0.250616
0.251162
0.251785
0.251979
0.251867
0.251846
0.252122
0.252131
0.251986
0.251716
0.251326
0.251157
0.251183
0.252205
0.253985
0.255007
0.255722
0.256939
0.258138
0.258696
0.259365
0.260425
0.261087
0.261286
0.261160
0.260815
0.260713
0.260657
0.260352
0.259964
0.259241
0.258694
0.258218
0.258422
0.260086
0.261969
0.263518
0.265284
0.266671
0.267170
0.267286
0.267751
0.268252
0.268591
0.268672
0.268928
0.269495
0.269990
0.270065
0.269771
0.268937
0.268360
0.267983
0.268199
0.269892
0.271930
0.273365
0.275070
0.276666
0.277356
0.277712
0.278418
0.278980
0.279261
0.278799
0.278272
0.277824
0.277468
0.276558
0.275508
0.273988
0.272614
0.271245
0.270368
0.271058
0.272285
0.273041
0.274095
0.274677
0.274316
0.273488
0.273002
0.272562
0.272127
0.271509
0.271361
0.271546
0.271679
0.271275
0.270564
0.269337
0.268335
0.267585
0.267395
0.268684
0.270316
0.271365
0.272651
0.274099
0.274666
0.274949
0.275615
0.275775
0.275363
0.274150
0.272908
0.271806
0.270902
0.269555
0.268073
0.266164
0.264390
0.262592
0.261181
0.261324
0.262365
0.262998
0.263822
0.264080
0.263357
0.262137
0.261267
0.260490
0.260010
0.259685
0.259799
0.260233
0.260549
0.260485
0.260062
0.259089
0.258362
0.258065
0.258290
0.259914
0.261960
0.263274
0.264641
0.266594
0.267922
0.268948
0.270389
0.271354
0.271517
0.270717
0.269497
0.268312
0.267463
0.266393
0.265095
0.263462
0.261889
0.260267
0.258738
0.258557
0.259621
0.260395
0.261326
0.262179
0.262028
0.261195
0.260447
0.259872
0.259574
0.259400
0.259458
0.259872
0.260493
0.261031
0.261198
0.260683
0.260168
0.260085
0.260410
0.261918
0.264201
0.265745
0.267187
0.269278
0.271025
0.272333
0.273975
0.275227
0.275599
0.275320
0.274707
0.273907
0.273438
0.272889
0.271905
0.270673
0.269423
0.268148
0.266822
0.266660
0.268018
0.269375
0.270834
0.272224
0.272664
0.272309
0.271800
0.271545
0.271504
0.271558
0.271786
0.272412
0.273296
0.273895
0.274197
0.273915
0.273427
0.273254
0.273457
0.274701
0.277020
0.278739
0.280343
0.282513
0.284402
0.285693
0.287140
0.288242
0.288474
0.288281
0.288023
0.287975
0.288256
0.288208
0.287669
0.287128
0.286468
0.285860
0.285224
0.285556
0.287353
0.289025
0.290805
0.292030
0.292365
0.291790
0.291038
0.290570
0.290323
0.289739
0.289085
0.288753
0.288689
0.288151
0.287286
0.285953
0.284422
0.283123
0.282123
0.282269
0.283725
0.284828
0.285868
0.287399
0.288538
0.289027
0.289570
0.290133
0.290108
0.289636
0.289097
0.288784
0.288771
0.288469
0.287834
0.287299
0.286623
0.285995
0.285346
0.285779
0.287260
0.288187
0.289203
0.290268
0.290422
0.289889
0.289314
0.288981
0.288789
0.288057
0.286805
0.285639
0.284784
0.283540
0.282033
0.280108
0.278000
0.276129
0.274495
0.274011
0.274971
0.275666
0.276279
0.277377
0.277943
0.277890
0.277901
0.278134
0.278404
0.278300
0.277840
0.277312
0.277079
0.276815
0.276064
0.275147
0.274081
0.273088
0.272073
0.272096
0.273084
0.273496
0.273839
0.274760
0.275305
0.275211
0.275233
0.275561
0.275889
0.275916
0.275049
0.274017
0.273332
0.272483
0.271469
0.270066
0.268516
0.267166
0.265911
0.265721
0.266982
0.268122
0.269163
0.270267
0.270638
0.270326
0.269979
0.269932
0.269959
0.269630
0.268977
0.268528
0.268400
0.268170
0.267518
0.266712
0.265534
0.264516
0.263751
0.263779
0.265078
0.266045
0.266703
0.267814
0.268690
0.268867
0.268992
0.269413
0.269630
0.269361
0.268728
0.268018
0.267543
0.267141
0.266420
0.265631
0.264510
0.263523
0.262580
0.262357
0.263521
0.264641
0.265517
0.266769
0.267723
0.267890
0.267918
0.268287
0.268648
0.268740
0.268271
0.267637
0.267307
0.266898
0.266299
0.265399
0.264142
0.263110
0.262222
0.262101
0.263446
0.264865
0.265935
0.267263
0.268083
0.268193
0.268112
0.268361
0.268621
0.268632
0.268359
0.268289
0.268506
0.268613
0.268095
0.267350
0.266286
0.265416
0.264626
0.264584
0.266026
0.267484
0.268645
0.270167
0.271416
0.271895
0.272255
0.272960
0.273443
0.273595
0.273225
0.272656
0.272276
0.271854
0.271098
0.270292
0.269163
0.268203
0.267283
0.267106
0.268436
0.269847
0.271000
0.272333
0.273022
0.272991
0.272728
0.272811
0.272919
0.272835
0.272466
0.272276
0.272384
0.272293
0.271821
0.271134
0.270106
0.269312
0.268648
0.268758
0.270324
0.271829
0.273002
0.274517
0.275833
0.276380
0.276850
0.277688
0.278137
0.278201
0.277793
0.277185
0.276746
0.276337
0.275534
0.274688
0.273523
0.272507
0.271495
0.271211
0.272494
0.273924
0.275152
0.276522
0.277176
0.277094
0.276717
0.276682
0.276698
0.276538
0.276139
0.275963
0.276104
0.275979
0.275529
0.274783
0.273671
0.272816
0.272113
0.272204
0.273769
0.275309
0.276516
0.278054
0.279368
0.279904
0.280329
0.281116
0.281498
0.281493
0.280927
0.280235
0.279731
0.279268
0.278297
0.277274
0.275942
0.274749
0.273533
0.273037
0.274141
0.275435
0.276542
0.277799
0.278309
0.278077
0.277528
0.277316
0.277157
0.276830
0.276284
0.276013
0.276064
0.275847
0.275302
0.274455
0.273239
0.272274
0.271449
0.271399
0.272824
0.274247
0.275331
0.276742
0.277990
0.278456
0.278821
0.279557
0.279892
0.279838
0.279186
0.278417
0.277845
0.277335
0.276314
0.275223
0.273830
0.272574
0.271285
0.270694
0.271705
0.272953
0.273998
0.275192
0.275664
0.275384
0.274793
0.274553
0.274365
0.274026
0.273468
0.273209
0.273282
0.273108
0.272595
0.271725
0.270481
0.269494
0.268647
0.268556
0.269946
0.271401
0.272493
0.273901
0.275145
0.275599
0.275944
0.276666
0.277029
0.277021
0.276456
0.275746
0.275229
0.274765
0.273767
0.272690
0.271317
0.270084
0.268812
0.268222
0.269206
0.270428
0.271431
0.272606
0.273115
0.272868
0.272330
0.272164
0.272041
0.271776
0.271279
0.271032
0.271118
0.270963
0.270459
0.269626
0.268434
0.267499
0.266708
0.266662
0.268087
0.269577
0.270698
0.272125
0.273365
0.273828
0.274184
0.274931
0.275427
0.275626
0.275295
0.274851
0.274489
0.274223
0.273522
0.272871
0.271812
0.270884
0.269955
0.269516
0.270571
0.271907
0.272814
0.273977
0.274692
0.274502
0.273918
0.273703
0.273515
0.273278
0.272859
0.272690
0.272824
0.272905
0.272655
0.272082
0.271028
0.270245
0.269780
0.269926
0.271542
0.273400
0.274684
0.276205
0.277604
0.278104
0.278283
0.278820
0.279182
0.279246
0.278764
0.278155
0.277636
0.277191
0.276309
0.275310
0.273869
0.272590
0.271345
0.270613
0.271414
0.272661
0.273428
0.274429
0.274862
0.274434
0.273518
0.272957
0.272451
0.272134
0.271760
0.271740
0.272043
0.272264
0.271980
0.271355
0.270240
0.269372
0.268919
0.269051
0.270609
0.272319
0.273480
0.274861
0.276367
0.277008
0.277390
0.278150
0.278391
0.278074
0.276933
0.275756
0.274739
0.273915
0.272669
0.271379
0.269683
0.268113
0.266519
0.265361
0.265748
0.266747
0.267299
0.268055
0.268231
0.267469
0.266206
0.265323
0.264518
0.264115
0.264009
0.264211
0.264722
0.265156
0.265189
0.264846
0.263979
0.263398
0.263305
0.263796
0.265683
0.267814
0.269360
0.271084
0.273016
0.274100
0.274940
0.276156
0.276830
0.276882
0.276068
0.275086
0.274255
0.273647
0.272434
0.271115
0.269477
0.267960
0.266366
0.265108
0.265328
0.266179
0.266628
0.267321
0.267662
0.267028
0.265915
0.265193
0.264549
0.264173
0.263837
0.263679
0.263873
0.264052
0.263777
0.263009
0.261693
0.260646
0.260022
0.259952
0.261330
0.263327
0.264614
0.265986
0.267821
0.268842
0.269473
0.270438
0.271014
0.270928
0.269955
0.269004
0.268208
0.267713
0.266777
0.265592
0.264045
0.262584
0.261087
0.259764
0.259858
0.261105
0.261942
0.262926
0.263572
0.263162
0.262136
0.261344
0.260690
0.260333
0.259969
0.260038
0.260455
0.260942
0.261104
0.260929
0.260172
0.259599
0.259497
0.259795
0.261375
0.263351
0.264587
0.265795
0.267653
0.269125
0.270165
0.271519
0.272445
0.272488
0.271646
0.270436
0.269141
0.268198
0.267209
0.266096
0.264719
0.263341
0.261954
0.260567
0.260326
0.261504
0.262536
0.263567
0.264087
0.263531
0.262447
0.261452
0.260715
0.260309
0.260054
0.259962
0.260187
0.260622
0.260803
0.260575
0.259717
0.258902
0.258596
0.258665
0.259909
0.261851
0.263033
0.264109
0.265745
0.267030
0.267891
0.269103
0.269927
0.269822
0.269059
0.268066
0.266965
0.266197
0.265413
0.264277
0.262947
0.261627
0.260267
0.258832
0.258514
0.259762
0.261131
0.262519
0.263800
0.264139
0.263734
0.263165
0.262884
0.262821
0.262926
0.263211
0.263910
0.264894
0.265581
0.265924
0.265672
0.265260
0.265243
0.265633
0.267023
0.269423
0.271192
0.272787
0.274913
0.276816
0.278136
0.279657
0.280944
0.281364
0.281243
0.280969
0.280448
0.280195
0.279914
0.279098
0.278250
0.277337
0.276455
0.275505
0.275472
0.276997
0.278507
0.280081
0.281505
0.281939
0.281545
0.280948
0.280638
0.280537
0.280115
0.279592
0.279455
0.279608
0.279483
0.278926
0.277787
0.276475
0.275402
0.274623
0.274959
0.276653
0.278028
0.279318
0.281036
0.282305
0.282944
0.283644
0.284578
0.285077
0.284921
0.284393
0.283700
0.283283
0.282870
0.281882
0.280832
0.279712
0.278636
0.277494
0.277382
0.278376
0.278896
0.279465
0.280388
0.280608
0.280140
0.279612
0.279337
0.279167
0.278452
0.277249
0.276113
0.275303
0.274412
0.273264
0.271635
0.269850
0.268270
0.266824
0.266501
0.267584
0.268401
0.269105
0.270124
0.270535
0.270360
0.270262
0.270413
0.270591
0.270296
0.269639
0.268979
0.268608
0.268234
0.267432
0.266521
0.265491
0.264523
0.263496
0.263477
0.264381
0.264696
0.264855
0.265579
0.266016
0.265852
0.265867
0.266223
0.266552
0.266583
0.265799
0.264766
0.264075
0.263289
0.262429
0.261357
0.259928
0.258699
0.257611
0.257296
0.258410
0.259570
0.260354
0.261142
0.261139
0.260524
0.259712
0.259248
0.258830
0.258734
0.258888
0.259338
0.260059
0.260523
0.260624
0.260738
0.260616
0.260852
0.261507
0.262880
0.265226
0.267012
0.268382
0.270034
0.271702
0.272703
0.273751
0.275255
0.276242
0.276748
0.276400
0.275807
0.275461
0.275059
0.274324
0.273524
0.272476
0.271622
0.270819
0.270740
0.272177
0.273936
0.275368
0.276699
0.277155
0.276855
0.276149
0.275821
0.275615
0.275438
0.275134
0.275260
0.275728
0.276023
0.275794
0.275046
0.273885
0.273007
0.272347
0.272502
0.274158
0.275952
0.277397
0.279120
0.280632
0.281335
0.281855
0.282726
0.283108
0.283053
0.282406
0.281679
0.281127
0.280627
0.279406
0.278033
0.276416
0.274930
0.273385
0.272527
0.273274
0.274315
0.275146
0.276174
0.276532
0.276107
0.275305
0.274872
0.274499
0.274029
0.273408
0.273184
0.273309
0.273171
0.272625
0.271717
0.270461
0.269448
0.268587
0.268511
0.269904
0.271303
0.272361
0.273699
0.274820
0.275170
0.275398
0.275999
0.276314
0.276303
0.275800
0.275114
0.274607
0.274141
0.273154
0.272152
0.270892
0.269761
0.268596
0.268110
0.269103
0.270159
0.271029
0.272172
0.272831
0.272722
0.272394
0.272461
0.272539
0.272492
0.272207
0.271990
0.272080
0.271963
0.271616
0.271060
0.270195
0.269585
0.269118
0.269428
0.271160
0.272808
0.274134
0.275740
0.277079
0.277661
0.278139
0.278999
0.279678
0.280126
0.279993
0.279667
0.279527
0.279313
0.278701
0.278135
0.277291
0.276598
0.275924
0.275995
0.277535
0.279031
0.280352
0.281826
0.282647
0.282768
0.282633
0.282854
0.283106
0.283221
0.282985
0.282725
0.282751
0.282558
0.282125
0.281554
0.280674
0.280026
0.279521
0.279825
0.281554
0.283134
0.284457
0.286059
0.287312
0.287833
0.288218
0.288975
0.289591
0.290015
0.289717
0.289285
0.289050
0.288716
0.288000
0.287373
0.286469
0.285720
0.285019
0.285119
0.286679
0.288116
0.289408
0.290825
0.291527
0.291529
0.291240
0.291284
0.291383
0.291335
0.290808
0.290205
0.289887
0.289348
0.288604
0.287723
0.286520
0.285537
0.284713
0.284737
0.286219
0.287566
0.288705
0.290112
0.291032
0.291264
0.291297
0.291672
0.292056
0.292393
0.292172
0.291738
0.291498
0.291133
0.290353
0.289631
0.288630
0.287794
0.287037
0.287111
0.288660
0.290073
0.291328
0.292736
0.293462
0.293494
0.293255
0.293338
0.293473
0.293446
0.292837
0.292095
0.291625
0.290970
0.290118
0.289211
0.287987
0.286965
0.286104
0.286086
0.287513
0.288792
0.289874
0.291216
0.292031
0.292159
0.292088
0.292348
0.292628
0.292851
0.292600
0.292101
0.291791
0.291336
0.290537
0.289830
0.288843
0.288029
0.287322
0.287465
0.289077
0.290546
0.291850
0.293281
0.293997
0.294022
0.293780
0.293854
0.293985
0.293933
0.293289
0.292530
0.292039
0.291365
0.290519
0.289653
0.288467
0.287479
0.286648
0.286673
0.288118
0.289383
0.290444
0.291779
0.292608
0.292746
0.292698
0.292976
0.293279
0.293503
0.293205
0.292670
0.292328
0.291833
0.291046
0.290364
0.289402
0.288613
0.287955
0.288148
0.289770
0.291229
0.292522
0.293937
0.294625
0.294620
0.294349
0.294388
0.294487
0.294382
0.293700
0.292931
0.292426
0.291735
0.290897
0.290063
0.288911
0.287956
0.287169
0.287245
0.288708
0.289983
0.291049
0.292413
0.293300
0.293483
0.293495
0.293830
0.294193
0.294456
0.294126
0.293590
0.293251
0.292767
0.292024
0.291417
0.290528
0.289803
0.289219
0.289484
0.291105
0.292461
0.293664
0.294993
0.295553
0.295435
0.295058
0.294991
0.294984
0.294756
0.294059
0.293350
0.292912
0.292256
0.291428
0.290549
0.289357
0.288378
0.287605
0.287701
0.289228
0.290590
0.291731
0.293176
0.294117
0.294398
0.294507
0.294927
0.295378
0.295713
0.295331
0.294730
0.294433
0.293865
0.292842
0.291810
0.290736
0.289800
0.288936
0.289200
0.290753
0.291922
0.293115
0.294276
0.294607
0.294233
0.293768
0.293595
0.293524
0.293151
0.291904
0.290517
0.289411
0.288107
0.286826
0.285296
0.283609
0.282074
0.280662
0.280358
0.281174
0.281447
0.281685
0.282251
0.282237
0.281642
0.281143
0.280959
0.280791
0.280539
0.279962
0.279310
0.278972
0.278393
0.277472
0.276521
0.275483
0.274587
0.273719
0.273890
0.275176
0.275931
0.276573
0.277668
0.278348
0.278412
0.278592
0.279091
0.279605
0.279888
0.279376
0.278593
0.267997
0.268254
0.269049
0.271005
0.274341
0.279000
0.284826
0.291300
0.298276
0.306153
0.314847
0.324180
0.334094
0.343670
0.352407
0.360318
0.367197
0.373017
0.377914
0.381832
0.385026
0.387431
0.388976
0.389764
0.389530
0.387987
0.385485
0.382040
0.377556
0.372709
0.367543
0.362592
0.357691
0.353269
0.350376
0.347920
0.345486
0.343390
0.341649
0.339695
0.337051
0.334205
0.330721
0.326789
0.323055
0.319786
0.316542
0.313490
0.310194
0.306414
0.302179
0.298161
0.294138
0.290498
0.288407
0.287550
0.287035
0.287068
0.286359
0.284954
0.282813
0.281032
0.279328
0.278077
0.277324
0.277352
0.277697
0.277856
0.276629
0.274801
0.272597
0.270687
0.269239
0.268354
0.269018
0.270360
0.271093
0.271916
0.273004
0.273352
0.273148
0.273176
0.272713
0.271471
0.269342
0.267137
0.265011
0.263166
0.261174
0.259093
0.256660
0.254335
0.251966
0.249696
0.248756
0.249214
0.249524
0.249805
0.250204
0.249854
0.248970
0.248175
0.247578
0.247280
0.247058
0.246934
0.247093
0.247495
0.247594
0.247277
0.246480
0.245850
0.245766
0.245974
0.247293
0.249208
0.250349
0.251294
0.252708
0.253789
0.254486
0.255601
0.256534
0.256650
0.255719
0.254215
0.252723
0.251623
0.250613
0.249488
0.248059
0.246668
0.245291
0.243903
0.243669
0.244861
0.246058
0.247294
0.249005
0.250057
0.250497
0.251019
0.251812
0.252818
0.253090
0.252586
0.252093
0.251937
0.251433
0.250468
0.248906
0.247381
0.245977
0.244729
0.244734
0.245948
0.246778
0.247431
0.248104
0.248091
0.247754
0.247920
0.248272
0.248583
0.248454
0.248087
0.247876
0.247943
0.247630
0.247206
0.246772
0.246512
0.246365
0.246271
0.247262
0.248788
0.249568
0.250122
0.251156
0.251968
0.252276
0.252850
0.253775
0.254686
0.255131
0.254828
0.254263
0.254044
0.253761
0.253500
0.252994
0.252449
0.252123
0.251890
0.252621
0.254622
0.256368
0.257907
0.259580
0.260628
0.261085
0.261668
0.262588
0.263576
0.264050
0.263854
0.263570
0.263590
0.263436
0.263109
0.262726
0.262279
0.261990
0.261762
0.262530
0.264125
0.265010
0.265720
0.266776
0.267334
0.267383
0.267691
0.268325
0.268961
0.269204
0.268699
0.267932
0.267490
0.266894
0.266311
0.265632
0.264894
0.264332
0.263835
0.264342
0.265946
0.267054
0.268011
0.269278
0.269978
0.270105
0.270372
0.270967
0.271607
0.271852
0.271519
0.271078
0.270953
0.270580
0.270097
0.269573
0.268987
0.268569
0.268224
0.268902
0.270482
0.271398
0.272183
0.273299
0.273871
0.273899
0.274120
0.274662
0.275218
0.275460
0.274975
0.274222
0.273798
0.273166
0.272480
0.271686
0.270818
0.270117
0.269499
0.269913
0.271432
0.272430
0.273303
0.274444
0.274979
0.274929
0.274991
0.275366
0.275784
0.275871
0.275391
0.274801
0.274529
0.273999
0.273357
0.272680
0.271930
0.271342
0.270824
0.271334
0.272738
0.273475
0.274085
0.275094
0.275603
0.275572
0.275727
0.276208
0.276696
0.276916
0.276427
0.275637
0.275173
0.274503
0.273763
0.272922
0.272009
0.271256
0.270572
0.270926
0.272404
0.273376
0.274233
0.275353
0.275866
0.275790
0.275806
0.276136
0.276506
0.276568
0.276060
0.275432
0.275122
0.274558
0.273884
0.273189
0.272419
0.271800
0.271242
0.271711
0.273064
0.273742
0.274298
0.275243
0.275684
0.275589
0.275676
0.276086
0.276497
0.276674
0.276213
0.275484
0.275079
0.274463
0.273775
0.272999
0.272148
0.271449
0.270816
0.271199
0.272668
0.273600
0.274409
0.275582
0.276226
0.276287
0.276457
0.276943
0.277454
0.277688
0.277285
0.276666
0.276369
0.275828
0.275140
0.274435
0.273669
0.273050
0.272491
0.272972
0.274413
0.275220
0.275933
0.276925
0.277318
0.277144
0.277083
0.277335
0.277602
0.277606
0.276951
0.276078
0.275537
0.274776
0.273941
0.272996
0.271956
0.271062
0.270240
0.270438
0.271684
0.272359
0.272920
0.273867
0.274298
0.274167
0.274153
0.274460
0.274778
0.274842
0.274417
0.273824
0.273544
0.273041
0.272359
0.271668
0.270920
0.270309
0.269730
0.270147
0.271438
0.272058
0.272541
0.273460
0.273957
0.273905
0.274031
0.274491
0.274940
0.275184
0.274740
0.273958
0.273498
0.272819
0.272067
0.271196
0.270262
0.269477
0.268756
0.269051
0.270585
0.271783
0.272857
0.274154
0.274864
0.274968
0.275126
0.275599
0.276102
0.276317
0.275870
0.275210
0.274845
0.274344
0.273721
0.273120
0.272426
0.271838
0.271270
0.271719
0.272991
0.273557
0.273999
0.274826
0.275161
0.274967
0.274950
0.275270
0.275579
0.275686
0.275167
0.274376
0.273926
0.273245
0.272492
0.271595
0.270633
0.269834
0.269097
0.269386
0.270948
0.272174
0.273273
0.274665
0.275519
0.275764
0.276071
0.276693
0.277339
0.277733
0.277447
0.276910
0.276667
0.276281
0.275665
0.275072
0.274404
0.273848
0.273312
0.273805
0.275134
0.275762
0.276295
0.277107
0.277328
0.277010
0.276819
0.276968
0.277118
0.277025
0.276267
0.275267
0.274617
0.273750
0.272830
0.271691
0.270459
0.269387
0.268414
0.268461
0.269804
0.270837
0.271739
0.272944
0.273625
0.273707
0.273867
0.274344
0.274835
0.275102
0.274890
0.274494
0.274377
0.274136
0.273551
0.273006
0.272408
0.271911
0.271390
0.271850
0.273086
0.273625
0.274008
0.274828
0.275309
0.275245
0.275388
0.275892
0.276382
0.276732
0.276311
0.275613
0.275256
0.274686
0.274007
0.273083
0.272101
0.271288
0.270564
0.270881
0.272528
0.273920
0.275240
0.276491
0.276969
0.276797
0.276579
0.276694
0.276888
0.276836
0.276463
0.276153
0.276172
0.275824
0.275167
0.274470
0.273711
0.273101
0.272555
0.273015
0.274296
0.274860
0.275252
0.276084
0.276609
0.276589
0.276805
0.277383
0.277690
0.277768
0.277296
0.276433
0.275884
0.275180
0.274424
0.273665
0.272860
0.272185
0.271531
0.271863
0.273443
0.274691
0.275832
0.277227
0.278070
0.278290
0.278542
0.279144
0.279783
0.280216
0.279920
0.279355
0.279113
0.278610
0.278010
0.277292
0.276502
0.275861
0.275315
0.275829
0.277308
0.278143
0.278936
0.279768
0.279846
0.279351
0.278916
0.278790
0.278684
0.278339
0.277361
0.276165
0.275286
0.274168
0.273031
0.271774
0.270398
0.269144
0.267930
0.267725
0.268624
0.269019
0.269289
0.269991
0.270314
0.270058
0.269930
0.270140
0.270327
0.270355
0.269913
0.269214
0.268814
0.268297
0.267611
0.266962
0.266257
0.265651
0.265027
0.265350
0.266543
0.267099
0.267523
0.268378
0.268896
0.268844
0.268948
0.269413
0.269866
0.270158
0.269798
0.269096
0.268740
0.268193
0.267561
0.266722
0.265833
0.265105
0.264439
0.264756
0.266378
0.267716
0.268941
0.270300
0.271055
0.271197
0.271381
0.271903
0.272447
0.272803
0.272681
0.272430
0.272474
0.272274
0.271777
0.271325
0.270828
0.270455
0.270088
0.270696
0.272092
0.272771
0.273300
0.274231
0.274789
0.274816
0.275046
0.275644
0.276219
0.276726
0.276489
0.275967
0.275774
0.275270
0.274624
0.273811
0.272962
0.272276
0.271666
0.272077
0.273805
0.275251
0.276627
0.277978
0.278613
0.278606
0.278574
0.278885
0.279254
0.279454
0.279182
0.278822
0.278787
0.278397
0.277775
0.277148
0.276465
0.275927
0.275459
0.276008
0.277430
0.278167
0.278783
0.279751
0.280334
0.280278
0.280154
0.280401
0.280620
0.280719
0.280611
0.280348
0.280307
0.280110
0.279821
0.279603
0.279146
0.278885
0.278792
0.279387
0.281154
0.282591
0.283722
0.285149
0.286341
0.286790
0.287134
0.287870
0.288477
0.288839
0.288631
0.288177
0.287943
0.287536
0.286965
0.286524
0.285877
0.285404
0.285085
0.285560
0.287418
0.289087
0.290616
0.292009
0.292472
0.292283
0.291806
0.291689
0.291624
0.291395
0.291013
0.290849
0.290951
0.290767
0.290259
0.289821
0.289138
0.288684
0.288627
0.289376
0.291182
0.292441
0.293456
0.294754
0.295744
0.296032
0.296257
0.296897
0.297103
0.296830
0.295894
0.294853
0.293997
0.293043
0.291906
0.290896
0.289702
0.288665
0.287745
0.287651
0.289026
0.290295
0.291501
0.292389
0.292171
0.291280
0.290004
0.289124
0.288300
0.287811
0.287533
0.287468
0.287667
0.287536
0.287063
0.286537
0.285801
0.285364
0.285395
0.286235
0.288132
0.289472
0.290557
0.291896
0.293049
0.293463
0.293808
0.294543
0.294804
0.294532
0.293622
0.292708
0.292026
0.291258
0.290144
0.289252
0.288229
0.287356
0.286537
0.286405
0.287638
0.288713
0.289592
0.290649
0.291106
0.290838
0.290308
0.290168
0.290076
0.289855
0.289513
0.289213
0.289183
0.288980
0.288524
0.287897
0.287060
0.286486
0.286153
0.286673
0.288582
0.290311
0.291886
0.293613
0.294762
0.295209
0.295356
0.295834
0.296339
0.296754
0.296472
0.296035
0.295846
0.295489
0.294640
0.293911
0.292969
0.292172
0.291495
0.291591
0.292911
0.293819
0.294592
0.295518
0.295762
0.295345
0.294690
0.294394
0.294122
0.293686
0.292824
0.291867
0.291163
0.290262
0.289180
0.288170
0.286921
0.285851
0.284929
0.284812
0.286034
0.287042
0.287806
0.288813
0.289497
0.289434
0.289221
0.289377
0.289531
0.289567
0.288930
0.288175
0.287619
0.286962
0.286136
0.285534
0.284722
0.284048
0.283447
0.283581
0.284830
0.285596
0.286167
0.286944
0.287176
0.286746
0.286192
0.286044
0.285900
0.285638
0.285249
0.284864
0.284740
0.284400
0.283817
0.283170
0.282331
0.281746
0.281362
0.281777
0.283572
0.285228
0.286646
0.288230
0.289349
0.289740
0.289908
0.290442
0.290990
0.291476
0.291300
0.290910
0.290777
0.290467
0.289712
0.289092
0.288280
0.287635
0.287101
0.287343
0.288895
0.290163
0.291255
0.292467
0.293051
0.292960
0.292635
0.292687
0.292770
0.292708
0.292113
0.291277
0.290681
0.289917
0.289064
0.288310
0.287324
0.286511
0.285839
0.285963
0.287362
0.288395
0.289233
0.290215
0.290606
0.290326
0.289871
0.289800
0.289740
0.289575
0.289015
0.288300
0.287816
0.287143
0.286316
0.285599
0.284664
0.283910
0.283274
0.283372
0.284708
0.285706
0.286463
0.287448
0.288105
0.288029
0.287822
0.288023
0.288233
0.288360
0.287853
0.287123
0.286628
0.285970
0.285207
0.284590
0.283778
0.283142
0.282615
0.282825
0.284347
0.285645
0.286725
0.287928
0.288579
0.288535
0.288295
0.288457
0.288651
0.288719
0.288376
0.287859
0.287584
0.287115
0.286516
0.285999
0.285266
0.284727
0.284329
0.284705
0.286356
0.287656
0.288740
0.289979
0.290721
0.290773
0.290669
0.290975
0.291302
0.291480
0.290980
0.290243
0.289735
0.289059
0.288200
0.287454
0.286518
0.285767
0.285131
0.285275
0.286856
0.288281
0.289520
0.290733
0.291221
0.291041
0.290609
0.290552
0.290551
0.290437
0.289925
0.289293
0.288915
0.288338
0.287653
0.287013
0.286125
0.285426
0.284866
0.285084
0.286535
0.287585
0.288414
0.289457
0.290139
0.290107
0.289955
0.290235
0.290532
0.290763
0.290264
0.289535
0.289057
0.288413
0.287565
0.286842
0.285939
0.285227
0.284619
0.284750
0.286305
0.287728
0.288968
0.290229
0.290840
0.290770
0.290463
0.290557
0.290705
0.290752
0.290346
0.289744
0.289400
0.288855
0.288140
0.287436
0.286508
0.285784
0.285212
0.285439
0.287097
0.288596
0.289894
0.291219
0.291939
0.291987
0.291828
0.292060
0.292336
0.292480
0.291900
0.291129
0.290579
0.289881
0.288986
0.288244
0.287291
0.286505
0.285824
0.285905
0.287318
0.288451
0.289413
0.290436
0.290840
0.290564
0.290091
0.290028
0.290009
0.289880
0.289275
0.288457
0.287895
0.287159
0.286324
0.285505
0.284460
0.283620
0.282917
0.282999
0.284525
0.285931
0.287133
0.288394
0.289113
0.289138
0.288979
0.289227
0.289512
0.289673
0.289188
0.288460
0.287945
0.287283
0.286399
0.285634
0.284673
0.283897
0.283219
0.283314
0.284840
0.286230
0.287446
0.288601
0.289033
0.288791
0.288321
0.288245
0.288230
0.288116
0.287490
0.286642
0.286059
0.285319
0.284519
0.283715
0.282658
0.281794
0.281074
0.281118
0.282524
0.283771
0.284802
0.285960
0.286709
0.286734
0.286619
0.286933
0.287275
0.287553
0.287195
0.286566
0.286157
0.285605
0.284825
0.284193
0.283388
0.282772
0.282238
0.282445
0.284059
0.285531
0.286834
0.288092
0.288663
0.288546
0.288203
0.288267
0.288397
0.288444
0.287939
0.287154
0.286642
0.286002
0.285270
0.284561
0.283441
0.282479
0.281677
0.281468
0.282690
0.284004
0.284925
0.285860
0.286177
0.285762
0.285013
0.284638
0.284304
0.283917
0.283386
0.283098
0.283027
0.282930
0.282341
0.281788
0.280945
0.280353
0.280027
0.280247
0.281841
0.283437
0.284619
0.285882
0.287128
0.287522
0.287614
0.288126
0.288704
0.289133
0.288775
0.288061
0.287600
0.287123
0.286533
0.286003
0.285163
0.284540
0.284036
0.284066
0.285541
0.287226
0.288529
0.289751
0.290140
0.289865
0.289086
0.288658
0.288327
0.288091
0.287697
0.287573
0.287744
0.287817
0.287413
0.286901
0.286017
0.285399
0.285073
0.285377
0.287116
0.289067
0.290604
0.292248
0.293435
0.293771
0.293654
0.293890
0.294187
0.294325
0.293584
0.292757
0.292078
0.291422
0.290094
0.288738
0.287082
0.285607
0.284202
0.283370
0.284074
0.285081
0.285692
0.286364
0.286304
0.285435
0.284041
0.283003
0.282055
0.281243
0.280327
0.279947
0.279899
0.279760
0.279142
0.278396
0.277285
0.276436
0.276022
0.276172
0.277664
0.279232
0.280378
0.281615
0.282989
0.283500
0.283719
0.284316
0.284662
0.284545
0.283556
0.282494
0.281542
0.280715
0.279456
0.278306
0.276955
0.275798
0.274647
0.273932
0.274664
0.275712
0.276353
0.276930
0.276764
0.275768
0.274323
0.273252
0.272293
0.271748
0.271424
0.271003
0.270809
0.270663
0.270218
0.269520
0.268430
0.267620
0.267285
0.267537
0.269113
0.270787
0.271961
0.273187
0.274486
0.274972
0.275228
0.275888
0.276419
0.276546
0.275752
0.274864
0.274092
0.273447
0.272293
0.271278
0.270103
0.269119
0.268103
0.267462
0.268223
0.269248
0.269861
0.270514
0.270728
0.270064
0.269066
0.268474
0.267985
0.267711
0.267432
0.267052
0.266919
0.266949
0.266765
0.266282
0.265436
0.264893
0.264693
0.265057
0.266734
0.268558
0.269853
0.271192
0.272521
0.273041
0.273301
0.273955
0.274638
0.275094
0.274654
0.274153
0.273740
0.273394
0.272580
0.271856
0.270898
0.270100
0.269298
0.268916
0.269920
0.271164
0.271989
0.272859
0.273329
0.272941
0.272214
0.271883
0.271645
0.271426
0.271033
0.270732
0.270697
0.270674
0.270370
0.269878
0.269056
0.268515
0.268262
0.268538
0.270134
0.271871
0.273115
0.274410
0.275757
0.276287
0.276536
0.277178
0.277868
0.278329
0.277920
0.277353
0.276935
0.276576
0.275824
0.275160
0.274240
0.273486
0.272745
0.272429
0.273492
0.274751
0.275610
0.276502
0.276994
0.276639
0.275951
0.275664
0.275473
0.275209
0.274690
0.274245
0.274057
0.273865
0.273416
0.272810
0.271870
0.271192
0.270659
0.270638
0.271972
0.273483
0.274503
0.275574
0.276720
0.277043
0.277083
0.277516
0.278015
0.278290
0.277694
0.276981
0.276412
0.275903
0.275087
0.274351
0.273343
0.272496
0.271670
0.271274
0.272257
0.273453
0.274233
0.275031
0.275429
0.274985
0.274233
0.273881
0.273625
0.273389
0.273001
0.272619
0.272472
0.272321
0.271967
0.271485
0.270673
0.270115
0.269743
0.269874
0.271331
0.272933
0.274057
0.275218
0.276508
0.276987
0.277206
0.277831
0.278528
0.278976
0.278535
0.277896
0.277422
0.277020
0.276243
0.275570
0.274664
0.273933
0.273208
0.272882
0.273930
0.275166
0.276009
0.276861
0.277343
0.276977
0.276295
0.276020
0.275855
0.275639
0.275069
0.274456
0.274099
0.273786
0.273290
0.272620
0.271600
0.270829
0.270186
0.270062
0.271330
0.272846
0.273867
0.274929
0.275887
0.276024
0.275852
0.276061
0.276354
0.276468
0.275728
0.274908
0.274220
0.273587
0.272596
0.271632
0.270370
0.269263
0.268180
0.267548
0.268346
0.269473
0.270142
0.270814
0.271030
0.270402
0.269445
0.268867
0.268381
0.267994
0.267493
0.267085
0.266950
0.266814
0.266417
0.265890
0.265056
0.264478
0.264192
0.264374
0.265813
0.267354
0.268417
0.269520
0.270900
0.271495
0.271874
0.272671
0.273534
0.274100
0.273762
0.273198
0.272768
0.272417
0.271713
0.271156
0.270405
0.269825
0.269227
0.268991
0.270083
0.271380
0.272265
0.273147
0.273683
0.273367
0.272730
0.272502
0.272393
0.272334
0.272049
0.271687
0.271567
0.271473
0.271092
0.270531
0.269645
0.269044
0.268640
0.268755
0.270220
0.271913
0.273099
0.274310
0.275320
0.275498
0.275368
0.275613
0.275934
0.276086
0.275387
0.274641
0.274013
0.273438
0.272446
0.271474
0.270228
0.269154
0.268115
0.267548
0.268403
0.269560
0.270260
0.270967
0.271213
0.270609
0.269674
0.269121
0.268656
0.268266
0.267769
0.267359
0.267219
0.267073
0.266678
0.266128
0.265273
0.264681
0.264411
0.264627
0.266112
0.267703
0.268811
0.269964
0.271332
0.271906
0.272258
0.273016
0.273822
0.274351
0.273971
0.273444
0.273030
0.272677
0.272001
0.271463
0.270733
0.270181
0.269629
0.269456
0.270624
0.271983
0.272927
0.273858
0.274367
0.274026
0.273368
0.273115
0.272970
0.272909
0.272687
0.272462
0.272466
0.272468
0.272176
0.271766
0.271051
0.270621
0.270377
0.270669
0.272303
0.274114
0.275434
0.276780
0.277977
0.278337
0.278384
0.278807
0.279297
0.279617
0.279080
0.278448
0.277977
0.277539
0.276677
0.275851
0.274766
0.273859
0.272995
0.272602
0.273632
0.274883
0.275714
0.276546
0.276899
0.276402
0.275566
0.275109
0.274740
0.274395
0.273913
0.273585
0.273506
0.273400
0.273028
0.272565
0.271792
0.271277
0.271038
0.271317
0.272899
0.274547
0.275733
0.276969
0.278338
0.278891
0.279190
0.279890
0.280635
0.281129
0.280718
0.280161
0.279751
0.279379
0.278700
0.278186
0.277477
0.276947
0.276442
0.276343
0.277553
0.278812
0.279694
0.280591
0.281101
0.280768
0.280126
0.279898
0.279769
0.279591
0.279263
0.278947
0.278823
0.278701
0.278373
0.278022
0.277402
0.277058
0.276896
0.277281
0.279034
0.280901
0.282338
0.283779
0.284845
0.285064
0.284948
0.285206
0.285533
0.285748
0.285340
0.284738
0.284327
0.283916
0.283087
0.282329
0.281302
0.280461
0.279715
0.279508
0.280744
0.282143
0.283174
0.284177
0.284558
0.284126
0.283306
0.282841
0.282452
0.281960
0.281298
0.280905
0.280743
0.280517
0.279931
0.279377
0.278544
0.277960
0.277658
0.277886
0.279403
0.280895
0.281966
0.283103
0.284383
0.284828
0.285005
0.285573
0.286194
0.286562
0.286038
0.285357
0.284845
0.284356
0.283737
0.283341
0.282742
0.282325
0.281955
0.282010
0.283238
0.284178
0.284912
0.285671
0.285901
0.285402
0.284744
0.284535
0.284410
0.284218
0.283647
0.282878
0.282391
0.281780
0.280785
0.279647
0.278359
0.277328
0.276455
0.276390
0.277792
0.279303
0.280534
0.281633
0.281967
0.281606
0.280921
0.280601
0.280364
0.280051
0.279561
0.279252
0.279246
0.278987
0.278199
0.277398
0.276412
0.275633
0.275099
0.275251
0.276568
0.277548
0.278268
0.279165
0.280070
0.280212
0.280283
0.280765
0.281228
0.281468
0.280768
0.279967
0.279401
0.278763
0.277912
0.277291
0.276598
0.276067
0.275535
0.275590
0.276831
0.277800
0.278541
0.279373
0.279805
0.279494
0.279031
0.279010
0.279075
0.279058
0.278790
0.278354
0.278201
0.277968
0.277404
0.276678
0.275816
0.275222
0.274814
0.275176
0.276935
0.278702
0.280212
0.281581
0.282215
0.282173
0.281847
0.281887
0.281997
0.282016
0.281719
0.281446
0.281455
0.281227
0.280512
0.279830
0.278980
0.278324
0.277818
0.278005
0.279401
0.280482
0.281326
0.282327
0.283119
0.267941
0.267586
0.269116
0.272695
0.277620
0.283434
0.290281
0.298085
0.306445
0.315731
0.325759
0.336428
0.346864
0.356525
0.365244
0.372681
0.379906
0.387087
0.393104
0.398077
0.402486
0.406299
0.409372
0.411607
0.412772
0.412195
0.410154
0.406790
0.402078
0.396333
0.390066
0.384339
0.379187
0.374252
0.369983
0.366977
0.364681
0.362246
0.360352
0.357917
0.354745
0.351046
0.347382
0.343145
0.338282
0.332919
0.327228
0.321582
0.316246
0.310403
0.303836
0.296958
0.290631
0.284852
0.279772
0.276297
0.273868
0.271208
0.268751
0.266074
0.262667
0.258690
0.254986
0.251237
0.247781
0.245604
0.244336
0.243369
0.242452
0.240689
0.238391
0.235919
0.234049
0.232577
0.231531
0.231894
0.233320
0.234387
0.235412
0.236335
0.236221
0.235623
0.235325
0.235096
0.234740
0.234038
0.233399
0.233119
0.232951
0.232236
0.231056
0.229685
0.228599
0.227791
0.227303
0.228122
0.229774
0.231040
0.232213
0.233400
0.233745
0.233700
0.233976
0.234328
0.234444
0.233921
0.233513
0.233495
0.233562
0.233136
0.232330
0.231260
0.230373
0.229617
0.229232
0.230208
0.231998
0.233341
0.234629
0.235823
0.236199
0.236156
0.236411
0.236745
0.237025
0.236819
0.236818
0.237213
0.237635
0.237371
0.236761
0.235913
0.235306
0.234945
0.234979
0.236350
0.238274
0.239673
0.241075
0.242499
0.243141
0.243437
0.244045
0.244719
0.245240
0.244949
0.244640
0.244638
0.244706
0.244229
0.243507
0.242537
0.241764
0.241014
0.240636
0.241646
0.243348
0.244539
0.245745
0.246769
0.246954
0.246735
0.246821
0.246992
0.247141
0.246854
0.246715
0.246955
0.247214
0.246863
0.246207
0.245296
0.244652
0.244274
0.244314
0.245672
0.247445
0.248684
0.249930
0.251183
0.251652
0.251815
0.252316
0.252889
0.253294
0.252795
0.252246
0.251819
0.251464
0.250636
0.249657
0.248428
0.247378
0.246313
0.245646
0.246432
0.247982
0.249010
0.249982
0.250501
0.250225
0.249511
0.249103
0.248820
0.248741
0.248415
0.248306
0.248572
0.248825
0.248435
0.247774
0.246901
0.246382
0.246268
0.246553
0.248041
0.249717
0.250868
0.251989
0.253363
0.254031
0.254507
0.255409
0.256388
0.257040
0.256737
0.256237
0.255838
0.255536
0.254964
0.254433
0.253782
0.253334
0.252858
0.252680
0.253782
0.255422
0.256591
0.257620
0.258206
0.257929
0.257280
0.256988
0.256873
0.257076
0.257201
0.256970
0.256933
0.257030
0.256682
0.255963
0.254891
0.254100
0.253675
0.253755
0.255141
0.256805
0.257974
0.259061
0.260039
0.260229
0.260190
0.260545
0.260973
0.261183
0.260430
0.259669
0.258994
0.258412
0.257317
0.256210
0.254954
0.253909
0.252830
0.252105
0.252823
0.254252
0.255196
0.256044
0.256402
0.255885
0.254972
0.254376
0.253940
0.253783
0.253505
0.253175
0.253195
0.253299
0.253004
0.252375
0.251424
0.250770
0.250522
0.250729
0.252202
0.253927
0.255159
0.256333
0.257665
0.258239
0.258604
0.259395
0.260263
0.260824
0.260516
0.260041
0.259550
0.259195
0.258520
0.257928
0.257171
0.256590
0.256003
0.255591
0.256407
0.257905
0.258835
0.259662
0.260175
0.259715
0.258803
0.258151
0.257684
0.257600
0.257616
0.257426
0.257443
0.257647
0.257481
0.256983
0.256120
0.255554
0.255473
0.255785
0.257299
0.259176
0.260403
0.261531
0.262750
0.263152
0.263195
0.263563
0.264017
0.264197
0.263429
0.262668
0.262088
0.261730
0.260932
0.260047
0.258936
0.258010
0.257084
0.256351
0.256917
0.258292
0.259099
0.259866
0.260470
0.260120
0.259284
0.258682
0.258230
0.258032
0.257690
0.257441
0.257485
0.257693
0.257592
0.257139
0.256304
0.255731
0.255631
0.255875
0.257287
0.259057
0.260200
0.261285
0.262681
0.263315
0.263583
0.264177
0.264858
0.265213
0.264623
0.263986
0.263427
0.263094
0.262381
0.261620
0.260647
0.259867
0.259077
0.258471
0.259150
0.260577
0.261440
0.262265
0.262822
0.262416
0.261511
0.260838
0.260326
0.260118
0.259863
0.259611
0.259620
0.259782
0.259570
0.259048
0.258144
0.257480
0.257246
0.257380
0.258710
0.260409
0.261486
0.262507
0.263813
0.264338
0.264486
0.264947
0.265492
0.265703
0.264966
0.264184
0.263474
0.262990
0.262114
0.261224
0.260153
0.259282
0.258387
0.257658
0.258209
0.259500
0.260228
0.260905
0.261433
0.261018
0.260124
0.259457
0.258952
0.258704
0.258356
0.258042
0.257999
0.258128
0.258019
0.257558
0.256695
0.256054
0.255824
0.255948
0.257254
0.258943
0.260000
0.261002
0.262317
0.262874
0.263056
0.263558
0.264146
0.264399
0.263701
0.262966
0.262330
0.261926
0.261120
0.260278
0.259253
0.258430
0.257579
0.256890
0.257480
0.258812
0.259578
0.260295
0.260897
0.260566
0.259748
0.259149
0.258712
0.258519
0.258133
0.257765
0.257687
0.257792
0.257695
0.257234
0.256359
0.255704
0.255430
0.255507
0.256779
0.258468
0.259529
0.260552
0.261837
0.262344
0.262451
0.262850
0.263336
0.263505
0.262731
0.261980
0.261383
0.261015
0.260173
0.259244
0.258118
0.257178
0.256201
0.255377
0.255834
0.257079
0.257763
0.258420
0.259125
0.258927
0.258224
0.257733
0.257387
0.257205
0.256583
0.256118
0.256007
0.256074
0.255907
0.255403
0.254507
0.253809
0.253409
0.253329
0.254443
0.256041
0.256990
0.257915
0.259074
0.259450
0.259422
0.259658
0.259986
0.260043
0.259166
0.258437
0.257952
0.257689
0.256961
0.256087
0.254954
0.253980
0.252985
0.252158
0.252611
0.253907
0.254641
0.255361
0.256190
0.256146
0.255598
0.255259
0.255044
0.254876
0.254253
0.253771
0.253641
0.253683
0.253409
0.252860
0.251955
0.251232
0.250733
0.250524
0.251519
0.253043
0.253908
0.254749
0.255865
0.256211
0.256145
0.256336
0.256617
0.256652
0.255762
0.255080
0.254691
0.254515
0.253836
0.252980
0.251850
0.250877
0.249883
0.249056
0.249521
0.250892
0.251728
0.252547
0.253490
0.253568
0.253130
0.252893
0.252776
0.252625
0.251888
0.251394
0.251285
0.251357
0.251072
0.250527
0.249640
0.248917
0.248391
0.248135
0.249090
0.250608
0.251477
0.252323
0.253480
0.253880
0.253864
0.254098
0.254424
0.254507
0.253668
0.253040
0.252725
0.252623
0.252034
0.251246
0.250180
0.249271
0.248341
0.247582
0.248124
0.249599
0.250557
0.251485
0.252524
0.252703
0.252362
0.252212
0.252187
0.252141
0.251486
0.251065
0.251034
0.251187
0.250956
0.250491
0.249682
0.249027
0.248564
0.248371
0.249395
0.250980
0.251923
0.252841
0.254056
0.254514
0.254554
0.254847
0.255236
0.255390
0.254605
0.254000
0.253700
0.253611
0.253034
0.252252
0.251197
0.250311
0.249409
0.248682
0.249259
0.250775
0.251775
0.252738
0.253780
0.253959
0.253621
0.253475
0.253463
0.253460
0.252843
0.252393
0.252327
0.252448
0.252174
0.251648
0.250772
0.250062
0.249508
0.249226
0.250183
0.251729
0.252637
0.253513
0.254641
0.254996
0.254923
0.255107
0.255396
0.255464
0.254589
0.253902
0.253534
0.253372
0.252735
0.251890
0.250763
0.249801
0.248836
0.248049
0.248544
0.249958
0.250851
0.251707
0.252695
0.252836
0.252471
0.252302
0.252262
0.252199
0.251506
0.251045
0.250973
0.251093
0.250770
0.250212
0.249333
0.248628
0.248103
0.247834
0.248793
0.250383
0.251354
0.252286
0.253458
0.253855
0.253819
0.254037
0.254366
0.254489
0.253675
0.253026
0.252709
0.252607
0.252056
0.251265
0.250171
0.249234
0.248291
0.247531
0.248086
0.249618
0.250665
0.251656
0.252712
0.252913
0.252598
0.252473
0.252487
0.252505
0.251854
0.251399
0.251334
0.251459
0.251103
0.250495
0.249563
0.248806
0.248151
0.247747
0.248605
0.250150
0.251084
0.251978
0.253129
0.253506
0.253443
0.253627
0.253925
0.254023
0.253179
0.252510
0.252185
0.252074
0.251515
0.250719
0.249624
0.248694
0.247756
0.246999
0.247557
0.249086
0.250118
0.251089
0.252112
0.252282
0.251939
0.251794
0.251795
0.251812
0.251136
0.250631
0.250523
0.250603
0.250205
0.249538
0.248543
0.247724
0.247044
0.246620
0.247458
0.249008
0.249959
0.250865
0.251989
0.252332
0.252226
0.252369
0.252628
0.252697
0.251836
0.251167
0.250856
0.250757
0.250195
0.249378
0.248264
0.247319
0.246370
0.245596
0.246136
0.247684
0.248746
0.249735
0.250784
0.250987
0.250681
0.250564
0.250599
0.250681
0.250073
0.249611
0.249548
0.249681
0.249325
0.248695
0.247739
0.246955
0.246315
0.245928
0.246806
0.248420
0.249449
0.250422
0.251598
0.251995
0.251937
0.252134
0.252457
0.252590
0.251757
0.251072
0.250742
0.250629
0.250056
0.249204
0.248054
0.247080
0.246096
0.245292
0.245814
0.247401
0.248515
0.249537
0.250537
0.250679
0.250301
0.250105
0.250078
0.250194
0.249638
0.249157
0.249081
0.249198
0.248820
0.248131
0.247108
0.246272
0.245626
0.245240
0.246114
0.247709
0.248717
0.249664
0.250788
0.251145
0.251047
0.251223
0.251535
0.251646
0.250784
0.250046
0.249655
0.249479
0.248864
0.247979
0.246808
0.245814
0.244806
0.243961
0.244437
0.246034
0.247185
0.248222
0.249217
0.249361
0.248987
0.248804
0.248805
0.248990
0.248505
0.248015
0.247920
0.248028
0.247643
0.246927
0.245883
0.245033
0.244377
0.243972
0.244824
0.246420
0.247438
0.248377
0.249454
0.249765
0.249623
0.249762
0.250053
0.250152
0.249261
0.248487
0.248079
0.247893
0.247297
0.246419
0.245238
0.244224
0.243195
0.242331
0.242799
0.244456
0.245693
0.246794
0.247801
0.247960
0.247595
0.247420
0.247439
0.247677
0.247255
0.246795
0.246728
0.246871
0.246457
0.245700
0.244636
0.243784
0.243142
0.242742
0.243596
0.245224
0.246290
0.247258
0.248367
0.248722
0.248617
0.248806
0.249159
0.249318
0.248484
0.247722
0.247321
0.247145
0.246583
0.245735
0.244582
0.243607
0.242619
0.241789
0.242284
0.243973
0.245248
0.246371
0.247356
0.247502
0.247117
0.246932
0.246958
0.247191
0.246641
0.246150
0.246076
0.246208
0.245759
0.244963
0.243874
0.243008
0.242359
0.241949
0.242790
0.244411
0.245479
0.246427
0.247517
0.247872
0.247768
0.247979
0.248370
0.248559
0.247751
0.246971
0.246541
0.246341
0.245792
0.244961
0.243830
0.242885
0.241931
0.241126
0.241638
0.243359
0.244682
0.245834
0.246834
0.247205
0.247069
0.247123
0.247391
0.247856
0.247399
0.246931
0.246877
0.247047
0.246601
0.245767
0.244679
0.243846
0.243139
0.242655
0.243450
0.245135
0.246312
0.247330
0.248400
0.248700
0.248525
0.248669
0.249025
0.249256
0.248513
0.247711
0.247259
0.247079
0.246694
0.246064
0.245076
0.244176
0.243324
0.242551
0.242937
0.244573
0.245860
0.246934
0.247986
0.248219
0.247894
0.247688
0.247722
0.248002
0.247913
0.247805
0.247971
0.248406
0.248417
0.248229
0.247858
0.247706
0.247939
0.248331
0.249719
0.251620
0.252764
0.253705
0.254888
0.255514
0.255683
0.256184
0.256917
0.257611
0.257415
0.256688
0.256064
0.255765
0.255289
0.254545
0.253485
0.252597
0.251791
0.251085
0.251517
0.253160
0.254435
0.255537
0.256219
0.255895
0.255008
0.254196
0.253650
0.253438
0.253223
0.253021
0.253110
0.253467
0.253489
0.253155
0.252535
0.252163
0.252314
0.252680
0.254052
0.255868
0.256961
0.257861
0.259010
0.259725
0.259967
0.260573
0.261401
0.261816
0.261155
0.260184
0.259276
0.258638
0.257935
0.257260
0.256455
0.255859
0.255283
0.254716
0.255207
0.256930
0.258363
0.259599
0.260582
0.260619
0.260043
0.259546
0.259342
0.259469
0.259488
0.259124
0.258962
0.259130
0.259084
0.258492
0.257464
0.256611
0.256132
0.255957
0.256894
0.258459
0.259303
0.260031
0.260814
0.260881
0.260425
0.260213
0.260209
0.259959
0.258658
0.257491
0.256699
0.256199
0.255327
0.254210
0.252950
0.251897
0.250880
0.249876
0.249978
0.251362
0.252421
0.253335
0.254457
0.254841
0.254632
0.254565
0.254745
0.255132
0.254981
0.254536
0.254302
0.254378
0.254141
0.253628
0.252836
0.252205
0.251707
0.251342
0.252060
0.253457
0.254118
0.254609
0.255161
0.255022
0.254381
0.253986
0.253844
0.253826
0.252958
0.251892
0.251114
0.250647
0.249977
0.249145
0.248070
0.247140
0.246359
0.245673
0.246053
0.247397
0.248281
0.248977
0.249908
0.250227
0.249980
0.249951
0.250174
0.250515
0.250125
0.249470
0.249054
0.248920
0.248620
0.248248
0.247653
0.247185
0.246787
0.246445
0.247140
0.248622
0.249505
0.250227
0.251167
0.251483
0.251262
0.251261
0.251518
0.251928
0.251664
0.250999
0.250527
0.250366
0.250029
0.249448
0.248591
0.247899
0.247278
0.246709
0.247233
0.248734
0.249735
0.250545
0.251473
0.251716
0.251399
0.251299
0.251473
0.251793
0.251359
0.250689
0.250295
0.250190
0.249831
0.249318
0.248593
0.248040
0.247594
0.247231
0.247930
0.249414
0.250284
0.250972
0.251840
0.252089
0.251801
0.251773
0.252022
0.252417
0.252038
0.251188
0.250542
0.250212
0.249750
0.249061
0.248104
0.247319
0.246597
0.245908
0.246322
0.247805
0.248880
0.249739
0.250624
0.250798
0.250403
0.250218
0.250331
0.250619
0.250226
0.249588
0.249219
0.249142
0.248782
0.248260
0.247539
0.247004
0.246621
0.246340
0.247101
0.248592
0.249454
0.250120
0.250937
0.251162
0.250864
0.250852
0.251134
0.251559
0.251194
0.250325
0.249648
0.249291
0.248846
0.248205
0.247312
0.246598
0.245958
0.245351
0.245823
0.247408
0.248616
0.249591
0.250517
0.250717
0.250347
0.250198
0.250363
0.250726
0.250459
0.249834
0.249448
0.249371
0.249027
0.248467
0.247694
0.247122
0.246738
0.246473
0.247243
0.248731
0.249584
0.250237
0.250985
0.251121
0.250735
0.250654
0.250884
0.251263
0.250872
0.249963
0.249245
0.248849
0.248345
0.247649
0.246726
0.246010
0.245395
0.244826
0.245323
0.246902
0.248099
0.249063
0.249986
0.250200
0.249837
0.249714
0.249917
0.250302
0.249956
0.249163
0.248615
0.248378
0.247959
0.247312
0.246418
0.245709
0.245125
0.244629
0.245200
0.246641
0.247553
0.248262
0.249037
0.249184
0.248779
0.248647
0.248833
0.249168
0.248735
0.247870
0.247226
0.246893
0.246399
0.245713
0.244830
0.244167
0.243615
0.243112
0.243666
0.245273
0.246507
0.247507
0.248524
0.248874
0.248650
0.248678
0.249038
0.249571
0.249352
0.248626
0.248104
0.247893
0.247549
0.247000
0.246211
0.245616
0.245148
0.244764
0.245432
0.247004
0.248085
0.248964
0.249825
0.250027
0.249664
0.249567
0.249798
0.250189
0.249810
0.248921
0.248236
0.247868
0.247364
0.246647
0.245705
0.244974
0.244366
0.243822
0.244342
0.245902
0.247089
0.248048
0.248976
0.249234
0.248916
0.248854
0.249131
0.249586
0.249306
0.248539
0.247997
0.247770
0.247387
0.246782
0.245942
0.245313
0.244818
0.244397
0.245037
0.246642
0.247838
0.248807
0.249746
0.250031
0.249741
0.249738
0.250080
0.250578
0.250310
0.249507
0.248886
0.248574
0.248133
0.247494
0.246636
0.245998
0.245472
0.244996
0.245579
0.247196
0.248441
0.249449
0.250379
0.250631
0.250306
0.250249
0.250545
0.251027
0.250780
0.249995
0.249415
0.249157
0.248772
0.248161
0.247297
0.246647
0.246136
0.245706
0.246346
0.248014
0.249322
0.250360
0.251340
0.251681
0.251417
0.251257
0.251469
0.251853
0.251795
0.251321
0.250889
0.250793
0.250636
0.250437
0.250142
0.249958
0.250047
0.250290
0.251341
0.253070
0.254080
0.254843
0.255568
0.255681
0.255300
0.255127
0.255336
0.255710
0.255484
0.254689
0.253928
0.253544
0.253025
0.252198
0.251236
0.250525
0.250090
0.249788
0.250318
0.252061
0.253579
0.254827
0.255853
0.256137
0.255798
0.255543
0.255678
0.256001
0.255891
0.255310
0.254810
0.254681
0.254414
0.253953
0.253387
0.252983
0.252883
0.252962
0.253857
0.255425
0.256257
0.256830
0.257328
0.257213
0.256599
0.256217
0.256219
0.256359
0.255897
0.254778
0.253598
0.252784
0.252031
0.251152
0.250160
0.249366
0.248790
0.248284
0.248592
0.250121
0.251456
0.252568
0.253625
0.254037
0.253824
0.253675
0.253891
0.254274
0.254133
0.253555
0.253069
0.252942
0.252668
0.252171
0.251601
0.251197
0.251015
0.250954
0.251708
0.253205
0.254001
0.254544
0.255133
0.255163
0.254683
0.254371
0.254421
0.254609
0.254149
0.253170
0.252229
0.251656
0.251037
0.250213
0.249279
0.248535
0.248005
0.247561
0.247930
0.249478
0.250792
0.251873
0.252980
0.253500
0.253394
0.253361
0.253676
0.254146
0.254046
0.253512
0.253054
0.252928
0.252672
0.252246
0.251817
0.251599
0.251557
0.251558
0.252536
0.254128
0.255008
0.255681
0.256435
0.256658
0.256359
0.256407
0.256780
0.257257
0.256905
0.255633
0.254265
0.253233
0.252391
0.251446
0.250233
0.249215
0.248255
0.247324
0.247469
0.248833
0.249909
0.250807
0.251432
0.251251
0.250473
0.249825
0.249504
0.249410
0.248861
0.248022
0.247486
0.247271
0.246689
0.245767
0.244660
0.243765
0.243141
0.242627
0.243133
0.244376
0.245049
0.245520
0.246152
0.246348
0.245995
0.245944
0.246185
0.246471
0.245906
0.244790
0.243810
0.243099
0.242571
0.242121
0.241556
0.241206
0.240886
0.240512
0.241089
0.242836
0.244339
0.245588
0.246821
0.247363
0.247318
0.247473
0.247966
0.248698
0.248841
0.248340
0.247997
0.247996
0.247805
0.247209
0.246304
0.245605
0.245046
0.244602
0.245241
0.246841
0.247969
0.248889
0.249639
0.249673
0.249121
0.248791
0.248778
0.248928
0.248258
0.247222
0.246491
0.246062
0.245428
0.244570
0.243562
0.242784
0.242157
0.241595
0.242069
0.243589
0.244750
0.245688
0.246702
0.247102
0.246912
0.246968
0.247337
0.247868
0.247614
0.246892
0.246384
0.246165
0.245930
0.245515
0.244896
0.244495
0.244159
0.243825
0.244530
0.246271
0.247624
0.248730
0.249784
0.250137
0.249912
0.249928
0.250265
0.250808
0.250579
0.249769
0.249164
0.248873
0.248468
0.247792
0.246860
0.246129
0.245512
0.244982
0.245533
0.247096
0.248243
0.249157
0.249971
0.250060
0.249568
0.249304
0.249357
0.249615
0.249162
0.248365
0.247841
0.247607
0.247226
0.246628
0.245819
0.245214
0.244775
0.244437
0.245136
0.246750
0.247897
0.248810
0.249770
0.250063
0.249789
0.249776
0.250073
0.250576
0.250368
0.249725
0.249276
0.249122
0.248824
0.248254
0.247461
0.246894
0.246453
0.246099
0.246807
0.248625
0.250062
0.251240
0.252231
0.252426
0.252036
0.251858
0.251994
0.252389
0.252074
0.251241
0.250654
0.250378
0.249949
0.249195
0.248175
0.247360
0.246678
0.246123
0.246656
0.248153
0.249167
0.249937
0.250588
0.250491
0.249826
0.249389
0.249261
0.249374
0.248901
0.248169
0.247708
0.247535
0.247153
0.246525
0.245703
0.245103
0.244756
0.244523
0.245304
0.246972
0.248148
0.249071
0.250049
0.250348
0.250080
0.250086
0.250394
0.250920
0.250730
0.250080
0.249620
0.249448
0.249158
0.248521
0.247639
0.246985
0.246447
0.246003
0.246634
0.248442
0.249881
0.251050
0.251929
0.251931
0.251360
0.250961
0.250867
0.251075
0.250809
0.250197
0.249866
0.249832
0.249542
0.248893
0.248012
0.247356
0.247002
0.246821
0.247677
0.249290
0.250283
0.251053
0.251809
0.251854
0.251355
0.251115
0.251158
0.251424
0.250949
0.250207
0.249710
0.249504
0.249089
0.248333
0.247370
0.246636
0.246076
0.245636
0.246249
0.248039
0.249477
0.250660
0.251677
0.251869
0.251471
0.251240
0.251293
0.251635
0.251352
0.250754
0.250451
0.250451
0.250149
0.249441
0.248484
0.247743
0.247205
0.246837
0.247534
0.249134
0.250207
0.251062
0.251862
0.251890
0.251348
0.251002
0.250923
0.251086
0.250532
0.249814
0.249413
0.249295
0.248910
0.248204
0.247275
0.246544
0.245982
0.245554
0.246182
0.247837
0.249078
0.250084
0.251151
0.267945
0.267121
0.267946
0.270924
0.275319
0.280901
0.287398
0.294896
0.303121
0.311896
0.321405
0.331474
0.341978
0.352843
0.363394
0.373076
0.381517
0.389603
0.397350
0.403781
0.409277
0.414196
0.418496
0.422052
0.424860
0.426537
0.426688
0.425614
0.423018
0.419201
0.414696
0.409612
0.404598
0.399851
0.395206
0.391353
0.389285
0.388160
0.387141
0.385808
0.383180
0.379234
0.374631
0.370484
0.366182
0.361319
0.355657
0.349837
0.343922
0.338170
0.332093
0.325384
0.318150
0.311372
0.305222
0.299621
0.295512
0.292035
0.288405
0.285003
0.281378
0.277194
0.272501
0.268003
0.263637
0.259705
0.256722
0.254509
0.252347
0.250389
0.248083
0.245382
0.242776
0.241079
0.239806
0.238738
0.238897
0.240184
0.241104
0.241868
0.242151
0.241309
0.240037
0.239096
0.238314
0.238044
0.237924
0.237456
0.237278
0.237329
0.236580
0.235291
0.234021
0.233355
0.233111
0.233170
0.234421
0.236439
0.237981
0.239231
0.240196
0.240260
0.239991
0.240091
0.240327
0.240512
0.240172
0.239955
0.240108
0.240366
0.240001
0.239150
0.238196
0.237492
0.236981
0.236814
0.237958
0.240052
0.241696
0.243142
0.243909
0.243891
0.243315
0.242961
0.242768
0.242774
0.242321
0.242234
0.242636
0.243043
0.242442
0.241370
0.240129
0.239273
0.238851
0.238819
0.240069
0.241963
0.243406
0.244757
0.245847
0.246077
0.245861
0.245920
0.246092
0.246195
0.245574
0.245179
0.245166
0.245231
0.244561
0.243453
0.242250
0.241291
0.240397
0.239875
0.240749
0.242588
0.243985
0.245285
0.246091
0.246019
0.245389
0.244969
0.244701
0.244583
0.243934
0.243744
0.244037
0.244334
0.243659
0.242526
0.241275
0.240346
0.239784
0.239607
0.240741
0.242564
0.243937
0.245237
0.246322
0.246560
0.246340
0.246384
0.246541
0.246622
0.245927
0.245459
0.245386
0.245400
0.244721
0.243626
0.242437
0.241490
0.240617
0.240109
0.240993
0.242781
0.244133
0.245390
0.246187
0.246115
0.245501
0.245096
0.244838
0.244684
0.243905
0.243547
0.243674
0.243826
0.243098
0.241861
0.240482
0.239412
0.238668
0.238318
0.239318
0.241088
0.242433
0.243715
0.244744
0.244927
0.244617
0.244547
0.244592
0.244551
0.243748
0.243266
0.243202
0.243224
0.242532
0.241389
0.240151
0.239159
0.238232
0.237676
0.238531
0.240337
0.241713
0.243001
0.243876
0.243900
0.243374
0.243045
0.242860
0.242762
0.242040
0.241726
0.241899
0.242105
0.241450
0.240261
0.238940
0.237933
0.237248
0.236943
0.237983
0.239816
0.241232
0.242559
0.243617
0.243831
0.243555
0.243520
0.243606
0.243609
0.242797
0.242270
0.242178
0.242179
0.241472
0.240284
0.238990
0.237946
0.236967
0.236357
0.237168
0.238984
0.240378
0.241663
0.242478
0.242441
0.241839
0.241420
0.241151
0.241010
0.240250
0.239908
0.240074
0.240272
0.239581
0.238341
0.236968
0.235925
0.235220
0.234884
0.235884
0.237683
0.239070
0.240356
0.241408
0.241621
0.241360
0.241345
0.241446
0.241448
0.240576
0.239975
0.239814
0.239756
0.239009
0.237766
0.236415
0.235308
0.234258
0.233567
0.234301
0.236127
0.237550
0.238827
0.239554
0.239416
0.238696
0.238144
0.237746
0.237624
0.237120
0.236928
0.237230
0.237560
0.236962
0.235848
0.234649
0.233858
0.233454
0.233369
0.234551
0.236420
0.237842
0.239152
0.240374
0.240797
0.240806
0.241091
0.241482
0.241740
0.241024
0.240434
0.240243
0.240203
0.239616
0.238614
0.237400
0.236314
0.235225
0.234349
0.234772
0.236401
0.237695
0.238838
0.239449
0.239216
0.238311
0.237483
0.236820
0.236589
0.236341
0.236527
0.237230
0.238076
0.237871
0.237192
0.236469
0.236374
0.236771
0.237356
0.239026
0.241348
0.243100
0.244691
0.246416
0.247328
0.247747
0.248391
0.249140
0.249702
0.249328
0.249098
0.249185
0.249463
0.249279
0.248705
0.247963
0.247443
0.246934
0.246624
0.247539
0.249533
0.251083
0.252500
0.253355
0.253272
0.252549
0.251959
0.251540
0.251495
0.251074
0.251012
0.251423
0.251958
0.251536
0.250697
0.249687
0.249014
0.248822
0.248921
0.250189
0.252154
0.253595
0.254941
0.256280
0.256721
0.256622
0.256713
0.256911
0.256974
0.256083
0.255531
0.255347
0.255377
0.254827
0.253894
0.252779
0.251897
0.251067
0.250467
0.251137
0.252870
0.254156
0.255371
0.256263
0.256198
0.255526
0.254997
0.254624
0.254577
0.254134
0.253914
0.254116
0.254469
0.254052
0.253179
0.252094
0.251258
0.250764
0.250572
0.251604
0.253450
0.254814
0.256112
0.257373
0.257730
0.257512
0.257465
0.257526
0.257469
0.256494
0.255963
0.255849
0.255937
0.255410
0.254471
0.253354
0.252481
0.251673
0.251116
0.251838
0.253587
0.254886
0.256122
0.257100
0.257135
0.256563
0.256136
0.255857
0.255867
0.255342
0.255035
0.255156
0.255440
0.254996
0.254064
0.252918
0.252031
0.251361
0.251009
0.251916
0.253720
0.255058
0.256326
0.257480
0.257712
0.257357
0.257164
0.257089
0.256969
0.255992
0.255477
0.255443
0.255595
0.255051
0.254052
0.252865
0.251934
0.251091
0.250522
0.251245
0.253071
0.254458
0.255775
0.256799
0.256862
0.256312
0.255910
0.255654
0.255675
0.255112
0.254801
0.254924
0.255213
0.254715
0.253698
0.252493
0.251571
0.250868
0.250473
0.251336
0.253167
0.254539
0.255825
0.256925
0.257096
0.256675
0.256417
0.256293
0.256262
0.255466
0.254987
0.254980
0.255152
0.254644
0.253627
0.252408
0.251451
0.250676
0.250195
0.250995
0.252875
0.254307
0.255648
0.256625
0.256623
0.256011
0.255550
0.255239
0.255210
0.254571
0.254143
0.254148
0.254324
0.253724
0.252594
0.251287
0.250269
0.249468
0.248963
0.249720
0.251512
0.252858
0.254112
0.255140
0.255233
0.254736
0.254399
0.254202
0.254166
0.253417
0.252993
0.253031
0.253242
0.252743
0.251736
0.250557
0.249662
0.248969
0.248556
0.249400
0.251302
0.252752
0.254096
0.255104
0.255145
0.254597
0.254206
0.253963
0.253950
0.253225
0.252704
0.252655
0.252786
0.252199
0.251055
0.249728
0.248688
0.247856
0.247314
0.248037
0.249850
0.251220
0.252481
0.253415
0.253395
0.252779
0.252316
0.252003
0.251932
0.251200
0.250791
0.250847
0.251077
0.250556
0.249511
0.248314
0.247426
0.246836
0.246500
0.247385
0.249316
0.250799
0.252170
0.253300
0.253498
0.253117
0.252900
0.252827
0.252914
0.252204
0.251675
0.251624
0.251774
0.251259
0.250178
0.248890
0.247870
0.247031
0.246470
0.247189
0.249027
0.250435
0.251726
0.252588
0.252477
0.251747
0.251149
0.250713
0.250589
0.249896
0.249467
0.249506
0.249714
0.249162
0.248058
0.246787
0.245821
0.245186
0.244803
0.245637
0.247502
0.248924
0.250237
0.251431
0.251721
0.251436
0.251319
0.251333
0.251360
0.250475
0.249938
0.249893
0.250063
0.249584
0.248584
0.247397
0.246473
0.245609
0.244982
0.245637
0.247440
0.248843
0.250128
0.251010
0.250922
0.250214
0.249629
0.249211
0.249122
0.248438
0.247988
0.248037
0.248258
0.247752
0.246649
0.245343
0.244349
0.243737
0.243376
0.244226
0.246070
0.247475
0.248766
0.249950
0.250237
0.249947
0.249826
0.249834
0.249822
0.248859
0.248268
0.248179
0.248316
0.247802
0.246767
0.245536
0.244557
0.243623
0.242913
0.243502
0.245275
0.246683
0.247977
0.248845
0.248747
0.248001
0.247354
0.246878
0.246752
0.246098
0.245769
0.245959
0.246314
0.245922
0.244916
0.243710
0.242841
0.242400
0.242199
0.243180
0.245108
0.246587
0.247940
0.249280
0.249740
0.249641
0.249733
0.249941
0.250020
0.249107
0.248533
0.248418
0.248537
0.248095
0.247157
0.246020
0.245136
0.244230
0.243504
0.244075
0.245836
0.247249
0.248538
0.249355
0.249218
0.248425
0.247724
0.247203
0.247035
0.246269
0.245891
0.246085
0.246443
0.246009
0.244960
0.243712
0.242803
0.242330
0.242095
0.243027
0.244833
0.246183
0.247395
0.248654
0.249045
0.248900
0.248966
0.249147
0.249160
0.248187
0.247556
0.247364
0.247403
0.246993
0.246133
0.245091
0.244300
0.243445
0.242731
0.243297
0.245049
0.246463
0.247736
0.248550
0.248412
0.247622
0.246927
0.246417
0.246274
0.245534
0.245114
0.245272
0.245601
0.245167
0.244087
0.242782
0.241829
0.241330
0.241070
0.241984
0.243843
0.245264
0.246542
0.247794
0.248177
0.248004
0.248030
0.248181
0.248206
0.247226
0.246554
0.246348
0.246385
0.245950
0.245018
0.243878
0.242991
0.242077
0.241326
0.241866
0.243616
0.245063
0.246368
0.247167
0.247028
0.246238
0.245532
0.245008
0.244839
0.243984
0.243411
0.243429
0.243634
0.243092
0.241889
0.240458
0.239380
0.238741
0.238322
0.239086
0.240896
0.242300
0.243556
0.244766
0.245114
0.244893
0.244857
0.244953
0.244993
0.244019
0.243313
0.243094
0.243130
0.242718
0.241788
0.240658
0.239799
0.238908
0.238162
0.238701
0.240469
0.241964
0.243301
0.244106
0.243963
0.243163
0.242436
0.241892
0.241700
0.240818
0.240203
0.240189
0.240371
0.239867
0.238692
0.237291
0.236269
0.235699
0.235318
0.236101
0.237946
0.239397
0.240669
0.241929
0.242359
0.242230
0.242299
0.242505
0.242641
0.241750
0.241024
0.240766
0.240767
0.240416
0.239548
0.238471
0.237664
0.236801
0.236055
0.236578
0.238332
0.239853
0.241214
0.242148
0.242446
0.242077
0.241759
0.241611
0.241819
0.241221
0.240586
0.240503
0.240664
0.240085
0.238749
0.237189
0.236007
0.235186
0.234568
0.235158
0.236896
0.238302
0.239513
0.240490
0.240592
0.240082
0.239710
0.239507
0.239504
0.238585
0.237826
0.237609
0.237639
0.237169
0.236090
0.234803
0.233805
0.232960
0.232271
0.232799
0.234514
0.235978
0.237238
0.238163
0.238177
0.237558
0.237047
0.236720
0.236721
0.236016
0.235472
0.235478
0.235715
0.235360
0.234347
0.233116
0.232222
0.231694
0.231309
0.232079
0.233975
0.235549
0.236912
0.238122
0.238500
0.238285
0.238237
0.238356
0.238523
0.237605
0.236728
0.236380
0.236315
0.235888
0.234809
0.233438
0.232320
0.231208
0.230253
0.230592
0.232185
0.233653
0.235041
0.236263
0.236907
0.236861
0.236850
0.236980
0.237294
0.236585
0.235909
0.235731
0.235813
0.235295
0.234008
0.232558
0.231553
0.230859
0.230298
0.230911
0.232734
0.234335
0.235738
0.236858
0.237086
0.236676
0.236376
0.236257
0.236446
0.235832
0.235236
0.235179
0.235379
0.235066
0.234058
0.232823
0.231893
0.231262
0.230777
0.231455
0.233262
0.234801
0.236096
0.237092
0.237222
0.236741
0.236401
0.236253
0.236365
0.235518
0.234713
0.234459
0.234472
0.234009
0.232875
0.231477
0.230358
0.229464
0.228714
0.229162
0.230802
0.232266
0.233514
0.234508
0.234709
0.234315
0.234028
0.233913
0.234082
0.233408
0.232864
0.232879
0.233214
0.233025
0.232137
0.231056
0.230305
0.229982
0.229708
0.230387
0.232292
0.234016
0.235507
0.236908
0.237430
0.237263
0.237147
0.237231
0.237612
0.237393
0.237215
0.237465
0.238001
0.238066
0.237528
0.236860
0.236493
0.236459
0.236484
0.237442
0.239530
0.241320
0.242845
0.244213
0.244701
0.244539
0.244471
0.244638
0.245108
0.244725
0.244114
0.243913
0.244025
0.243841
0.243076
0.242088
0.241335
0.240721
0.240228
0.240783
0.242523
0.243981
0.245237
0.246169
0.246135
0.245470
0.244837
0.244432
0.244371
0.243793
0.243333
0.243345
0.243634
0.243434
0.242636
0.241712
0.241127
0.240959
0.240866
0.241739
0.243737
0.245396
0.246824
0.248294
0.248995
0.249054
0.249266
0.249690
0.250333
0.250085
0.249691
0.249593
0.249763
0.249674
0.249154
0.248534
0.248249
0.248034
0.247849
0.248670
0.250668
0.252376
0.253860
0.254977
0.255099
0.254605
0.254184
0.254023
0.254207
0.253662
0.252447
0.251491
0.250893
0.250199
0.248844
0.247128
0.245600
0.244160
0.242870
0.242758
0.243905
0.244806
0.245543
0.245913
0.245631
0.244796
0.243949
0.243300
0.242946
0.242204
0.241641
0.241481
0.241562
0.241118
0.240049
0.239037
0.238574
0.238543
0.238501
0.239359
0.241429
0.243230
0.244779
0.246358
0.247190
0.247369
0.247705
0.248285
0.249121
0.249146
0.248741
0.248551
0.248621
0.248580
0.248086
0.247475
0.247215
0.247023
0.246840
0.247642
0.249587
0.251253
0.252640
0.253418
0.253168
0.252329
0.251568
0.251088
0.250983
0.250457
0.249470
0.248794
0.248448
0.247792
0.246404
0.244747
0.243355
0.242276
0.241381
0.241566
0.242930
0.244010
0.244844
0.245447
0.245210
0.244322
0.243531
0.242997
0.242751
0.242022
0.241279
0.240916
0.240827
0.240414
0.239512
0.238582
0.238058
0.237861
0.237655
0.238363
0.240283
0.242006
0.243480
0.244819
0.245326
0.245164
0.245115
0.245361
0.245920
0.245725
0.244971
0.244493
0.244335
0.244093
0.243265
0.242203
0.241399
0.240687
0.240056
0.240494
0.242115
0.243509
0.244663
0.245473
0.245696
0.245365
0.245081
0.245027
0.245288
0.244819
0.244024
0.243570
0.243420
0.242917
0.241673
0.240324
0.239461
0.238908
0.238426
0.238935
0.240687
0.242276
0.243630
0.244700
0.244853
0.244315
0.243822
0.243609
0.243749
0.243304
0.242470
0.242003
0.241880
0.241570
0.240609
0.239442
0.238552
0.237924
0.237398
0.237879
0.239511
0.240892
0.242007
0.242803
0.242739
0.242035
0.241432
0.241118
0.241115
0.240633
0.239982
0.239680
0.239673
0.239358
0.238472
0.237489
0.236864
0.236576
0.236304
0.236963
0.238818
0.240496
0.241911
0.243150
0.243562
0.243296
0.243140
0.243283
0.243734
0.243422
0.242689
0.242283
0.242197
0.241961
0.241124
0.240101
0.239380
0.238816
0.238320
0.238836
0.240533
0.242051
0.243323
0.244123
0.243946
0.243127
0.242357
0.241868
0.241732
0.241206
0.240510
0.240206
0.240226
0.239887
0.238873
0.237693
0.236856
0.236439
0.236074
0.236662
0.238402
0.239900
0.241127
0.242244
0.242607
0.242306
0.242168
0.242324
0.242716
0.242324
0.241598
0.241130
0.240945
0.240694
0.239992
0.239210
0.238827
0.238561
0.238275
0.238953
0.240858
0.242654
0.244201
0.245328
0.245486
0.244984
0.244525
0.244377
0.244582
0.244287
0.243544
0.243161
0.243158
0.242861
0.241764
0.240366
0.239226
0.238401
0.237730
0.238110
0.239654
0.240979
0.242064
0.242726
0.242466
0.241559
0.240715
0.240141
0.239858
0.239146
0.238292
0.237771
0.237546
0.237059
0.235965
0.234805
0.234073
0.233692
0.233280
0.233776
0.235533
0.237220
0.238669
0.239970
0.240455
0.240231
0.240091
0.240262
0.240742
0.240619
0.240169
0.240022
0.240197
0.240133
0.239416
0.238554
0.238047
0.237795
0.237589
0.238335
0.240237
0.241970
0.243434
0.244442
0.244501
0.243906
0.243398
0.243207
0.243351
0.242927
0.242106
0.241617
0.241474
0.241101
0.240034
0.238748
0.237753
0.237022
0.236372
0.236725
0.238273
0.239681
0.240854
0.241682
0.241625
0.240896
0.240224
0.239844
0.239779
0.239191
0.238372
0.237885
0.237728
0.237337
0.236292
0.235096
0.234268
0.233789
0.233315
0.233770
0.235447
0.237036
0.238396
0.239532
0.239842
0.239444
0.239114
0.239093
0.239377
0.239030
0.238360
0.238025
0.238025
0.237834
0.236984
0.235959
0.235267
0.234829
0.234421
0.234977
0.236741
0.238419
0.239865
0.240918
0.241058
0.240512
0.240005
0.239805
0.239943
0.239553
0.238855
0.238533
0.238569
0.238328
0.237338
0.236114
0.235201
0.234679
0.234246
0.234588
0.236160
0.237719
0.239065
0.240173
0.240379
0.239852
0.239209
0.238869
0.238806
0.238582
0.238241
0.237926
0.237938
0.237867
0.237242
0.236599
0.236341
0.236510
0.236667
0.237477
0.239483
0.241436
0.243148
0.244772
0.245695
0.245900
0.246094
0.246637
0.247426
0.247573
0.247365
0.247330
0.247614
0.247800
0.247423
0.246974
0.246927
0.247122
0.247369
0.248350
0.250509
0.252535
0.254326
0.255665
0.255975
0.255640
0.255257
0.255213
0.255411
0.254973
0.254040
0.253405
0.253138
0.252688
0.251533
0.250195
0.249137
0.248352
0.247730
0.247968
0.249444
0.250824
0.252010
0.252827
0.252649
0.251802
0.250850
0.250207
0.249820
0.249116
0.248321
0.247707
0.247433
0.247003
0.245935
0.244894
0.244275
0.244121
0.243986
0.244539
0.246290
0.247917
0.249325
0.250697
0.251430
0.251451
0.251511
0.251913
0.252522
0.252431
0.252043
0.251751
0.251727
0.251734
0.251360
0.250987
0.251084
0.251384
0.251656
0.252633
0.254784
0.256803
0.258563
0.259874
0.260303
0.260063
0.259785
0.259853
0.260214
0.260020
0.258932
0.257908
0.257227
0.256534
0.255144
0.253429
0.251987
0.250641
0.249383
0.249278
0.250380
0.251336
0.251850
0.251690
0.250802
0.249178
0.247554
0.246182
0.244989
0.242985
0.241027
0.239496
0.238199
0.236807
0.235047
0.233348
0.232173
0.231384
0.230448
0.230343
0.231634
0.233011
0.234187
0.235309
0.235625
0.235211
0.234906
0.234920
0.235201
0.235489
0.235467
0.235420
0.235638
0.235749
0.235408
0.235092
0.235278
0.235764
0.236174
0.237356
0.239631
0.241715
0.243442
0.244826
0.245348
0.245200
0.245236
0.245648
0.246390
0.246529
0.246028
0.245697
0.245722
0.245573
0.244680
0.243520
0.242616
0.241851
0.241192
0.241592
0.243140
0.244549
0.245757
0.246344
0.246150
0.245246
0.244337
0.243685
0.243339
0.242440
0.241518
0.241002
0.240769
0.240128
0.238700
0.237170
0.236128
0.235547
0.234978
0.235347
0.236980
0.238560
0.239911
0.241057
0.241285
0.240771
0.240307
0.240121
0.240268
0.239925
0.239357
0.239075
0.239109
0.238918
0.238051
0.237069
0.236485
0.236254
0.236038
0.236721
0.238552
0.240250
0.241668
0.242638
0.242623
0.241933
0.241323
0.241015
0.241066
0.240650
0.239983
0.239679
0.239711
0.239477
0.238524
0.237379
0.236528
0.236040
0.235619
0.236150
0.237820
0.239320
0.240562
0.241479
0.241461
0.240759
0.240128
0.239763
0.239722
0.239139
0.238410
0.238062
0.238029
0.237711
0.236713
0.235565
0.234781
0.234343
0.233927
0.234445
0.236156
0.237781
0.239175
0.240227
0.240295
0.239656
0.239039
0.238681
0.238690
0.238277
0.237701
0.237516
0.237667
0.237510
0.236632
0.235567
0.234843
0.234545
0.234290
0.234967
0.236775
0.238391
0.239756
0.240893
0.241153
0.240707
0.240338
0.240237
0.240447
0.240000
0.239360
0.239098
0.239149
0.238945
0.238086
0.237068
0.236395
0.235961
0.235573
0.236152
0.237926
0.239616
0.241098
0.242134
0.242139
0.241480
0.240821
0.240395
0.240346
0.239868
0.239239
0.239037
0.239171
0.238948
0.237964
0.236774
0.235922
0.235512
0.235175
0.235785
0.237518
0.239029
0.240298
0.241378
0.241591
0.241098
0.240679
0.240503
0.240620
0.240086
0.239471
0.239250
0.239326
0.239150
0.238368
0.237471
0.236939
0.236632
0.236354
0.237026
0.238878
0.240611
0.242133
0.243241
0.243306
0.242708
0.242121
0.241767
0.241785
0.241322
0.240625
0.240338
0.240383
0.240114
0.239090
0.237841
0.236880
0.236307
0.235837
0.236334
0.237954
0.239356
0.240529
0.241434
0.241410
0.240707
0.240046
0.239602
0.239471
0.238880
0.238384
0.238323
0.238548
0.238379
0.237584
0.236700
0.236198
0.236050
0.235914
0.236685
0.238611
0.240369
0.241905
0.243230
0.243615
0.243291
0.243009
0.242964
0.243267
0.242882
0.242316
0.242174
0.242356
0.242247
0.241433
0.240411
0.239665
0.239170
0.238790
0.239399
0.241132
0.242654
0.243962
0.244831
0.244685
0.243915
0.243155
0.242598
0.242383
0.241725
0.241247
0.241244
0.241524
0.241272
0.240328
0.239268
0.238603
0.238381
0.238209
0.238968
0.240862
0.242530
0.243988
0.245290
0.245670
0.245353
0.245095
0.245037
0.245278
0.244757
0.244265
0.244193
0.244419
0.244287
0.243534
0.242645
0.242078
0.241741
0.241485
0.242204
0.244064
0.245725
0.247193
0.267892
0.266752
0.266503
0.268070
0.271173
0.275637
0.281312
0.287892
0.295432
0.303801
0.312530
0.321945
0.331863
0.342211
0.352908
0.363861
0.374979
0.384910
0.394171
0.402841
0.410250
0.416610
0.422315
0.427445
0.431817
0.435473
0.438223
0.439555
0.439521
0.438280
0.435907
0.432407
0.427961
0.423250
0.418886
0.413908
0.409283
0.405278
0.402050
0.400074
0.398196
0.396371
0.394214
0.390608
0.385814
0.380580
0.375829
0.370900
0.365619
0.359984
0.353931
0.347807
0.341750
0.335668
0.330104
0.324419
0.319623
0.315895
0.312707
0.310605
0.308415
0.305933
0.303290
0.300088
0.296607
0.292748
0.288963
0.285520
0.282408
0.279855
0.277743
0.275406
0.273377
0.271258
0.269189
0.267434
0.266980
0.267308
0.267782
0.269221
0.270727
0.271716
0.272503
0.272682
0.271869
0.270750
0.269980
0.269289
0.268810
0.267766
0.266552
0.265479
0.264760
0.263573
0.261956
0.260463
0.259443
0.258578
0.258187
0.259149
0.260959
0.262378
0.263898
0.264549
0.264334
0.263375
0.262608
0.261989
0.261523
0.260697
0.260339
0.260317
0.260368
0.259423
0.258066
0.256653
0.255713
0.255228
0.255139
0.256256
0.257830
0.258998
0.260179
0.260953
0.260769
0.260062
0.259552
0.259113
0.258480
0.257597
0.257119
0.256830
0.256738
0.256031
0.255155
0.254358
0.253887
0.253640
0.253638
0.254770
0.256327
0.257455
0.258551
0.259220
0.258974
0.258266
0.257829
0.257471
0.257176
0.256709
0.256721
0.256995
0.257368
0.257042
0.256423
0.255839
0.255619
0.255716
0.256131
0.257674
0.259661
0.261211
0.262715
0.263717
0.263776
0.263340
0.263149
0.263044
0.262931
0.262428
0.262331
0.262504
0.262771
0.262237
0.261369
0.260470
0.259872
0.259571
0.259653
0.260940
0.262740
0.264152
0.265551
0.266379
0.266243
0.265536
0.265044
0.264649
0.264374
0.263857
0.263885
0.264196
0.264563
0.263910
0.262964
0.261998
0.261352
0.261034
0.261120
0.262432
0.264232
0.265628
0.267018
0.267875
0.267768
0.267099
0.266640
0.266268
0.265940
0.265303
0.265131
0.265207
0.265383
0.264656
0.263615
0.262573
0.261872
0.261483
0.261476
0.262678
0.264386
0.265698
0.266990
0.267714
0.267476
0.266701
0.266154
0.265696
0.265344
0.264753
0.264664
0.264837
0.265076
0.264444
0.263514
0.262603
0.262032
0.261787
0.261918
0.263242
0.265058
0.266461
0.267829
0.268637
0.268488
0.267817
0.267378
0.267029
0.266741
0.266126
0.265960
0.266046
0.266205
0.265524
0.264523
0.263534
0.262888
0.262561
0.262613
0.263869
0.265644
0.267016
0.268349
0.269075
0.268838
0.268065
0.267526
0.267081
0.266772
0.266199
0.266104
0.266275
0.266502
0.265823
0.264825
0.263836
0.263197
0.262890
0.262982
0.264288
0.266123
0.267558
0.268957
0.269750
0.269572
0.268843
0.268342
0.267935
0.267643
0.267051
0.266932
0.267077
0.267283
0.266565
0.265518
0.264469
0.263765
0.263380
0.263402
0.264652
0.266451
0.267847
0.269213
0.269962
0.269738
0.268960
0.268407
0.267948
0.267637
0.267058
0.266953
0.267114
0.267327
0.266617
0.265570
0.264532
0.263853
0.263505
0.263567
0.264854
0.266695
0.268138
0.269538
0.270300
0.270086
0.269315
0.268770
0.268322
0.268018
0.267426
0.267313
0.267463
0.267653
0.266909
0.265827
0.264749
0.264029
0.263636
0.263661
0.264924
0.266766
0.268219
0.269621
0.270365
0.270129
0.269331
0.268759
0.268286
0.267984
0.267410
0.267324
0.267516
0.267737
0.266971
0.265867
0.264775
0.264050
0.263668
0.263705
0.264983
0.266866
0.268357
0.269789
0.270534
0.270291
0.269475
0.268884
0.268396
0.268117
0.267569
0.267506
0.267726
0.267972
0.267199
0.266074
0.264953
0.264206
0.263804
0.263832
0.265110
0.267024
0.268542
0.269995
0.270728
0.270470
0.269624
0.269002
0.268491
0.268228
0.267692
0.267654
0.267917
0.268196
0.267395
0.266229
0.265055
0.264262
0.263831
0.263842
0.265115
0.267035
0.268551
0.270000
0.270711
0.270441
0.269580
0.268942
0.268416
0.268135
0.267547
0.267453
0.267661
0.267892
0.267052
0.265817
0.264565
0.263704
0.263220
0.263177
0.264401
0.266309
0.267825
0.269256
0.269918
0.269599
0.268680
0.267981
0.267398
0.267074
0.266467
0.266382
0.266603
0.266838
0.265990
0.264741
0.263470
0.262589
0.262099
0.262044
0.263246
0.265133
0.266628
0.268046
0.268719
0.268414
0.267530
0.266869
0.266318
0.265997
0.265370
0.265274
0.265479
0.265713
0.264888
0.263661
0.262435
0.261600
0.261146
0.261107
0.262306
0.264201
0.265698
0.267115
0.267794
0.267488
0.266612
0.265962
0.265420
0.265121
0.264523
0.264453
0.264686
0.264951
0.264163
0.262970
0.261780
0.260987
0.260573
0.260570
0.261803
0.263740
0.265280
0.266729
0.267426
0.267148
0.266297
0.265670
0.265152
0.264862
0.264231
0.264130
0.264349
0.264602
0.263807
0.262591
0.261353
0.260502
0.260031
0.259976
0.261166
0.263071
0.264578
0.266009
0.266699
0.266411
0.265542
0.264891
0.264346
0.264033
0.263383
0.263280
0.263484
0.263723
0.262938
0.261712
0.260467
0.259615
0.259143
0.259082
0.260262
0.262150
0.263648
0.265066
0.265748
0.265452
0.264580
0.263926
0.263376
0.263035
0.262358
0.262245
0.262439
0.262673
0.261919
0.260730
0.259529
0.258717
0.258276
0.258233
0.259420
0.261309
0.262808
0.264232
0.264950
0.264686
0.263858
0.263250
0.262742
0.262430
0.261772
0.261674
0.261876
0.262118
0.261372
0.260198
0.259025
0.258247
0.257832
0.257807
0.259005
0.260922
0.262449
0.263889
0.264599
0.264338
0.263513
0.262910
0.262408
0.262111
0.261443
0.261324
0.261526
0.261777
0.261044
0.259859
0.258657
0.257850
0.257411
0.257366
0.258554
0.260477
0.262015
0.263463
0.264179
0.263920
0.263089
0.262474
0.261962
0.261651
0.260944
0.260809
0.261001
0.261238
0.260500
0.259291
0.258048
0.257196
0.256710
0.256623
0.257775
0.259664
0.261166
0.262589
0.263290
0.263015
0.262161
0.261518
0.260975
0.260632
0.259904
0.259756
0.259931
0.260158
0.259432
0.258222
0.256983
0.256143
0.255671
0.255591
0.256742
0.258635
0.260146
0.261572
0.262277
0.262002
0.261154
0.260517
0.259979
0.259625
0.258876
0.258708
0.258871
0.259099
0.258404
0.257218
0.256004
0.255184
0.254727
0.254649
0.255794
0.257683
0.259192
0.260615
0.261338
0.261090
0.260277
0.259678
0.259177
0.258842
0.258081
0.257892
0.258036
0.258248
0.257542
0.256337
0.255102
0.254262
0.253780
0.253675
0.254793
0.256682
0.258198
0.259620
0.260318
0.260063
0.259238
0.258622
0.258105
0.257755
0.256964
0.256736
0.256852
0.257048
0.256355
0.255133
0.253864
0.252988
0.252474
0.252335
0.253422
0.255289
0.256789
0.258196
0.258887
0.258624
0.257785
0.257151
0.256615
0.256231
0.255400
0.255133
0.255221
0.255400
0.254705
0.253470
0.252183
0.251286
0.250741
0.250566
0.251618
0.253459
0.254933
0.256322
0.257009
0.256744
0.255900
0.255255
0.254704
0.254304
0.253464
0.253187
0.253265
0.253445
0.252758
0.251523
0.250243
0.249360
0.248830
0.248659
0.249709
0.251568
0.253074
0.254483
0.255186
0.254948
0.254124
0.253495
0.252963
0.252561
0.251696
0.251379
0.251433
0.251601
0.250915
0.249666
0.248362
0.247450
0.246888
0.246678
0.247685
0.249518
0.251014
0.252408
0.253110
0.252878
0.252059
0.251429
0.250896
0.250473
0.249571
0.249216
0.249241
0.249389
0.248679
0.247396
0.246057
0.245119
0.244539
0.244297
0.245265
0.247066
0.248558
0.249946
0.250668
0.250459
0.249658
0.249038
0.248515
0.248080
0.247163
0.246777
0.246775
0.246917
0.246239
0.244975
0.243643
0.242708
0.242126
0.241871
0.242820
0.244610
0.246112
0.247510
0.248288
0.248128
0.247374
0.246792
0.246306
0.245866
0.244899
0.244442
0.244384
0.244487
0.243805
0.242524
0.241157
0.240164
0.239511
0.239177
0.240047
0.241775
0.243238
0.244605
0.245379
0.245208
0.244431
0.243817
0.243293
0.242826
0.241891
0.241487
0.241483
0.241645
0.241019
0.239779
0.238465
0.237604
0.237109
0.236910
0.237892
0.239723
0.241305
0.242782
0.243665
0.243595
0.242919
0.242411
0.241995
0.241593
0.240675
0.240260
0.240246
0.240409
0.239811
0.238598
0.237303
0.236411
0.235858
0.235599
0.236522
0.238308
0.239881
0.241339
0.242205
0.242113
0.241401
0.240845
0.240383
0.239974
0.239038
0.238597
0.238579
0.238742
0.238162
0.236967
0.235570
0.234531
0.233912
0.233487
0.234139
0.235780
0.237244
0.238620
0.239523
0.239369
0.238536
0.237788
0.237115
0.236657
0.236228
0.236546
0.237266
0.238179
0.238373
0.237969
0.237570
0.237808
0.238489
0.239265
0.241001
0.243641
0.245890
0.247999
0.249717
0.250380
0.250415
0.250619
0.250905
0.251383
0.251300
0.251701
0.252427
0.253323
0.253496
0.253122
0.252713
0.252692
0.253004
0.253543
0.255109
0.257507
0.259534
0.261388
0.262483
0.262569
0.262013
0.261591
0.261256
0.261266
0.260888
0.260651
0.260784
0.261120
0.260689
0.259562
0.258208
0.257194
0.256611
0.256359
0.257255
0.259073
0.260550
0.261962
0.262774
0.262585
0.261752
0.261029
0.260383
0.259971
0.259053
0.258714
0.258699
0.258890
0.258339
0.257217
0.256015
0.255211
0.254823
0.254651
0.255566
0.257379
0.258799
0.260181
0.261087
0.260954
0.260208
0.259598
0.259055
0.258757
0.258184
0.258267
0.258636
0.259170
0.258966
0.258292
0.257614
0.257363
0.257501
0.257837
0.259212
0.261452
0.263277
0.265019
0.266220
0.266389
0.265977
0.265726
0.265546
0.265629
0.265128
0.264877
0.264915
0.265144
0.264750
0.263765
0.262643
0.261884
0.261310
0.261033
0.261922
0.263752
0.265270
0.266727
0.267554
0.267390
0.266562
0.265851
0.265231
0.264914
0.264148
0.263753
0.263720
0.263884
0.263269
0.261999
0.260559
0.259503
0.258867
0.258523
0.259325
0.261071
0.262461
0.263809
0.264547
0.264272
0.263384
0.262620
0.261925
0.261482
0.260637
0.260383
0.260423
0.260654
0.260180
0.259152
0.258080
0.257442
0.257201
0.257167
0.258203
0.260141
0.261682
0.263156
0.264087
0.263988
0.263296
0.262754
0.262284
0.262079
0.261440
0.261265
0.261393
0.261705
0.261359
0.260450
0.259460
0.258872
0.258608
0.258585
0.259654
0.261628
0.263265
0.264805
0.265651
0.265483
0.264717
0.264089
0.263543
0.263294
0.262597
0.262188
0.262124
0.262265
0.261705
0.260482
0.259078
0.258050
0.257387
0.257004
0.257762
0.259462
0.260877
0.262217
0.262968
0.262716
0.261820
0.261037
0.260334
0.259909
0.259001
0.258608
0.258573
0.258754
0.258236
0.257090
0.255820
0.254970
0.254557
0.254365
0.255265
0.257088
0.258574
0.259986
0.260826
0.260639
0.259846
0.259189
0.258608
0.258292
0.257505
0.257245
0.257334
0.257629
0.257221
0.256208
0.255093
0.254370
0.253993
0.253831
0.254761
0.256625
0.258199
0.259680
0.260510
0.260336
0.259546
0.258881
0.258297
0.258015
0.257305
0.256959
0.256981
0.257229
0.256800
0.255689
0.254415
0.253548
0.253110
0.252901
0.253785
0.255586
0.257087
0.258498
0.259269
0.259037
0.258200
0.257491
0.256859
0.256479
0.255583
0.255174
0.255138
0.255332
0.254864
0.253766
0.252530
0.251676
0.251179
0.250882
0.251677
0.253424
0.254906
0.256306
0.257122
0.256948
0.256156
0.255480
0.254886
0.254555
0.253712
0.253312
0.253296
0.253516
0.253085
0.251992
0.250751
0.249918
0.249482
0.249237
0.250069
0.251834
0.253336
0.254743
0.255541
0.255347
0.254537
0.253847
0.253238
0.252875
0.252037
0.251651
0.251642
0.251865
0.251458
0.250406
0.249225
0.248456
0.248068
0.247851
0.248703
0.250494
0.252039
0.253482
0.254334
0.254188
0.253424
0.252779
0.252217
0.251906
0.251092
0.250692
0.250673
0.250891
0.250520
0.249486
0.248313
0.247547
0.247164
0.246947
0.247793
0.249574
0.251108
0.252536
0.253351
0.253170
0.252372
0.251688
0.251087
0.250737
0.249949
0.249574
0.249575
0.249807
0.249470
0.248468
0.247339
0.246628
0.246304
0.246136
0.247019
0.248827
0.250396
0.251848
0.252703
0.252560
0.251802
0.251162
0.250610
0.250303
0.249480
0.249041
0.248980
0.249157
0.248808
0.247800
0.246655
0.245922
0.245567
0.245361
0.246208
0.247989
0.249558
0.251005
0.251903
0.251827
0.251117
0.250516
0.250000
0.249716
0.248811
0.248215
0.248003
0.248034
0.247594
0.246486
0.245218
0.244354
0.243870
0.243534
0.244262
0.245937
0.247441
0.248838
0.249727
0.249628
0.248876
0.248214
0.247635
0.247289
0.246400
0.245813
0.245612
0.245663
0.245250
0.244171
0.242939
0.242126
0.241699
0.241406
0.242166
0.243879
0.245437
0.246885
0.247842
0.247811
0.247121
0.246520
0.246004
0.245722
0.244856
0.244240
0.244013
0.244041
0.243671
0.242631
0.241429
0.240637
0.240218
0.239923
0.240674
0.242372
0.243921
0.245359
0.246304
0.246264
0.245562
0.244943
0.244406
0.244100
0.243285
0.242782
0.242668
0.242800
0.242502
0.241523
0.240401
0.239703
0.239402
0.239218
0.240058
0.241839
0.243482
0.244991
0.245997
0.246009
0.245360
0.244808
0.244346
0.244119
0.243389
0.243083
0.243233
0.243665
0.243703
0.243014
0.242202
0.241819
0.241939
0.242116
0.243135
0.245125
0.246943
0.248611
0.249781
0.249852
0.249277
0.248725
0.248272
0.248086
0.247776
0.248028
0.248644
0.249494
0.249791
0.249335
0.248866
0.248863
0.249348
0.249899
0.251265
0.253539
0.255544
0.257360
0.258671
0.258882
0.258451
0.258067
0.257802
0.257819
0.257461
0.257446
0.257738
0.258278
0.258276
0.257538
0.256744
0.256355
0.256360
0.256488
0.257486
0.259438
0.261131
0.262680
0.263647
0.263536
0.262843
0.262188
0.261638
0.261341
0.260727
0.260571
0.260750
0.261166
0.261013
0.260114
0.259172
0.258641
0.258516
0.258518
0.259415
0.261305
0.262929
0.264448
0.265497
0.265498
0.264888
0.264307
0.263823
0.263584
0.262979
0.262824
0.262972
0.263351
0.263198
0.262296
0.261383
0.260928
0.260770
0.260751
0.261641
0.263516
0.265125
0.266624
0.267575
0.267462
0.266756
0.266082
0.265512
0.265187
0.264549
0.264297
0.264329
0.264595
0.264324
0.263294
0.262244
0.261642
0.261344
0.261191
0.261961
0.263739
0.265274
0.266700
0.267591
0.267421
0.266658
0.265934
0.265318
0.264946
0.264278
0.264060
0.264131
0.264429
0.264173
0.263164
0.262161
0.261622
0.261442
0.261383
0.262221
0.264049
0.265626
0.267078
0.268010
0.267883
0.267162
0.266495
0.265945
0.265647
0.265021
0.264762
0.264762
0.264992
0.264701
0.263654
0.262607
0.262022
0.261737
0.261579
0.262340
0.264104
0.265654
0.267072
0.267874
0.267597
0.266738
0.265921
0.265224
0.264782
0.264130
0.263914
0.263980
0.264277
0.264009
0.262943
0.261865
0.261252
0.261042
0.260957
0.261775
0.263590
0.265168
0.266608
0.267499
0.267319
0.266540
0.265818
0.265218
0.264871
0.264234
0.263974
0.263964
0.264179
0.263879
0.262806
0.261748
0.261176
0.260899
0.260745
0.261498
0.263251
0.264801
0.266199
0.266973
0.266660
0.265755
0.264892
0.264162
0.263692
0.263027
0.262788
0.262826
0.263094
0.262839
0.261773
0.260695
0.260088
0.259897
0.259821
0.260636
0.262438
0.264025
0.265451
0.266303
0.266073
0.265243
0.264472
0.263842
0.263469
0.262808
0.262491
0.262427
0.262582
0.262279
0.261217
0.260172
0.259609
0.259390
0.259273
0.260045
0.261802
0.263365
0.264761
0.265528
0.265205
0.264287
0.263414
0.262687
0.262214
0.261551
0.261284
0.261290
0.261523
0.261270
0.260205
0.259136
0.258550
0.258379
0.258312
0.259131
0.260934
0.262545
0.263983
0.264814
0.264551
0.263678
0.262851
0.262176
0.261759
0.261103
0.260790
0.260741
0.260914
0.260637
0.259566
0.258501
0.257931
0.257723
0.257617
0.258398
0.260170
0.261762
0.263179
0.263957
0.263648
0.262746
0.261883
0.261173
0.260714
0.260066
0.259775
0.259757
0.259966
0.259710
0.258642
0.257574
0.257000
0.256853
0.256805
0.257633
0.259434
0.261056
0.262492
0.263290
0.262993
0.262102
0.261257
0.260566
0.260128
0.259485
0.259189
0.259164
0.259362
0.259114
0.258071
0.257034
0.256489
0.256358
0.256319
0.257153
0.258961
0.260599
0.262049
0.262851
0.262555
0.261663
0.260814
0.260118
0.259680
0.259070
0.258830
0.258871
0.259139
0.258909
0.257874
0.256835
0.256272
0.256148
0.256124
0.256967
0.258770
0.260400
0.261833
0.262618
0.262297
0.261383
0.260523
0.259806
0.259346
0.258768
0.258618
0.258740
0.259089
0.258919
0.257952
0.256988
0.256496
0.256437
0.256471
0.257362
0.259208
0.260872
0.262334
0.263167
0.262892
0.262019
0.261209
0.260540
0.260136
0.259604
0.259499
0.259664
0.260056
0.259931
0.259005
0.258073
0.257598
0.257554
0.257607
0.258517
0.260376
0.262030
0.263490
0.264335
0.264066
0.263193
0.262388
0.261714
0.261297
0.260811
0.260820
0.261082
0.261566
0.261498
0.260641
0.259795
0.259422
0.259482
0.259642
0.260653
0.262597
0.264326
0.265863
0.266773
0.266567
0.265765
0.265028
0.264417
0.264074
0.263605
0.263617
0.263873
0.264354
0.264266
0.263411
0.262557
0.262160
0.262190
0.262334
0.263341
0.265283
0.267000
0.268541
0.269443
0.269236
0.268446
0.267717
0.267105
0.266754
0.266266
0.266295
0.266562
0.267046
0.266978
0.266168
0.265369
0.265019
0.265094
0.265287
0.266347
0.268331
0.270058
0.271624
0.272587
0.272449
0.271737
0.271086
0.270547
0.270270
0.269798
0.269807
0.270013
0.270428
0.270301
0.269442
0.268598
0.268208
0.268116
0.268173
0.269133
0.271041
0.272703
0.274226
0.275121
0.274917
0.274150
0.273434
0.272820
0.272464
0.271969
0.271969
0.272158
0.272554
0.272391
0.271503
0.270614
0.270165
0.270025
0.270052
0.270997
0.272899
0.274551
0.276090
0.276989
0.276791
0.276027
0.275296
0.274656
0.274261
0.273795
0.273858
0.274089
0.274521
0.274359
0.273483
0.272615
0.272202
0.272108
0.272193
0.273203
0.275154
0.276851
0.278440
0.279349
0.279154
0.278387
0.277641
0.276982
0.276573
0.276104
0.276127
0.276302
0.276681
0.276457
0.275521
0.274570
0.274061
0.273882
0.273901
0.274879
0.276742
0.278337
0.279788
0.280427
0.280027
0.279100
0.278320
0.277622
0.277258
0.276836
0.276457
0.276177
0.276086
0.275421
0.274096
0.272670
0.271666
0.270990
0.270559
0.271223
0.272733
0.274014
0.275166
0.275636
0.275120
0.274030
0.273088
0.272216
0.271607
0.270874
0.270570
0.270413
0.270424
0.269845
0.268679
0.267485
0.266771
0.266493
0.266391
0.267319
0.269055
0.270476
0.271773
0.272346
0.271861
0.270835
0.269967
0.269175
0.268675
0.268196
0.268192
0.268339
0.268647
0.268388
0.267535
0.266673
0.266279
0.266285
0.266467
0.267663
0.269649
0.271324
0.272845
0.273587
0.273276
0.272433
0.271753
0.271149
0.270842
0.270488
0.270434
0.270519
0.270774
0.270482
0.269580
0.268610
0.268048
0.267844
0.267857
0.268906
0.270751
0.272322
0.273745
0.274320
0.273870
0.272877
0.272037
0.271265
0.270768
0.270264
0.270237
0.270379
0.270692
0.270326
0.269380
0.268371
0.267806
0.267679
0.267759
0.268875
0.270797
0.272433
0.273947
0.274666
0.274339
0.273452
0.272712
0.272042
0.271659
0.271268
0.271338
0.271563
0.271954
0.271711
0.270875
0.269981
0.269535
0.269520
0.269720
0.270945
0.272937
0.274618
0.276174
0.276894
0.276554
0.275645
0.274880
0.274182
0.273769
0.273384
0.273138
0.272907
0.272773
0.272003
0.270452
0.268897
0.267948
0.267237
0.266809
0.267555
0.269206
0.270595
0.272113
0.272870
0.272724
0.271940
0.271246
0.270666
0.270294
0.269358
0.268567
0.267807
0.267210
0.266301
0.264728
0.263203
0.262378
0.261970
0.261776
0.262683
0.267970
