0.940509
0.968863
0.973463
0.976709
0.977268
0.972058
0.966882
0.963746
0.956858
0.944076
0.929035
0.914140
0.893140
0.865479
0.872656
0.925461
0.959552
0.959044
0.913627
0.825864
0.734339
0.647130
0.573584
0.496867
0.453848
0.447872
0.452667
0.452971
0.442759
0.428703
0.455419
0.517968
0.573033
0.621842
0.653198
0.737057
0.863371
0.903402
0.852485
0.760461
0.652735
0.572742
0.551133
0.530745
0.547590
0.522770
0.504703
0.510257
0.557654
0.629272
0.690965
0.743790
0.789580
0.827494
0.851703
0.944628
1.077259
1.115350
1.060888
0.965993
0.845769
0.768528
0.765110
0.764713
0.775521
0.758134
0.743678
0.758138
0.845883
0.897821
0.942368
0.975479
0.991991
0.998555
1.011543
1.153754
1.364646
1.543079
1.684294
1.755088
1.659557
1.463309
1.222824
1.010780
0.864867
0.733688
0.664118
0.614306
0.555120
0.511062
0.537846
0.591628
0.637760
0.679432
0.718166
0.754930
0.789401
0.806196
0.830263
0.861786
0.838789
0.770298
0.698201
0.643393
0.638857
0.640041
0.670685
0.693905
0.738732
0.814856
0.886662
0.933569
0.973661
1.006834
1.024654
1.030147
1.022980
1.067440
1.271355
1.440531
1.468409
1.366488
1.186763
0.992495
0.853662
0.773397
0.745163
0.718476
0.662774
0.614604
0.596979
0.672012
0.737859
0.799342
0.856528
0.909890
0.957456
0.991588
1.002806
1.065302
1.098602
1.048403
0.955644
0.846760
0.765270
0.747297
0.740030
0.751786
0.760187
0.770177
0.835774
0.905093
0.953835
0.997985
1.035250
1.061937
1.077422
1.077866
1.144142
1.336552
1.472443
1.452644
1.329257
1.144375
0.974090
0.871769
0.807420
0.780976
0.746340
0.689051
0.640576
0.612671
0.670690
0.729998
0.783825
0.832284
0.875331
0.908072
0.928050
1.073036
1.184439
1.175680
1.078089
0.950558
0.823284
0.756093
0.736568
0.736110
0.727189
0.704461
0.679400
0.730059
0.782988
0.822744
0.855764
0.882382
0.902506
0.911188
0.954277
1.152915
1.296930
1.303364
1.200763
1.052025
0.898970
0.811271
0.772769
0.762091
0.750721
0.708779
0.668060
0.641076
0.689676
0.749863
0.803972
0.851889
0.891720
0.920559
0.980408
1.172585
1.358800
1.427657
1.344021
1.197278
1.021304
0.883154
0.821711
0.791877
0.786188
0.772461
0.757844
0.795285
0.864718
0.914121
0.958658
0.996873
1.028967
1.053184
1.064269
1.078421
1.221399
1.292329
1.238968
1.122277
0.973187
0.862527
0.825180
0.798671
0.794866
0.781894
0.773577
0.778554
0.841089
0.890399
0.931472
0.964865
0.984597
0.994213
0.998269
1.104485
1.312247
1.482822
1.542736
1.441361
1.270804
1.071810
0.908792
0.809338
0.732943
0.695942
0.658491
0.623630
0.600250
0.655319
0.708163
0.755719
0.799680
0.840455
0.877000
0.901891
0.910760
0.983889
1.004946
0.951376
0.863863
0.765284
0.701937
0.701641
0.713335
0.740400
0.755946
0.778941
0.855245
0.928439
0.976769
1.020313
1.054421
1.073401
1.081009
1.077378
1.152976
1.348289
1.513735
1.576534
1.485887
1.318816
1.113846
0.943287
0.846123
0.780587
0.743624
0.692729
0.637579
0.607371
0.636860
0.705306
0.770690
0.833337
0.892314
0.946566
0.991091
1.014209
1.074728
1.135559
1.105430
1.002235
0.883716
0.782965
0.738450
0.726446
0.736933
0.746480
0.751333
0.758101
0.828119
0.886168
0.938441
0.984453
1.022924
1.052883
1.068811
1.084489
1.236178
1.381874
1.394240
1.288703
1.135540
0.969241
0.864322
0.801494
0.773188
0.752218
0.718635
0.690589
0.652723
0.718684
0.764974
0.797566
0.823804
0.841557
0.849695
0.934245
1.161271
1.381260
1.505424
1.470585
1.309993
1.109639
0.922740
0.793697
0.713719
0.676242
0.648555
0.617612
0.594247
0.637087
0.693350
0.739581
0.780851
0.818813
0.854623
0.881545
0.890946
0.955622
1.006278
0.989451
0.914446
0.812746
0.723106
0.692329
0.689328
0.721979
0.738028
0.747580
0.767293
0.841352
0.902660
0.951976
0.987104
1.009418
1.020432
1.020651
1.074252
1.276150
1.507337
1.687946
1.784134
1.712586
1.523959
1.277794
1.049893
0.898372
0.781050
0.729547
0.692208
0.647525
0.620436
0.673455
0.740564
0.802299
0.860037
0.913227
0.963054
1.007785
1.033283
1.040317
1.095887
1.078363
0.999193
0.894664
0.796515
0.744400
0.733776
0.744482
0.757271
0.770046
0.786625
0.857591
0.917633
0.971864
1.017387
1.052589
1.076307
1.087447
1.136940
1.324831
1.500003
1.536825
1.428678
1.252411
1.046335
0.902869
0.823559
0.780787
0.754087
0.712189
0.680946
0.668851
0.739174
0.801546
0.859405
0.910649
0.954094
0.987088
1.009992
1.129796
1.318520
1.442897
1.404834
1.263123
1.085143
0.926875
0.837720
0.786185
0.766758
0.752882
0.739154
0.748616
0.820430
0.868163
0.907061
0.939276
0.965173
0.985262
0.994575
0.993705
1.106522
1.188709
1.170923
1.071705
0.939086
0.822234
0.769323
0.744379
0.751150
0.747638
0.724930
0.706534
0.711077
0.776547
0.831558
0.878565
0.917425
0.947543
0.966905
1.030321
1.224057
1.380237
1.380208
1.262460
1.092472
0.922443
0.815724
0.758993
0.746722
0.742994
0.719662
0.696486
0.710971
0.777432
0.836887
0.891125
0.939669
0.982756
1.014705
1.030636
1.170677
1.294414
1.295514
1.191677
1.051688
0.905384
0.818259
0.780789
0.768579
0.758951
0.735010
0.711543
0.718081
0.785008
0.834944
0.877123
0.911821
0.936700
0.951558
1.033138
1.258929
1.474388
1.541120
1.432372
1.257452
1.055935
0.900982
0.819222
0.768966
0.746573
0.716638
0.690627
0.677727
0.751614
0.806248
0.854833
0.898029
0.934082
0.961771
0.976874
1.069213
1.204041
1.243968
1.162724
1.033759
0.884373
0.777619
0.738145
0.712954
0.707897
0.701254
0.699152
0.734451
0.799938
0.842231
0.880357
0.912651
0.938311
0.955297
0.960458
1.029140
1.180751
1.237421
1.169818
1.043517
0.891332
0.777241
0.730401
0.698553
0.687408
0.659769
0.634008
0.617698
0.668248
0.722319
0.770426
0.814020
0.853124
0.884089
0.900693
0.964995
1.098222
1.134490
1.067648
0.953502
0.818325
0.722702
0.696201
0.679921
0.685555
0.679780
0.677748
0.690865
0.763444
0.812431
0.857134
0.895961
0.925996
0.946770
0.954923
1.035451
1.198792
1.275352
1.217242
1.091268
0.931536
0.802656
0.741275
0.702001
0.692511
0.668391
0.639918
0.619846
0.665503
0.725227
0.778940
0.828343
0.873617
0.912109
0.936253
0.960834
1.074472
1.113524
1.056725
0.954813
0.828525
0.735580
0.713243
0.701687
0.710842
0.716045
0.729150
0.779544
0.853654
0.906216
0.953650
0.993035
1.019687
1.035842
1.040187
1.121467
1.312265
1.440993
1.410634
1.276051
1.093293
0.928367
0.824056
0.750061
0.720138
0.690212
0.648597
0.613015
0.602776
0.669482
0.727883
0.781149
0.829948
0.874347
0.907881
0.930333
1.062977
1.136330
1.098868
0.994520
0.865161
0.757129
0.718334
0.702378
0.714632
0.723922
0.735660
0.793547
0.872680
0.923508
0.965836
1.001183
1.025010
1.038203
1.041970
1.085909
1.274084
1.430598
1.436798
1.314927
1.137188
0.963207
0.840774
0.755296
0.718497
0.690565
0.646959
0.610212
0.589208
0.648355
0.706394
0.759147
0.807505
0.851771
0.886478
0.904760
1.021968
1.097879
1.074809
0.975418
0.854298
0.744269
0.694148
0.678705
0.686040
0.688118
0.692469
0.712068
0.790722
0.840540
0.879960
0.909645
0.932244
0.944170
0.945992
0.964886
1.144644
1.298866
1.315552
1.210525
1.048893
0.880756
0.762387
0.684395
0.648415
0.626992
0.587756
0.557976
0.542870
0.602406
0.649149
0.690120
0.726508
0.758238
0.781704
0.791781
0.902026
0.969909
0.953094
0.869527
0.759435
0.657987
0.610502
0.593194
0.602794
0.602550
0.602596
0.612037
0.679939
0.733580
0.773869
0.809844
0.839942
0.861405
0.871472
0.873626
1.012367
1.141454
1.155160
1.066990
0.927625
0.781255
0.687309
0.634739
0.618905
0.610487
0.574414
0.542115
0.517854
0.578915
0.626410
0.666825
0.702397
0.732709
0.751848
0.799656
0.992222
1.122209
1.117728
1.014832
0.874849
0.739790
0.662858
0.627762
0.621363
0.613928
0.606353
0.607248
0.675381
0.735094
0.783582
0.822603
0.857775
0.887005
0.906005
0.911882
1.044677
1.162230
1.169009
1.079519
0.945671
0.802614
0.719212
0.681270
0.668838
0.662310
0.625598
0.586632
0.557806
0.591518
0.652632
0.704649
0.752464
0.795112
0.827052
0.892509
1.091118
1.256950
1.277034
1.168545
1.016988
0.855465
0.744972
0.695439
0.675179
0.666698
0.656823
0.651942
0.712823
0.772239
0.821513
0.861033
0.896340
0.926644
0.946776
0.953529
1.063243
1.162579
1.167719
1.076988
0.953301
0.820229
0.741469
0.716885
0.707049
0.704128
0.680290
0.658201
0.647578
0.709636
0.764359
0.811860
0.853717
0.884981
0.905634
0.930606
1.096904
1.270924
1.308459
1.214472
1.064857
0.897354
0.780485
0.726430
0.698391
0.686858
0.659202
0.634020
0.620494
0.682589
0.740871
0.792936
0.840270
0.880544
0.911881
0.932205
1.066380
1.218534
1.251536
1.160476
1.022110
0.867555
0.758017
0.711917
0.690796
0.687962
0.679864
0.675349
0.715116
0.781579
0.831408
0.874783
0.912479
0.943059
0.964667
0.973336
1.076675
1.207404
1.231950
1.143137
1.012557
0.864368
0.766010
0.730370
0.708440
0.701191
0.679112
0.661204
0.655401
0.712934
0.769945
0.819834
0.864218
0.901699
0.929212
0.942692
1.067111
1.216208
1.254782
1.170044
1.034653
0.877853
0.764094
0.715969
0.687823
0.676945
0.653530
0.633667
0.624896
0.697881
0.750861
0.797612
0.839015
0.874213
0.899887
0.911678
1.021410
1.149205
1.173166
1.089686
0.966127
0.822543
0.725071
0.691730
0.672491
0.670889
0.658201
0.650040
0.664090
0.734677
0.784116
0.829079
0.867466
0.898726
0.920213
0.929018
1.054116
1.208517
1.256440
1.175539
1.040490
0.880058
0.760767
0.707391
0.673843
0.660687
0.629614
0.601449
0.583730
0.644718
0.701979
0.752116
0.797623
0.837584
0.868347
0.883823
0.990885
1.110340
1.128876
1.045529
0.925057
0.788234
0.697289
0.669498
0.654983
0.656109
0.650663
0.650621
0.692947
0.760072
0.808940
0.851055
0.887379
0.916682
0.936145
0.942500
1.054904
1.196070
1.237044
1.155962
1.023296
0.867064
0.751678
0.701613
0.668275
0.653668
0.619639
0.589292
0.569894
0.621803
0.681002
0.732640
0.780128
0.822674
0.856130
0.873374
0.978208
1.093796
1.110190
1.028185
0.910085
0.776329
0.688307
0.663814
0.651923
0.655128
0.651162
0.652589
0.697204
0.764815
0.814476
0.857619
0.894909
0.925198
0.945619
0.952610
1.063414
1.205503
1.249575
1.169612
1.036741
0.878588
0.760231
0.708036
0.672981
0.657760
0.624208
0.593768
0.574320
0.623137
0.684145
0.737580
0.786843
0.831184
0.866601
0.885576
0.988031
1.105177
1.123934
1.042156
0.923937
0.788583
0.697886
0.672559
0.659723
0.663055
0.660140
0.662536
0.711461
0.779621
0.830991
0.875676
0.914447
0.946303
0.968319
0.976339
1.079207
1.218569
1.262663
1.182354
1.049021
0.890244
0.771071
0.719077
0.684588
0.668304
0.635305
0.606936
0.589826
0.638887
0.700784
0.755120
0.805076
0.849884
0.885536
0.905146
1.007868
1.129365
1.151517
1.069170
0.948752
0.808986
0.711934
0.682267
0.665865
0.668002
0.664523
0.666248
0.710888
0.780096
0.832249
0.877612
0.916753
0.948905
0.971227
0.979678
1.083291
1.224765
1.270897
1.191272
1.057826
0.897196
0.776084
0.723521
0.687861
0.670748
0.639038
0.612863
0.598260
0.654093
0.708936
0.758692
0.802972
0.841510
0.871215
0.887580
0.988301
1.138426
1.179925
1.104291
0.975515
0.824656
0.713179
0.671944
0.646539
0.646200
0.643435
0.646681
0.685599
0.758383
0.808791
0.853550
0.892157
0.921488
0.941528
0.949123
1.036952
1.193334
1.247851
1.172637
1.037826
0.878668
0.757034
0.703146
0.667271
0.655613
0.634261
0.618465
0.613779
0.684157
0.738334
0.787302
0.831074
0.869642
0.899713
0.915616
0.986280
1.120681
1.153281
1.077446
0.955924
0.814855
0.713507
0.681898
0.660988
0.660433
0.657067
0.661382
0.689259
0.762599
0.814055
0.860397
0.900163
0.927850
0.945444
0.950978
1.051962
1.221959
1.294854
1.225160
1.088150
0.920047
0.785270
0.716668
0.669358
0.653494
0.628739
0.603913
0.589384
0.641420
0.702546
0.757930
0.808788
0.854855
0.893297
0.917337
0.981707
1.110457
1.141524
1.067455
0.947561
0.810702
0.711743
0.684085
0.668986
0.670830
0.679823
0.701016
0.775517
0.845120
0.894140
0.938678
0.976052
1.000139
1.013459
1.014841
1.100586
1.263674
1.335418
1.266043
1.127168
0.956184
0.816756
0.740826
0.685719
0.660264
0.628972
0.599949
0.583112
0.605679
0.672265
0.731829
0.786955
0.837075
0.880728
0.910970
0.984762
1.121122
1.163755
1.092568
0.970450
0.828672
0.720514
0.685253
0.667787
0.674762
0.687843
0.710444
0.787493
0.860484
0.913674
0.963500
1.007118
1.039295
1.061390
1.069754
1.119910
1.292785
1.387278
1.327166
1.186239
1.011060
0.863140
0.782223
0.726803
0.704793
0.669573
0.632625
0.608569
0.619303
0.683473
0.741101
0.794930
0.844615
0.888537
0.919716
0.939458
1.067318
1.122737
1.070221
0.959550
0.825501
0.720098
0.686444
0.667618
0.676135
0.683196
0.698108
0.740032
0.821102
0.876343
0.925797
0.968498
0.997941
1.017094
1.025413
1.112173
1.309206
1.456647
1.443413
1.305003
1.114521
0.936597
0.814810
0.726931
0.692833
0.666923
0.626104
0.593576
0.594437
0.662206
0.720374
0.773673
0.822250
0.866297
0.900878
0.919018
1.024772
1.089753
1.059999
0.956371
0.830066
0.721293
0.674122
0.651895
0.662691
0.674717
0.694550
0.752793
0.835867
0.891853
0.938982
0.980074
1.008011
1.024415
1.029972
1.090937
1.291324
1.452717
1.458423
1.329814
1.142475
0.957454
0.825484
0.733989
0.697336
0.669414
0.620928
0.584605
0.571100
0.645261
0.712483
0.774384
0.831509
0.884049
0.926900
0.950902
1.059882
1.136935
1.113120
1.006678
0.877666
0.758916
0.698028
0.677163
0.683241
0.691263
0.705302
0.747776
0.829643
0.883607
0.928129
0.962603
0.988200
1.001837
1.004877
1.028080
1.212970
1.376279
1.394872
1.279011
1.104956
0.923679
0.792395
0.705052
0.659802
0.629184
0.583933
0.547230
0.529171
0.583113
0.643130
0.697312
0.747035
0.792128
0.829074
0.848979
0.961008
1.033339
1.011207
0.911120
0.789582
0.680037
0.624893
0.607660
0.616830
0.621982
0.632250
0.665584
0.745089
0.800217
0.846565
0.884466
0.916851
0.939970
0.950963
0.949725
1.084702
1.204467
1.209105
1.110404
0.963465
0.810081
0.710661
0.657783
0.633328
0.615388
0.572149
0.530796
0.502361
0.532054
0.596202
0.652039
0.703557
0.750417
0.786225
0.835092
1.012958
1.137946
1.125985
1.016655
0.874650
0.737257
0.656622
0.625568
0.625009
0.620940
0.620057
0.630214
0.716143
0.776047
0.826746
0.868060
0.904802
0.936044
0.955836
0.961700
1.099524
1.221249
1.225799
1.126371
0.985935
0.834226
0.742003
0.700123
0.680686
0.669179
0.631684
0.594092
0.568031
0.605898
0.671742
0.731757
0.786229
0.834603
0.871153
0.947509
1.154834
1.335107
1.362907
1.244568
1.080587
0.905072
0.777598
0.716500
0.688740
0.678397
0.669406
0.667195
0.735421
0.799550
0.847551
0.889859
0.926111
0.954495
0.973214
0.978697
1.090791
1.226950
1.252532
1.159633
1.024618
0.870242
0.768825
0.727077
0.705520
0.695704
0.679679
0.673347
0.680651
0.762154
0.820228
0.869287
0.908658
0.932526
0.945468
0.988604
1.185210
1.400531
1.482921
1.389095
1.216561
1.012833
0.844542
0.741988
0.670161
0.636256
0.607054
0.591791
0.596610
0.672533
0.728430
0.779007
0.824671
0.864237
0.895237
0.912296
0.981594
1.083583
1.098306
1.012169
0.893099
0.763476
0.676503
0.653321
0.639951
0.641858
0.652616
0.678578
0.763605
0.827220
0.877165
0.922212
0.961293
0.991790
1.011079
1.014927
1.099264
1.218318
1.246720
1.158603
1.021065
0.865795
0.749988
0.697618
0.660749
0.639237
0.602009
0.574177
0.560486
0.597020
0.661135
0.720640
0.775751
0.826440
0.868005
0.892627
0.988328
1.097715
1.106506
1.017729
0.896083
0.763185
0.673467
0.649838
0.639072
0.641458
0.642030
0.650568
0.703995
0.772774
0.823106
0.869822
0.910034
0.942995
0.964956
0.972523
1.081861
1.220697
1.259549
1.174033
1.035752
0.873315
0.751373
0.697765
0.661798
0.642714
0.610703
0.586403
0.574975
0.623545
0.688615
0.746180
0.798996
0.845604
0.882555
0.904772
1.031384
1.166235
1.191548
1.102070
0.968235
0.815101
0.702464
0.659005
0.635384
0.632955
0.629564
0.632971
0.678664
0.750109
0.800375
0.846560
0.885880
0.917761
0.939286
0.947814
1.071435
1.217926
1.257734
1.169045
1.027943
0.863888
0.740707
0.684905
0.646901
0.627695
0.599385
0.579182
0.571425
0.636864
0.691417
0.741321
0.785749
0.823788
0.851637
0.865510
0.993738
1.125908
1.148065
1.058481
0.926902
0.777354
0.671467
0.630415
0.606382
0.602504
0.594320
0.592840
0.625896
0.696872
0.747840
0.791892
0.830439
0.861629
0.882486
0.890244
1.021191
1.166498
1.203064
1.114588
0.975434
0.814981
0.695396
0.640155
0.602428
0.585734
0.558681
0.538926
0.530226
0.598949
0.650861
0.698093
0.740545
0.777024
0.803267
0.816150
0.946751
1.075904
1.094909
1.005782
0.875590
0.731670
0.633213
0.595756
0.576312
0.574370
0.566960
0.565790
0.606196
0.676639
0.726764
0.770579
0.809625
0.841788
0.863574
0.871548
0.998012
1.129758
1.153753
1.063976
0.930345
0.777784
0.669216
0.622681
0.590091
0.578238
0.553877
0.536061
0.529743
0.598093
0.649714
0.696528
0.738578
0.774390
0.799626
0.810850
0.942855
1.073764
1.094193
1.006219
0.875515
0.730711
0.632596
0.593902
0.572586
0.568663
0.555866
0.548891
0.573757
0.645875
0.696911
0.741250
0.781227
0.814194
0.836867
0.845962
0.977098
1.113129
1.137323
1.047509
0.913403
0.761479
0.654682
0.608709
0.578604
0.568459
0.546409
0.531217
0.527676
0.602101
0.652579
0.698137
0.739064
0.773430
0.797181
0.806973
0.939010
1.070449
1.090634
1.002599
0.871286
0.726509
0.629372
0.590177
0.568830
0.564092
0.550203
0.542558
0.564583
0.637395
0.688342
0.732288
0.771910
0.804563
0.826810
0.836351
0.969976
1.110439
1.136479
1.046401
0.910472
0.757827
0.650840
0.603150
0.573095
0.562562
0.541342
0.527173
0.526033
0.601503
0.650727
0.695188
0.735109
0.768168
0.790716
0.800649
0.932496
1.064097
1.083354
0.994575
0.862622
0.718478
0.622757
0.583557
0.563328
0.558258
0.544395
0.537026
0.559734
0.632801
0.683330
0.726847
0.766208
0.798320
0.820111
0.830784
0.965375
1.108815
1.136230
1.045967
0.908635
0.755331
0.648177
0.598959
0.568707
0.557547
0.535366
0.519531
0.516875
0.592456
0.641495
0.685849
0.725487
0.757976
0.780002
0.795947
0.944199
1.082976
1.100509
1.007257
0.870447
0.723045
0.624713
0.581880
0.560683
0.554284
0.543022
0.540137
0.573772
0.645633
0.695553
0.738712
0.777710
0.809162
0.830666
0.838840
0.972784
1.115355
1.140828
1.049111
0.910926
0.755862
0.647995
0.595624
0.563213
0.551258
0.526615
0.508483
0.501108
0.569237
0.623638
0.670466
0.713461
0.751286
0.776880
0.796436
0.948315
1.064227
1.066333
0.968979
0.834379
0.697566
0.612859
0.581593
0.572054
0.566489
0.560920
0.561033
0.626340
0.692569
0.747794
0.791837
0.832201
0.866020
0.887210
0.919351
1.098406
1.236019
1.242288
1.133914
0.986192
0.822227
0.711113
0.660659
0.633284
0.618963
0.594584
0.578843
0.575571
0.649760
0.709112
0.761582
0.808594
0.849454
0.878632
0.916897
1.099906
1.256517
1.272977
1.161294
1.006300
0.839733
0.721795
0.663821
0.632894
0.617980
0.602519
0.906768
0.951994
0.988717
1.004676
1.018620
1.027406
1.033441
1.037332
1.038713
1.037323
1.033015
1.028423
1.023189
1.015047
1.006436
0.989066
0.991873
0.978970
0.935512
0.872936
0.809102
0.748786
0.689218
0.622308
0.585759
0.581190
0.590091
0.597523
0.595636
0.649351
0.704425
0.754852
0.801561
0.844699
0.875233
0.958039
1.019594
1.005414
0.915083
0.814948
0.723989
0.658725
0.627208
0.605914
0.592235
0.559455
0.539211
0.562282
0.630653
0.684932
0.737482
0.787651
0.835881
0.880489
0.915265
0.932534
0.993779
0.987724
0.915276
0.815329
0.723132
0.654909
0.641514
0.616828
0.597372
0.578644
0.584228
0.618245
0.665624
0.729886
0.788907
0.840743
0.880664
0.911943
0.931840
0.992501
1.150558
1.233388
1.182156
1.055729
0.894739
0.756701
0.675701
0.623777
0.612445
0.597579
0.575543
0.569208
0.618167
0.690133
0.757939
0.822210
0.882449
0.937356
0.980934
1.006227
1.129021
1.202169
1.157892
1.037015
0.888194
0.763574
0.703378
0.668932
0.671402
0.684814
0.706344
0.750537
0.842117
0.909559
0.968507
1.021203
1.059121
1.084587
1.098465
1.172885
1.377169
1.555291
1.566158
1.417452
1.209724
1.009078
0.864965
0.767477
0.724286
0.690574
0.644825
0.615281
0.623923
0.700911
0.770875
0.837232
0.898773
0.955027
0.999932
1.025430
1.121212
1.196224
1.155269
1.032963
0.889335
0.765023
0.695634
0.663266
0.659318
0.661712
0.669739
0.688852
0.772654
0.836961
0.894274
0.946841
0.992508
1.029741
1.051669
1.066901
1.218204
1.342416
1.333180
1.213006
1.054329
0.890464
0.787218
0.724744
0.702586
0.688095
0.659348
0.641487
0.632611
0.713703
0.783467
0.844730
0.898542
0.942246
0.974913
1.077620
1.294946
1.489734
1.520647
1.380324
1.186309
0.986882
0.838459
0.753765
0.708710
0.690522
0.679725
0.675754
0.735725
0.805682
0.861731
0.911622
0.954580
0.989710
1.013511
1.024710
1.168658
1.309578
1.319850
1.205038
1.051641
0.886076
0.771823
0.713695
0.677423
0.661969
0.640901
0.623928
0.622038
0.696351
0.753514
0.803706
0.847585
0.883477
0.907136
0.982752
1.208651
1.393962
1.415970
1.284809
1.105994
0.915699
0.778895
0.704502
0.662164
0.643555
0.626112
0.616874
0.651220
0.723867
0.784061
0.832432
0.875705
0.911723
0.936249
0.967765
1.146389
1.302098
1.313074
1.195068
1.035164
0.863955
0.744665
0.683466
0.648835
0.633357
0.616052
0.605579
0.626991
0.698761
0.757321
0.803760
0.845229
0.879275
0.901511
0.962524
1.174233
1.344124
1.357714
1.231274
1.060193
0.877836
0.747812
0.678397
0.639538
0.621428
0.604865
0.597416
0.630581
0.701651
0.760193
0.806900
0.848799
0.883714
0.906984
0.938512
1.119249
1.270454
1.279357
1.163806
1.006531
0.838194
0.722496
0.664520
0.633621
0.619563
0.603179
0.594617
0.617434
0.690175
0.749559
0.796698
0.838829
0.873692
0.896595
0.959212
1.171350
1.341500
1.355513
1.229564
1.058690
0.876008
0.744507
0.674077
0.634628
0.615523
0.598252
0.590989
0.621701
0.692694
0.751251
0.798307
0.840633
0.876160
0.899784
0.929329
1.106566
1.254763
1.263232
1.149166
0.993492
0.826873
0.712427
0.656155
0.626785
0.613528
0.597489
0.589293
0.611034
0.684318
0.744007
0.791525
0.834062
0.869324
0.892385
0.957738
1.171480
1.340841
1.354083
1.227538
1.056400
0.873416
0.742393
0.673373
0.635383
0.615875
0.598253
0.591239
0.620622
0.692241
0.751349
0.798860
0.841720
0.877658
0.901906
0.935741
1.118710
1.271814
1.281068
1.164400
1.005149
0.834921
0.715657
0.655638
0.622667
0.606271
0.588715
0.579920
0.599637
0.672056
0.727227
0.775301
0.817808
0.853457
0.876773
0.930793
1.134634
1.291906
1.298801
1.176705
1.012939
0.839180
0.718259
0.658472
0.627758
0.611235
0.595030
0.589192
0.620775
0.693258
0.753613
0.802200
0.846058
0.882750
0.907367
0.948036
1.139295
1.294845
1.303118
1.183853
1.022752
0.849573
0.727852
0.667235
0.633757
0.616469
0.597241
0.587925
0.597143
0.672845
0.730790
0.781831
0.826989
0.864745
0.890338
0.957757
1.172001
1.345681
1.362884
1.235493
1.062346
0.877930
0.743368
0.672630
0.634070
0.613770
0.596969
0.592016
0.628465
0.699778
0.758971
0.807065
0.850415
0.886760
0.911084
0.925122
1.072572
1.207418
1.216711
1.109954
0.963266
0.803538
0.694504
0.644876
0.618222
0.604397
0.583107
0.567761
0.564623
0.640893
0.699313
0.750826
0.796634
0.835296
0.861378
0.944160
1.167346
1.339527
1.353094
1.223475
1.049735
0.865582
0.732275
0.663965
0.628254
0.608574
0.594558
0.593524
0.639283
0.711206
0.767376
0.817014
0.860907
0.898099
0.923283
0.936098
1.083157
1.217740
1.226770
1.118925
0.971193
0.810356
0.699940
0.649003
0.618878
0.601853
0.577774
0.560534
0.553035
0.627005
0.689602
0.740304
0.786291
0.825270
0.851290
0.930589
1.151178
1.316491
1.325661
1.197603
1.027469
0.848148
0.719939
0.657022
0.625556
0.607771
0.596875
0.599190
0.657099
0.728604
0.785118
0.835190
0.879434
0.916486
0.941511
0.953359
1.098194
1.231951
1.241886
1.134346
0.986965
0.823939
0.711584
0.659724
0.627970
0.610138
0.583394
0.563949
0.555209
0.615027
0.682122
0.737499
0.787932
0.831072
0.861846
0.953707
1.178059
1.360397
1.385195
1.254104
1.075083
0.886770
0.745467
0.669931
0.630373
0.608198
0.597298
0.601072
0.667216
0.734739
0.790907
0.836614
0.877852
0.912316
0.934824
0.943325
1.074523
1.181166
1.179594
1.071913
0.931084
0.780838
0.680646
0.639040
0.617447
0.606736
0.593819
0.590753
0.605285
0.681580
0.740053
0.790816
0.835307
0.871826
0.895667
0.970351
1.191103
1.374772
1.404436
1.277457
1.098886
0.905176
0.757564
0.675128
0.629033
0.603222
0.581469
0.573924
0.598871
0.673823
0.735970
0.786646
0.832898
0.872289
0.900013
0.916300
1.064620
1.199702
1.210289
1.101585
0.952998
0.792676
0.678310
0.625745
0.598171
0.584423
0.572108
0.568361
0.605222
0.674543
0.731798
0.776967
0.817590
0.850812
0.870812
0.922023
1.124983
1.270908
1.273917
1.154071
0.993389
0.821825
0.704219
0.651271
0.624422
0.606464
0.590321
0.587681
0.627323
0.704378
0.769824
0.823344
0.872069
0.913340
0.941698
0.976685
1.157996
1.312099
1.326146
1.208050
1.047148
0.870877
0.742830
0.679608
0.644599
0.624546
0.602929
0.591737
0.594097
0.674043
0.737192
0.793928
0.844748
0.887824
0.918654
0.987218
1.198081
1.370694
1.387927
1.255774
1.079592
0.893714
0.754645
0.682463
0.643408
0.622587
0.611991
0.615105
0.670976
0.742266
0.799489
0.850687
0.895617
0.933133
0.958685
0.970058
1.113090
1.240739
1.246958
1.135868
0.988174
0.825800
0.712344
0.662302
0.631397
0.613113
0.591907
0.580683
0.580302
0.656316
0.721954
0.774979
0.822705
0.862409
0.889337
0.972461
1.195538
1.373564
1.395246
1.264002
1.085052
0.893952
0.749383
0.672403
0.627577
0.601159
0.587425
0.590913
0.647343
0.717527
0.772402
0.820791
0.863604
0.899286
0.922745
0.932311
1.067826
1.181300
1.184609
1.077619
0.934994
0.779904
0.672707
0.627349
0.601741
0.588435
0.575438
0.572892
0.594714
0.670503
0.728763
0.779120
0.823619
0.860238
0.883846
0.950267
1.163355
1.332435
1.352838
1.227814
1.053853
0.865898
0.725438
0.652416
0.608196
0.585357
0.570657
0.570647
0.601911
0.680020
0.733530
0.782708
0.825776
0.858883
0.882537
0.904915
1.065063
1.238005
1.280798
1.174117
1.010544
0.833566
0.696865
0.621037
0.576190
0.554064
0.536243
0.531845
0.556257
0.630044
0.678324
0.722133
0.760607
0.790539
0.809891
0.816385
0.950247
1.078235
1.095438
1.000135
0.859894
0.706061
0.597794
0.549810
0.524454
0.518480
0.512753
0.518595
0.550715
0.629076
0.684213
0.732116
0.774743
0.804361
0.823161
0.866677
1.063508
1.245017
1.289761
1.185804
1.017563
0.831279
0.684323
0.597357
0.543663
0.517738
0.492416
0.482249
0.492888
0.571480
0.626037
0.673867
0.717232
0.753454
0.778976
0.790123
0.916341
1.022790
1.029874
0.936610
0.803766
0.663113
0.564930
0.527216
0.511535
0.506924
0.511326
0.529644
0.582630
0.657639
0.711241
0.758361
0.799435
0.826648
0.842568
0.879721
1.071019
1.249743
1.296469
1.193683
1.026121
0.838886
0.690213
0.598251
0.538027
0.512157
0.487158
0.478985
0.485457
0.561824
0.621516
0.674541
0.722041
0.761342
0.791476
0.810466
0.948628
1.092363
1.117936
1.025835
0.881104
0.724699
0.608435
0.553833
0.529208
0.522083
0.526547
0.544849
0.617999
0.688721
0.740366
0.786846
0.829223
0.862755
0.884980
0.892363
1.015232
1.126208
1.131512
1.031597
0.889871
0.738339
0.630028
0.580395
0.547701
0.529527
0.509292
0.500838
0.505145
0.572482
0.625970
0.674791
0.718652
0.754321
0.778684
0.807212
0.981956
1.131845
1.151472
1.053421
0.904182
0.740393
0.620742
0.564746
0.533007
0.519474
0.508198
0.511034
0.543220
0.623308
0.678984
0.730587
0.777082
0.815103
0.841809
0.857102
0.999252
1.150773
1.186203
1.091060
0.941557
0.774309
0.647636
0.585322
0.547654
0.531274
0.512321
0.504868
0.506640
0.588838
0.647383
0.698661
0.744545
0.781866
0.808296
0.857601
1.053180
1.224233
1.254749
1.148127
0.984721
0.803653
0.665250
0.594818
0.552725
0.535688
0.531620
0.544403
0.603488
0.679330
0.734529
0.783944
0.828714
0.864650
0.889722
0.900279
1.026528
1.156530
1.178245
1.080133
0.933497
0.770828
0.648550
0.589660
0.550682
0.532828
0.516215
0.512465
0.519274
0.598872
0.656053
0.706092
0.751357
0.788323
0.813925
0.833021
0.985355
1.129485
1.153203
1.057282
0.910416
0.746150
0.623746
0.566532
0.532419
0.519211
0.507675
0.507855
0.537958
0.616433
0.670288
0.719627
0.763660
0.799396
0.823647
0.848546
1.015998
1.168848
1.195896
1.097377
0.946195
0.774501
0.645047
0.583397
0.543806
0.528416
0.515023
0.515913
0.539505
0.622268
0.681628
0.733873
0.780842
0.819166
0.846563
0.871534
1.034082
1.196661
1.237086
1.139190
0.982757
0.806458
0.669479
0.598864
0.553701
0.534560
0.520077
0.519641
0.545779
0.626224
0.681385
0.732150
0.777139
0.813947
0.839846
0.856192
0.999801
1.146215
1.177337
1.082426
0.935242
0.767268
0.639083
0.578070
0.539891
0.526568
0.517357
0.520062
0.553045
0.631972
0.686445
0.736269
0.780574
0.816346
0.840905
0.863659
1.026783
1.182088
1.215598
1.118492
0.964828
0.789371
0.653875
0.585527
0.538899
0.520274
0.504513
0.502005
0.519737
0.601019
0.658820
0.709399
0.755249
0.793374
0.820315
0.832578
0.967696
1.103632
1.130776
1.039783
0.900304
0.738669
0.618416
0.565157
0.532227
0.522908
0.515799
0.520351
0.558794
0.638903
0.695309
0.747060
0.793118
0.830447
0.856194
0.884375
1.055677
1.218260
1.258111
1.159786
1.001240
0.820525
0.677804
0.602160
0.549456
0.526833
0.510089
0.508735
0.526142
0.608667
0.667619
0.719601
0.766786
0.806073
0.834889
0.849233
0.984288
1.121581
1.150919
1.059099
0.916818
0.752275
0.626488
0.567738
0.529949
0.519561
0.513882
0.519725
0.562085
0.640407
0.695410
0.745936
0.791185
0.828154
0.853546
0.863680
0.997807
1.135749
1.167707
1.077091
0.934688
0.767004
0.638710
0.577894
0.534949
0.520790
0.505100
0.500285
0.508608
0.592908
0.653343
0.706006
0.754031
0.794199
0.823015
0.846663
1.002819
1.149743
1.181102
1.087809
0.940297
0.769074
0.636958
0.573364
0.531863
0.518892
0.512713
0.519379
0.565520
0.645938
0.702939
0.755502
0.802911
0.842284
0.870322
0.882823
1.016064
1.153125
1.186227
1.094297
0.950379
0.780685
0.649059
0.585861
0.540581
0.525917
0.511287
0.507746
0.519956
0.603562
0.663849
0.716585
0.764463
0.804685
0.833361
0.847745
0.981487
1.116978
1.148424
1.059298
0.920508
0.755252
0.628633
0.571371
0.534526
0.524883
0.520258
0.527606
0.579368
0.660657
0.721153
0.774485
0.822790
0.862409
0.890373
0.904636
1.039536
1.181632
1.220412
1.128333
0.980442
0.806100
0.668589
0.599885
0.549991
0.530696
0.514477
0.510932
0.520375
0.605276
0.666691
0.720404
0.769219
0.810379
0.840445
0.856822
0.990732
1.125517
1.156639
1.066904
0.926306
0.760434
0.632488
0.573522
0.535408
0.525284
0.523010
0.532342
0.592945
0.671230
0.723642
0.772804
0.817147
0.853240
0.878300
0.888162
1.000585
1.151937
1.198194
1.114522
0.973329
0.799090
0.661871
0.597377
0.543738
0.528969
0.516926
0.519239
0.538575
0.621352
0.686603
0.745450
0.798159
0.839725
0.870874
0.888347
1.017794
1.192406
1.269069
1.189153
1.033551
0.850982
0.701768
0.616103
0.555152
0.533656
0.523029
0.526891
0.562977
0.646022
0.702463
0.753458
0.799406
0.838013
0.867217
0.881892
0.980301
1.115106
1.146253
1.062165
0.926388
0.765406
0.640653
0.585143
0.541259
0.531796
0.535286
0.554517
0.616652
0.695523
0.750559
0.803297
0.851909
0.890399
0.917862
0.929264
1.018737
1.148790
1.179019
1.095109
0.950607
0.786784
0.658301
0.593099
0.538501
0.519173
0.503318
0.501793
0.515741
0.586304
0.650936
0.709909
0.764461
0.812891
0.850956
0.871934
0.965518
1.095294
1.119029
1.035434
0.901995
0.747460
0.630040
0.583435
0.548894
0.542364
0.545718
0.565230
0.616387
0.700868
0.762321
0.819467
0.871002
0.909036
0.935849
0.948575
1.064823
1.226990
1.295303
1.209859
1.053735
0.870253
0.720236
0.632885
0.566595
0.539819
0.515940
0.504629
0.509703
0.576144
0.643337
0.704369
0.759552
0.807912
0.846818
0.870632
0.972387
1.116535
1.156564
1.074780
0.936095
0.771787
0.644494
0.589696
0.551884
0.545178
0.560283
0.590685
0.685425
0.768716
0.829468
0.885250
0.934350
0.969008
0.991550
0.999364
1.111588
1.279851
1.352511
1.268645
1.111277
0.919565
0.760739
0.669594
0.598252
0.565912
0.535526
0.517548
0.517475
0.568456
0.641599
0.709348
0.770840
0.825034
0.869483
0.898896
1.014750
1.175665
1.231186
1.147515
0.998567
0.821941
0.681641
0.612340
0.568280
0.560802
0.577317
0.607993
0.708341
0.791682
0.850673
0.905850
0.954358
0.990736
1.015408
1.025265
1.129686
1.292427
1.357695
1.267725
1.107650
0.917518
0.762814
0.677449
0.611697
0.581969
0.554044
0.543381
0.550229
0.618772
0.687214
0.750599
0.808260
0.858196
0.897675
0.921931
1.033125
1.190418
1.243622
1.157928
1.006786
0.828436
0.686663
0.615855
0.566283
0.554199
0.560353
0.582210
0.649089
0.735492
0.797055
0.854684
0.906118
0.946237
0.975007
0.989104
1.099069
1.263131
1.332690
1.246143
1.087642
0.899846
0.746728
0.661092
0.597173
0.569804
0.547215
0.541095
0.550962
0.625619
0.692942
0.753847
0.809076
0.856387
0.893198
0.914979
1.029220
1.185982
1.240969
1.156652
1.005202
0.825965
0.682030
0.608570
0.556599
0.543991
0.547065
0.565345
0.623227
0.710865
0.774477
0.832744
0.884959
0.928461
0.960866
0.977891
1.087024
1.250437
1.322651
1.238753
1.081414
0.894609
0.742075
0.656855
0.594099
0.569371
0.549320
0.544771
0.555573
0.635473
0.702562
0.763721
0.818928
0.866107
0.902515
0.923660
1.036307
1.194077
1.251915
1.169478
1.018370
0.837118
0.690764
0.615678
0.562330
0.548996
0.551418
0.568841
0.624662
0.713302
0.777508
0.836047
0.888389
0.930811
0.961921
0.978166
1.091516
1.258576
1.337368
1.257019
1.098173
0.907783
0.750453
0.658829
0.590939
0.562499
0.539997
0.534089
0.543915
0.618599
0.686943
0.748826
0.804688
0.852586
0.890158
0.912748
1.028636
1.187028
1.247990
1.166857
1.014844
0.833132
0.685633
0.607498
0.553487
0.540375
0.543882
0.561785
0.624273
0.711582
0.773817
0.831971
0.884500
0.929026
0.962440
0.979476
1.079399
1.233679
1.295618
1.211466
1.057574
0.874053
0.724930
0.645382
0.587448
0.566933
0.549009
0.546226
0.558459
0.646555
0.715123
0.778169
0.835836
0.886024
0.925012
0.946882
1.047358
1.197828
1.248440
1.165730
1.017742
0.839579
0.696835
0.627317
0.577046
0.564254
0.565380
0.583351
0.634178
0.726472
0.795354
0.858750
0.915260
0.959208
0.991255
1.009371
1.128614
1.302888
1.390252
1.310404
1.146479
0.949908
0.786062
0.686774
0.613040
0.577897
0.551637
0.543948
0.552745
0.626154
0.695351
0.758707
0.815830
0.864712
0.903421
0.928112
1.042367
1.204464
1.266833
1.181949
1.026123
0.842431
0.694182
0.614618
0.559161
0.544383
0.552573
0.576648
0.654527
0.739990
0.800402
0.857064
0.908082
0.949965
0.980662
0.995422
1.092169
1.244226
1.300411
1.212604
1.056286
0.871210
0.722452
0.643649
0.583753
0.561380
0.542792
0.539768
0.552187
0.635045
0.704502
0.768251
0.826530
0.877271
0.916685
0.939320
1.043471
1.195887
1.245589
1.160805
1.011765
0.833375
0.691208
0.621896
0.571273
0.558134
0.561104
0.581277
0.639499
0.731706
0.800700
0.864366
0.920997
0.964384
0.995756
1.012618
1.132494
1.307446
1.389474
1.303999
1.138175
0.941175
0.778623
0.681345
0.607544
0.572643
0.545762
0.538444
0.547914
0.624375
0.693206
0.756066
0.812472
0.860328
0.897938
0.921088
1.037236
1.199049
1.257027
1.170659
1.015324
0.832002
0.685241
0.608418
0.553439
0.537717
0.545230
0.568915
0.644919
0.730525
0.790527
0.846684
0.897191
0.938437
0.968412
0.982691
1.085205
1.239300
1.296717
1.208457
1.050577
0.864932
0.715967
0.634651
0.571579
0.546762
0.528786
0.527431
0.541872
0.625223
0.693384
0.755345
0.811697
0.860033
0.897393
0.918272
1.028066
1.179370
1.226677
1.140711
0.990207
0.811757
0.671006
0.601673
0.550355
0.536225
0.539031
0.558240
0.614327
0.703783
0.769013
0.828886
0.882264
0.923639
0.953386
0.968391
1.092127
1.264486
1.341397
1.255463
1.092505
0.899755
0.741539
0.647981
0.576205
0.544077
0.519650
0.513700
0.523832
0.600565
0.667386
0.727648
0.781396
0.826239
0.860666
0.882680
1.011142
1.178125
1.240566
1.157849
1.001705
0.816765
0.668158
0.587489
0.530940
0.512870
0.517612
0.538206
0.610600
0.695225
0.753244
0.807418
0.856029
0.895354
0.923577
0.936176
1.044424
1.191395
1.237733
1.151943
0.997332
0.816229
0.672389
0.595233
0.534210
0.511245
0.499452
0.502911
0.519844
0.610245
0.673159
0.731347
0.784428
0.829499
0.863431
0.880926
0.992938
1.136080
1.173904
1.090171
0.944311
0.771526
0.637153
0.572301
0.522826
0.508488
0.507762
0.523909
0.563943
0.655069
0.718953
0.778570
0.832440
0.874448
0.905228
0.922330
1.054868
1.229174
1.305954
1.221332
1.058871
0.868894
0.713933
0.620553
0.551355
0.521728
0.502015
0.499437
0.508336
0.593447
0.655803
0.711927
0.761468
0.801907
0.832288
0.862938
1.026543
1.185068
1.229800
1.138550
0.980148
0.795856
0.648860
0.568926
0.515336
0.497364
0.502630
0.526760
0.610817
0.692233
0.753792
0.812325
0.866338
0.911810
0.944975
0.959661
1.053825
1.159052
1.170950
1.075177
0.934976
0.772992
0.651083
0.598992
0.558862
0.542938
0.538212
0.551580
0.583933
0.671688
0.739129
0.799630
0.854467
0.896858
0.927108
0.954508
1.119625
1.287231
1.342895
1.240977
1.071962
0.878472
0.723283
0.632189
0.567104
0.536620
0.514002
0.510761
0.518557
0.606409
0.673598
0.735794
0.791602
0.838081
0.874132
0.908083
1.069001
1.230055
1.272644
1.171317
1.006157
0.820173
0.673830
0.593623
0.542863
0.522594
0.529680
0.555035
0.646976
0.725880
0.786843
0.842418
0.893030
0.933903
0.962697
0.974030
1.078251
1.187208
1.199413
1.099595
0.954230
0.787028
0.660616
0.602771
0.557559
0.537703
0.530408
0.540251
0.567160
0.653674
0.718883
0.777018
0.829701
0.871908
0.902079
0.926620
1.087846
1.248795
1.293738
1.193295
0.906084
0.943478
0.966606
0.970083
0.973265
0.976425
0.979655
0.982528
0.982189
0.982199
0.984017
0.982912
0.975284
0.961432
0.958198
1.051794
1.133316
1.187500
1.197815
1.152628
1.075835
0.992362
0.913242
0.829935
0.756056
0.712561
0.690258
0.676912
0.670893
0.679279
0.696512
0.749802
0.795327
0.836760
0.881433
0.922746
0.945786
0.996424
0.978045
0.906431
0.840259
0.769868
0.698705
0.635955
0.594524
0.557630
0.541317
0.550967
0.601984
0.680905
0.755724
0.831157
0.900188
0.958340
1.012164
1.055843
1.080158
1.144155
1.120409
1.013873
0.882423
0.755094
0.660419
0.627446
0.620522
0.613239
0.593652
0.601628
0.654561
0.760690
0.855540
0.948331
1.032554
1.104917
1.167733
1.213789
1.237180
1.346532
1.375600
1.250291
1.080219
0.902757
0.767017
0.694015
0.648244
0.639011
0.641614
0.661299
0.724958
0.826401
0.917006
1.006733
1.089951
1.159561
1.217311
1.256028
1.288558
1.416814
1.470109
1.351795
1.171023
0.978339
0.828616
0.746624
0.689266
0.669220
0.656104
0.660274
0.705679
0.806951
0.892530
0.977180
1.057046
1.125461
1.182459
1.219648
1.260149
1.398978
1.447669
1.327771
1.145929
0.954992
0.809155
0.733747
0.674994
0.651319
0.636868
0.643111
0.676480
0.780009
0.865709
0.948215
1.024874
1.088780
1.140056
1.172410
1.249881
1.413420
1.472461
1.358259
1.175265
0.977233
0.823069
0.739164
0.675055
0.645459
0.622068
0.618943
0.642788
0.743312
0.824985
0.903410
0.976924
1.042084
1.096083
1.131170
1.187326
1.336579
1.384667
1.273175
1.101781
0.916169
0.773540
0.702059
0.645467
0.623493
0.613300
0.625078
0.666040
0.766164
0.846888
0.923541
0.993891
1.051414
1.096116
1.122791
1.214759
1.380405
1.441971
1.335995
1.159164
0.961313
0.804280
0.717279
0.650577
0.619843
0.594030
0.587246
0.603959
0.703947
0.782559
0.858628
0.930665
0.995300
1.049143
1.083448
1.133581
1.274010
1.314622
1.212831
1.051977
0.874897
0.737701
0.670234
0.616426
0.598722
0.596832
0.618237
0.670555
0.771928
0.852622
0.928525
0.996474
1.049087
1.088349
1.112497
1.227103
1.410073
1.505062
1.419015
1.238013
1.025835
0.849207
0.737056
0.651636
0.609993
0.579509
0.570853
0.582685
0.670093
0.748576
0.823153
0.891795
0.951558
1.000142
1.033081
1.107623
1.250742
1.302479
1.210534
1.052066
0.869904
0.724972
0.647007
0.589490
0.572470
0.588672
0.623337
0.723476
0.813584
0.883628
0.949325
1.008036
1.052891
1.084195
1.097819
1.194983
1.352844
1.419744
1.328544
1.159472
0.957926
0.790480
0.693069
0.616790
0.583335
0.550983
0.537272
0.546108
0.626664
0.710540
0.789769
0.864076
0.931464
0.987811
1.024961
1.084176
1.220659
1.265185
1.176727
1.026363
0.851660
0.713073
0.642701
0.591266
0.578702
0.591631
0.624351
0.715965
0.812053
0.886317
0.957045
1.020277
1.068294
1.102671
1.120130
1.225694
1.394197
1.475612
1.385840
1.209254
1.001045
0.826724
0.718350
0.633446
0.590946
0.558530
0.544359
0.550679
0.627301
0.706234
0.780468
0.848949
0.908773
0.958094
0.992115
1.065756
1.232220
1.300753
1.219293
1.060438
0.873640
0.723074
0.638271
0.572140
0.551527
0.568644
0.605318
0.702426
0.798317
0.868915
0.935056
0.994103
1.037459
1.067492
1.081204
1.174665
1.358415
1.445134
1.363089
1.188955
0.980506
0.805045
0.697119
0.610501
0.572432
0.543410
0.535812
0.551440
0.627024
0.708901
0.786480
0.859094
0.924113
0.979307
1.017365
1.070071
1.228242
1.294510
1.211198
1.054570
0.872559
0.727017
0.648334
0.588698
0.571955
0.583119
0.614208
0.691924
0.790701
0.864685
0.934426
0.997572
1.044557
1.078620
1.097028
1.196536
1.384173
1.477397
1.392457
1.211478
0.999864
0.822712
0.710286
0.619975
0.577017
0.544365
0.533350
0.545021
0.614825
0.694791
0.770397
0.840673
0.903345
0.956318
0.992664
1.054406
1.213322
1.274824
1.190906
1.034309
0.853239
0.708881
0.631241
0.571582
0.554756
0.566016
0.597485
0.674885
0.772855
0.846501
0.915921
0.978697
1.026358
1.060884
1.079072
1.177438
1.361420
1.450938
1.366327
1.188894
0.979923
0.805029
0.695116
0.607134
0.566250
0.533459
0.519861
0.529100
0.593767
0.676904
0.755518
0.828613
0.894250
0.950173
0.989345
1.057402
1.220038
1.287049
1.203578
1.046309
0.863790
0.717620
0.637617
0.579545
0.564293
0.577089
0.608738
0.691103
0.789918
0.863242
0.932386
0.995422
1.043249
1.077988
1.096547
1.193704
1.378780
1.470609
1.385706
1.205118
0.993804
0.816770
0.704580
0.614749
0.572151
0.537773
0.523441
0.533157
0.597908
0.680524
0.758769
0.832347
0.898707
0.955047
0.994672
1.059262
1.220886
1.287925
1.204026
1.046707
0.864705
0.719061
0.639216
0.581542
0.565984
0.576945
0.606960
0.687427
0.786558
0.860716
0.930580
0.994327
1.043555
1.079743
1.099285
1.192685
1.373700
1.457490
1.367665
1.187303
0.979277
0.806782
0.699999
0.615971
0.576750
0.542765
0.529807
0.542410
0.610169
0.694432
0.774594
0.850323
0.918899
0.977658
1.019366
1.077016
1.237602
1.306394
1.218988
1.059432
0.877226
0.731761
0.651652
0.594771
0.578108
0.582009
0.606185
0.676211
0.776532
0.853074
0.925444
0.992256
1.045654
1.086227
1.109906
1.196378
1.377478
1.459452
1.366926
1.184193
0.976980
0.807467
0.704388
0.624357
0.588377
0.556486
0.548263
0.565964
0.646539
0.729815
0.809398
0.885382
0.953760
1.012354
1.053272
1.103303
1.264378
1.335225
1.245368
1.082012
0.896863
0.748816
0.666552
0.606259
0.587053
0.582145
0.597914
0.647595
0.750274
0.829721
0.905355
0.975710
1.033945
1.079162
1.107306
1.191603
1.375924
1.460809
1.368232
1.184783
0.978292
0.810115
0.708596
0.630224
0.595167
0.564067
0.556934
0.576367
0.664584
0.750025
0.831875
0.909275
0.979022
1.038910
1.080331
1.122113
1.278046
1.346378
1.253932
1.089424
0.904811
0.757028
0.675052
0.615168
0.594912
0.583405
0.593137
0.629643
0.734302
0.816260
0.894642
0.968252
1.030104
1.078974
1.110495
1.194880
1.379248
1.465214
1.371651
1.186924
0.980431
0.812629
0.711143
0.632994
0.597877
0.567032
0.559862
0.579477
0.669975
0.754712
0.836083
0.913826
0.984260
1.044461
1.086207
1.122089
1.273902
1.341591
1.250111
1.086676
0.903298
0.756579
0.675266
0.615590
0.594813
0.581809
0.589654
0.620550
0.725774
0.807677
0.886101
0.959869
1.022102
1.071393
1.103300
1.188946
1.373827
1.459750
1.366919
1.182767
0.976575
0.808672
0.706460
0.627622
0.592115
0.561905
0.555791
0.575981
0.666706
0.751240
0.832311
0.909900
0.979940
1.039968
1.081375
1.117482
1.268598
1.335804
1.245485
1.082782
0.899729
0.752738
0.670850
0.610201
0.588944
0.576446
0.584435
0.615814
0.720883
0.802629
0.880691
0.954096
1.016716
1.066585
1.098612
1.181033
1.363753
1.447761
1.355666
1.173990
0.970280
0.803571
0.702732
0.625808
0.592095
0.562658
0.557066
0.578040
0.671127
0.756559
0.838591
0.917167
0.987938
1.048623
1.090801
1.130576
1.285854
1.356881
1.265314
1.098584
0.912434
0.762589
0.677684
0.614708
0.592457
0.578166
0.584834
0.613743
0.719540
0.804350
0.885482
0.961348
1.025655
1.077487
1.111204
1.188011
1.367145
1.450369
1.357392
1.175108
0.971549
0.805152
0.704158
0.627355
0.593918
0.566508
0.562463
0.583894
0.679250
0.764412
0.846419
0.924224
0.994481
1.054581
1.095551
1.126217
1.273086
1.340999
1.252117
1.089111
0.905643
0.757161
0.672974
0.609796
0.586958
0.570726
0.575601
0.602948
0.706606
0.792259
0.874205
0.951018
1.017981
1.072744
1.108820
1.179390
1.356594
1.440560
1.348770
1.168207
0.966715
0.801924
0.702240
0.626398
0.593767
0.566166
0.561358
0.582040
0.677305
0.763319
0.846096
0.924469
0.995276
1.055864
1.097197
1.130410
1.279927
1.348965
1.260103
1.096005
0.911911
0.761823
0.675765
0.611676
0.588566
0.572443
0.577604
0.606454
0.713100
0.799575
0.882470
0.960265
1.027558
1.082489
1.118539
1.184612
1.359168
1.441316
1.349176
1.168563
0.967464
0.802598
0.702621
0.626804
0.594579
0.566813
0.561446
0.582376
0.679254
0.766594
0.850787
0.930678
1.003035
1.065323
1.108186
1.138550
1.287207
1.358018
1.269238
1.103521
0.918939
0.768378
0.681330
0.616728
0.593317
0.577437
0.582218
0.609666
0.715279
0.802092
0.885357
0.963656
1.031361
1.086680
1.123041
1.184235
1.356221
1.439507
1.349488
1.169691
0.969092
0.803471
0.701780
0.624932
0.592101
0.564010
0.558508
0.579415
0.676272
0.764029
0.848759
0.929314
1.002585
1.065865
1.109423
1.136967
1.282654
1.351604
1.263839
1.098723
0.915768
0.765840
0.678647
0.614107
0.591183
0.577167
0.583249
0.613334
0.720961
0.808590
0.892550
0.971254
1.038494
1.093038
1.128494
1.192417
1.366479
1.451944
1.363995
1.183165
0.981412
0.812509
0.707306
0.628833
0.595204
0.565381
0.557956
0.578013
0.675556
0.764915
0.851390
0.933740
1.008857
1.074064
1.119404
1.145453
1.290127
1.362406
1.276716
1.110207
0.926439
0.774145
0.683508
0.616956
0.593168
0.579934
0.586313
0.617210
0.725622
0.813914
0.898641
0.978084
1.045883
1.100881
1.136489
1.196944
1.369350
1.456551
1.371356
1.190711
0.989191
0.818692
0.711298
0.632238
0.598646
0.568511
0.560127
0.579098
0.678257
0.768315
0.855491
0.938864
1.015211
1.081704
1.128090
1.151948
1.295345
1.368699
1.284194
1.116235
0.932330
0.778798
0.686161
0.617982
0.593361
0.580079
0.586254
0.616109
0.723691
0.814166
0.900738
0.982163
1.051728
1.108378
1.145398
1.201701
1.372057
1.462637
1.380468
1.199750
0.998276
0.826134
0.716053
0.635703
0.601167
0.571380
0.563020
0.581696
0.682397
0.772628
0.860098
0.943527
1.019799
1.086238
1.132533
1.155865
1.298641
1.372023
1.288817
1.120854
0.938169
0.783502
0.688961
0.620327
0.595155
0.580974
0.586692
0.616106
0.723628
0.815288
0.903042
0.985494
1.055975
1.113375
1.151015
1.206068
1.376278
1.472178
1.394619
1.213647
1.011207
0.835842
0.721591
0.638763
0.602648
0.572686
0.563800
0.581660
0.683488
0.774318
0.862320
0.946399
1.023171
1.090134
1.136947
1.159896
1.299713
1.371973
1.290305
1.119401
0.933649
0.778477
0.681952
0.610264
0.581940
0.564397
0.565570
0.589979
0.687159
0.777155
0.863219
0.945531
1.018347
1.079214
1.120502
1.163921
1.324321
1.419968
1.350597
1.180969
0.988311
0.817363
0.705157
0.625583
0.592765
0.569244
0.565700
0.587078
0.696836
0.785354
0.868814
0.949228
1.021567
1.083798
1.127649
1.149825
1.301626
1.398537
1.335192
1.169156
0.982162
0.815244
0.707238
0.626726
0.592138
0.578757
0.584430
0.608764
0.699342
0.789464
0.871675
0.948782
1.010985
1.058541
1.090458
1.182458
1.400908
1.549827
1.513460
1.329445
1.105098
0.902057
0.757813
0.647951
0.591137
0.565234
0.565675
0.588325
0.692793
0.776849
0.855469
0.930854
0.998093
1.055146
1.094394
1.113150
1.254006
1.329028
1.264440
1.104284
0.921932
0.762492
0.660893
0.585793
0.559891
0.560881
0.582656
0.628098
0.740844
0.828156
0.908547
0.981155
1.036766
1.077290
1.102098
1.197938
1.415491
1.569624
1.545348
1.366001
1.136760
0.925958
0.771449
0.650416
0.588296
0.551141
0.532046
0.537261
0.604891
0.693558
0.776384
0.855613
0.927289
0.989397
1.036427
1.063505
1.196481
1.274657
1.216063
1.065490
0.890753
0.736643
0.637913
0.568456
0.546757
0.553383
0.581687
0.656727
0.760456
0.840857
0.914779
0.981747
1.035208
1.073730
1.093874
1.162372
1.358178
1.468925
1.415376
1.239847
1.031070
0.839361
0.708254
0.612683
0.569245
0.536477
0.519036
0.530082
0.592347
0.690320
0.782573
0.869644
0.949493
1.019728
1.073321
1.103217
1.254716
1.359003
1.302940
1.142743
0.957889
0.790498
0.679392
0.601077
0.567150
0.554553
0.559489
0.582514
0.677507
0.761654
0.839573
0.913183
0.976777
1.026983
1.059276
1.138100
1.346980
1.472296
1.426012
1.248651
1.040557
0.847972
0.715527
0.623421
0.582112
0.562237
0.560922
0.583252
0.682612
0.775792
0.864014
0.947479
1.020353
1.080374
1.122680
1.154746
1.318336
1.440139
1.393991
1.225761
1.028195
0.845470
0.719196
0.632639
0.592649
0.572032
0.567034
0.581582
0.669236
0.758381
0.842720
0.922326
0.992406
1.049878
1.090498
1.147284
1.335969
1.461311
1.412496
1.236271
1.032057
0.845021
0.716039
0.627228
0.583798
0.563791
0.562589
0.582459
0.681688
0.769780
0.852462
0.931675
1.001998
1.061078
1.101840
1.136118
1.303869
1.420318
1.373875
1.208864
1.016162
0.835005
0.710233
0.625316
0.584165
0.563423
0.558104
0.573565
0.658436
0.748968
0.833823
0.913741
0.984081
1.041727
1.082061
1.141638
1.333890
1.464402
1.422503
1.248738
1.045136
0.854644
0.721479
0.630093
0.584384
0.564352
0.562374
0.581706
0.680966
0.770275
0.854190
0.934549
1.006592
1.067619
1.110208
1.136256
1.291322
1.404095
1.361067
1.200759
1.013320
0.834267
0.710153
0.626633
0.585867
0.567253
0.564647
0.582097
0.671209
0.762778
0.848500
0.928797
0.998563
1.054906
1.094062
1.158283
1.354871
1.491639
1.455442
1.279605
1.071392
0.875261
0.736024
0.640611
0.591336
0.570922
0.569313
0.588334
0.687794
0.777352
0.861633
0.942437
1.014589
1.075469
1.118284
1.142627
1.295281
1.409235
1.369728
1.209719
1.022161
0.841215
0.714405
0.629123
0.585873
0.567705
0.568302
0.588682
0.683365
0.774464
0.859828
0.939424
1.007850
1.062370
1.099481
1.163861
1.361196
1.497172
1.463505
1.288933
1.080670
0.881509
0.738767
0.641504
0.590107
0.569494
0.567595
0.586668
0.684463
0.776409
0.863646
0.946008
1.019167
1.080528
1.123817
1.149345
1.302783
1.418213
1.380280
1.219876
1.031960
0.848981
0.719639
0.634647
0.590075
0.570989
0.570198
0.589876
0.687541
0.779353
0.865969
0.947182
1.018584
1.077040
1.117237
1.160901
1.338767
1.466558
1.431399
1.262167
1.063010
0.870501
0.733097
0.641626
0.592475
0.571207
0.565995
0.581650
0.669783
0.764418
0.853843
0.938784
1.014487
1.078228
1.124138
1.152864
1.308420
1.428815
1.393337
1.231439
1.041847
0.857067
0.725419
0.639659
0.592524
0.572168
0.570703
0.588727
0.682809
0.773883
0.859831
0.940711
1.011979
1.070512
1.111187
1.150198
1.321352
1.443293
1.408643
1.244225
1.050261
0.860776
0.725425
0.637246
0.588785
0.567378
0.565092
0.583820
0.679357
0.773255
0.862229
0.946191
1.020777
1.083106
1.127445
1.155414
1.309583
1.428053
1.394209
1.233552
1.044787
0.859152
0.726299
0.640379
0.592369
0.571609
0.570807
0.590046
0.685945
0.778425
0.865618
0.947612
1.019948
1.079636
1.121313
1.151483
1.309969
1.432462
1.403260
1.244081
1.054266
0.865345
0.728868
0.640717
0.589905
0.568229
0.565805
0.583402
0.677941
0.770666
0.858217
0.940884
1.014340
1.075833
1.119492
1.147275
1.300291
1.419242
1.389524
1.231931
1.044825
0.858564
0.724431
0.638585
0.589272
0.569063
0.569808
0.589984
0.690700
0.782096
0.868240
0.948785
1.019595
1.077719
1.117658
1.145085
1.313733
1.445810
1.425329
1.268293
1.075948
0.881406
0.738887
0.645442
0.590121
0.570136
0.571703
0.588002
0.671752
0.762354
0.844996
0.917615
0.980163
1.027167
1.058877
1.136066
1.366663
1.533388
1.532245
1.370883
1.153804
0.933783
0.768548
0.653409
0.578793
0.552208
0.553557
0.577003
0.669625
0.764844
0.852876
0.932032
1.002268
1.059019
1.099920
1.119392
1.270947
1.398061
1.386362
1.240076
1.055825
0.864541
0.722960
0.629012
0.571369
0.554932
0.560837
0.582548
0.668943
0.759503
0.841442
0.912839
0.973887
1.019097
1.048477
1.128976
1.361141
1.528692
1.533505
1.376752
1.160617
0.937091
0.767880
0.651481
0.577530
0.553270
0.552437
0.573161
0.662104
0.760218
0.849287
0.934893
1.010455
1.072900
1.119258
1.143031
1.297410
1.425583
1.407239
1.251997
1.061262
0.868472
0.727102
0.635217
0.579356
0.559037
0.558008
0.574755
0.641395
0.735146
0.817793
0.895312
0.962829
1.015880
1.052863
1.126175
1.349433
1.514965
1.510723
1.348704
1.134105
0.918086
0.757695
0.649251
0.582769
0.556563
0.552818
0.571606
0.650851
0.749179
0.840611
0.925035
1.000367
1.062423
1.108295
1.132856
1.290831
1.424696
1.407562
1.251166
1.057944
0.863646
0.721063
0.626345
0.569486
0.547855
0.542267
0.554030
0.606787
0.702425
0.786849
0.866150
0.936441
0.994462
1.035795
1.116345
1.325555
1.476887
1.460165
1.293815
1.084340
0.880048
0.731602
0.635294
0.581039
0.557902
0.553144
0.567918
0.673572
0.764893
0.850948
0.933733
1.008310
1.072311
1.117823
1.141107
1.283188
1.374683
1.325333
1.164834
0.985049
0.810552
0.689309
0.614039
0.576478
0.560085
0.559279
0.581654
0.671860
0.771946
0.865252
0.954539
1.031404
1.093999
1.138478
1.196203
1.382678
1.528850
1.504587
1.328869
1.114546
0.910069
0.761029
0.660315
0.608663
0.582934
0.571570
0.580773
0.668692
0.767090
0.862332
0.952987
1.034616
1.104508
1.157534
1.187048
1.329994
1.441534
1.396846
1.226256
1.033981
0.851289
0.722285
0.637895
0.589950
0.573535
0.577799
0.604469
0.711203
0.802086
0.888209
0.968821
1.039260
1.096261
1.133482
1.164416
1.327881
1.435776
1.394582
1.229498
1.036864
0.848474
0.715093
0.626125
0.579531
0.555416
0.545580
0.559803
0.643698
0.744908
0.840422
0.931975
1.013628
1.082757
1.133678
1.166676
1.324986
1.447799
1.408979
1.239608
1.043413
0.855856
0.722480
0.632155
0.583756
0.563444
0.560819
0.577946
0.677934
0.771348
0.860501
0.944726
1.019859
1.083212
1.128043
1.156019
1.310528
1.424523
1.384283
1.220213
1.029079
0.844047
0.713475
0.624231
0.575794
0.554427
0.553962
0.575415
0.680176
0.773851
0.863010
0.946774
1.020946
1.082226
1.124263
1.153084
1.310442
1.418773
1.376159
1.213418
1.022969
0.838367
0.708572
0.618652
0.572748
0.551531
0.550835
0.572601
0.678892
0.774745
0.865514
0.951200
1.026092
1.087208
1.130229
1.168057
1.336402
1.456389
1.414365
1.243446
1.043329
0.853027
0.718276
0.622294
0.570503
0.549787
0.550266
0.571932
0.679073
0.772043
0.860476
0.944027
1.017977
1.079294
1.122221
1.146181
1.295127
1.396733
1.350807
1.190114
1.002286
0.822160
0.696583
0.606098
0.561060
0.545062
0.549505
0.578555
0.690849
0.783030
0.869333
0.951450
1.023619
1.082277
1.121602
1.155739
1.322300
1.432163
1.388407
1.222319
1.027111
0.840028
0.709009
0.613303
0.566725
0.549529
0.554629
0.583507
0.698648
0.795368
0.887035
0.973146
1.046522
1.105556
1.146457
1.184498
1.354788
1.475925
1.432006
1.257192
1.051754
0.858865
0.722239
0.620864
0.567105
0.547580
0.550496
0.579683
0.692277
0.784313
0.871576
0.954856
1.028780
1.090169
1.132777
1.153520
1.298860
1.390804
1.337129
1.173783
0.985925
0.809002
0.687626
0.596927
0.554180
0.542584
0.552604
0.589550
0.704679
0.798458
0.886313
0.968826
1.037967
1.091772
1.126883
1.184350
1.373849
1.491675
1.443195
1.262416
1.051017
0.854651
0.716972
0.612318
0.559059
0.538140
0.542464
0.573944
0.689798
0.785505
0.876323
0.963492
1.040019
1.103153
1.147650
1.169619
1.315427
1.408712
1.349815
1.181404
0.989255
0.812121
0.691435
0.599062
0.555090
0.540752
0.548812
0.583278
0.697474
0.791436
0.879954
0.963471
1.035545
1.092939
1.131059
1.168543
1.338438
1.441345
1.383889
1.209829
1.009073
0.824398
0.698059
0.601483
0.555617
0.537339
0.542386
0.573819
0.689716
0.786292
0.877682
0.965020
1.041494
1.103940
1.147571
1.174115
1.328441
1.430187
1.369666
0.905963
0.939296
0.958714
0.960566
0.962154
0.964193
0.965575
0.966632
0.966769
0.964429
0.962673
0.962201
0.963091
0.965029
0.962718
0.987921
1.070730
1.141699
1.183832
1.186044
1.159209
1.108708
1.051679
0.990957
0.917226
0.844271
0.794088
0.764069
0.745311
0.739369
0.749256
0.819696
0.890359
0.954968
1.018865
1.076906
1.117479
1.132119
1.115978
1.085507
1.028852
0.977890
0.897187
0.787595
0.698772
0.623857
0.571461
0.545655
0.541581
0.567429
0.643719
0.718261
0.794492
0.863410
0.920499
0.971385
1.012031
1.071739
1.144472
1.117883
1.022097
0.882733
0.735107
0.618502
0.552680
0.498803
0.452427
0.415256
0.418872
0.476021
0.590623
0.702113
0.812267
0.912120
1.000108
1.078738
1.140346
1.168588
1.266636
1.281411
1.164903
0.999527
0.819416
0.680665
0.599421
0.542983
0.542215
0.580972
0.653946
0.776973
0.894315
0.997872
1.100090
1.190902
1.263038
1.318763
1.351205
1.370503
1.474154
1.510517
1.385191
1.188850
0.977984
0.812068
0.708904
0.624803
0.590153
0.583974
0.604888
0.689924
0.805003
0.907734
1.008934
1.103893
1.184609
1.250956
1.292843
1.308721
1.408340
1.413299
1.284488
1.092864
0.900101
0.758661
0.678221
0.607991
0.579354
0.576778
0.605305
0.691182
0.806998
0.908375
1.008371
1.099928
1.173455
1.231890
1.267290
1.312150
1.432427
1.454984
1.327709
1.131315
0.927482
0.772979
0.680879
0.600774
0.564787
0.543395
0.548985
0.600035
0.716820
0.819899
0.920903
1.016825
1.102466
1.175044
1.223522
1.249356
1.361446
1.371020
1.248295
1.059984
0.871235
0.733106
0.655568
0.585821
0.559055
0.551008
0.572310
0.644491
0.762046
0.864048
0.964136
1.058024
1.135812
1.199202
1.239360
1.284545
1.407534
1.431894
1.307544
1.114680
0.914019
0.762037
0.671966
0.594222
0.559735
0.537988
0.542060
0.591793
0.708606
0.811308
0.911781
1.007050
1.091775
1.163353
1.210829
1.241088
1.355402
1.366744
1.245793
1.059120
0.869921
0.730428
0.651724
0.582189
0.554836
0.542713
0.559502
0.629510
0.748290
0.851703
0.953296
1.049163
1.130187
1.197090
1.240127
1.279291
1.397685
1.416064
1.290943
1.098768
0.901315
0.753193
0.666628
0.591614
0.558378
0.534655
0.536597
0.583037
0.702109
0.807135
0.910012
1.007817
1.095651
1.170471
1.220856
1.251095
1.368001
1.381167
1.257424
1.067220
0.876591
0.736427
0.657142
0.587532
0.559767
0.546064
0.560255
0.626070
0.745622
0.851102
0.954169
1.050840
1.132767
1.200527
1.244409
1.280316
1.397059
1.417329
1.293140
1.101188
0.903623
0.754821
0.667335
0.591931
0.558869
0.535851
0.538511
0.589323
0.708679
0.814703
0.918786
1.017899
1.107095
1.183345
1.234762
1.261746
1.377150
1.388807
1.263470
1.070171
0.878886
0.738930
0.659812
0.590253
0.563119
0.550257
0.565334
0.633148
0.754439
0.861818
0.966686
1.064868
1.147702
1.216191
1.260550
1.296537
1.416051
1.440744
1.314509
1.118888
0.918150
0.766143
0.675891
0.599347
0.565795
0.540904
0.540686
0.592008
0.712774
0.820961
0.927529
1.029225
1.120957
1.199902
1.253484
1.276167
1.388927
1.398439
1.270158
1.073493
0.880847
0.740161
0.659962
0.590463
0.563623
0.555230
0.575407
0.645887
0.769477
0.879458
0.987076
1.086477
1.168899
1.236444
1.280000
1.329345
1.461436
1.502492
1.376969
1.172504
0.961627
0.799088
0.699341
0.616708
0.578931
0.552525
0.550283
0.602076
0.719645
0.823131
0.925993
1.025799
1.115844
1.193632
1.248322
1.273392
1.385027
1.398622
1.274899
1.078966
0.884231
0.740524
0.656593
0.580669
0.548951
0.543430
0.570937
0.644211
0.768562
0.876688
0.981884
1.077363
1.154373
1.216118
1.257186
1.310814
1.468923
1.536514
1.424006
1.217427
0.996453
0.821332
0.708214
0.612066
0.565792
0.545415
0.553609
0.605195
0.718679
0.815561
0.910756
1.001604
1.082423
1.150667
1.197423
1.219457
1.333878
1.352076
1.243582
1.062760
0.872796
0.729053
0.645256
0.565179
0.533333
0.528652
0.554260
0.621092
0.739113
0.839010
0.935683
1.026322
1.099394
1.158003
1.195873
1.241510
1.379407
1.421352
1.312223
1.124583
0.920158
0.759433
0.659265
0.569264
0.527496
0.502989
0.508686
0.548529
0.663221
0.762282
0.859089
0.951793
1.034568
1.105384
1.154494
1.180543
1.305201
1.330424
1.226421
1.050271
0.861305
0.716478
0.631766
0.552232
0.519799
0.510140
0.528283
0.582368
0.701014
0.800486
0.896719
0.988648
1.066056
1.129804
1.172363
1.208626
1.338760
1.372585
1.266232
1.086474
0.890494
0.737626
0.644590
0.559774
0.520631
0.495394
0.499875
0.538983
0.651715
0.751772
0.849356
0.941975
1.025024
1.096058
1.145544
1.173973
1.299370
1.325549
1.221993
1.047032
0.858610
0.713814
0.628929
0.549299
0.515753
0.503002
0.517611
0.567159
0.686208
0.785384
0.881040
0.972488
1.051989
1.118012
1.162586
1.193365
1.319292
1.349146
1.244727
1.068369
0.876296
0.727122
0.637745
0.555644
0.519262
0.497346
0.504828
0.547786
0.666684
0.768318
0.867192
0.961094
1.045314
1.117219
1.167286
1.192057
1.313713
1.337320
1.232049
1.055346
0.865943
0.720307
0.634348
0.553025
0.518158
0.503157
0.516122
0.563349
0.681199
0.783067
0.881621
0.974645
1.055774
1.123496
1.169615
1.197397
1.320517
1.349265
1.245117
1.068422
0.876447
0.727095
0.637578
0.555140
0.519625
0.502183
0.512671
0.559783
0.679069
0.779572
0.876957
0.970336
1.052469
1.121756
1.169274
1.193014
1.311702
1.334025
1.230214
1.054090
0.864119
0.717200
0.629807
0.547704
0.512958
0.498247
0.511494
0.560138
0.681030
0.784579
0.884977
0.980018
1.063259
1.133183
1.181249
1.207212
1.329670
1.358544
1.253224
1.074420
0.881066
0.730494
0.639947
0.556617
0.521048
0.504218
0.515819
0.564352
0.685248
0.787206
0.885883
0.980352
1.062979
1.132383
1.179923
1.204201
1.325186
1.351987
1.247613
1.069290
0.876501
0.726535
0.636556
0.553553
0.518432
0.502944
0.515766
0.568768
0.689836
0.792930
0.892797
0.988548
1.072520
1.143085
1.191479
1.214957
1.336349
1.364388
1.258697
1.077891
0.883580
0.732403
0.641364
0.557621
0.522313
0.505884
0.518687
0.569279
0.692290
0.797345
0.899164
0.996458
1.079906
1.150036
1.198146
1.222811
1.345174
1.376641
1.270242
1.088737
0.892850
0.739419
0.646349
0.561956
0.525342
0.507829
0.517828
0.568710
0.688486
0.791221
0.891167
0.987193
1.071751
1.143184
1.192004
1.214947
1.333297
1.356741
1.250888
1.070128
0.877408
0.728250
0.638950
0.556143
0.521936
0.507648
0.522234
0.575300
0.699997
0.807154
0.911122
1.010524
1.095381
1.166652
1.215687
1.241535
1.367226
1.404514
1.295875
1.110711
0.911776
0.755152
0.659036
0.572741
0.534031
0.511070
0.516830
0.562005
0.683088
0.787162
0.888748
0.986348
1.074289
1.149564
1.201837
1.226255
1.343526
1.367637
1.259740
1.077200
0.884473
0.735851
0.647226
0.565653
0.532430
0.519628
0.535386
0.593845
0.718228
0.825651
0.930094
1.029488
1.113228
1.182917
1.230011
1.255974
1.381815
1.419734
1.310036
1.122489
0.921515
0.762657
0.664581
0.577071
0.536760
0.509348
0.510407
0.551439
0.673105
0.780282
0.885435
0.985780
1.076800
1.155375
1.210557
1.236165
1.350602
1.370350
1.259208
1.074819
0.883127
0.736354
0.649442
0.569614
0.537207
0.525582
0.542819
0.601804
0.727304
0.836192
0.942110
1.042415
1.125923
1.195089
1.241981
1.269490
1.398225
1.443883
1.333766
1.143631
0.938930
0.775378
0.672626
0.581726
0.538363
0.509163
0.507804
0.544553
0.664571
0.771246
0.876069
0.976139
1.068002
1.148482
1.205656
1.232399
1.342981
1.361746
1.251947
1.069062
0.879301
0.734193
0.648657
0.569885
0.538978
0.528456
0.546858
0.608885
0.734497
0.842644
0.947362
1.046253
1.128067
1.195289
1.240394
1.270421
1.403084
1.456384
1.348117
1.156617
0.949176
0.781178
0.674297
0.581279
0.537043
0.506453
0.502996
0.537543
0.658750
0.765799
0.871076
0.971502
1.064350
1.146283
1.205120
1.233096
1.341930
1.363194
1.254452
1.071727
0.881875
0.736093
0.649831
0.570940
0.540172
0.531248
0.550935
0.618424
0.744680
0.854176
0.960599
1.061023
1.143897
1.211959
1.257257
1.283339
1.411474
1.460793
1.351733
1.159343
0.952750
0.785385
0.679021
0.586354
0.541850
0.509294
0.503125
0.535584
0.654154
0.763169
0.870539
0.973282
1.067969
1.151452
1.211603
1.239924
1.345585
1.364490
1.254580
1.071002
0.881197
0.735463
0.649164
0.571496
0.541431
0.530119
0.546520
0.611318
0.739064
0.851501
0.961437
1.065554
1.152470
1.224830
1.273979
1.298133
1.426105
1.476288
1.364688
1.168363
0.960863
0.792596
0.685535
0.592977
0.548160
0.513082
0.502756
0.533180
0.651553
0.763011
0.872871
0.977910
1.075076
1.161322
1.223873
1.253126
1.359247
1.381279
1.269455
1.082555
0.890845
0.742851
0.654735
0.577472
0.548441
0.537309
0.553140
0.622197
0.751268
0.866107
0.978907
1.085333
1.174067
1.247913
1.298012
1.321435
1.450650
1.508428
1.398366
1.197279
0.986178
0.812703
0.700499
0.605250
0.557845
0.519619
0.505035
0.531477
0.649591
0.761817
0.872712
0.979120
1.078103
1.166770
1.231706
1.262337
1.367645
1.388606
1.273767
1.082454
0.888130
0.740660
0.652598
0.573226
0.540787
0.524382
0.529970
0.578718
0.704888
0.820950
0.935575
1.044127
1.137629
1.217316
1.273082
1.298542
1.416918
1.459393
1.346359
1.149632
0.947350
0.783451
0.680546
0.594266
0.556814
0.531424
0.529165
0.575507
0.703570
0.820150
0.935566
1.045645
1.143616
1.228275
1.288341
1.315187
1.421929
1.455721
1.339842
1.142280
0.941734
0.782259
0.683748
0.601686
0.567881
0.551806
0.560767
0.624154
0.754106
0.871086
0.986609
1.096474
1.189509
1.267847
1.321459
1.344054
1.464427
1.515845
1.403493
1.199560
0.990711
0.819204
0.709164
0.619085
0.575437
0.539667
0.526132
0.562104
0.687749
0.804680
0.920999
1.032844
1.135821
1.227190
1.292980
1.322455
1.414269
1.429910
1.304392
1.106333
0.907666
0.755993
0.663351
0.583957
0.550244
0.519971
0.509509
0.547157
0.660216
0.781823
0.902357
1.018178
1.120399
1.210762
1.277668
1.308309
1.413645
1.448047
1.329861
1.132201
0.934180
0.775873
0.677967
0.598256
0.566173
0.553355
0.561769
0.626817
0.754769
0.870873
0.985786
1.095973
1.190574
1.270644
1.325603
1.348876
1.453455
1.495558
1.382679
1.181646
0.977204
0.809503
0.702770
0.616928
0.578766
0.553623
0.550422
0.603001
0.731829
0.851676
0.970976
1.084962
1.185168
1.271850
1.332963
1.359078
1.454118
1.484483
1.364742
1.160714
0.955652
0.793401
0.691825
0.609034
0.573091
0.549560
0.549227
0.595819
0.723787
0.845643
0.964531
1.078257
1.175335
1.257626
1.318400
1.346714
1.467768
1.526988
1.420974
1.217558
1.008340
0.831839
0.715615
0.620508
0.573296
0.555212
0.561268
0.605839
0.731276
0.845778
0.957218
1.062222
1.151194
1.224232
1.275548
1.298804
1.428277
1.496711
1.403687
1.209955
1.003972
0.824095
0.703996
0.606155
0.555907
0.533914
0.534657
0.572344
0.693771
0.803659
0.910399
1.011608
1.101602
1.176674
1.229405
1.253896
1.383003
1.440857
1.349002
1.162666
0.961771
0.788824
0.675589
0.581535
0.536567
0.516731
0.522610
0.565089
0.685237
0.801135
0.913182
1.018404
1.107663
1.181591
1.234779
1.260980
1.407298
1.495399
1.414215
1.224015
1.013312
0.826232
0.698372
0.593586
0.538256
0.508721
0.503682
0.528262
0.628343
0.736014
0.840216
0.938360
1.026956
1.102529
1.157914
1.185905
1.310765
1.368381
1.287835
1.116927
0.925850
0.757149
0.646633
0.557639
0.518722
0.505992
0.509990
0.557057
0.675501
0.781687
0.883688
0.981978
1.071922
1.148687
1.201628
1.225663
1.355673
1.410220
1.324204
1.139496
0.935392
0.762941
0.649037
0.551439
0.503324
0.472984
0.465634
0.497954
0.592403
0.716855
0.836394
0.950316
1.049485
1.135282
1.202218
1.237839
1.385022
1.480450
1.405128
1.215852
1.008055
0.823421
0.695487
0.593019
0.539636
0.522385
0.527453
0.559666
0.677608
0.781053
0.880168
0.974480
1.058913
1.130165
1.180851
1.205079
1.319705
1.376153
1.301904
1.131797
0.939543
0.767096
0.652256
0.559766
0.517912
0.507829
0.518254
0.575489
0.698734
0.809231
0.914984
1.016133
1.104441
1.177187
1.227088
1.250089
1.381915
1.455936
1.378927
1.195089
0.992265
0.808608
0.682972
0.580976
0.529930
0.503096
0.497260
0.526083
0.633676
0.754936
0.871895
0.983739
1.081444
1.165470
1.229017
1.261529
1.390218
1.466985
1.387514
1.201608
1.001359
0.822093
0.698249
0.602400
0.553111
0.536760
0.539537
0.582582
0.701829
0.810391
0.915794
1.015530
1.105119
1.180486
1.232712
1.256527
1.372466
1.428496
1.344718
1.159607
0.957136
0.781077
0.663047
0.566769
0.514813
0.488838
0.481900
0.510409
0.612803
0.732579
0.848077
0.959020
1.058328
1.144736
1.210700
1.245046
1.360458
1.419803
1.332489
1.151009
0.958771
0.789185
0.674947
0.585987
0.545739
0.535394
0.543806
0.596174
0.719832
0.832735
0.941397
1.045305
1.135431
1.209450
1.260503
1.283705
1.409410
1.482500
1.407068
1.221213
1.017377
0.831640
0.702765
0.602291
0.548567
0.525602
0.524774
0.557923
0.675834
0.796101
0.912519
1.024073
1.121093
1.203529
1.264539
1.294505
1.413798
1.488071
1.409771
1.222407
1.020614
0.838442
0.711668
0.614955
0.562100
0.540869
0.541538
0.578267
0.697896
0.811644
0.922534
1.027697
1.121356
1.200118
1.256217
1.282611
1.391940
1.449505
1.365266
1.181771
0.982879
0.805817
0.685914
0.594491
0.549266
0.534040
0.541139
0.588787
0.714585
0.833484
0.949064
1.057894
1.150473
1.227277
1.281685
1.307040
1.438325
1.526699
1.458579
1.268358
1.058243
0.864622
0.726637
0.621060
0.560652
0.525935
0.513413
0.533671
0.635038
0.752640
0.867186
0.977358
1.077103
1.163841
1.229397
1.262658
1.365396
1.420808
1.338388
1.160332
0.968821
0.798203
0.682363
0.597129
0.558481
0.548433
0.558256
0.620195
0.744876
0.858085
0.966831
1.070385
1.159772
1.232589
1.281449
1.302271
1.416003
1.480095
1.400731
1.214709
1.009829
0.824600
0.696604
0.599574
0.546271
0.517195
0.507563
0.534252
0.638675
0.765638
0.889248
1.008299
1.113313
1.205062
1.275799
1.311308
1.421056
1.493874
1.414724
1.225726
1.024849
0.844228
0.717421
0.624125
0.573246
0.554811
0.558130
0.596011
0.716683
0.832830
0.946023
1.052932
1.145988
1.223282
1.278057
1.302952
1.405482
1.465276
1.388618
1.207858
1.009710
0.828871
0.702746
0.611212
0.564035
0.546499
0.548915
0.591362
0.712784
0.830873
0.945722
1.055048
1.151025
1.231426
1.288481
1.314911
1.420236
1.482768
1.402065
1.216459
1.014918
0.833095
0.707053
0.614741
0.562871
0.538149
0.534177
0.566193
0.684264
0.808458
0.929383
1.045767
1.147490
1.234686
1.299482
1.330728
1.436220
1.503767
1.423483
1.234284
1.032389
0.850034
0.722320
0.630559
0.577549
0.553987
0.550915
0.582169
0.701809
0.822349
0.939446
1.052112
1.151383
1.235647
1.296946
1.325840
1.422379
1.478877
1.395162
1.209712
1.011022
0.832659
0.709233
0.621895
0.577118
0.559016
0.559998
0.600446
0.722724
0.844477
0.963469
1.076461
1.173477
1.253233
1.310982
1.337622
1.453325
1.523132
1.446401
1.258349
1.049924
0.858042
0.722142
0.622573
0.557453
0.532981
0.529306
0.552877
0.643440
0.769410
0.888832
1.003340
1.102231
1.185535
1.249571
1.283191
1.426072
1.529315
1.479198
1.294547
1.082940
0.882350
0.735189
0.628454
0.558999
0.528176
0.523628
0.545428
0.635302
0.749006
0.855041
0.955784
1.045307
1.119660
1.175116
1.202410
1.328493
1.405269
1.353784
1.192376
0.997895
0.810401
0.676359
0.582122
0.522281
0.497318
0.498906
0.528229
0.636204
0.751091
0.859242
0.959013
1.049605
1.125171
1.180667
1.207681
1.331648
1.405413
1.347260
1.182314
0.986112
0.800108
0.669002
0.573335
0.511382
0.485206
0.482112
0.507328
0.587762
0.712503
0.829282
0.940752
1.037462
1.119284
1.183025
1.218396
1.375461
1.491744
1.453993
1.277711
1.066024
0.862657
0.712002
0.601018
0.526674
0.491695
0.485998
0.506269
0.588278
0.701536
0.809736
0.910933
1.001741
1.078768
1.138008
1.169111
1.300502
1.383488
1.336840
1.179152
0.987551
0.802164
0.668761
0.574081
0.519423
0.501830
0.507038
0.552561
0.670918
0.778102
0.880539
0.977287
1.066209
1.142965
1.195230
1.218845
1.320353
1.361786
1.286557
1.118882
0.927692
0.756210
0.638904
0.553674
0.515570
0.484500
0.465405
0.486740
0.581515
0.716590
0.849444
0.977749
1.092437
1.196523
1.282299
1.325517
1.426098
1.498600
1.419068
1.227683
1.025362
0.843902
0.711899
0.614697
0.562966
0.555235
0.569282
0.616433
0.743043
0.862386
0.980420
1.091275
1.185189
1.262031
1.316845
1.340972
1.443726
1.518416
1.457348
1.275648
1.071576
0.879793
0.741152
0.640491
0.591000
0.576869
0.581591
0.637036
0.758173
0.869896
0.977826
1.079867
1.170206
1.244794
1.294627
1.314835
1.396675
1.431225
1.343952
1.162073
0.962752
0.788402
0.669616
0.579684
0.529843
0.500278
0.492727
0.527728
0.638563
0.767980
0.893859
1.014661
1.121003
1.213810
1.285697
1.321689
1.416569
1.471045
1.378682
1.190294
0.990815
0.815750
0.695633
0.603800
0.555389
0.539872
0.545901
0.592439
0.719062
0.840426
0.959356
1.071879
1.168486
1.249221
1.307023
1.333400
1.427246
1.480153
1.395199
1.209171
1.007532
0.826876
0.702120
0.607557
0.563034
0.549603
0.557940
0.617525
0.747647
0.867888
0.984495
1.096031
1.191364
1.270007
1.324747
1.348733
1.448091
1.504204
1.414143
1.222635
1.016073
0.832846
0.707306
0.609548
0.555931
0.531566
0.529965
0.570296
0.698857
0.825090
0.949465
1.067147
1.169512
1.256715
1.320485
1.350423
1.442197
1.487588
1.387842
1.195099
0.992091
0.816432
0.698656
0.607008
0.562447
0.547413
0.554657
0.612062
0.743072
0.865719
0.984832
1.098125
1.193974
1.272997
1.328069
1.352189
1.460587
1.520613
1.428720
1.233644
1.025465
0.840830
0.713919
0.613407
0.557738
0.529704
0.523944
0.557732
0.680408
0.805014
0.927685
1.043925
1.146912
1.234684
1.299166
1.329924
1.420949
1.458277
1.357642
1.168319
0.966636
0.795036
0.682419
0.592756
0.551263
0.537089
0.545236
0.606516
0.738559
0.860943
0.979732
1.092665
1.188239
1.266835
1.321373
1.345432
1.458043
1.518887
1.424778
1.228840
1.019063
0.834082
0.707797
0.604842
0.549105
0.519068
0.511625
0.545278
0.666734
0.791252
0.913352
1.029345
1.132053
1.219703
1.284368
1.315680
1.412976
1.452132
1.351416
1.162842
0.961857
0.790823
0.678560
0.587847
0.546754
0.533496
0.541394
0.604704
0.736602
0.857707
0.975186
1.087534
1.183472
1.262474
1.317037
1.341116
1.450364
1.503519
1.406451
1.211744
1.001804
0.819421
0.697302
0.595076
0.541258
0.515025
0.513498
0.555859
0.683656
0.810737
0.935310
1.052995
1.154644
1.240461
1.303588
1.333402
1.438340
1.486957
1.384605
1.191521
0.987628
0.812473
0.696117
0.600185
0.551373
0.532125
0.536915
0.592896
0.721901
0.840636
0.955413
1.065488
1.161355
1.240237
1.294850
1.319174
1.422372
1.463164
1.366018
1.176812
0.969617
0.793504
0.678050
0.579621
0.528478
0.505371
0.510630
0.562154
0.696501
0.822561
0.946021
1.061806
1.160435
1.242992
1.302713
1.330248
1.440644
1.490986
1.388819
1.196070
0.988841
0.810711
0.692539
0.591875
0.539243
0.513021
0.512553
0.553940
0.681033
0.801434
0.918897
1.030036
1.127604
1.209264
1.267812
1.295145
1.394396
1.424604
0.906528
0.942429
0.958390
0.955788
0.953909
0.952418
0.952570
0.952370
0.951440
0.950531
0.947547
0.944541
0.942643
0.941873
0.942471
0.942701
0.932856
1.043459
1.143843
1.208483
1.227034
1.215271
1.181018
1.127984
1.069970
0.996549
0.910347
0.839346
0.780328
0.738187
0.715611
0.709852
0.707752
0.721552
0.779304
0.834986
0.882024
0.916952
0.941112
0.963850
1.040555
1.068685
1.036832
0.998706
0.945612
0.846661
0.728486
0.627174
0.540243
0.478983
0.447455
0.464935
0.510360
0.588199
0.647829
0.706820
0.754107
0.782111
0.801474
0.824337
0.969522
1.094159
1.114154
1.041068
0.870648
0.671011
0.525792
0.431904
0.333492
0.256625
0.210404
0.224468
0.299995
0.412506
0.514953
0.614506
0.699043
0.765444
0.819641
0.859375
0.990443
1.163156
1.226174
1.148385
0.977331
0.768786
0.603599
0.494130
0.395029
0.350048
0.348462
0.386974
0.504988
0.631153
0.745130
0.855995
0.959251
1.050868
1.127684
1.177654
1.199880
1.268070
1.231191
1.113840
0.943536
0.775878
0.652378
0.579080
0.509815
0.472327
0.453602
0.473504
0.543590
0.673419
0.792332
0.908497
1.013450
1.100176
1.171619
1.218154
1.288593
1.386947
1.360254
1.226369
1.039316
0.845694
0.701342
0.612934
0.530484
0.484762
0.458583
0.464652
0.514344
0.638476
0.754038
0.867573
0.971826
1.058969
1.131462
1.179609
1.261064
1.374387
1.366110
1.237104
1.047049
0.847097
0.695877
0.605282
0.524062
0.481285
0.470194
0.496357
0.583514
0.710025
0.824444
0.936166
1.038030
1.121538
1.189041
1.230920
1.289937
1.382691
1.362067
1.234800
1.050039
0.854917
0.708194
0.619269
0.536289
0.489700
0.471912
0.490762
0.562235
0.687431
0.799528
0.909458
1.011472
1.096722
1.166653
1.210648
1.262578
1.346633
1.313607
1.187507
1.008629
0.823658
0.686319
0.604655
0.523555
0.476035
0.454767
0.472007
0.532712
0.659908
0.774196
0.885515
0.988388
1.074851
1.146246
1.192171
1.252879
1.340595
1.308823
1.183197
1.004836
0.820053
0.682358
0.599540
0.518625
0.472042
0.451632
0.468087
0.527352
0.654062
0.768697
0.880530
0.983721
1.070532
1.142413
1.188957
1.245990
1.333314
1.305002
1.181825
1.004838
0.818737
0.679249
0.595574
0.514668
0.469125
0.453229
0.474931
0.544378
0.670928
0.783224
0.892876
0.994466
1.079484
1.149415
1.194211
1.249217
1.336130
1.310542
1.188797
1.012000
0.824717
0.683742
0.598309
0.515543
0.469676
0.453016
0.474318
0.544383
0.670127
0.782382
0.892104
0.993795
1.079048
1.149203
1.194038
1.243693
1.326517
1.298735
1.178642
1.003973
0.818725
0.678989
0.594573
0.511659
0.465253
0.449250
0.471687
0.543037
0.669196
0.781584
0.891442
0.993394
1.079037
1.149577
1.194788
1.242180
1.322700
1.292585
1.172403
0.998755
0.815557
0.677575
0.594266
0.511797
0.465381
0.448413
0.469343
0.536251
0.662945
0.776330
0.886838
0.989051
1.075345
1.146601
1.192441
1.238258
1.317425
1.286085
1.166608
0.994103
0.811891
0.674491
0.591505
0.509035
0.462701
0.446729
0.469243
0.540145
0.666551
0.779244
0.889377
0.991631
1.077872
1.149019
1.194888
1.237208
1.313969
1.282536
1.163991
0.992538
0.811067
0.674029
0.591203
0.508729
0.462552
0.447175
0.470009
0.541027
0.668137
0.780788
0.890907
0.993230
1.079717
1.151079
1.197013
1.235049
1.308445
1.275621
1.157878
0.987860
0.807682
0.671593
0.589592
0.507504
0.461593
0.446983
0.471933
0.547421
0.674588
0.788109
0.899003
1.002089
1.089164
1.161007
1.207296
1.240380
1.309771
1.274543
1.156930
0.987746
0.808915
0.673490
0.591537
0.509042
0.463178
0.449872
0.475875
0.552524
0.679465
0.793057
0.903979
1.007050
1.094118
1.165951
1.212129
1.242558
1.309240
1.271665
1.153908
0.985058
0.807604
0.673393
0.592254
0.509421
0.464056
0.451353
0.478419
0.556012
0.683006
0.796583
0.907549
1.010707
1.097627
1.169196
1.215026
1.244370
1.309847
1.270968
1.153502
0.984761
0.808119
0.674471
0.593302
0.510236
0.465202
0.452130
0.479178
0.557742
0.685487
0.800444
0.912941
1.017461
1.105466
1.178091
1.224851
1.251694
1.314789
1.273896
1.155376
0.986223
0.810176
0.677170
0.596669
0.514055
0.470091
0.457821
0.485372
0.564081
0.692552
0.808187
0.921402
1.026534
1.114647
1.187201
1.233752
1.260603
1.324822
1.285695
1.166418
0.995895
0.817140
0.681734
0.599749
0.516076
0.471227
0.457055
0.483655
0.562800
0.691806
0.808428
0.922557
1.028624
1.117773
1.191386
1.238893
1.264906
1.330520
1.293767
1.174459
1.003051
0.822366
0.684976
0.601670
0.517159
0.472111
0.458650
0.485438
0.565480
0.694610
0.811444
0.925865
1.032075
1.121226
1.194777
1.242050
1.267313
1.332355
1.295097
1.175467
1.003759
0.823256
0.686313
0.603712
0.520027
0.475701
0.461956
0.488032
0.567847
0.697287
0.814535
0.929433
1.036127
1.125684
1.199590
1.247049
1.272340
1.337341
1.298736
1.178174
1.005760
0.825210
0.688235
0.605554
0.521344
0.476667
0.461185
0.485699
0.563702
0.693957
0.812049
0.927871
1.035437
1.125832
1.200502
1.248677
1.274932
1.340960
1.303696
1.182640
1.009452
0.827641
0.689600
0.606529
0.522294
0.477378
0.461159
0.484493
0.560997
0.691919
0.810529
0.926765
1.034676
1.125465
1.200562
1.249092
1.276451
1.344966
1.310808
1.189685
1.015598
0.831584
0.691527
0.607324
0.522233
0.476849
0.460302
0.484066
0.563070
0.694409
0.813660
0.930443
1.038886
1.130297
1.205915
1.254771
1.280282
1.347506
1.312915
1.191905
1.017680
0.833733
0.693635
0.609411
0.524569
0.479518
0.463506
0.487166
0.566461
0.697864
0.817230
0.934465
1.043444
1.135222
1.211207
1.260185
1.284869
1.351329
1.315606
1.193774
1.019080
0.835439
0.695875
0.612146
0.527432
0.482616
0.465369
0.487510
0.564957
0.696882
0.816708
0.934389
1.043744
1.135904
1.212216
1.261456
1.287022
1.354212
1.318135
1.195712
1.020340
0.836322
0.696448
0.612514
0.527480
0.482493
0.464097
0.485402
0.562769
0.695529
0.816505
0.935322
1.045756
1.138918
1.216198
1.266352
1.291752
1.359537
1.324737
1.201658
1.025303
0.840115
0.699273
0.614865
0.529758
0.484635
0.465740
0.486169
0.562809
0.696031
0.817529
0.936877
1.047737
1.141243
1.218911
1.269317
1.295156
1.364835
1.332385
1.208988
1.031489
0.844678
0.702519
0.617380
0.531825
0.486544
0.466835
0.487206
0.566324
0.700139
0.822702
0.943151
1.055117
1.149722
1.228348
1.279418
1.303122
1.371013
1.336968
1.212656
1.034322
0.847571
0.705545
0.620480
0.535295
0.490287
0.469841
0.488556
0.566053
0.700426
0.823729
0.945152
1.058004
1.153285
1.232576
1.284159
1.308426
1.377196
1.343450
1.217773
1.037948
0.850407
0.708076
0.623011
0.537961
0.493040
0.471178
0.488153
0.564568
0.699999
0.824104
0.946479
1.060408
1.156778
1.237061
1.289478
1.314146
1.384529
1.351444
1.224518
1.042940
0.854083
0.710836
0.625185
0.539791
0.494726
0.471730
0.488118
0.566545
0.702846
0.828760
0.953061
1.068763
1.166715
1.248453
1.302071
1.325121
1.394943
1.361997
1.233215
1.049660
0.859947
0.716294
0.630463
0.545578
0.500726
0.476616
0.491349
0.569366
0.706537
0.833322
0.958839
1.075839
1.174851
1.257487
1.311681
1.334254
1.404781
1.372600
1.242087
1.056360
0.865237
0.720852
0.634697
0.550052
0.505343
0.479506
0.493447
0.573705
0.712591
0.841759
0.969701
1.088824
1.189708
1.273956
1.329303
1.351658
1.419178
1.385231
1.251965
1.063890
0.871582
0.726543
0.639911
0.555903
0.511671
0.484342
0.495884
0.575090
0.714886
0.845458
0.975231
1.096085
1.198510
1.284199
1.340688
1.363292
1.431269
1.397480
1.261418
1.070681
0.877018
0.731526
0.644864
0.561936
0.518201
0.488277
0.496598
0.574475
0.715394
0.848257
0.980406
1.103502
1.208192
1.296085
1.354318
1.377357
1.445100
1.410127
1.270754
1.077162
0.882411
0.736252
0.649132
0.566293
0.522527
0.491051
0.499160
0.579283
0.722184
0.856736
0.991031
1.115219
1.220563
1.308648
1.367124
1.389739
1.457062
1.422809
1.281301
1.085568
0.889222
0.741143
0.652886
0.570032
0.525865
0.493557
0.500062
0.579600
0.722858
0.858523
0.993850
1.119723
1.226962
1.316991
1.376902
1.399731
1.462538
1.426384
1.283701
1.087160
0.891310
0.744217
0.656757
0.575291
0.532545
0.500781
0.509008
0.593995
0.738445
0.873941
1.009936
1.136816
1.243406
1.332240
1.393199
1.417754
1.485198
1.453591
1.309859
1.109142
0.906944
0.751593
0.656275
0.562741
0.514526
0.489757
0.509079
0.592554
0.739905
0.876077
1.010563
1.132123
1.232041
1.314317
1.370670
1.392708
1.480629
1.481136
1.351520
1.154945
0.944569
0.777128
0.671250
0.568721
0.513681
0.493082
0.512366
0.593986
0.727622
0.848478
0.966881
1.076770
1.167541
1.241446
1.289196
1.308842
1.374086
1.352640
1.240855
1.064152
0.871995
0.720839
0.628556
0.535676
0.487256
0.471827
0.493603
0.571929
0.706386
0.828639
0.948846
1.061320
1.155748
1.233587
1.284967
1.306811
1.378468
1.352515
1.237720
1.061432
0.871533
0.722326
0.630279
0.534865
0.482511
0.448074
0.454146
0.515287
0.641025
0.767914
0.892488
1.008618
1.106592
1.189512
1.247800
1.278234
1.371787
1.365837
1.252555
1.074606
0.877636
0.720970
0.624118
0.524174
0.471758
0.449887
0.469242
0.537807
0.674746
0.798061
0.918479
1.030778
1.124827
1.202987
1.256309
1.280880
1.365501
1.360678
1.254161
1.080770
0.883897
0.724928
0.625617
0.527013
0.473486
0.453078
0.468704
0.535497
0.668371
0.787053
0.903322
1.012713
1.108180
1.187971
1.241593
1.265480
1.333198
1.309440
1.202807
1.033513
0.849421
0.703850
0.614775
0.523394
0.475947
0.452849
0.467420
0.532902
0.665106
0.788896
0.910111
1.023865
1.120419
1.201422
1.256872
1.282231
1.359579
1.341872
1.232402
1.060061
0.869055
0.716674
0.622343
0.524236
0.472330
0.443762
0.455308
0.519062
0.649297
0.774461
0.896962
1.011145
1.107780
1.189094
1.245623
1.272927
1.360395
1.357225
1.250909
1.077311
0.880707
0.721852
0.622995
0.523352
0.471172
0.449903
0.466995
0.534693
0.670952
0.793253
0.912922
1.025339
1.121029
1.201097
1.255388
1.279890
1.351287
1.336640
1.231694
1.061491
0.870137
0.716733
0.622506
0.528115
0.478493
0.457327
0.473917
0.543162
0.680066
0.804118
0.925857
1.040579
1.138638
1.220858
1.276730
1.301442
1.366350
1.343305
1.233468
1.060660
0.871698
0.720949
0.627994
0.534021
0.485545
0.458477
0.470583
0.537407
0.671725
0.798826
0.923701
1.040594
1.139118
1.222110
1.279593
1.306248
1.383323
1.373596
1.263582
1.087779
0.891864
0.734119
0.636062
0.537164
0.486153
0.460678
0.473965
0.540467
0.679335
0.805988
0.930396
1.047589
1.147562
1.231803
1.289770
1.315551
1.381308
1.363891
1.253736
1.079159
0.886118
0.731391
0.636028
0.541224
0.493528
0.471994
0.487905
0.559247
0.697441
0.824066
0.948661
1.065404
1.163555
1.245468
1.300933
1.325503
1.394520
1.381251
1.271155
1.094566
0.898134
0.739814
0.641496
0.543956
0.493511
0.464495
0.473523
0.538332
0.677237
0.806167
0.933295
1.053021
1.155210
1.241756
1.301760
1.328886
1.397631
1.384081
1.271565
1.093565
0.897854
0.740911
0.644064
0.548719
0.500371
0.473302
0.483879
0.552452
0.693221
0.822968
0.950860
1.070906
1.172308
1.257498
1.315987
1.342083
1.409248
1.397087
1.284465
1.104796
0.906541
0.746718
0.647406
0.550351
0.501221
0.473650
0.482865
0.550060
0.691795
0.822580
0.951678
1.072999
1.175821
1.262438
1.322291
1.348857
1.414574
1.402806
1.289191
1.108541
0.909851
0.749630
0.650150
0.554144
0.506108
0.479568
0.488704
0.556968
0.698683
0.829250
0.958223
1.079458
1.182049
1.268270
1.327481
1.353648
1.418987
1.408347
1.295161
1.113720
0.913675
0.751969
0.651173
0.554225
0.506228
0.480094
0.489921
0.560656
0.702948
0.834411
0.964284
1.086294
1.189392
1.275953
1.335484
1.361739
1.426006
1.417401
1.304220
1.122067
0.921246
0.758322
0.656422
0.559512
0.511294
0.483957
0.491418
0.560787
0.703273
0.834922
0.965077
1.087470
1.191257
1.278592
1.338643
1.365020
1.425752
1.414524
1.300724
1.117883
0.917866
0.756116
0.655340
0.561260
0.515400
0.486211
0.490750
0.560191
0.703723
0.837119
0.969251
1.093791
1.199961
1.289670
1.351892
1.379177
1.433507
1.416963
1.300038
1.115848
0.916715
0.756430
0.656461
0.563288
0.519268
0.490567
0.494411
0.562817
0.707691
0.842907
0.977212
1.103899
1.211801
1.303178
1.366993
1.394520
1.446788
1.430197
1.310849
1.124555
0.924383
0.763174
0.662356
0.569512
0.526534
0.498270
0.501272
0.571861
0.716236
0.851575
0.986162
1.113067
1.221124
1.312375
1.375695
1.402853
1.453246
1.436663
1.316865
1.129180
0.927676
0.765257
0.663371
0.570345
0.528143
0.501401
0.506610
0.580210
0.726099
0.862823
0.998704
1.126949
1.235610
1.327093
1.390671
1.417054
1.463390
1.447560
1.327482
1.139421
0.937332
0.773345
0.669768
0.576179
0.533229
0.509370
0.519294
0.595560
0.741329
0.877270
1.010967
1.134787
1.237403
1.321416
1.380656
1.405521
1.470029
1.472851
1.362736
1.176734
0.967904
0.791844
0.675887
0.568521
0.510158
0.487863
0.504961
0.580283
0.723111
0.854018
0.981309
1.098946
1.195756
1.274224
1.328756
1.351983
1.425160
1.441808
1.348171
1.172826
0.966138
0.786538
0.666634
0.558383
0.497753
0.475122
0.489516
0.554219
0.693061
0.818964
0.940714
1.054909
1.151186
1.230047
1.284667
1.308571
1.383664
1.397549
1.310059
1.142144
0.939664
0.763647
0.647977
0.542736
0.482113
0.455414
0.466531
0.526635
0.656495
0.784009
0.906997
1.022934
1.121821
1.204228
1.263021
1.290416
1.371909
1.386622
1.298463
1.132472
0.931730
0.757199
0.642615
0.537096
0.476152
0.447400
0.455841
0.512100
0.636333
0.762642
0.884843
0.998755
1.097564
1.179776
1.238712
1.266930
1.349727
1.367023
1.283681
1.121063
0.921866
0.747417
0.633068
0.529494
0.468401
0.442016
0.452609
0.509182
0.634416
0.761108
0.883677
0.998156
1.097718
1.180894
1.240707
1.269262
1.349445
1.365948
1.282725
1.120909
0.922525
0.748102
0.633455
0.529822
0.468758
0.442438
0.454491
0.513315
0.640410
0.767476
0.889771
1.004516
1.103297
1.185846
1.245414
1.273837
1.353140
1.372221
1.290451
1.129061
0.930323
0.754145
0.636956
0.532276
0.470607
0.445743
0.457853
0.515056
0.642025
0.768546
0.890540
1.004952
1.104402
1.187486
1.247296
1.275553
1.348484
1.363050
1.281709
1.121424
0.923718
0.748879
0.633086
0.530422
0.468767
0.445469
0.460529
0.522217
0.652420
0.779724
0.902214
1.017316
1.116035
1.198374
1.257426
1.285042
1.358328
1.374787
1.293236
1.132309
0.934022
0.757286
0.638740
0.533745
0.472048
0.447549
0.460235
0.519171
0.646956
0.774262
0.896773
1.011881
1.112236
1.196147
1.256715
1.285377
1.354122
1.369035
1.288234
1.127970
0.930256
0.754426
0.636881
0.534058
0.472162
0.450478
0.467235
0.531133
0.664671
0.792305
0.915157
1.030611
1.129357
1.211499
1.270079
1.297122
1.366002
1.383734
1.303134
1.141896
0.943331
0.765072
0.644245
0.539426
0.476884
0.452876
0.466171
0.526241
0.656781
0.784492
0.907158
1.022565
1.122449
1.206044
1.266333
1.294800
1.360791
1.376790
1.296657
1.135830
0.937572
0.760220
0.640333
0.537629
0.475180
0.453541
0.469880
0.534088
0.668955
0.797488
0.921050
1.037457
1.137247
1.220407
1.279929
1.307439
1.371220
1.387187
1.306291
1.144631
0.946046
0.767691
0.646320
0.542700
0.479595
0.456529
0.470034
0.530840
0.662847
0.791666
0.915559
1.032030
1.132689
1.217018
1.277755
1.306144
1.368000
1.382198
1.301287
1.139559
0.941247
0.763730
0.643092
0.540985
0.478828
0.457195
0.472752
0.537542
0.673397
0.803097
0.927861
1.045091
1.145522
1.229162
1.288951
1.316542
1.376840
1.391472
1.310034
1.147262
0.948101
0.769390
0.647557
0.544258
0.481582
0.459780
0.474886
0.539059
0.674884
0.804617
0.929416
1.046861
1.147523
1.231532
1.291717
1.319439
1.378595
1.392176
1.309747
1.146182
0.946772
0.768486
0.647382
0.544273
0.481606
0.460923
0.478798
0.547340
0.688986
0.819205
0.944689
1.062414
1.162763
1.245884
1.304862
1.331378
1.388054
1.400419
1.317444
1.153113
0.952540
0.772907
0.650757
0.544914
0.481840
0.461997
0.481122
0.550978
0.693529
0.823968
0.950386
1.068108
1.168168
1.250860
1.309292
1.335259
1.392048
1.404559
1.321021
1.156409
0.955581
0.775684
0.653400
0.546568
0.483224
0.464156
0.484315
0.555009
0.697049
0.826473
0.951873
1.068678
1.167523
1.248806
1.305940
1.330967
1.390436
1.403715
1.321011
1.156884
0.955485
0.774640
0.651592
0.542233
0.477610
0.458193
0.479570
0.551474
0.693342
0.822509
0.947496
1.063731
1.161922
1.242522
1.299023
1.323770
1.383653
1.396434
1.314709
1.152340
0.951828
0.771988
0.649824
0.540980
0.476046
0.456436
0.477835
0.547817
0.687937
0.815465
0.939126
1.054036
1.151064
1.230519
1.286013
1.310184
1.372059
1.383514
1.302825
1.142534
0.943356
0.765124
0.644498
0.535860
0.470834
0.449833
0.471254
0.540963
0.678258
0.804840
0.927501
1.041390
1.137481
1.216280
1.271323
1.295842
1.362569
1.375897
1.296854
1.138457
0.940475
0.763197
0.642549
0.532907
0.467297
0.444963
0.464016
0.529145
0.659829
0.785083
0.906096
1.019065
1.116338
1.196413
1.252857
1.278335
1.345237
1.355606
1.276930
1.120847
0.925076
0.750943
0.633664
0.526099
0.461101
0.439043
0.458271
0.522595
0.651928
0.777106
0.897893
1.010741
1.107978
1.188186
1.244810
1.270318
1.336832
1.342436
1.262900
1.107984
0.913965
0.742699
0.627648
0.521650
0.457236
0.434346
0.453245
0.517729
0.645280
0.770454
0.891383
1.003814
1.100709
1.180514
1.236828
1.262273
1.327495
1.329968
1.250560
1.097099
0.905246
0.736734
0.623709
0.519103
0.454555
0.431894
0.450837
0.514789
0.641673
0.766526
0.886969
0.999222
1.096044
1.175996
1.231436
1.256971
1.304991
1.295309
1.211901
1.060092
0.873277
0.713454
0.609292
0.512805
0.460888
0.448090
0.472661
0.544296
0.680288
0.804117
0.924739
1.037043
1.132951
1.212420
1.265019
1.288222
1.328292
1.308599
1.219170
1.062165
0.874798
0.716431
0.614053
0.518810
0.467510
0.447667
0.467387
0.536913
0.668955
0.796045
0.920154
1.035329
1.132123
1.212634
1.267530
1.293837
1.351027
1.343911
1.252676
1.091812
0.898172
0.733272
0.625551
0.523680
0.469364
0.454310
0.480461
0.558954
0.697156
0.823331
0.946407
1.060050
1.154947
1.232873
1.284459
1.307621
1.358191
1.348505
1.258173
1.097435
0.903374
0.738033
0.629765
0.528544
0.473403
0.459055
0.484738
0.563469
0.700216
0.825088
0.946927
1.060026
1.155309
1.233418
1.284634
1.307217
1.352386
1.335928
1.244254
1.083705
0.891610
0.729995
0.625508
0.526560
0.471483
0.453946
0.478225
0.551560
0.690319
0.817988
0.942843
1.058267
1.154655
1.234209
1.287424
1.310911
1.357919
1.338903
1.243706
1.082310
0.891311
0.731208
0.627457
0.528257
0.472446
0.455468
0.481053
0.557108
0.694252
0.819468
0.941503
1.054368
1.148257
1.225103
1.275712
1.298501
1.347832
1.330394
1.238022
1.078041
0.887474
0.727096
0.622471
0.523004
0.477240
0.467762
0.490371
0.557007
0.699768
0.828697
0.953061
1.067911
1.168426
1.251458
1.305958
1.329891
1.371316
1.339172
1.236552
1.073666
0.893770
0.746803
0.649418
0.557492
0.508936
0.476555
0.475671
0.531298
0.654169
0.783505
0.908778
1.024290
1.123717
1.207579
1.265829
0.905904
