0.000000
-10.460951
-10.364812
-10.452964
-10.283738
-12.357800
-12.588077
-12.511823
-10.793808
-10.671199
-10.840379
-10.587290
-7.497436
-0.436610
1.713257
1.570820
0.314589
0.027939
-0.656464
-0.803907
-0.542088
-0.386972
0.046559
-0.089454
-0.000462
0.296659
-0.554530
-0.144120
0.261462
0.000000
5.631147
5.569728
4.804235
-16.031689
-9.866876
6.833480
4.694311
1.502258
-0.843124
-0.775413
-0.288252
0.759933
1.338615
-0.488519
-1.695309
-2.114492
-1.472853
-0.371985
-0.258867
0.000000
1.797124
0.955153
0.848570
-18.312202
-8.726910
8.370046
4.300798
0.288664
-1.568611
-0.622443
-0.303445
0.897337
1.650147
-0.748542
-0.842836
-3.471041
-2.519048
-0.873800
-2.738255
0.000000
0.005206
-0.389607
-0.921431
-12.969921
-3.178348
13.802166
4.101867
-1.888916
-2.660120
-3.660136
-5.802446
-3.565544
-1.467165
0.191978
1.561871
-0.086223
0.768739
0.528596
0.006645
1.282204
-0.480382
0.000000
3.109842
2.295627
1.745520
-15.794950
-16.401119
-1.115912
0.396468
0.821285
0.441847
0.241840
0.160615
-0.225885
0.067333
-1.211549
-1.317724
-2.143188
-5.808677
-5.481215
-4.424235
0.000000
0.050419
-0.568204
-0.930121
-15.920918
-13.226993
-3.911897
7.958312
-0.444375
-4.038234
-4.074395
-2.941427
-1.806880
0.511920
0.428428
-0.184638
-0.764579
-1.358257
0.557498
1.205138
-1.762403
0.000000
0.871290
0.242972
-0.155488
-14.901073
-13.555697
0.643622
1.522945
0.212086
-0.931859
-0.652324
-0.358153
0.269645
1.077287
-0.979395
-1.079261
-1.707490
-1.706791
-3.071486
-2.675615
0.000000
-0.880319
-1.262041
-1.312306
-15.751606
-6.169943
10.158588
6.145632
-1.385500
-3.947047
-3.231069
-2.395486
0.079517
2.666488
0.338877
-0.275622
-1.638048
-1.630109
0.790878
1.210162
0.000000
0.981246
0.348804
0.256348
-15.408280
-13.746481
-11.006397
3.889241
-0.588165
-2.343744
-1.927066
-0.880688
-0.058622
1.490679
0.824762
-0.715520
-1.206795
-1.857309
-0.879193
-0.816593
-1.447025
0.000000
-0.407867
-0.445648
-0.350362
-12.906111
-7.100455
6.600197
0.436723
-2.437030
-2.535095
-1.049686
-0.105249
1.660674
0.829248
-1.273616
-1.889983
-2.912820
-0.762035
1.007576
-1.026743
0.000000
0.790709
0.756581
0.616614
-13.572097
-6.766463
6.235315
0.926359
-2.249622
-3.048756
-1.752537
-0.537918
1.042728
1.807035
-1.301997
-1.060236
-1.940821
-1.280884
-1.852792
-2.312056
0.000000
-0.141134
-0.678702
-0.621550
-14.573647
-8.816799
2.965900
3.416707
-1.240086
-2.215199
-0.855161
-0.698055
0.734506
1.631525
-0.141333
-1.291237
-2.965846
-1.918197
-0.654305
-2.723651
0.000000
0.169730
-0.037768
-0.221280
-14.645468
-6.130337
9.293622
5.230976
-0.912035
-3.048764
-4.341447
-2.397968
-0.776254
0.467700
0.930206
-0.826227
0.027996
-1.252989
-0.724030
0.706159
-1.077243
0.000000
2.090145
1.407646
0.940952
-14.465414
-11.678235
0.730799
1.933640
0.201674
-0.458528
-0.293588
-0.227913
0.231509
0.722084
-0.745642
-2.006582
-2.661377
-2.037763
-3.541876
-3.506920
0.000000
-0.638146
-0.940749
-1.321809
-14.775633
-5.002649
10.452925
6.554117
-1.044308
-3.497621
-4.365151
-2.804338
-0.884438
0.430410
1.435812
-0.224330
-0.155793
-1.416220
-0.311939
1.426404
0.866014
0.000000
1.474547
0.731460
0.299925
-14.490746
-12.329070
1.289493
1.256147
1.281030
-0.567253
-0.302105
-0.474342
0.263514
1.121159
-0.152601
-1.510971
-1.168032
-1.855285
-1.085092
-2.901984
0.000000
-0.383097
-0.964927
-0.907548
-14.935396
-12.001608
-7.178473
5.517497
-0.300962
-2.393921
-2.594765
-1.364567
0.357133
2.006925
0.814965
-0.976432
-2.083554
-1.949914
0.108555
0.141976
-2.527258
0.000000
-0.188847
0.100910
-0.096439
-13.549591
-3.807813
7.751692
1.622968
-2.554067
-4.084741
-3.686236
-1.837812
0.054270
0.979583
0.322895
0.191246
-0.317664
-1.285529
-0.606089
-1.865362
0.000000
2.457576
1.856935
1.341228
-17.483438
-11.243546
-11.030590
2.013343
0.680715
-0.086504
-0.273639
-0.428681
0.030682
0.724942
-0.413804
-1.256828
-2.816812
-2.909232
-1.638296
-3.290551
-4.564049
0.000000
-0.068311
-0.646577
-1.018383
-12.862943
-1.701552
9.771469
1.184290
-2.637621
-3.120855
-5.296861
-3.816443
-1.748078
0.165426
1.880976
0.143128
1.028587
-0.076716
-0.318846
0.993482
-0.065517
0.000000
1.771078
1.021286
0.451434
-15.065854
-13.354442
-14.285141
-0.111157
2.097725
0.888781
-0.063862
-0.687477
-0.110670
0.482884
-0.368325
-1.449270
-1.437839
-2.256746
-1.003034
-2.998677
-2.797833
0.000000
-0.759866
-0.820097
-1.252715
-12.634429
-4.886088
6.987371
-0.343871
-3.324780
-3.593393
-0.923352
-0.089417
1.587693
1.226488
-1.085100
-1.397340
-1.801679
0.595809
1.330931
-0.642729
0.000000
-0.424261
-0.359912
-0.250987
-13.314588
-8.854837
6.945152
2.758794
-1.827646
-3.241793
-2.425806
-1.408099
0.211539
1.882258
0.211584
-0.895151
-0.154004
-1.526220
-2.549412
-3.225335
0.000000
0.836780
0.276818
0.362851
-15.980611
-8.575619
2.572277
2.832317
-0.241035
-1.167833
-1.186883
-0.914808
0.281534
1.379018
-0.649789
-1.612559
-2.162731
-2.596792
-0.859122
0.460464
0.000000
1.353408
0.673148
0.672214
-15.508104
-7.473594
6.792612
5.549862
-0.007118
-2.835480
-2.818056
-1.754615
-0.190563
1.669930
0.392345
-0.785022
-1.240344
-1.951455
-0.122429
0.377141
0.000000
0.968634
0.399075
0.300531
-15.867640
-12.302961
-9.580238
3.992950
-0.148277
-2.055400
-1.819513
-0.530717
-0.028276
1.475075
0.688787
-0.941349
-1.524086
-2.560647
-0.907324
0.655753
-2.030785
0.000000
0.420384
0.483754
0.151898
-12.631405
-4.122292
7.443330
1.069700
-2.814742
-4.116773
-1.891616
-0.617907
1.292850
0.987346
-1.445724
-0.440504
-2.034455
-0.550835
1.182281
-0.996670
0.000000
0.997070
0.863268
0.945751
-13.219169
-9.377039
3.770445
2.015962
-1.030102
-1.908093
-0.723534
-0.404353
0.825211
1.219586
-1.283586
-0.769221
-2.494352
-1.856524
-3.548088
-2.213695
0.000000
1.055299
0.865823
1.059007
-13.358126
-7.886276
5.139114
3.388907
-0.671657
-1.943481
-1.118994
-0.414847
0.886778
0.768602
-1.932983
-1.786563
-2.449397
-1.598959
-0.016206
-1.589221
0.000000
1.376390
1.045945
1.161857
-14.493391
-9.304137
4.367668
2.976315
-0.578817
-1.426454
-0.661494
-0.330239
0.681624
1.205780
-1.297431
-0.707072
-2.883933
-1.958436
-0.748900
-2.261343
0.000000
0.979444
0.755785
0.823672
-14.335399
-7.483757
5.988303
3.703916
-0.883614
-2.397632
-1.776103
-0.759459
0.665901
0.435381
-1.478975
-1.086095
-2.109058
-1.327202
0.503297
-0.623319
0.000000
1.292569
0.625753
0.631005
-14.539405
-9.491284
1.718118
2.242464
-0.837896
-1.375191
-0.439878
-0.226838
0.467856
1.228670
-0.202342
-0.850997
-2.662648
-1.978704
-2.725144
-2.446203
0.000000
0.063089
-0.155817
-0.322662
-14.796621
-6.256393
8.593816
5.219903
-1.119062
-3.350312
-3.066588
-1.313822
0.464648
0.835309
-0.382933
-0.541671
-1.521975
-1.200265
0.989013
1.838973
0.000000
1.797591
1.106058
0.926923
-13.804222
-10.472287
1.916366
2.805479
-0.764517
-2.017976
-0.941027
-0.610079
0.234382
1.379748
0.187225
0.050028
-1.164367
-2.322566
-3.129170
-3.068784
0.000000
0.548435
0.008320
-0.045794
-15.627185
-6.169603
7.139110
6.005317
-0.175576
-3.134054
-3.469654
-2.137913
0.129069
0.861268
0.083961
-0.437368
-1.106808
-1.564736
0.580981
1.597026
0.000000
2.015234
1.428142
1.091571
-14.417026
-12.933106
-11.337337
2.557616
-0.216995
-1.634616
-1.050127
-0.386891
0.145724
1.075065
0.424621
-0.102601
-0.626717
-2.527593
-2.079250
-3.020105
-1.469103
0.000000
0.768869
0.766662
0.540776
-11.646853
-6.291491
6.025938
1.047882
-2.495403
-3.003023
-1.994248
-0.301132
0.530898
-0.170869
-1.069796
-1.171255
-1.654165
0.000534
0.852999
-1.629110
0.000000
1.629800
1.295438
1.354238
-12.939836
-12.118321
2.165854
-0.058129
-0.839321
-0.769759
-0.514816
0.110428
0.878909
0.352335
-1.161622
-1.109791
-2.563931
-1.807391
-2.826123
-1.432944
0.000000
1.351238
1.374758
1.208419
-12.095331
-8.071745
4.299913
0.890668
-2.103507
-2.405352
-1.712068
-0.291162
0.781654
-0.225031
-1.331445
-1.517857
-2.002393
-0.121437
1.049392
-1.471696
0.000000
1.396459
1.451659
1.524744
-13.884942
-9.457465
5.281901
1.457448
-1.341263
-1.688140
-0.965247
-0.100082
1.044364
0.609164
-0.644220
-1.399155
-2.668642
-1.736856
-2.818389
-1.834079
0.000000
1.495879
1.389223
1.387611
-11.640782
-9.076390
3.933610
0.616255
-1.622981
-1.722907
-1.056603
-0.214566
1.380114
0.521298
-1.604338
-1.953051
-2.946091
-0.821971
1.252323
-0.421409
0.000000
1.871411
1.875742
1.817247
-13.807666
-7.385396
5.873749
1.790730
-1.553982
-2.402203
-1.249499
-0.382269
1.162801
1.028026
-1.029318
-1.205963
-2.048769
-1.111271
-1.373582
-1.494844
0.000000
0.584369
0.512805
0.558836
-12.087653
-9.281714
3.233749
0.517036
-1.376956
-1.494964
-0.571989
-0.095086
1.221130
0.877715
-1.398085
-1.234170
-2.858719
-1.379232
0.069859
-1.596039
0.000000
0.775274
0.670766
0.662161
-13.429665
-7.881639
7.045663
1.943005
-2.175317
-2.936530
-1.541174
-0.431437
1.286981
0.853560
-1.205015
-0.763650
-2.413217
-0.726673
1.164029
-0.363220
0.000000
1.192065
1.138800
1.174155
-13.073657
-9.232874
5.133755
1.663636
-1.537586
-2.331398
-1.108458
-0.366415
1.097602
1.157167
-1.358378
-0.928901
-2.072082
-1.137888
-1.066288
-1.469300
0.000000
0.594800
0.480693
0.555930
-12.747443
-8.921384
4.703067
1.913583
-1.236644
-1.823124
-0.822957
-0.329506
1.177662
1.165275
-1.674374
-0.871476
-2.770767
-1.430236
-0.047245
-1.431142
0.000000
0.982010
0.882575
0.982567
-13.213307
-8.541285
5.555211
1.876310
-1.586532
-2.447993
-1.255815
-0.472062
1.007160
0.694887
-1.665511
-1.054343
-2.288792
-1.019894
0.581780
-1.438153
0.000000
0.904594
0.776032
0.842487
-13.737300
-9.222652
4.769359
1.763452
-1.267623
-1.765554
-0.876271
-0.457886
0.874969
1.074579
-1.645342
-0.786443
-2.601415
-1.550316
-0.083371
-1.945477
0.000000
1.091254
0.954724
1.023599
-13.617382
-8.250803
5.655402
2.042411
-1.467584
-2.564953
-1.392154
-0.549089
0.924460
0.407773
-1.787555
-0.951940
-2.349735
-0.916673
0.862715
-0.853677
0.000000
1.387981
1.172259
1.225356
-13.698338
-9.763098
4.460265
1.767387
-1.053142
-1.531322
-0.780987
-0.375070
0.773755
1.010094
-1.652885
-0.846622
-2.587324
-1.690932
-2.716307
-1.859456
0.000000
1.074202
0.932548
1.005866
-12.571849
-7.860900
5.368715
2.131931
-1.282096
-2.333306
-1.280743
-0.465948
0.914403
0.330219
-1.900265
-1.215079
-2.355868
-0.998022
0.772069
-0.677640
0.000000
1.565065
1.311157
1.359399
-13.821840
-9.474466
4.394660
1.786336
-1.010939
-1.455958
-0.756067
-0.353230
0.751185
1.020631
-1.701592
-0.806581
-2.629740
-1.727930
-2.358012
-1.887532
0.000000
0.986822
0.837254
0.890862
-12.850457
-7.631538
5.426650
2.160211
-1.311184
-2.421440
-1.364042
-0.519092
0.895751
0.372671
-1.865631
-1.230046
-2.294847
-0.959338
0.854714
-0.528334
0.000000
1.572593
1.287729
1.329468
-13.799365
-9.687619
4.360121
1.829515
-0.996619
-1.476496
-0.730153
-0.353214
0.725016
1.059228
-1.704379
-0.733797
-2.622008
-1.747987
-2.326395
-1.881501
0.000000
0.850357
0.694775
0.767664
-13.216254
-7.778227
5.254729
2.214419
-1.270151
-2.380541
-1.314948
-0.484046
0.927291
0.462693
-1.877199
-1.301103
-2.325675
-0.962028
0.816907
-0.554891
0.000000
1.421944
1.161226
1.206712
-13.613145
-9.406729
4.402899
1.852444
-1.078701
-1.599746
-0.795926
-0.393014
0.721875
1.137714
-1.749998
-0.683246
-2.579555
-1.700907
-2.390433
-1.929329
0.000000
0.793922
0.642160
0.733908
-12.899626
-7.833881
5.235058
2.225516
-1.255179
-2.379598
-1.310043
-0.519588
0.926451
0.653999
-1.961960
-1.435138
-2.280494
-1.082298
0.669778
-0.964713
0.000000
1.236564
1.051901
1.142112
-13.563587
-9.206901
6.062591
3.179213
-0.834208
-1.945455
-0.872566
-0.452113
0.662685
1.216676
-1.432417
-0.785238
-2.575000
-1.821420
-3.435588
-2.349328
0.000000
1.323603
1.123502
1.224882
-13.603599
-7.929417
6.162188
3.536349
-0.775388
-2.226390
-1.251390
-0.445548
0.857658
0.762890
-1.849631
-1.464239
-2.331510
-1.454741
0.071777
-1.802864
0.000000
1.342693
1.064444
1.158695
-13.921405
-8.882907
4.545763
2.912538
-0.646097
-1.398695
-0.603811
-0.337303
0.675504
1.196751
-0.878966
-0.837874
-2.856511
-1.952035
-0.762547
-2.491735
0.000000
1.222759
1.020338
0.916623
-13.714185
-7.158245
7.056106
3.592528
-1.158031
-2.847417
-1.884304
-0.757395
0.754740
0.440486
-1.398827
-0.974080
-1.972513
-1.011695
0.907746
-0.355994
0.000000
1.613209
1.068219
1.090517
-14.440150
-9.836669
3.730268
2.707603
-0.716154
-1.413224
-0.411077
-0.172991
0.534514
1.171766
-0.040607
-0.853290
-2.590639
-2.096962
-2.972952
-2.255714
0.000000
0.569313
0.363952
0.256215
-13.940347
-6.639572
6.997760
3.710234
-1.365037
-2.950502
-2.050725
-0.735577
0.813802
0.518339
-1.202914
-1.239550
-1.782590
-0.802957
1.220679
1.375955
0.000000
1.937143
1.434980
1.425076
-14.094424
-9.990609
3.553795
2.744292
-0.677315
-1.584677
-0.817112
-0.264851
0.478182
1.338598
-0.806399
-0.497543
-2.526652
-2.079337
-2.977851
-2.062704
0.000000
0.705938
0.455885
0.382472
-14.470949
-6.598581
6.334250
4.536119
-0.898529
-2.788705
-2.019795
-0.829246
0.767168
0.893494
-0.595467
-0.878083
-2.079885
-1.313287
0.558265
0.390381
0.000000
1.536443
0.856595
0.800754
-15.018616
-9.852766
2.001152
2.662600
-0.848608
-1.780896
-0.704851
-0.241788
0.458126
1.413992
-0.672800
-0.341797
-2.504120
-2.112179
-1.851268
-2.526363
0.000000
0.504032
0.181890
-0.071143
-15.360692
-6.099041
8.664536
5.303423
-1.017344
-3.769750
-3.531021
-2.099564
0.344729
1.151063
0.172898
-0.009014
-1.164927
-1.381848
0.625668
1.403203
0.000000
1.739370
1.071494
0.604867
-14.564219
-11.377153
1.619557
2.243302
-0.622672
-1.624604
-0.632400
-0.202312
0.359232
1.040910
-0.042679
-0.080959
-1.254502
-2.319622
-3.386566
-3.163298
0.000000
0.717942
0.054680
-0.142282
-15.352820
-5.818766
8.513239
6.192671
-0.367726
-3.662414
-3.772559
-2.269573
0.026753
0.944041
0.070418
-0.281201
-1.141960
-1.411132
0.870689
1.732381
0.000000
1.968220
1.254366
0.775496
-14.224467
-13.519230
-11.494329
2.424819
-0.426368
-1.840241
-1.164909
-0.393190
0.108252
0.992701
0.423641
0.195706
-0.572645
-2.438052
-3.551509
-3.016251
-1.892369
0.000000
0.470210
0.394049
0.106792
-11.971596
-5.683870
6.347387
0.818938
-2.926810
-3.416614
-2.046151
-0.276214
0.712364
0.245752
-0.777024
-0.910444
-1.701899
0.307156
1.407436
-0.387961
0.000000
1.838737
1.445441
1.400660
-13.539615
-11.905523
2.302781
-0.154079
-1.534024
-1.166090
-0.298170
0.290458
0.961980
0.494756
-1.210204
-0.907939
-2.396718
-2.460523
-2.889433
-1.255480
0.000000
0.864140
0.886578
0.743248
-12.022289
-7.711553
4.448063
0.592340
-2.193308
-2.348866
-1.484825
-0.164647
1.283180
-0.074000
-1.269933
-1.613647
-2.448349
-0.189786
1.531803
0.327385
0.000000
1.965420
1.923581
1.857512
-13.387779
-9.281481
4.679261
1.031492
-1.552223
-1.673460
-0.871352
-0.038948
1.174115
0.927384
-0.453632
-1.115553
-2.162867
-1.400908
-1.785467
-1.178089
0.000000
0.676412
0.606081
0.641916
-11.888296
-8.715069
4.184963
0.458416
-1.978284
-2.053735
-0.905295
-0.198819
1.497565
0.809012
-1.446917
-1.877846
-2.857048
-0.752902
1.350465
-0.029586
0.000000
1.479903
1.466035
1.302528
-13.862160
-5.847702
6.439733
1.414381
-2.055732
-2.964941
-1.349020
-0.392313
1.229121
1.270422
-1.015435
-0.893556
-1.798043
-0.880906
-0.806822
-1.583440
0.000000
0.131823
0.048980
0.084470
-12.095114
-8.970903
5.010735
1.532498
-1.466633
-1.987386
-0.569651
-0.389106
1.157628
1.074061
-0.749214
-2.207872
-2.806975
-1.362520
-0.507459
-3.837495
0.000000
0.956729
0.857416
0.463121
-13.194601
-5.157084
8.130648
2.420895
-2.300833
-4.275074
-2.392332
-0.931173
0.823001
0.447407
-1.417187
-0.553109
-1.296217
-0.204951
1.183067
-1.386781
0.000000
1.844960
1.434505
1.446807
-13.592944
-10.374026
2.617309
1.540380
-0.603002
-0.887575
-0.287138
-0.117626
0.503518
0.733516
-1.232061
-0.894560
-2.714994
-2.057884
-3.521880
-1.609611
0.000000
0.989716
0.859746
0.866385
-12.273188
-7.597858
4.925993
2.127534
-1.180214
-2.112716
-1.126322
-0.212930
0.991945
0.180418
-1.977847
-1.521363
-2.271606
-0.946809
0.748568
-0.388577
0.000000
1.880751
1.576834
1.575409
-13.646589
-9.641670
4.110454
1.814795
-1.046667
-1.421058
-0.594778
-0.198954
0.771745
1.149669
-1.669862
-0.701272
-2.484436
-1.644257
-2.273698
-1.851145
0.000000
0.832267
0.682901
0.694619
-13.019352
-7.800627
5.563748
2.040894
-1.476775
-2.499964
-1.321068
-0.461988
0.991729
0.643949
-1.792416
-1.320155
-2.306818
-0.841601
0.999300
-0.352298
0.000000
1.431115
1.290380
1.299899
-13.865797
-9.482750
5.082618
1.508838
-1.466835
-2.130532
-0.922005
-0.396756
0.800266
1.271985
-1.665564
-0.612595
-2.158751
-1.380808
-1.702861
-1.887723
0.000000
1.016676
0.889082
0.941588
-13.287630
-8.339951
5.661410
1.922826
-1.463154
-2.556296
-1.268136
-0.422640
0.962721
0.737253
-1.868700
-1.288496
-2.087445
-0.866362
0.801225
-1.103961
0.000000
1.502350
1.385724
1.425866
-13.589608
-9.140250
5.026676
1.644247
-1.336828
-1.936820
-0.935666
-0.447150
0.758573
1.031316
-1.788286
-1.029987
-2.283942
-1.403561
-1.585740
-1.836059
0.000000
1.599244
1.450862
1.496239
-12.840125
-8.196064
5.466582
2.002964
-1.305701
-2.378176
-1.257322
-0.483889
0.819175
0.570154
-2.005482
-1.405177
-2.059340
-0.910407
0.759789
-1.217886
0.000000
2.024521
1.877299
1.901861
-13.694152
-9.619018
4.696164
1.807581
-1.054677
-1.760767
-0.887839
-0.356432
0.725984
0.882854
-1.821063
-1.331890
-2.333253
-1.453742
-2.256472
-1.677183
0.000000
1.810794
1.618528
1.662991
-12.706859
-8.645961
5.243386
1.953535
-1.138829
-1.914667
-1.003911
-0.424650
0.844300
0.854600
-2.178753
-1.506944
-2.404418
-1.234619
0.417281
-1.465443
0.000000
2.023918
1.874277
1.906333
-13.270476
-9.573466
4.932857
1.913081
-1.055938
-1.796086
-0.937602
-0.363627
0.770403
0.844490
-1.783411
-1.451680
-2.352295
-1.367523
-0.517375
-1.640435
0.000000
1.939068
1.752871
1.786638
-12.746655
-8.819378
5.167527
2.020630
-1.135309
-1.933469
-1.022011
-0.428261
0.847132
0.861024
-2.151810
-1.411362
-2.390300
-1.265322
0.362337
-1.639498
0.000000
1.976079
1.826980
1.859456
-13.276341
-9.682303
4.931633
1.907179
-1.069887
-1.795619
-0.935617
-0.349850
0.786666
0.801865
-1.777171
-1.502154
-2.380156
-1.355064
0.096107
-1.655611
0.000000
2.017114
1.845333
1.875062
-12.483733
-9.064328
5.163336
2.087873
-1.109518
-1.983057
-1.064461
-0.411889
0.859087
0.824450
-2.034495
-1.413613
-2.318979
-1.217170
0.398057
-1.660913
0.000000
2.013118
1.870095
1.900871
-13.141213
-9.403019
4.807966
1.898524
-1.060715
-1.774970
-0.924751
-0.324537
0.810379
0.789614
-1.708080
-1.502512
-2.391447
-1.355912
0.091040
-1.685131
0.000000
2.078532
1.916893
1.942386
-12.484189
-9.027891
5.051174
2.058459
-1.170034
-2.073121
-1.107187
-0.393849
0.876630
0.784817
-1.938490
-1.425919
-2.250997
-1.109287
0.524180
-1.540415
0.000000
2.109049
1.972523
1.999939
-12.906825
-9.185993
5.189629
2.158487
-0.960359
-1.766555
-0.922646
-0.318485
0.811584
0.789004
-1.702774
-1.442937
-2.413969
-1.453069
-1.714853
-1.931525
0.000000
2.203244
2.044870
2.070187
-12.328011
-9.089281
5.180109
2.118309
-1.057134
-1.948426
-1.123921
-0.470674
0.844606
0.657070
-1.950874
-1.473664
-2.301135
-0.979238
0.668614
-1.259584
0.000000
2.195489
2.097703
2.089219
-12.755279
-10.153339
3.303508
0.930985
-1.296538
-1.627238
-0.710229
0.005451
0.919819
0.698203
-1.313860
-1.795951
-2.425451
-1.324872
-1.325945
-1.542159
0.000000
1.372892
1.237273
1.228131
-11.994780
-7.811455
5.359617
1.236856
-1.778979
-2.185823
-0.906093
-0.409763
1.130082
0.982028
-2.016519
-1.100657
-2.385325
-1.030861
0.753786
-1.673858
0.000000
1.670980
1.623593
1.542473
-12.801403
-8.085056
5.163093
1.220403
-1.767641
-2.426931
-1.120969
-0.326920
1.111605
0.910380
-1.326229
-1.173887
-1.938326
-0.877611
0.000000
-5.532259
-10.349454
-10.318032
-11.989754
-11.916699
-12.022189
-9.843783
-11.917906
-13.580579
-12.136226
-9.552444
0.108741
1.149239
1.087161
0.532255
0.265646
-0.592515
-0.700506
-0.528443
-0.169127
0.068543
0.627502
0.125698
0.134911
-0.379256
0.445383
0.313791
0.000000
5.370349
4.539620
3.946699
-12.502415
-8.243011
5.177309
2.458098
-0.084526
-1.150039
-0.350868
0.095187
0.390441
0.369058
-0.890574
-1.178979
-1.065744
-1.487636
-1.837012
-1.047296
0.000000
2.203399
1.244449
0.778536
-14.203540
-9.756921
0.796906
2.064780
0.178924
-0.497767
0.079977
0.714520
1.036629
1.381840
0.500920
-0.843622
-2.208219
-1.066038
-1.665157
-0.796061
0.000000
0.685396
0.345978
0.045325
-14.925633
-6.772450
6.719066
4.587841
-0.993772
-3.142183
-2.409613
-1.442064
0.404808
0.718665
-0.540377
-0.493714
-1.399420
-0.894219
0.984726
1.668212
0.000000
1.142085
0.429231
0.142708
-14.632689
-9.919254
2.708292
3.124839
-1.199721
-2.110567
-0.841643
-0.717135
0.428389
1.485628
0.074162
-0.182513
-1.634841
-2.058249
-1.126622
-3.315070
0.000000
0.526507
0.046821
-0.162433
-14.577451
-5.497366
8.616740
5.985161
-0.464293
-3.876488
-4.037423
-2.009252
0.288170
1.373716
0.355320
-0.094067
-1.200754
-1.213211
0.897993
1.745696
0.000000
1.655447
0.945272
0.555388
-14.275620
-10.894654
1.819336
2.089195
0.745357
-1.454304
-0.601287
-0.453506
0.416388
1.172015
-0.056419
-1.644053
-1.381597
-1.660522
-0.816309
-2.587433
0.000000
0.366396
-0.177446
-0.093561
-15.221876
-7.242388
4.558467
4.306328
-0.517230
-2.892850
-2.151822
-1.356635
0.103390
1.904079
0.665491
-1.520882
-2.041940
-2.003699
0.259747
1.391864
0.000000
1.129786
0.381786
0.448221
-14.647608
-6.819319
8.819849
5.932273
-0.021068
-3.320276
-3.886932
-1.543988
-0.269300
1.546474
1.233078
-0.691838
-0.426973
-1.518828
-0.383597
0.586788
-1.641043
0.000000
0.609838
0.676025
0.657648
-11.844482
-8.937458
4.037924
0.442856
-2.052119
-2.216510
-0.721693
-0.211882
1.280464
0.818518
-1.082828
-0.897746
-2.373192
-0.882827
1.139997
-1.463580
0.000000
1.251794
1.294304
1.106000
-12.733327
-5.062693
6.866732
1.496549
-2.393043
-3.073386
-1.166634
-0.323003
1.323679
0.943263
-1.279517
-0.915014
-2.068694
-0.735523
0.281832
-1.749199
0.000000
1.287653
1.295236
1.254790
-12.206429
-8.254708
4.793765
0.943489
-1.971548
-2.338342
-0.891833
-0.266801
1.235707
0.899569
-1.218863
-0.892464
-2.211733
-0.905633
0.806929
-1.725163
0.000000
1.407572
1.416171
1.259716
-12.580443
-6.338632
6.276644
1.451353
-2.127339
-2.726008
-1.071928
-0.333063
1.213069
0.860685
-1.443667
-1.048989
-2.035280
-0.825971
-0.245700
-1.866556
0.000000
1.428163
1.405199
1.375269
-12.360683
-8.727798
4.931420
1.036065
-1.890510
-2.250250
-0.881832
-0.264867
1.187706
0.861284
-1.338542
-0.988261
-2.225465
-0.950694
0.694044
-1.851284
0.000000
1.496173
1.466786
1.282658
-12.871575
-6.207579
6.382496
1.488626
-2.120256
-2.763625
-1.121913
-0.367059
1.180081
0.894000
-1.472160
-1.053341
-1.970688
-0.766204
-0.164052
-1.808903
0.000000
1.422852
1.387461
1.347751
-12.653374
-8.702474
4.754351
0.926457
-1.913112
-2.236841
-0.894436
-0.256220
1.187483
0.910963
-1.338411
-0.978927
-2.182411
-0.914933
0.824537
-1.758793
0.000000
1.421549
1.384723
1.203572
-12.959948
-6.040569
6.585370
1.489416
-2.168121
-2.800717
-1.138746
-0.372517
1.213704
0.970516
-1.527601
-0.981638
-1.969112
-0.772243
-0.092028
-1.830996
0.000000
1.431311
1.392292
1.326405
-12.869032
-8.360989
5.065494
0.993090
-1.966727
-2.379899
-0.997235
-0.284980
1.204422
0.967405
-1.411502
-0.989232
-2.024461
-0.796555
0.943165
-1.578824
0.000000
1.418384
1.377877
1.298172
-12.916912
-7.409850
6.040156
1.297011
-2.045527
-2.499418
-0.991579
-0.282914
1.204679
0.991232
-1.417850
-1.130779
-2.039647
-0.874298
-0.283095
-1.823447
0.000000
1.295401
1.226680
1.147137
-13.086499
-7.981642
5.572058
1.011146
-2.117304
-2.500670
-1.014668
-0.330612
1.241302
1.065580
-1.448333
-0.864122
-2.112836
-0.779486
1.061967
-1.648738
0.000000
1.450119
1.410477
1.193896
-13.240282
-6.249213
6.509032
1.357417
-2.255202
-2.957601
-1.240698
-0.360159
1.234890
1.071081
-1.417006
-1.020364
-1.848850
-0.673692
-0.500299
-1.868331
0.000000
1.125796
1.080334
1.027826
-12.973886
-10.107495
3.703453
0.324440
-2.139540
-2.267848
-0.917641
-0.295958
1.181442
1.006437
-1.326962
-1.085269
-2.080988
-0.665774
1.340131
-0.851844
0.000000
1.310756
1.289157
1.120286
-13.659386
-4.876528
7.513109
1.747965
-2.210879
-2.957383
-1.235765
-0.375481
1.216899
1.178599
-1.446391
-0.965000
-1.833415
-0.817971
-0.211445
-1.923669
0.000000
1.198753
1.144314
1.094581
-12.502219
-9.692713
3.836572
0.429377
-2.048571
-2.256794
-0.927470
-0.269314
1.219305
1.021399
-1.423527
-1.136923
-2.089740
-0.662030
1.264323
-0.757697
0.000000
1.375862
1.339859
1.236104
-13.872586
-5.676081
7.323870
1.820390
-2.088299
-2.744332
-1.112573
-0.339561
1.140335
1.164722
-1.424971
-1.149360
-1.915779
-0.990136
-0.886838
-2.055873
0.000000
1.098368
1.017187
0.959117
-12.350002
-9.353449
3.905187
0.400505
-2.097187
-2.303966
-0.930863
-0.327484
1.244955
1.059295
-1.537446
-1.026195
-2.278492
-0.682050
1.465866
-0.488189
0.000000
1.636988
1.618599
1.336570
-14.069019
-4.363862
7.419926
1.824946
-2.199707
-3.317608
-1.458417
-0.380969
1.158481
1.172384
-1.379268
-1.089475
-1.613125
-0.785046
-1.028694
-2.166627
0.000000
0.963152
0.920045
0.875937
-12.553509
-9.814844
3.388679
0.127887
-1.896924
-1.854353
-0.574811
-0.145413
1.079569
0.914837
-1.650132
-1.008784
-2.359031
-1.128998
0.579812
-2.408547
0.000000
1.526128
1.449754
1.080945
-13.347603
-4.888557
7.387589
1.671926
-2.386398
-3.472736
-1.576312
-0.520072
1.086830
0.563225
-1.596471
-0.718422
-1.549208
-0.316399
0.653713
-1.786794
0.000000
1.532974
1.485129
1.416794
-13.287037
-10.219013
3.526323
0.374591
-1.912942
-2.179505
-0.893552
-0.279244
1.005490
1.042104
-1.313821
-1.144559
-1.767439
-0.776909
-0.188650
-1.290275
0.000000
1.117617
1.048679
1.011565
-12.854602
-7.404785
6.149676
1.306607
-1.985603
-2.424077
-0.893584
-0.216661
1.177314
1.071350
-1.739164
-1.515239
-2.120472
-0.981321
-1.037392
-2.245815
0.000000
1.100399
0.984249
0.847578
-13.555939
-8.025761
5.465106
0.596440
-2.353271
-2.785405
-1.168831
-0.411668
1.241279
1.212131
-1.539952
-0.855970
-1.915771
-0.466571
1.503614
-0.898220
0.000000
1.184172
1.153645
0.955122
-13.643086
-6.178343
6.427257
0.994512
-2.413055
-3.144690
-1.262069
-0.302222
1.251709
1.318387
-1.353896
-0.876855
-1.532953
-0.609396
-0.169455
-1.679481
0.000000
0.786180
0.746811
0.695550
-12.529072
-9.444053
3.929796
0.280520
-2.160796
-2.277572
-0.794816
-0.259935
1.203083
1.156653
-1.607918
-1.039117
-2.173074
-0.772501
1.096633
-1.339547
0.000000
1.283421
1.250793
0.994892
-13.946878
-4.613686
7.525864
1.623964
-2.333006
-3.305190
-1.403241
-0.430922
1.111944
1.168637
-1.627109
-1.157358
-1.615636
-0.737358
-0.937942
-2.567044
0.000000
1.121183
1.072976
1.028020
-12.811850
-9.922022
3.526841
0.168309
-1.968733
-2.003628
-0.696953
-0.232812
0.999123
0.959010
-1.800453
-1.185950
-2.145923
-1.010052
0.745091
-2.228623
0.000000
1.544211
1.461798
1.207293
-13.723078
-5.879061
6.990561
1.624159
-2.242982
-3.142271
-1.280489
-0.407920
1.092458
1.238448
-1.830412
-0.891047
-1.906089
-0.901632
-0.339324
-2.671120
0.000000
1.983313
1.888155
1.678070
-13.325829
-8.583157
5.948456
2.138231
-1.709467
-3.014388
-1.494827
-0.404040
0.891844
0.548354
-1.673557
-1.025660
-1.594037
-0.678235
0.080180
-2.495531
0.000000
1.919257
1.771929
1.729052
-13.038402
-10.422014
3.979436
1.031763
-1.503404
-1.914957
-0.796895
-0.295233
0.754442
0.887436
-1.819646
-1.022436
-2.381942
-1.416076
0.190834
-2.883480
0.000000
2.541185
2.357647
1.966696
-13.566035
-6.581967
7.945994
3.136442
-1.415647
-3.067478
-1.763708
-0.549049
0.737011
0.083278
-1.497855
-0.790231
-1.520161
-0.610364
0.760011
-2.004714
0.000000
2.198690
1.974446
1.879981
-13.365325
-11.158525
3.448736
0.686325
-1.132099
-1.307401
-0.386744
-0.009623
0.691119
0.897911
-0.490054
-1.257475
-2.816558
-1.789949
-3.247817
-2.974598
0.000000
2.132463
1.861892
1.491573
-13.669947
-6.286323
8.061670
2.861310
-1.881747
-3.452772
-2.102489
-0.726935
0.704088
0.090708
-1.334644
-0.641053
-1.302489
-0.017710
1.419620
-1.202107
0.000000
2.511099
2.395932
2.258417
-13.922647
-10.771189
4.248492
1.498188
-1.245474
-1.911569
-1.009061
-0.287544
0.698128
1.039500
-1.632405
-0.830476
-1.941604
-1.432841
-1.853444
-2.249790
0.000000
1.897757
1.726524
1.734584
-13.037850
-9.301791
4.771029
1.357496
-1.404669
-1.750691
-0.871722
-0.149418
0.963921
0.829671
-1.940976
-1.701334
-2.068706
-0.995274
0.511613
-1.714743
0.000000
2.218141
2.028020
1.968856
-13.575365
-9.269603
6.597428
2.368883
-1.188679
-2.124050
-1.178318
-0.426581
0.764224
1.028638
-1.752684
-1.282644
-2.105659
-1.171133
0.233389
-2.516479
0.000000
2.138334
1.907622
1.795442
-14.159514
-9.302526
5.585080
1.815881
-1.658424
-2.695433
-1.420976
-0.484371
0.822618
0.945389
-1.616044
-1.280535
-1.778124
-0.549695
1.187029
-1.341058
0.000000
2.017528
1.877212
1.775689
-14.256335
-7.809645
7.454777
2.573284
-1.422112
-2.620721
-1.358896
-0.519602
0.744145
1.205021
-1.783976
-0.775981
-1.920304
-1.342255
-1.727213
-3.066833
0.000000
1.993587
1.833961
1.807341
-13.196875
-9.380276
5.229977
1.622769
-1.445084
-2.121627
-1.038258
-0.323868
0.829585
0.854269
-2.069799
-1.553768
-1.942368
-0.872919
0.649128
-1.973233
0.000000
2.131398
1.941347
1.870148
-13.683290
-9.755220
5.613780
1.890115
-1.396492
-2.204947
-1.170998
-0.459271
0.703548
1.025864
-1.678801
-1.282554
-1.960830
-1.029211
-0.199800
-2.170982
0.000000
1.974485
1.749429
1.674084
-13.817243
-8.863061
6.588118
2.262375
-1.354668
-2.367737
-1.215964
-0.501272
0.731883
1.092126
-1.815312
-1.158494
-2.034990
-1.070111
0.535641
-2.375293
0.000000
2.081070
1.881620
1.759372
-13.885015
-8.652108
6.245828
2.123024
-1.528923
-2.764653
-1.471168
-0.499620
0.766248
1.017886
-1.758802
-1.231921
-1.763949
-0.740794
0.774238
-2.301735
0.000000
1.953648
1.775738
1.697568
-14.128595
-9.604860
5.325593
1.728940
-1.444491
-2.338228
-1.168336
-0.482094
0.670931
1.084568
-1.678726
-1.043761
-1.883887
-1.035159
-0.403439
-2.297884
0.000000
2.015605
1.827175
1.767425
-13.887225
-8.926096
6.339798
2.226854
-1.343105
-2.474511
-1.312512
-0.483909
0.715743
1.029862
-1.626418
-1.285324
-1.970276
-0.968540
0.562003
-2.135887
0.000000
2.094575
1.887451
1.827925
-13.927232
-9.695230
5.129026
1.719489
-1.296976
-2.030519
-1.014630
-0.466451
0.619398
0.984246
-1.867736
-1.254605
-2.118239
-1.199119
-0.993409
-2.513519
0.000000
2.075496
1.868045
1.709256
-13.953094
-7.848536
6.799769
2.365742
-1.393489
-2.732465
-1.478326
-0.514306
0.695426
0.976895
-1.878855
-1.334970
-1.826513
-0.783974
0.727987
-2.230207
0.000000
2.235813
2.039116
1.967269
-13.715934
-9.619450
5.001605
1.698810
-1.269816
-2.060169
-1.058005
-0.472778
0.571983
0.991312
-1.872749
-1.218163
-2.062481
-1.215148
-1.540936
-2.504518
0.000000
2.031080
1.816519
1.771149
-13.520571
-9.254116
5.388329
1.832271
-1.304228
-2.196147
-1.143884
-0.533813
0.611004
0.943115
-1.763451
-1.453189
-2.140246
-1.016068
0.684024
-1.884490
0.000000
2.202250
1.984241
1.910087
-13.807260
-8.950319
5.871806
2.081305
-1.219039
-2.225264
-1.182324
-0.512578
0.569840
1.042685
-1.806281
-1.205522
-1.994904
-1.158999
-1.223053
-2.568912
0.000000
2.006835
1.787235
1.731112
-12.964664
-9.012424
5.453756
1.776327
-1.325249
-2.279240
-1.144613
-0.514214
0.619459
1.009737
-1.746868
-1.321124
-2.119171
-1.057004
0.625680
-1.941409
0.000000
2.010423
1.805879
1.752020
-13.757583
-9.082859
5.058494
1.651496
-1.272060
-2.070668
-1.005331
-0.504337
0.515375
0.994915
-1.917956
-1.327044
-2.058089
-1.160219
-0.702089
-2.447380
0.000000
1.806063
1.596273
1.552644
-13.430601
-8.552364
5.548320
1.814164
-1.373295
-2.520269
-1.270407
-0.513322
0.656173
1.090382
-1.822578
-1.276829
-1.955360
-0.874601
0.780738
-1.656788
0.000000
2.001623
1.815471
1.765749
-13.366666
-8.884447
5.018905
1.658567
-1.209673
-2.059798
-1.028221
-0.453722
0.522628
1.026613
-1.957215
-1.342459
-2.011760
-1.222572
-1.099479
-2.375950
0.000000
1.745876
1.503052
1.506698
-12.674848
-8.317038
6.759166
3.073322
-0.778297
-2.106649
-1.006374
-0.647341
0.565091
1.205096
-1.899874
-1.067200
-2.510191
-1.547082
0.168519
-2.794428
0.000000
2.551052
2.311582
2.082420
-13.633750
-7.900053
7.034762
3.240055
-0.749525
-2.913157
-1.800887
-0.589369
0.603847
0.955754
-1.608798
-1.211572
-1.716165
-0.845327
-0.370690
-2.614855
0.000000
2.226577
1.988024
1.948119
-13.661406
-9.190380
5.687479
2.824946
-0.404390
-1.246450
-0.624805
-0.439572
0.407183
0.962435
-1.806725
-1.114230
-2.510632
-1.975146
-3.563405
-2.929879
0.000000
2.361376
2.093474
2.151420
-12.716073
-7.917223
6.114618
3.038511
-0.597318
-1.615901
-0.912648
-0.179890
0.765394
0.957226
-1.469526
-1.691689
-2.332393
-1.468369
0.026562
-1.966628
0.000000
2.315626
1.977098
1.911973
-13.826856
-9.074224
6.004600
2.982985
-0.525973
-1.395501
-0.600087
-0.279446
0.561067
1.182144
-1.407743
-0.920053
-2.535339
-1.786716
-2.712842
-3.248138
0.000000
2.035604
1.734081
1.405245
-14.396702
-7.091307
7.579958
3.217334
-1.250842
-3.168698
-1.986894
-0.705951
0.736495
0.633930
-1.302313
-0.896760
-1.467693
-0.556969
1.203875
0.101526
0.000000
2.069368
1.709380
1.612114
-14.405268
-10.503584
5.779549
2.732705
-0.652273
-1.740976
-0.592010
-0.265429
0.481468
1.222814
-0.939796
-0.878474
-2.548082
-2.058594
-3.238029
-3.371731
0.000000
1.425314
1.134740
0.813354
-13.331769
-7.271301
7.882697
3.200658
-1.466308
-3.443425
-2.026982
-0.767670
0.772387
1.016413
-1.270786
-1.112510
-1.560370
-0.492217
1.525007
1.797177
0.000000
2.032757
1.739077
1.629740
-14.936480
-9.753630
6.225209
2.626998
-0.970250
-2.331145
-1.060907
-0.433322
0.475613
1.355969
-0.916224
-0.665339
-2.172425
-1.768372
-2.726509
-3.454122
0.000000
1.149960
0.934331
0.742010
-13.414799
-7.830431
7.253785
3.134948
-1.321647
-3.219178
-1.701828
-0.535422
0.854907
1.366363
-1.320723
-1.357922
-1.848794
-0.761518
1.034330
-0.204460
0.000000
1.687696
1.454476
1.383776
-14.848147
-9.638539
6.399570
2.752638
-1.048410
-2.461549
-1.135721
-0.432110
0.565303
1.410780
-1.275262
-0.613246
-2.066703
-1.508479
-1.793843
-3.163751
0.000000
1.551101
1.305463
1.106444
-14.364114
-7.800592
7.281169
3.138944
-1.188944
-3.145494
-1.794086
-0.555531
0.789876
1.299915
-1.289823
-1.250286
-1.776500
-0.736664
1.023703
-0.552166
0.000000
1.767341
1.520396
1.441972
-15.047367
-9.345002
6.577064
2.779831
-0.965802
-2.506224
-1.213093
-0.454449
0.526420
1.375367
-1.251097
-0.678357
-2.055641
-1.439322
-2.031444
-2.939953
0.000000
1.660728
1.384901
1.233869
-14.745069
-8.062075
7.221531
3.182273
-1.044851
-3.036370
-1.790750
-0.561683
0.729896
1.311641
-1.387883
-1.293080
-1.847417
-0.812526
0.952164
-0.873149
0.000000
1.658443
1.398577
1.311908
-15.165434
-9.257586
6.678817
2.791139
-0.983701
-2.549246
-1.243320
-0.481451
0.517711
1.400567
-1.391634
-0.647074
-2.069961
-1.457273
-1.791847
-3.061031
0.000000
1.561664
1.289459
1.104119
-14.651370
-7.828122
7.450115
3.126816
-1.136614
-3.243312
-2.017024
-0.662418
0.693968
1.285991
-1.222081
-1.130695
-1.709130
-0.622644
1.197113
-0.210664
0.000000
1.844135
1.593404
1.493867
-15.113322
-9.467956
6.559499
2.730543
-0.872577
-2.542674
-1.316130
-0.478574
0.468856
1.341711
-1.187323
-0.756489
-1.957861
-1.386913
-1.373321
-2.688126
0.000000
1.551648
1.276261
1.221607
-14.738716
-8.444504
6.877755
3.167917
-0.932863
-2.748617
-1.490243
-0.466093
0.692705
1.408916
-1.563236
-1.404316
-1.981630
-1.048293
0.683653
-1.359034
0.000000
1.323591
1.021760
0.938569
-15.180086
-9.347563
6.685685
2.928180
-1.074034
-2.465861
-1.050112
-0.387839
0.573804
1.477722
-1.560615
-0.672221
-2.181933
-1.448446
-1.343279
-2.906160
0.000000
1.330548
1.035205
0.754621
-14.793624
-7.645071
7.824547
3.025446
-1.418288
-3.638008
-2.317885
-0.725761
0.778430
1.374249
-1.051184
-0.928188
-1.431244
-0.326976
1.463615
0.587594
0.000000
1.621354
1.416717
1.331541
-14.494346
-9.385870
6.238087
2.692384
-0.951393
-2.629279
-1.325476
-0.460546
0.495658
1.368494
-1.184061
-0.639040
-1.969078
-1.557684
-2.225140
-3.492177
0.000000
1.469070
1.221818
1.181983
-13.721992
-8.195896
6.799403
3.163824
-1.009737
-2.728126
-1.353327
-0.423836
0.752798
1.379005
-1.642027
-1.516059
-2.049878
-1.080446
0.655598
-1.472697
0.000000
1.458489
1.154295
1.065625
-15.079858
-8.950672
6.762201
2.893467
-1.113622
-2.471164
-1.030677
-0.413363
0.573932
1.445953
-1.681123
-0.720633
-2.117000
-1.422280
-1.818372
-3.136619
0.000000
1.363760
1.075216
0.786575
-14.567419
-7.610904
7.829315
3.000457
-1.524619
-3.672776
-2.189619
-0.677575
0.833970
1.380915
-1.135060
-0.982673
-1.473053
-0.340969
1.451426
0.159928
0.000000
1.635618
1.428698
1.342055
-14.653576
-9.653608
6.396156
2.619459
-1.035687
-2.582646
-1.216183
-0.450909
0.529604
1.382518
-1.234091
-0.590397
-2.041565
-1.603391
-2.210096
-3.678558
0.000000
1.579644
1.336283
1.230563
-13.723031
-8.434379
7.052299
3.133173
-1.088818
-2.800256
-1.506988
-0.489780
0.768741
1.275732
-1.629685
-1.445405
-1.929124
-0.942247
0.780950
-1.650832
0.000000
1.782956
1.489056
1.391955
-14.468624
-9.428044
6.713395
2.767316
-1.051337
-2.393856
-1.061688
-0.421192
0.602593
1.392690
-1.434990
-0.698240
-2.144323
-1.458328
-1.951536
-3.352480
0.000000
1.728137
1.438727
1.150165
-14.265625
-7.966578
7.887887
3.049501
-1.417100
-3.512573
-2.096040
-0.720878
0.749077
1.207217
-1.228166
-1.023462
-1.512544
-0.363481
1.456231
-0.366100
0.000000
2.041162
1.833633
1.707057
-14.910975
-9.873082
6.584095
2.569470
-1.014686
-2.685300
-1.445491
-0.543714
0.528332
1.329720
-1.229461
-0.616070
-1.905221
-1.450129
-1.594890
-3.845576
0.000000
1.762621
1.505833
1.456270
-13.838645
-8.803837
7.012289
2.949051
-1.051543
-2.499031
-1.336311
-0.447204
0.698257
1.216616
-1.698254
-1.335230
-2.036513
-1.104060
0.524668
-2.368191
0.000000
1.962872
1.659047
1.559059
-14.162851
-9.477213
6.838365
2.844554
-0.937818
-2.103263
-1.054625
-0.468205
0.599142
1.291210
-1.346894
-0.782674
-2.206591
-1.441400
0.134937
-3.460461
0.000000
2.240313
1.926759
1.577154
-14.728525
-8.208103
7.911182
3.080499
-1.372068
-3.431693
-2.186844
-0.773744
0.706136
1.021912
-1.189523
-0.926132
-1.360847
-0.214476
1.483224
-0.839854
0.000000
2.265568
2.083716
1.940939
-14.165765
-9.738138
5.709499
1.838576
-1.121532
-2.370420
-1.364483
-0.498296
0.513883
1.156714
-1.830907
-0.868208
-1.805189
-1.335324
-2.201456
-3.345615
0.000000
1.735269
1.501483
1.415942
-13.054655
-9.353411
4.396338
1.445296
-1.240620
-1.582449
-0.607575
-0.232269
0.737896
1.160285
-2.130156
-1.080191
-2.285271
-1.297009
0.108340
-3.270579
0.000000
1.947007
1.681413
1.272068
-14.370537
-7.230152
7.029612
1.876253
-2.031017
-3.534251
-2.037271
-0.712258
0.838803
0.961374
-1.340932
-0.962735
-1.239797
0.094783
1.854242
-0.519481
0.000000
2.100969
1.950233
1.757417
-13.938006
-9.479416
5.559724
1.565785
-1.537751
-2.708342
-1.440777
-0.466658
0.654263
1.274636
-1.702100
-0.688926
-1.570009
-1.181628
-1.990709
-3.396784
0.000000
1.493844
1.320872
1.244050
-12.691060
-9.297081
4.634215
1.337189
-1.438402
-1.798828
-0.729460
-0.303605
0.769510
1.143997
-1.975528
-1.174129
-2.151467
-1.180570
0.276365
-3.130580
0.000000
1.964665
1.735999
1.459420
-13.952856
-8.051069
6.610753
1.849399
-1.919470
-3.151523
-1.748125
0.000000
-9.157966
-10.235329
-10.162827
-9.637049
-12.228665
-12.007663
-9.910582
-10.002911
-8.792736
-6.908188
-0.125923
1.278510
1.353668
1.262806
0.690126
-0.107271
-1.165580
-1.745340
-0.860098
-0.153549
0.241890
0.170363
-0.387271
-0.355645
-0.222998
-1.169086
-0.247363
0.000000
4.111712
4.836330
4.680065
4.692177
-7.411369
-7.971810
-0.361584
1.923248
2.225785
0.916273
0.942640
0.315243
0.292881
-0.483907
-1.353993
-1.246565
-1.825076
-1.088428
-3.426900
-0.388827
0.000000
2.987589
2.506863
1.994236
-11.771455
-7.432316
1.981730
1.651077
-1.521135
-1.167451
-0.289271
0.400879
1.316165
2.030593
-0.663026
-2.705380
-2.099178
-0.020718
0.096842
-2.397984
0.000000
0.305928
-0.092970
-0.565555
-12.372664
-7.518715
2.210474
2.784727
-2.130595
-3.296257
-1.151668
-0.019633
1.250966
1.876346
-1.338302
-0.506217
-1.639544
-0.419748
0.031433
-1.684938
0.000000
-0.123938
-0.343470
-0.445882
-12.487851
-7.075387
2.628666
2.509230
-1.909304
-3.504923
-0.993248
0.096474
1.194903
1.947197
-1.153603
-0.617632
-1.771552
-0.425772
0.785324
-1.523956
0.000000
-0.172813
-0.479140
-0.491687
-12.400661
-7.556540
3.135880
2.712946
-1.969794
-3.350263
-0.756372
0.201453
1.202437
1.942654
-1.144719
-0.458220
-2.062454
-0.729189
0.180898
-2.268619
0.000000
0.107110
-0.103126
-0.136256
-12.573459
-7.004388
5.568641
3.019293
-2.078280
-3.589509
-1.224824
0.014640
1.187187
1.932950
-1.262779
-1.152050
-1.773646
-0.548054
0.633475
-1.740377
0.000000
0.345959
0.037469
0.036659
-12.982226
-8.090948
4.069393
2.915721
-1.853595
-3.039349
-0.763423
0.064714
1.029591
1.787619
-1.503915
-0.697798
-2.028245
-0.984846
0.121593
-2.731059
0.000000
0.524209
0.278204
0.189324
-13.053254
-7.148685
6.554393
3.051229
-1.823797
-3.451406
-1.411397
-0.139858
1.068629
1.836822
-1.241227
-1.282383
-1.808942
-0.678060
0.746017
-1.467147
0.000000
0.615269
0.140418
0.098904
-13.352346
-8.856346
3.737756
2.706975
-1.713493
-2.551684
-0.478200
0.116261
0.876287
1.576500
-0.647265
-0.624278
-2.324425
-1.224546
-0.033043
-3.343400
0.000000
0.783142
0.487694
0.083464
-13.340313
-6.226889
7.803818
2.881419
-1.797352
-4.176648
-2.350156
-0.522346
0.983112
1.710812
-0.957423
-0.904051
-1.359589
-0.063053
1.782061
1.166129
0.000000
1.094310
0.688107
0.611999
-13.991630
-9.507831
4.285050
2.463453
-1.197288
-2.427154
-0.815583
-0.139696
0.591186
1.349706
-0.963916
-0.604742
-1.874945
-1.692216
-2.725339
-3.034924
0.000000
0.938233
0.709283
0.493452
-12.300803
-6.796551
7.203315
2.923870
-1.353307
-3.266825
-1.583778
-0.370223
0.813493
1.631939
-1.287519
-1.318553
-1.929190
-0.667893
1.184079
0.438654
0.000000
1.313395
0.777233
0.670511
-14.538148
-9.235826
4.000216
2.478803
-1.419035
-2.336255
-0.619867
-0.055351
0.634622
1.373729
-0.417781
-0.619185
-2.208214
-1.486225
-1.810507
-3.195933
0.000000
0.669201
0.415884
0.114502
-12.929079
-6.271003
7.674712
2.891370
-1.626848
-3.840639
-2.108628
-0.457784
0.895234
1.682298
-0.999167
-0.996657
-1.404384
-0.450844
1.517357
1.314497
0.000000
1.236184
0.810409
0.749942
-14.276203
-9.436026
5.491610
3.482574
-1.259110
-2.716429
-1.027797
-0.370319
0.575118
1.407359
-0.619541
-0.495459
-2.077673
-1.917526
-3.233621
-4.245729
0.000000
1.247964
0.925970
0.653523
-12.824749
-6.586859
8.643118
4.268787
-1.165529
-3.568635
-1.997504
-0.626506
0.794496
1.773352
-0.695892
-1.030845
-1.821069
-0.745204
0.923417
0.437668
0.000000
1.667549
1.286109
1.192513
-14.570485
-9.201036
4.403642
3.230644
-1.220480
-2.596375
-1.003151
-0.256262
0.702486
1.591223
-0.897516
-0.468911
-2.051937
-1.659883
-1.945881
-3.288900
0.000000
1.214369
0.883466
0.536363
-13.731764
-6.402481
8.931176
4.296203
-1.382944
-3.915355
-2.270531
-0.607484
0.921621
1.869240
-0.565890
-0.798310
-1.555296
-0.523897
1.122584
1.337013
0.000000
1.662004
1.212354
1.109046
-14.787050
-9.570631
4.844167
3.288764
-1.193215
-2.553479
-0.924034
-0.234049
0.698585
1.553718
-0.666156
-0.401002
-2.109665
-1.757429
-2.038884
-3.370779
0.000000
1.233476
0.853323
0.546496
-13.938775
-6.625246
9.018210
4.305370
-1.386868
-3.830754
-2.236961
-0.669003
0.881707
1.842790
-0.577506
-0.836377
-1.582884
-0.534492
1.243865
2.162915
0.000000
1.757696
1.272023
1.131219
-15.242059
-9.556787
5.298368
3.392530
-1.245707
-2.687882
-1.149289
-0.330871
0.667881
1.578000
-0.664857
-0.411247
-1.990100
-1.639808
-1.937606
-3.297159
0.000000
1.076822
0.732034
0.431144
-14.024362
-6.700611
9.052177
4.324724
-1.430339
-3.924054
-2.294308
-0.638161
0.902317
1.882199
-0.567527
-0.798274
-1.572652
-0.514504
1.240188
1.969880
0.000000
1.741394
1.258122
1.112919
-15.627143
-9.504853
5.102345
3.350256
-1.279490
-2.680968
-1.161685
-0.324679
0.671870
1.606188
-0.705677
-0.458572
-1.927377
-1.551621
-1.809886
-2.965878
0.000000
1.009364
0.653383
0.415006
-13.976815
-6.894848
8.863786
4.309034
-1.457147
-3.798966
-2.117529
-0.560171
0.927145
1.908224
-0.472925
-0.872754
-1.706411
-0.600904
1.119851
1.607462
0.000000
1.642988
1.156379
0.995586
-15.515759
-9.439346
4.740263
3.326446
-1.474293
-2.820312
-1.276374
-0.340494
0.721873
1.699829
-0.908954
-0.572574
-1.707152
-1.242730
-1.154853
-2.515390
0.000000
0.894652
0.538139
0.379365
-14.058693
-6.926734
8.506497
4.376167
-1.462751
-3.713404
-2.020731
-0.480338
0.961875
1.957409
-0.504423
-0.916752
-1.697210
-0.645189
0.907585
0.209202
0.000000
1.339720
0.909461
0.773125
-15.127275
-8.854184
4.489090
3.380295
-1.660470
-3.047613
-1.342281
-0.315108
0.798902
1.802410
-0.060686
-0.634667
-1.679901
-1.062491
0.258607
-2.164819
0.000000
0.792427
0.418753
0.303088
-14.368302
-7.589629
8.201317
4.361429
-1.606546
-3.781293
-2.016361
-0.424606
0.979524
2.019655
-0.451068
-0.860655
-1.632170
-0.620216
0.860038
-0.134278
0.000000
1.111967
0.647501
0.521016
-14.946905
-9.013639
4.023397
3.263549
-1.879673
-3.162572
-1.311448
-0.266732
0.820778
1.840036
-0.202337
-0.679855
-1.707664
-0.903359
0.565640
-1.509072
0.000000
0.681593
0.298367
0.209396
-14.493241
-7.624473
8.011054
4.264455
-1.759178
-3.870522
-2.032036
-0.399559
0.992694
2.055674
-0.399437
-0.802314
-1.577288
-0.570383
0.878251
-0.287146
0.000000
0.994197
0.532926
0.416935
-14.774170
-8.910872
3.614061
3.149647
-1.929297
-3.160322
-1.287692
-0.234009
0.839472
1.836697
-0.077830
-0.681592
-1.698815
-0.889091
0.589113
-1.282658
0.000000
0.660565
0.287828
0.211805
-14.578328
-7.588009
8.059366
4.297915
-1.748173
-3.860613
-2.046316
-0.417591
0.964627
2.023363
-0.377100
-0.803704
-1.538648
-0.575395
0.870031
-0.271641
0.000000
1.047995
0.607187
0.494000
-14.718886
-8.752167
3.624133
3.142823
-1.838035
-3.093241
-1.269541
-0.222735
0.815434
1.793856
-0.038446
-0.729802
-1.711288
-0.934628
0.523615
-1.440800
0.000000
0.740230
0.358929
0.288993
-14.467185
-7.564496
7.935225
4.286094
-1.648575
-3.722494
-1.944972
-0.369900
0.907247
1.968165
-0.307474
-0.860526
-1.614594
-0.627714
0.838608
-0.443705
0.000000
1.029544
0.599078
0.484406
-14.617209
-8.658616
3.902660
3.297972
-1.810772
-3.199332
-1.343780
-0.198951
0.834276
1.820412
-0.077623
-0.723408
-1.738371
-0.911490
0.593398
-1.264913
0.000000
0.769823
0.382489
0.296789
-14.395461
-7.351178
7.310045
4.104633
-1.685234
-3.721111
-1.892772
-0.321866
0.907702
1.955554
-0.227933
-0.828666
-1.528921
-0.645494
0.779984
-0.592541
0.000000
0.948656
0.531710
0.440795
-14.399517
-8.554666
3.301051
3.048569
-1.771360
-3.085304
-1.256415
-0.165832
0.820153
1.777859
-0.046099
-0.766675
-1.762364
-0.909355
0.568802
-1.196200
0.000000
0.813819
0.409348
0.328803
-14.332108
-7.549453
6.796353
4.042454
-1.689742
-3.661953
-1.852544
-0.291531
0.887638
1.945942
-0.215457
-0.848661
-1.574403
-0.645277
0.809291
-0.538755
0.000000
0.930484
0.507814
0.414631
-14.354642
-8.528959
3.524874
3.136474
-1.768725
-3.097022
-1.259458
-0.137095
0.774145
1.744031
-0.015496
-0.795418
-1.766019
-0.915034
0.557940
-1.332302
0.000000
0.791809
0.385311
0.306717
-13.835212
-7.336120
6.500108
3.966991
-1.670000
-3.621212
-1.785821
-0.228017
0.884491
1.937006
-0.197128
-0.845569
-1.606007
-0.665307
0.791773
-0.681610
0.000000
0.908416
0.490144
0.399886
-14.301266
-8.456658
3.487529
3.239600
-1.705244
-3.104209
-1.263549
-0.090635
0.786046
1.732154
-0.063269
-0.807264
-1.770510
-0.948800
0.537523
-1.320166
0.000000
0.784481
0.384650
0.312238
-13.996158
-7.143983
6.163650
3.911852
-1.615654
-3.584239
-1.784827
-0.216112
0.842581
1.896177
-0.153192
-0.849513
-1.570368
-0.653005
0.798626
-0.536353
0.000000
0.937150
0.502470
0.413493
-14.173305
-8.346432
3.323739
3.249681
-1.592014
-2.989108
-1.171920
-0.014067
0.759613
1.659425
-0.276554
-0.854208
-1.851259
-1.026241
0.407452
-1.741789
0.000000
0.827965
0.405016
0.333646
-13.773973
-6.881331
6.442500
3.953009
-1.568387
-3.597768
-1.828917
-0.184050
0.775462
1.868493
-0.218589
-0.866490
-1.623482
-0.634206
0.879366
-0.319130
0.000000
0.946751
0.488587
0.389299
-14.196900
-8.295195
3.261212
3.297687
-1.527092
-3.031648
-1.217503
0.007579
0.702696
1.609349
-0.361390
-0.892582
-1.843519
-1.044443
0.418056
-1.799066
0.000000
0.833065
0.413425
0.341076
-13.606701
-6.941346
6.240847
3.902442
-1.487127
-3.541720
-1.815744
-0.119308
0.728152
1.826939
-0.098354
-0.852318
-1.631964
-0.644607
0.866031
-0.301797
0.000000
0.902895
0.423433
0.333148
-14.082370
-8.240022
3.154217
3.354349
-1.461584
-3.042908
-1.207419
0.062990
0.672425
1.564372
-0.452489
-0.937849
-1.910090
-1.095339
0.397192
-1.826199
0.000000
0.915553
0.470013
0.383599
-13.787156
-6.756951
5.949076
3.855132
-1.425193
-3.530546
-1.856720
-0.091824
0.677274
1.789583
-0.093737
-0.840695
-1.574433
-0.621024
0.917711
-0.134901
0.000000
0.873290
0.382362
0.292970
-14.135862
-8.245041
3.128452
3.336060
-1.417758
-3.004973
-1.179905
0.127103
0.596708
1.501973
-0.794757
-0.971205
-1.966385
-1.141611
0.363653
-1.883047
0.000000
1.007092
0.529901
0.436090
-13.720214
-6.703979
5.905014
3.850839
-1.321572
-3.532735
-1.948215
-0.079492
0.610683
1.750933
-0.092316
-0.824227
-1.543719
-0.590282
0.991128
0.099182
0.000000
0.894530
0.381565
0.290763
-14.126082
-8.068328
3.047962
3.246349
-1.340400
-2.520995
-0.971674
0.101669
0.664784
1.457153
-1.112691
-1.179472
-1.898666
-1.040905
0.447233
-1.782147
0.000000
1.241639
0.767752
0.679006
-13.995733
-6.893893
4.812572
3.542140
-1.237984
-3.236253
-1.784117
-0.097453
0.408286
1.542801
-0.038012
-0.920071
-1.522957
-0.652421
0.685735
-0.377892
0.000000
0.772096
0.291127
0.276524
-14.221630
-8.069016
4.079489
3.855601
-1.284672
-3.631888
-1.732579
-0.399495
0.449527
1.587166
0.329565
-0.636494
-1.585381
-1.586607
0.071931
-1.182048
0.000000
1.683621
1.080533
0.852018
-14.108651
-5.872437
9.530097
5.723888
-0.548768
-4.212763
-3.182562
-1.003174
0.415206
1.824805
0.663930
-0.733440
-0.771083
-0.808956
0.304156
-0.250337
0.000000
1.413017
1.023528
0.986019
-14.260310
-8.831440
3.003169
3.086121
-1.070010
-2.985122
-0.961113
-0.105191
0.588998
1.341392
0.232734
-0.365612
-1.711987
-2.033457
-0.702197
-3.213756
0.000000
1.796891
1.074655
0.630537
-14.322192
-5.408035
10.343571
5.655788
-0.582791
-4.578683
-3.706141
-1.590150
0.458384
1.926295
0.251178
-0.320080
-0.840070
-0.410697
1.238647
3.534803
0.000000
2.045528
1.409302
1.269288
-14.945758
-9.771316
2.761600
2.715064
-1.156687
-2.865912
-1.245067
-0.428769
0.380436
1.202093
0.389986
-0.603061
-1.029483
-1.742998
-3.154389
-3.181376
0.000000
1.581925
0.914739
0.749914
-13.875516
-6.717109
9.404642
5.597892
-0.461276
-3.667642
-2.493148
-0.743691
0.404030
1.813896
0.519279
-0.780900
-1.409303
-1.081116
0.670564
1.839885
0.000000
2.191276
1.420304
1.200466
-16.262733
-8.574978
4.033136
3.673836
-1.213565
-3.484101
-1.913303
-0.665449
0.267407
1.530740
0.596991
-0.751869
-1.128063
-1.185697
0.234550
-0.205310
0.000000
1.313261
0.773204
0.697915
-15.729637
-7.855829
9.672391
5.745976
-0.637687
-3.718991
-2.602136
-0.690172
0.238840
1.673034
0.684203
-0.920663
-1.046432
-1.145932
0.383369
0.199217
0.000000
1.520612
0.904332
0.775880
-15.466026
-7.646091
4.596811
3.798829
-0.995538
-3.809367
-2.375662
-0.714389
0.278285
1.710093
1.264164
-0.622070
-0.910364
-0.890476
0.806649
2.186365
0.000000
1.042252
0.545236
0.473957
-15.242144
-7.620747
6.566457
4.710530
-0.982299
-3.841112
-2.537243
-0.713669
0.305165
1.721165
0.851700
-0.684885
-0.831445
-1.009918
0.426232
0.511447
0.000000
1.228038
0.726257
0.657197
-14.994497
-7.898959
4.903040
4.044539
-0.899071
-3.496912
-2.190779
-0.573763
0.204619
1.575041
0.722595
-0.819301
-1.037086
-1.140767
0.516397
1.211339
0.000000
1.409161
0.800327
0.729537
-15.425000
-7.304248
6.912652
4.827272
-0.764727
-3.691293
-2.578809
-0.705909
0.183226
1.622618
0.791393
-0.842709
-0.824316
-1.031331
0.408750
0.755672
0.000000
1.280608
0.773144
0.710153
-15.021566
-7.666424
4.096141
3.654540
-0.831727
-3.329532
-2.052609
-0.474313
0.150626
1.466602
0.686754
-0.871810
-1.077078
-1.280613
0.368543
0.889548
0.000000
1.490953
0.831660
0.772540
-14.993661
-6.669233
7.402030
4.986314
-0.592803
-3.729433
-2.763119
-0.722127
0.177153
1.620866
0.811822
-0.872737
-0.720056
-1.070289
0.393548
0.955549
0.000000
1.327967
0.852511
0.805582
-14.699590
-7.736800
4.036908
3.667184
-0.668022
-3.238768
-2.047177
-0.434639
0.105990
1.396262
0.660052
-0.949307
-0.962393
-1.371050
0.124123
0.259878
0.000000
1.600466
0.930004
0.885875
-15.098965
-6.695555
7.560174
4.988605
-0.456535
-3.564070
-2.717403
-0.661539
0.116835
1.562563
0.816651
-0.918485
-0.690736
-1.155178
0.314310
1.127144
0.000000
1.464604
0.927193
0.876761
-14.856944
-7.433406
4.072839
3.665539
-0.614550
-3.198729
-2.078828
-0.406244
0.060485
1.383849
0.729093
-1.041664
-0.782986
-1.311886
0.166733
0.678543
0.000000
1.417172
0.775536
0.741029
-14.630867
-6.911604
5.713759
4.391341
-0.572426
-3.422550
-2.462771
-0.518079
0.095710
1.513222
0.833337
-0.927854
-0.770429
-1.233434
0.368531
1.746207
0.000000
1.512396
0.890178
0.833063
-14.685622
-7.145749
4.255073
3.797962
-0.605573
-3.273040
-2.219491
-0.456537
0.048262
1.400579
0.797026
-1.014380
-0.594082
-1.210705
0.192275
1.424522
0.000000
1.330568
0.751922
0.742631
-14.665348
-6.942971
5.145281
4.175962
-0.552258
-3.265002
-2.322932
-0.455751
0.072004
1.442855
0.833891
-1.016502
-0.619956
-1.248482
0.202562
1.421172
0.000000
1.475092
0.848915
0.816930
-14.541603
-7.065456
4.232507
3.749653
-0.534025
-3.190272
-2.205766
-0.401983
0.040064
1.379582
0.809283
-1.016101
-0.615751
-1.287524
0.098811
1.160957
0.000000
1.426968
0.800405
0.796501
-14.531297
-6.896759
4.382204
3.758581
-0.487431
-3.176021
-2.298449
-0.452271
-0.020895
1.368130
0.824763
-1.043289
-0.650676
-1.233188
0.221052
1.638391
0.000000
1.469415
0.856308
0.847111
-14.322466
-6.693066
4.168943
3.679339
-0.429066
-3.066355
-2.193466
-0.402680
-0.002884
1.321030
0.800941
-1.065933
-0.670601
-1.319336
-0.026070
0.708211
0.000000
1.482434
0.852216
0.868947
-14.314652
-10.829191
-6.621356
4.618570
-0.058498
-3.070719
-2.453687
-0.298291
0.000188
1.301921
0.907025
-0.598556
-0.793674
-1.659752
-0.410133
1.298885
-3.093500
0.000000
1.300655
1.274869
0.787571
-10.705026
-3.088592
6.800305
0.884666
-3.166559
-3.050613
-0.730998
-0.041364
1.425518
0.918984
-0.850047
-0.731415
-1.734790
-0.662620
-0.922932
-3.507808
0.000000
1.974928
1.943830
1.496153
-10.512085
-7.549675
3.830118
0.225828
-2.502468
-2.117414
-0.200631
-0.088604
1.116887
0.680101
-0.898274
-0.913118
-1.907997
-0.758911
-0.346617
-3.720052
0.000000
1.646882
1.506539
0.962904
-11.249475
-2.948627
6.943127
0.901265
-3.043020
-3.106412
-0.797451
-0.163118
1.360879
0.944187
-0.789965
-0.581431
-1.637498
-0.352313
0.841603
-2.339570
0.000000
1.731633
1.627759
1.206912
-10.830341
-7.976732
3.976187
-0.034262
-2.851736
-2.300960
-0.342911
-0.030879
1.292899
0.916882
-0.693693
-0.689771
-1.752148
-0.439248
1.299670
-2.754765
0.000000
1.532875
1.448087
0.866153
-11.465483
-4.144401
6.879505
0.626564
-3.241500
-3.044230
-0.814224
-0.086846
1.450219
1.053483
-0.738109
-0.476362
-1.537219
-0.245650
1.178652
-2.325621
0.000000
1.588074
1.467093
1.014633
-11.440714
-8.436448
4.139150
-0.091546
-3.075682
-2.457859
-0.496390
-0.070162
1.356667
0.943217
-0.575165
-0.793840
-1.608862
-0.076616
2.876630
-2.280103
0.000000
1.578582
1.467147
-16.122530
-7.720915
8.190726
5.272359
0.034930
-3.284463
-2.948609
-1.013824
0.038653
1.522722
0.977828
-0.824587
-0.819920
-0.967541
0.402227
1.837080
0.000000
1.291093
0.759924
0.659165
-15.928995
-8.703653
3.610201
3.334504
-0.937762
-3.109398
-1.738223
-0.102767
0.147445
1.276033
0.772349
-0.838162
-1.174805
-1.651796
-0.063749
0.118295
0.000000
1.997990
0.979824
0.790631
-14.915085
-6.121225
7.071213
4.777157
-0.620049
-4.110104
-3.193138
-0.895780
0.126217
1.741781
1.294522
-0.615869
-0.883022
-0.734346
1.196214
4.123107
0.000000
1.308488
0.765447
0.650429
-14.687720
-8.103809
3.808127
3.452250
-0.787903
-3.452521
-2.141994
-0.398529
0.101223
1.382488
0.817745
-1.004397
-0.656183
-1.242715
-0.142304
-0.420931
0.000000
1.362797
0.756547
0.742191
-14.333322
-7.167501
4.974030
3.949852
-0.719220
-3.240063
-2.122294
-0.290446
0.108115
1.441888
0.744745
-1.050119
-1.073946
-1.300485
0.484230
2.073027
0.000000
1.828185
1.036359
0.886550
-15.138371
-6.706612
4.597489
3.936112
-0.765205
-3.625900
-2.381867
-0.532446
0.075670
1.506142
0.791462
-0.863478
-0.655048
-0.987891
0.608152
2.007414
0.000000
1.264352
0.760739
0.723508
-14.691481
-7.497002
4.137079
3.650247
-0.718380
-3.296812
-2.122766
-0.408114
0.060043
1.387218
0.700884
-1.007352
-0.683006
-1.167261
0.205312
0.784421
0.000000
1.443408
0.850704
0.812654
-14.431269
-6.821201
4.408827
3.666934
-0.768347
-3.249438
-2.032200
-0.328892
0.127072
1.417786
0.646654
-0.876054
-0.929373
-1.245952
0.335352
0.700119
0.000000
1.585582
0.943784
0.901932
-14.044678
-6.354501
5.074789
4.068013
-0.638366
-3.474414
-2.264429
-0.489114
0.159362
1.498401
0.692527
-0.842537
-0.785164
-1.114569
0.373128
0.680750
0.000000
1.573023
1.043402
1.024522
-13.855700
-6.803745
4.117390
3.578084
-0.670037
-3.116301
-1.813172
-0.337148
0.147934
1.322747
0.473866
-1.051661
-0.878152
-1.326054
-0.041100
-0.622967
0.000000
1.647160
1.063553
1.044874
-13.678768
-6.538939
5.007444
3.950844
-0.627806
-3.223698
-1.985273
-0.311452
0.189683
1.409546
0.499582
-0.843433
-1.018428
-1.408127
0.193977
-0.427921
0.000000
1.785691
1.152156
1.116074
-13.290276
-5.929805
5.166809
4.097667
-0.509301
-3.503776
-2.240592
-0.506713
0.225627
1.542353
0.585283
-0.862915
-0.782755
-1.077371
0.345419
-0.058419
0.000000
1.564488
1.102476
1.084075
-13.641585
-7.024909
3.975819
3.471529
-0.749788
-3.092570
-1.549360
-0.157722
0.280084
1.309839
0.334348
-0.908830
-1.135345
-1.596757
-0.249451
-1.768395
0.000000
1.880297
1.243060
1.145983
-13.458709
-5.826120
7.183249
4.711353
-0.486173
-3.510661
-2.253218
-0.462184
0.321539
1.598692
0.511034
-0.904622
-0.934560
-1.221613
0.226523
-0.600892
0.000000
1.829258
1.315884
1.255140
-13.145569
-6.944085
4.096592
3.512212
-0.804012
-3.261903
-1.628231
-0.302494
0.319739
1.422549
0.357672
-0.941933
-1.033076
-1.400300
-0.080523
-1.497184
0.000000
1.780675
1.192429
1.149992
-13.361267
-6.561839
5.395206
4.052187
-0.777932
-3.412502
-1.875839
-0.373824
0.348099
1.550352
0.453063
-0.874482
-1.036676
-1.236130
0.263606
-0.658740
0.000000
1.713387
1.149963
1.073821
-13.272297
-6.598967
4.354296
3.652203
-0.921806
-3.549982
-1.855098
0.000000
-10.551908
-10.355911
-10.375769
-10.179399
-12.225918
-12.205224
-12.139832
-9.941141
-9.642981
-9.035863
-8.805224
-8.924834
-2.143196
2.504449
0.393228
0.309267
0.197139
-1.263024
-1.045699
-0.565362
-0.023529
0.508948
0.270261
-0.281223
-0.022715
-0.720520
0.315110
-0.553270
0.000000
5.411588
4.986590
4.207768
3.724394
-10.909640
-10.056293
1.217796
0.190014
0.609052
0.099712
0.716063
0.097402
0.272234
-0.219288
0.226906
-0.703555
-0.083722
0.386367
1.428596
2.989708
0.000000
2.928821
2.154123
1.530586
-12.829295
-6.824603
3.612311
1.772161
-1.294564
-1.172471
-1.053198
-0.014526
1.176978
1.446360
-0.592615
-2.765974
-1.890530
0.003988
1.083376
-0.809225
0.000000
2.060775
1.597625
0.843477
-11.575437
-7.052238
1.581069
2.304619
-1.733748
-2.396161
-0.769000
-0.172327
0.740241
1.311932
-0.685428
-0.317204
-2.110248
-2.706105
-3.637149
-4.317714
0.000000
0.981734
0.776189
0.292407
-10.776733
-5.646372
2.924833
2.095061
-1.303019
-2.860618
-0.703495
0.217502
1.089837
1.680006
-1.444387
-0.589220
-1.557674
-0.728798
-0.423445
-2.158031
0.000000
0.968703
0.781955
0.749152
-10.280368
-6.980075
2.054165
1.984320
-1.698301
-1.870342
-0.322025
0.560503
1.275562
1.547076
-0.490279
-0.692444
-2.123997
-1.035832
-1.853070
-2.874749
0.000000
1.287223
0.961708
0.590090
-10.469596
-5.547477
4.002037
2.225249
-1.882199
-2.674306
-0.816829
0.417553
1.351634
1.804713
-1.337210
-0.927597
-1.741066
-0.567587
0.567029
-2.029795
0.000000
1.128174
0.769433
0.685867
-11.392433
-7.579939
2.257008
2.233115
-2.001029
-2.172931
-0.509616
0.558527
1.277360
1.607076
-0.735979
-0.613690
-2.058288
-0.852402
-1.250583
-2.895036
0.000000
1.244717
0.846900
0.587056
-11.182489
-6.163076
3.814229
2.265693
-2.039079
-2.726431
-0.924603
0.323000
1.283833
1.786741
-1.289696
-0.950525
-1.670843
-0.459591
0.757859
-1.865780
0.000000
1.011958
0.634220
0.528335
-11.694706
-7.829257
2.529742
2.188666
-2.090518
-2.282122
-0.585646
0.498908
1.242279
1.636746
-0.896785
-0.668086
-1.962200
-0.721465
-0.603396
-2.631428
0.000000
1.078636
0.665166
0.474423
-11.292475
-6.520915
3.305008
2.199692
-2.144693
-2.639722
-0.855299
0.402238
1.316082
1.806707
-1.107987
-0.805890
-1.774317
-0.450311
0.700539
-1.814635
0.000000
0.916102
0.505026
0.404394
-11.761230
-7.596689
2.538664
2.339494
-2.187897
-2.413886
-0.663468
0.508000
1.266345
1.662815
-1.070186
-0.671859
-1.955957
-0.679892
-0.264899
-2.685601
0.000000
1.011790
0.606645
0.430290
-11.234173
-6.415728
3.053943
2.155816
-2.120002
-2.664984
-0.833295
0.405703
1.278952
1.777862
-1.106027
-0.881698
-1.753542
-0.423055
0.690337
-1.840053
0.000000
0.886300
0.488797
0.395469
-11.352160
-7.616961
2.348723
2.370500
-2.141322
-2.358685
-0.573487
0.611881
1.300767
1.636412
-0.791664
-0.678106
-2.078717
-0.702387
-0.501287
-2.807428
0.000000
1.029349
0.621690
0.413050
-11.082076
-6.391190
3.115778
2.206831
-2.101277
-2.793967
-0.840650
0.424920
1.270042
1.790409
-1.061920
-0.932591
-1.787517
-0.362771
0.808749
-1.756082
0.000000
0.830137
0.380144
0.282237
-11.346685
-7.636066
2.107332
2.400757
-2.159595
-2.271005
-0.470716
0.663197
1.324119
1.607396
-0.486316
-0.600200
-2.242280
-0.810342
-0.319795
-2.731718
0.000000
1.093594
0.692490
0.280556
-11.118829
-5.638286
4.111673
2.382828
-1.980915
-3.255667
-1.169508
0.387120
1.268294
1.856668
-1.206618
-1.048169
-1.505812
-0.249470
1.328273
-1.211502
0.000000
0.871385
0.352027
0.281837
-11.371070
-7.916593
2.689737
2.417438
-2.111281
-2.320401
-0.343061
0.396711
1.354348
1.674553
0.334509
-0.394226
-2.284636
-1.201430
-0.573613
-2.928423
0.000000
1.691865
1.223749
0.564792
-11.218558
-4.745558
5.639691
3.427361
-1.749410
-3.662452
-1.588298
0.004251
1.260831
2.009570
-0.626228
-0.792865
-0.996370
-0.454532
0.911000
-1.239539
0.000000
1.274144
0.956304
0.848239
-12.051895
-8.301763
2.660910
2.319353
-1.850238
-2.149984
-0.482656
0.247855
1.142519
1.588948
-0.975356
-0.559647
-2.135643
-1.318866
-0.322215
-2.832802
0.000000
1.865147
1.344768
0.964927
-11.871507
-5.775146
5.336286
3.090870
-1.785456
-2.897708
-1.319561
-0.082678
1.158447
1.882250
-0.455437
-0.832513
-1.282449
-0.581066
0.813704
-0.653009
0.000000
1.640162
1.222648
1.053391
-12.618631
-8.246258
3.083423
2.650390
-1.946837
-2.419569
-0.810240
0.129806
1.125950
1.710963
0.022033
-0.586041
-1.969651
-1.102635
0.099781
-2.194793
0.000000
1.675510
1.162606
0.951047
-12.430861
-6.558384
4.343419
2.828369
-1.994907
-2.734622
-1.244995
-0.100051
1.136404
1.871886
-0.302171
-0.811085
-1.333817
-0.555705
0.799568
-0.660778
0.000000
1.626450
1.161431
0.996800
-12.798692
-8.003809
3.285753
2.719453
-1.988460
-2.460925
-0.934482
0.050677
1.102818
1.732579
-0.012183
-0.700700
-1.830193
-0.974041
0.214849
-2.100492
0.000000
1.668679
1.156978
1.038492
-12.326052
-6.959364
3.828907
2.753110
-1.960686
-2.567482
-1.114882
-0.062645
1.090536
1.795948
-0.216962
-0.879580
-1.492293
-0.689361
0.559840
-1.376394
0.000000
1.644361
1.144912
0.999558
-12.474524
-7.491361
3.256219
2.756689
-1.957660
-2.428996
-0.892741
0.076770
1.118215
1.712567
-0.050463
-0.824380
-1.834472
-0.985185
0.199528
-2.169388
0.000000
1.823318
1.283634
1.150506
-12.198426
-6.875158
3.653174
2.762534
-1.880181
-2.496357
-1.022556
-0.011990
1.061902
1.727715
-0.145643
-0.906913
-1.584943
-0.850131
0.362707
-2.054346
0.000000
1.688962
1.185819
1.062205
-12.202952
-7.290698
3.313740
2.707382
-1.863892
-2.376657
-0.827643
0.113492
1.104377
1.678019
-0.048476
-0.899324
-1.865074
-0.982519
0.221899
-2.126575
0.000000
1.826576
1.277475
1.136005
-12.152085
-6.877145
3.552261
2.809199
-1.873835
-2.533172
-0.979036
0.028107
1.068693
1.719141
-0.140044
-0.892943
-1.640381
-0.927808
0.318060
-2.179898
0.000000
1.734460
1.231835
1.100946
-12.005298
-7.076441
3.371740
2.765322
-1.837284
-2.477340
-0.859345
0.084891
1.062968
1.670168
-0.151975
-0.987677
-1.728980
-0.973356
0.225417
-2.349891
0.000000
1.776380
1.250074
1.118555
-11.987153
-7.053925
3.366824
2.805779
-1.816366
-2.518604
-0.866453
0.118110
1.095116
1.690291
-0.121257
-0.920105
-1.795548
-0.996411
0.249837
-2.283808
0.000000
1.833013
1.305594
1.154404
-11.950467
-6.551777
3.517400
2.808333
-1.844552
-2.620341
-0.956068
0.065799
1.049627
1.711523
-0.103009
-1.020722
-1.607465
-0.884044
0.338342
-2.138704
0.000000
1.653178
1.155341
1.036019
-11.703508
-7.297781
3.196601
2.687988
-1.799023
-2.414260
-0.702409
0.230762
1.140430
1.661795
-0.050035
-0.887278
-1.997178
-1.070111
0.145371
-2.336594
0.000000
1.809957
1.250556
1.027438
-12.040141
-6.310156
3.720401
2.915226
-1.894899
-2.804472
-1.092699
0.036675
1.058868
1.781844
-0.246837
-0.983215
-1.472032
-0.732822
0.571349
-1.660138
0.000000
1.581344
1.105033
0.962444
-11.992543
-7.541577
3.062806
2.622217
-1.846868
-2.454658
-0.668362
0.245521
1.131732
1.645446
-0.369102
-0.930141
-1.975933
-1.098773
0.067598
-2.645720
0.000000
1.738930
1.188019
0.919475
-11.816609
-6.343662
3.821507
2.881012
-1.879760
-2.850695
-1.094171
0.086156
1.087886
1.828309
-0.225626
-0.933018
-1.534843
-0.650854
0.706042
-1.254755
0.000000
1.492606
0.987733
0.834977
-12.031774
-7.801620
2.986653
2.577272
-1.952417
-2.462155
-0.607391
0.307749
1.172084
1.646491
-0.591195
-0.794121
-2.039825
-1.138359
0.006055
-2.689163
0.000000
1.727145
1.162031
0.824609
-11.979407
-5.721878
4.031317
2.953817
-1.883354
-3.069022
-1.223603
0.032709
1.058610
1.872302
-0.488809
-0.854422
-1.417150
-0.510079
0.950190
-0.639978
0.000000
1.475095
0.982177
0.811119
-12.263157
-8.041311
2.833582
2.420891
-1.901905
-2.354041
-0.545351
0.325797
1.159084
1.597017
-0.955896
-0.745968
-2.052517
-1.203385
-0.100862
-2.878529
0.000000
1.799260
1.211473
0.826719
-11.832221
-5.660486
4.253391
2.956562
-1.807997
-3.200467
-1.298927
0.017189
0.997795
1.877116
-0.464433
-0.786174
-1.423816
-0.386850
1.189501
-0.142631
0.000000
1.446433
0.909628
0.725416
-12.510441
-8.344368
2.778789
2.346690
-1.874145
-2.393804
-0.580624
0.292750
1.116982
1.568620
-0.948624
-0.785357
-2.000855
-1.213418
-0.352630
-3.189177
0.000000
1.770180
1.182553
0.814580
-11.907102
-5.755656
4.135100
2.931418
-1.774718
-3.133786
-1.230507
0.104035
1.000754
1.849805
-0.465717
-0.863515
-1.512173
-0.474315
1.119916
-0.231229
0.000000
1.506257
0.925775
0.733001
-12.491165
-8.226700
2.781472
2.310589
-1.869365
-2.375128
-0.521634
0.344910
1.140874
1.578362
-0.964012
-0.896029
-2.016567
-1.136979
0.006296
-2.966647
0.000000
1.706253
1.096655
0.743928
-11.896091
-5.682354
3.978269
3.017802
-1.794037
-3.245063
-1.212587
0.174465
0.993269
1.849388
-0.390727
-0.940942
-1.636460
-0.487040
1.193099
-0.255903
0.000000
1.502609
0.894922
0.693134
-12.433078
-8.024851
2.787185
2.344471
-1.860333
-2.449222
-0.502385
0.336293
1.075034
1.539029
-0.980949
-0.861805
-2.050012
-1.114813
-0.639936
-2.909925
0.000000
1.590545
0.990660
0.604564
-11.795532
-5.591351
4.039990
3.067786
-1.704209
-3.468493
-1.303108
0.249632
0.943227
1.861254
-0.335336
-0.912117
-1.551602
-0.432678
1.349316
0.241371
0.000000
1.475101
0.786509
0.583677
-12.523344
-8.148847
2.661674
2.344281
-1.851858
-1.930976
-0.419403
0.330206
1.183473
1.557072
-0.937739
-1.323848
-1.966633
-0.974876
0.299428
-2.634669
0.000000
1.749743
1.104118
0.848974
-11.927176
-6.249980
3.573505
2.810243
-1.705063
-3.092227
-0.960283
0.351331
0.917784
1.683581
-0.188988
-1.009081
-1.784429
-0.776613
0.839742
-1.580416
0.000000
1.393940
0.828035
0.626516
-12.001753
-6.860033
3.198240
2.456551
-1.696135
-2.916387
-0.696026
0.455715
1.020902
1.639874
-0.566568
-1.013730
-1.912974
-1.072197
-0.252627
-2.368172
0.000000
1.443307
0.887019
0.610440
-11.462234
-5.839159
3.693982
2.862529
-1.564603
-3.332633
-1.080758
0.450170
0.930088
1.791385
-0.149844
-1.060866
-1.683818
-0.639491
0.990370
-0.856954
0.000000
1.308139
0.661492
0.468435
-11.600467
-7.802093
2.813964
2.085887
-1.226064
-1.931082
-0.281878
0.479674
1.297702
1.656542
-0.589680
-1.732092
-2.161297
-0.770051
0.926513
-0.824954
0.000000
1.926683
1.217254
0.887413
-12.213398
-6.435380
3.114770
2.557576
-1.675308
-2.973624
-0.720007
0.448809
0.934559
1.600549
-0.540217
-1.129303
-1.707598
-1.011446
-0.361377
-2.059766
0.000000
1.324683
0.802903
0.619137
-11.810332
-6.229361
3.481827
2.477047
-1.430405
-3.080261
-0.863428
0.549942
0.906628
1.667053
-0.160735
-1.215759
-1.805629
-0.917182
0.370305
-1.676104
0.000000
1.358360
0.790387
0.599759
-11.428726
-6.307727
3.223986
2.244055
-1.534176
-2.569232
-0.445933
0.623757
1.160412
1.715014
-0.109336
-1.310827
-1.211972
-1.176650
0.473449
-2.049269
0.000000
1.932068
1.194353
0.938501
-11.778779
-5.385043
4.603873
3.188452
-1.553535
-4.039322
-1.181028
-0.024096
0.780068
1.858059
0.276507
-0.846822
-1.036429
-1.379999
0.186605
-1.748954
0.000000
1.971107
1.346406
1.195527
-12.291906
-6.001480
4.451169
3.247646
-1.289208
-3.832079
-1.238426
-0.063352
0.592585
1.691595
0.320290
-1.093214
-0.828412
-1.199374
0.182635
-1.038543
0.000000
1.864495
1.235735
1.097311
-12.271015
-7.139214
4.102474
3.162889
-1.464701
-3.466278
-0.945884
0.038070
0.743826
1.634451
0.275209
-0.753499
-1.175834
-1.543082
0.083441
-1.378722
0.000000
2.366240
1.505064
1.160918
-12.838507
-5.584064
5.025996
3.770136
-1.271287
-4.137734
-1.712894
-0.407379
0.488042
1.801404
0.884048
-0.841692
-0.818010
-0.874796
0.853020
1.529421
0.000000
2.201273
1.589209
1.371958
-13.662798
-7.741286
3.879270
2.940302
-1.376589
-3.176403
-0.968153
-0.179518
0.497505
1.383498
0.336067
-1.052994
-1.212952
-1.374482
-0.611529
-1.366873
0.000000
1.741215
1.055104
0.897834
-12.132831
-7.726675
4.260525
3.237752
-1.483827
-2.759967
-0.593939
-0.011882
0.893573
1.645666
0.662688
-1.036380
-2.038537
-1.458567
0.921175
1.296197
0.000000
2.847179
1.886095
1.405475
-12.785019
-5.758199
4.830814
3.867863
-1.295824
-4.258463
-1.891690
-0.490189
0.331395
1.602229
0.395259
-0.931877
-0.737864
-0.829036
0.568097
0.175844
0.000000
1.938751
1.430269
1.290799
-13.410008
-7.959481
3.465014
2.590436
-1.157991
-2.949659
-0.541635
0.062639
0.511641
1.234935
0.187626
-1.065313
-1.041234
-1.726689
-1.120310
-2.413873
0.000000
2.304621
1.462092
1.281776
-12.420403
-6.130760
4.710277
3.371319
-1.023937
-3.567249
-1.419216
-0.061333
0.511816
1.631142
0.375338
-0.764201
-1.452459
-1.398979
0.725793
1.059799
0.000000
2.635988
1.687579
1.407477
-13.281786
-6.025147
4.522222
3.265779
-1.190320
-3.729717
-1.471058
-0.142833
0.396716
1.449551
0.426974
-1.039649
-0.678089
-1.236639
-0.227866
-0.786189
0.000000
1.735202
1.122134
1.008957
-12.427800
-7.196563
3.809995
2.846382
-1.238856
-2.380937
-0.421831
0.073805
0.692640
1.499521
0.067537
-1.480692
-1.488865
-1.499724
0.417139
0.226199
0.000000
2.846072
1.871810
1.532881
-13.428173
-6.403573
4.141489
2.977098
-1.177999
-3.412997
-1.092075
0.037439
0.519652
1.385869
0.312599
-0.950291
-0.803753
-1.505169
-0.786479
-1.564585
0.000000
1.957535
1.217506
1.077622
-12.316050
-6.085130
4.502073
3.209530
-1.017480
-3.530761
-1.360420
0.061158
0.488687
1.526827
0.436222
-0.899958
-0.892950
-1.523123
0.217768
0.011738
0.000000
2.483081
1.574095
1.354033
-12.821415
-5.665758
4.513562
3.096860
-0.970055
-3.641977
-1.413767
-0.045471
0.435477
1.501858
0.471762
-1.139896
-0.563598
-1.375469
-0.017386
-0.575876
0.000000
2.049398
1.353138
1.204422
-12.538918
-6.701035
3.891678
2.757516
-1.086102
-3.317245
-0.741369
0.227750
0.652486
1.431682
0.400869
-0.869188
-0.792008
-1.759299
-0.368830
-1.608025
0.000000
2.395360
1.454473
1.162461
-12.441339
-4.989501
4.989639
3.462025
-0.805905
-3.804376
-1.768122
-0.156586
0.375034
1.647023
0.917564
-1.033430
-0.787569
-1.186852
0.585761
2.189022
0.000000
2.366590
1.608030
1.360963
-13.460983
-7.040653
3.703715
2.541431
-1.106415
-3.205863
-0.841687
0.142482
0.540335
1.279117
0.437508
-1.128552
-0.880237
-1.671727
-1.737915
-2.753242
0.000000
2.045898
1.233197
1.107128
-11.821933
-5.733126
4.496317
3.034374
-0.993416
-3.484477
-1.016683
0.155418
0.636650
1.603415
0.492041
-1.034860
-1.391856
-1.640672
0.374722
1.259705
0.000000
2.767888
1.729366
1.412480
-12.995477
-5.550679
4.463964
2.917935
-0.913646
-3.697074
-1.421695
0.000389
0.451871
1.464491
0.571456
-1.115253
-0.650951
-1.490419
-0.177093
-1.037318
0.000000
2.220333
1.453843
1.303971
-12.895763
-6.052358
4.025766
2.671015
-0.906953
-3.216174
-0.966189
0.161472
0.503171
1.378999
0.547101
-1.125183
-0.835324
-1.664874
-0.473394
-1.279117
0.000000
2.228765
1.344356
1.166347
-12.547808
-5.928681
4.306087
2.805439
-0.930714
-3.456528
-1.089567
0.110237
0.586495
1.529534
0.598437
-1.152457
-0.764221
-1.640121
-0.060194
-0.182145
0.000000
2.565619
1.537684
1.286251
-12.774334
-5.511856
4.460803
2.827674
-0.881977
-3.589900
-1.284441
0.111521
0.522220
1.508008
0.671729
-1.208326
-0.622605
-1.540606
-0.107061
-0.381897
0.000000
2.224585
1.356235
1.168164
-12.708129
-6.254890
4.092867
2.590801
-0.962144
-3.400625
-0.951154
0.201715
0.598722
1.438426
0.643015
-1.100114
-0.759978
-1.682639
-0.402228
-1.499664
0.000000
2.304428
1.325721
1.134742
0.565913
-10.254479
-5.290019
3.593754
-0.903780
-3.640053
-1.370565
0.208195
0.562060
1.558225
0.778135
-0.784211
-1.030735
-1.939769
-0.361315
0.770965
-2.609122
0.000000
2.111019
1.848132
1.112601
-9.666945
-5.657803
4.066022
-0.512373
-3.617172
-1.984404
-0.125252
0.261964
1.398224
0.843184
-0.905120
-0.668391
-1.566478
-0.291268
0.579128
-2.294985
0.000000
2.204208
2.037806
1.616100
-10.351669
-6.831866
3.365682
-0.619192
-2.823109
-1.160949
0.069569
0.345370
1.173473
0.713955
-1.206059
-0.908177
-1.885215
-0.697351
-1.486140
-2.823684
0.000000
2.035822
1.825073
1.374810
-10.642449
-6.462232
3.529093
-0.666400
-3.003969
-1.208568
0.089921
0.479866
1.371065
0.725082
-0.874114
-1.066279
-2.069579
-0.582661
1.253386
-2.649108
0.000000
2.547542
2.120198
1.335579
-9.971818
-5.682825
4.406836
-0.381102
-3.657290
-2.215617
-0.457257
0.101493
1.363356
0.816497
-0.788674
-0.664409
-1.296876
0.113468
2.640679
-1.474839
0.000000
2.462106
2.222672
1.752893
-10.570249
-7.948154
3.353255
-0.588997
-2.894535
-1.291293
-0.311116
0.117932
1.038887
0.607712
-1.178926
-1.140614
-1.543912
-0.963724
-1.589038
0.000000
2.147766
1.397334
1.218575
-12.687170
-8.104725
3.885441
2.477469
-0.268764
-2.009111
-0.499933
-0.070309
0.616098
1.333561
0.791250
-1.886962
-2.542389
-1.474413
1.506350
4.557631
0.000000
2.474632
1.455121
1.105736
-12.215469
-5.428593
4.556234
2.900294
-0.956804
-3.977972
-1.761026
-0.230399
0.372835
1.437296
1.068205
-0.584072
-0.771012
-1.794474
-0.091684
-0.825386
0.000000
2.570788
1.907655
1.727816
-12.320769
-5.534029
3.874052
2.579988
-0.440536
-2.998698
-1.319223
0.009630
0.295372
1.266730
0.597326
-1.151879
-0.961507
-1.620499
-1.614314
-2.124316
0.000000
2.051008
1.421341
1.349946
-11.143834
-6.600920
3.779557
2.140112
-0.789685
-1.950477
-0.089761
0.211685
0.813172
1.452466
0.252690
-1.460945
-1.598016
-1.775251
0.214480
0.257169
0.000000
3.008754
1.901263
1.477760
-12.208973
-5.191279
4.429214
2.630592
-0.955549
-3.626928
-1.066166
-0.009715
0.598023
1.534944
0.430796
-1.128458
-0.723750
-1.632882
-0.229782
-1.535719
0.000000
2.516931
1.725304
1.546270
-12.276133
-5.630811
4.082788
2.469827
-0.910344
-3.243678
-0.748706
0.222960
0.591759
1.430134
0.400718
-0.974075
-0.749413
-1.738407
-1.140203
-1.929958
0.000000
2.264517
1.500732
1.340759
-11.673075
-5.251718
4.403405
2.665570
-0.932367
-3.509803
-0.856175
0.133872
0.672195
1.642695
0.427043
-1.121462
-0.820396
-1.636453
-0.012686
-0.946197
0.000000
2.517623
1.643484
1.411533
-11.809118
-5.560206
4.204699
2.441952
-1.149435
-3.501484
-0.660874
0.214250
0.753367
1.590044
0.359903
-0.932203
-0.700322
-1.707781
-0.837121
-1.980262
0.000000
2.302181
1.510861
1.218173
-11.630503
-5.115504
4.631420
2.883441
-1.033404
-3.678548
-1.061969
0.098560
0.638916
1.680300
0.454232
-1.085018
-0.750431
-1.449398
0.168892
-0.346579
0.000000
2.414237
1.595987
1.364995
-12.164293
-6.277384
3.950334
2.374719
-1.351226
-3.306586
-0.410897
0.188452
0.843164
1.593524
0.266798
-0.925661
-0.842647
-1.686452
-1.029214
-2.230894
0.000000
2.295585
1.493986
1.179394
-11.754674
-5.165475
4.783731
2.992189
-1.118847
-3.796883
-1.103545
0.020356
0.660169
1.757044
0.399093
-0.965354
-0.990874
-1.363005
0.432712
-0.069676
0.000000
2.443562
1.639941
1.391948
-12.288430
-6.466731
4.013604
2.481895
-1.448813
-3.353234
-0.499503
0.119712
0.779465
1.559982
0.239981
-0.965779
-0.903594
-1.608547
-1.147569
-2.211353
0.000000
2.172243
1.417425
1.204776
-11.661998
-5.452417
4.615355
2.866646
-1.257760
-3.628598
-0.950260
0.028995
0.763472
1.794578
0.310186
-0.838280
-1.167942
-1.491272
0.358310
-0.802345
0.000000
2.551796
1.695624
1.415560
-12.216521
-5.602962
4.462782
2.707054
-1.412054
-3.628041
-0.881672
-0.000419
0.686663
1.638287
0.290373
-1.065161
-0.712861
-1.368235
-0.694570
-1.908443
0.000000
2.192492
1.502211
1.326123
-11.617031
-6.420438
4.155512
2.604634
-1.430424
-3.262918
-0.541206
0.055736
0.887988
1.735969
0.210315
-0.931091
-1.181491
-1.588526
0.062789
-1.644000
0.000000
2.608879
1.746897
1.371959
-12.070428
-5.398673
4.732023
2.887815
-1.471110
-3.677532
-1.031552
-0.149019
0.713565
1.796465
0.290035
-1.056772
-0.912637
-1.228279
0.281590
-0.943136
0.000000
2.396396
1.684264
1.454615
-12.059052
-6.839654
3.954591
2.440659
-1.630667
-3.061303
0.000000
-6.272055
-10.458927
-10.529503
-10.572915
-10.567963
-10.461754
-12.522739
-12.439687
-12.404252
-9.912902
-9.444183
-9.226794
-8.907585
-8.917676
-6.324091
2.583166
1.165442
0.093768
-1.569900
-1.460750
-0.740948
-0.310953
0.311866
0.344637
-0.731910
0.276883
0.330442
0.036369
-0.140081
0.934000
0.223466
2.028089
0.000000
5.818079
4.746575
3.957847
-10.770932
-7.983344
5.463109
2.527695
1.127021
0.490321
0.345662
-0.604338
-0.984035
-0.307513
-0.905125
-0.013136
0.386411
1.290581
1.874055
1.562562
0.000000
5.003055
3.896664
2.963748
-11.312018
-6.572558
6.308079
2.706747
-0.801769
-1.565814
-1.467075
-0.560387
1.014981
1.069993
-0.346246
-1.677737
-1.323844
-0.680101
0.529421
-1.822532
0.000000
4.845629
3.851820
2.720609
-13.057292
-8.969884
5.353702
2.480348
-0.889442
-2.235461
-1.665825
-0.627975
0.758580
1.612230
-1.058664
-0.683426
-1.079521
-0.776299
-1.594290
-2.994138
0.000000
2.385811
1.756343
1.410626
-12.912561
-10.524078
1.814337
0.743624
-2.122194
-0.942081
-0.238847
0.889471
1.475183
1.547351
-1.639780
-1.194582
-1.642730
-0.518472
0.546565
-0.790299
0.000000
2.430211
1.642096
0.804252
-12.550794
-7.246743
5.596852
1.637301
-2.835449
-2.026240
-1.162090
0.063845
1.435745
1.867837
-1.273278
-0.535959
-1.327322
-0.229495
1.826933
-0.046989
0.000000
2.297153
1.662595
1.146186
-13.494421
-7.856813
5.867416
1.747162
-2.644449
-2.221900
-1.115256
-0.018396
1.154786
1.822733
-1.182025
-0.237089
-1.178753
-0.535104
0.446850
-1.446382
0.000000
2.175064
1.617482
1.112791
-12.270548
-7.687953
5.154047
1.550688
-2.403548
-1.740811
-0.882508
0.177864
1.330183
1.806033
-1.278950
-0.627319
-1.184508
-0.593980
0.874130
-1.119597
0.000000
2.337056
1.734710
1.325093
-11.963052
-8.149330
4.218818
1.325545
-2.453683
-1.453623
-0.631446
0.415179
1.410981
1.797235
-1.239848
-0.520107
-1.372167
-0.654694
0.683478
-0.578086
0.000000
2.454191
1.758186
1.333008
-12.320538
-7.583444
4.949695
1.575500
-2.478007
-1.586193
-0.853242
0.292055
1.377786
1.768991
-1.227190
-0.615006
-1.336155
-0.577095
0.929496
-0.597669
0.000000
2.579957
1.906482
1.464141
-12.570932
-7.861149
4.457604
1.428772
-2.449547
-1.578426
-0.787412
0.250533
1.293628
1.738116
-1.237301
-0.531430
-1.327082
-0.622116
0.814050
-1.020553
0.000000
2.537549
1.886571
1.458525
-12.238219
-7.438838
4.477889
1.436489
-2.377355
-1.582330
-0.810559
0.235989
1.297259
1.716542
-1.277930
-0.648518
-1.304733
-0.636161
0.808983
-1.071436
0.000000
2.578846
1.934279
1.543135
-12.265133
-7.727350
4.011674
1.294593
-2.355599
-1.475709
-0.703205
0.305441
1.284666
1.704153
-1.295636
-0.609295
-1.348991
-0.671773
0.683565
-1.033983
0.000000
2.607199
1.946387
1.558922
-11.989152
-7.551549
3.835224
1.259658
-2.365776
-1.439211
-0.683700
0.349145
1.310800
1.696748
-1.336727
-0.662347
-1.363614
-0.663864
0.703872
-0.904931
0.000000
2.621293
1.958100
1.578804
-11.859888
-7.374845
3.701828
1.226936
-2.375038
-1.415796
-0.663903
0.366777
1.298915
1.684723
-1.313590
-0.667957
-1.371675
-0.664737
0.644296
-0.978817
0.000000
2.639052
1.974409
1.599877
-11.970662
-7.155419
3.445347
1.157781
-2.363822
-1.385434
-0.630836
0.375619
1.290783
1.663395
-1.370072
-0.712485
-1.384739
-0.694799
0.608069
-1.104993
0.000000
2.623998
1.956181
1.596009
-11.867439
-7.409197
3.118939
1.050707
-2.379468
-1.337237
-0.563685
0.410449
1.282187
1.643841
-1.401389
-0.706723
-1.412367
-0.704772
0.509866
-1.143279
0.000000
2.639084
1.958873
1.629727
-11.656413
-7.221511
2.905807
1.020165
-2.358028
-1.255761
-0.508985
0.454680
1.285318
1.617029
-1.464199
-0.752338
-1.432431
-0.751152
0.405827
-1.229944
0.000000
2.696902
2.026100
1.708674
-11.237358
-7.035893
2.810625
1.002826
-2.308999
-1.146157
-0.409749
0.531796
1.294709
1.581892
-1.393862
-0.791382
-1.510804
-0.843367
0.228030
-1.326356
0.000000
2.735581
2.052738
1.735611
-11.247095
-7.125665
2.782794
0.994598
-2.291434
-1.112300
-0.375569
0.592245
1.317375
1.568052
-1.500744
-0.874225
-1.511044
-0.854439
0.190688
-1.313594
0.000000
2.762093
2.071780
1.742164
-11.180960
-7.217234
2.651550
0.980219
-2.300770
-1.060916
-0.308639
0.632972
1.332046
1.556233
-1.397979
-0.874750
-1.606466
-0.931096
0.126695
-1.417480
0.000000
2.744414
2.050462
1.687189
-11.132806
-6.822839
2.727672
1.011099
-2.325567
-1.116029
-0.342018
0.574123
1.320409
1.574499
-1.582314
-0.852417
-1.542225
-0.875065
0.204480
-1.408834
0.000000
2.748917
2.057986
1.683694
-11.228165
-6.899595
2.670868
1.036609
-2.321665
-1.143636
-0.365161
0.527793
1.296183
1.577474
-1.601664
-0.843352
-1.515647
-0.887476
0.205857
-1.497598
0.000000
2.756754
2.082539
1.721734
-11.094324
-6.854860
2.628553
1.007719
-2.321548
-1.122711
-0.314424
0.570038
1.313949
1.578655
-1.569527
-0.883616
-1.538103
-0.899523
0.187481
-1.487903
0.000000
2.706522
2.030956
1.675228
-10.998472
-6.847588
2.631379
1.008501
-2.363728
-1.134859
-0.322886
0.595762
1.341132
1.602218
-1.562147
-0.884387
-1.538853
-0.890162
0.207303
-1.397431
0.000000
2.682174
1.998540
1.617110
-11.097679
-6.850954
2.666350
1.035338
-2.387111
-1.180350
-0.343174
0.552286
1.327947
1.616027
-1.522810
-0.857519
-1.528698
-0.866931
0.296895
-1.398930
0.000000
2.654891
1.972682
1.581852
-11.261917
-6.954736
2.736864
1.071914
-2.398060
-1.256375
-0.394490
0.484469
1.297861
1.630160
-1.499900
-0.833188
-1.489895
-0.842580
0.319351
-1.460594
0.000000
2.606861
1.929387
1.565895
-11.274559
-6.793210
2.646441
1.057711
-2.393539
-1.229811
-0.362940
0.512310
1.304723
1.621935
-1.535368
-0.872355
-1.500125
-0.856170
0.291696
-1.501179
0.000000
2.643229
1.970596
1.598775
-11.229992
-6.831848
2.610901
1.049530
-2.400130
-1.205910
-0.322130
0.553286
1.330100
1.627543
-1.512848
-0.909349
-1.512680
-0.889898
0.265660
-1.500753
0.000000
2.593149
1.917811
1.546177
-11.292209
-6.944320
2.644336
1.059413
-2.436549
-1.237948
-0.341123
0.560581
1.341393
1.644169
-1.492090
-0.888969
-1.520759
-0.847854
0.288237
-1.427742
0.000000
2.581373
1.903238
1.510867
-11.273549
-7.017186
2.625168
1.087482
-2.447798
-1.268442
-0.344545
0.531643
1.332908
1.649480
-1.475794
-0.868717
-1.528381
-0.826922
0.347494
-1.443472
0.000000
2.565771
1.893842
1.496875
-11.113352
-7.008926
2.647760
1.115638
-2.443379
-1.315508
-0.359705
0.510915
1.327683
1.663725
-1.469970
-0.888014
-1.513624
-0.814766
0.334057
-1.509297
0.000000
2.506085
1.835925
1.461272
-11.087364
-7.029284
2.541624
1.102195
-2.472501
-1.281721
-0.304081
0.559358
1.356009
1.666112
-1.479307
-0.934588
-1.552974
-0.818245
0.343137
-1.524390
0.000000
2.498197
1.834407
1.443280
-11.054543
-6.872972
2.550910
1.118188
-2.497624
-1.311648
-0.290144
0.570819
1.370168
1.678495
-1.447090
-0.922193
-1.595949
-0.799477
0.365236
-1.507895
0.000000
2.421558
1.756053
1.370643
-11.172738
-6.923307
2.544085
1.155575
-2.545537
-1.373952
-0.310088
0.574214
1.384194
1.699674
-1.442923
-0.893249
-1.605417
-0.761877
0.367810
-1.526038
0.000000
2.376289
1.715527
1.323295
-11.031334
-7.006988
2.448468
1.181221
-2.571366
-1.399986
-0.271802
0.587223
1.400721
1.699405
-1.435112
-0.931936
-1.650491
-0.760546
0.371647
-1.635626
0.000000
2.320588
1.661730
1.274932
-10.964287
-6.868629
2.429334
1.211194
-2.609057
-1.427083
-0.249723
0.601803
1.417673
1.710901
-1.412720
-0.928826
-1.692847
-0.732074
0.350573
-1.681623
0.000000
2.237175
1.575468
1.180257
-11.051203
-6.653237
2.393952
1.155721
-2.644906
-1.399340
-0.212922
0.632442
1.454669
1.733322
-1.405388
-0.940861
-1.718707
-0.719696
0.413895
-1.685348
0.000000
2.186143
1.540736
1.136458
-11.047407
-6.617237
2.373300
1.176331
-2.693454
-1.407790
-0.181092
0.662190
1.484592
1.752149
-1.364543
-0.965939
-1.766529
-0.664172
0.494339
-1.625930
0.000000
2.065674
1.429796
1.051687
-11.128535
-6.712121
2.342571
1.188442
-2.771564
-1.456277
-0.156386
0.702968
1.516130
1.781168
-1.426924
-0.855382
-1.811514
-0.611327
0.447629
-1.638481
0.000000
2.021463
1.387491
0.928457
-10.874669
-6.247956
2.374265
1.219420
-2.785110
-1.502064
-0.141961
0.706875
1.490786
1.791590
-1.364923
-0.887479
-1.795804
-0.606139
0.531628
-1.599474
0.000000
1.922532
1.310553
0.932372
-10.965285
-6.454014
2.307790
1.102612
-2.822850
-1.424195
-0.063642
0.752767
1.509121
1.779181
-1.317132
-0.889842
-1.861068
-0.602992
-0.637183
-1.769391
0.000000
1.870219
1.204015
0.822360
-10.894036
-6.048016
3.456031
1.452714
-2.821636
-1.724578
0.007037
0.495699
1.532599
1.998990
-0.531125
-0.833216
-2.033607
-1.013108
0.251670
-1.825794
0.000000
2.234730
1.696742
0.988805
-10.680216
-4.965319
3.733069
1.901120
-2.367075
-2.420936
-0.780850
0.002120
1.175561
1.901766
-0.744207
-0.983253
-1.118321
-0.995869
-1.070410
-2.335877
0.000000
2.577975
2.067486
1.807165
-10.899850
-7.349451
3.221865
1.087710
-2.174855
-1.188090
-0.011513
0.456999
1.301196
1.738360
0.069239
-1.216367
-1.814849
-1.281588
-0.062767
-1.642932
0.000000
2.716746
2.029679
1.636042
-11.006000
-6.855253
3.553108
1.510537
-2.291600
-1.433775
-0.305441
0.394310
1.432190
1.907079
-0.388356
-1.119310
-1.677306
-1.055858
0.611426
-0.212385
0.000000
3.003779
2.205818
1.643040
-11.965322
-6.597801
3.699826
1.946218
-2.356769
-2.062174
-0.812881
-0.032561
1.131213
1.880731
-0.221994
-0.583171
-1.358141
-1.042135
0.562089
-0.896792
0.000000
2.870934
2.181530
1.683827
-12.075079
-6.479281
3.688069
1.755830
-2.155343
-1.917170
-0.798476
-0.054882
1.065454
1.798236
-0.064917
-1.046101
-1.233064
-0.920258
0.510685
-1.297990
0.000000
2.719913
2.041675
1.696812
-11.936128
-7.766021
3.265059
1.291333
-2.105686
-1.219521
-0.190996
0.483345
1.347807
1.772205
0.137465
-1.250223
-1.894579
-1.192957
0.244286
-1.004520
0.000000
2.926260
2.140455
1.645978
-11.784952
-6.647946
3.647011
1.696736
-2.226730
-1.756413
-0.600589
0.163871
1.245168
1.869032
-0.181484
-0.926945
-1.553653
-1.078810
0.592796
-0.462762
0.000000
3.026290
2.260818
1.721208
-12.303841
-6.576418
3.674206
1.848538
-2.139772
-1.979462
-0.799267
-0.039736
1.058723
1.812915
0.020696
-0.852510
-1.351453
-1.028965
0.502581
-1.121027
0.000000
2.825103
2.125599
1.742520
-12.004786
-7.040009
3.497163
1.458072
-2.099766
-1.635244
-0.438692
0.229373
1.185064
1.792976
0.232758
-1.085177
-1.645895
-1.163489
0.264835
-1.207008
0.000000
2.773514
2.030564
1.654884
-11.691422
-6.804688
3.437407
1.383285
-2.177847
-1.410943
-0.309424
0.367938
1.332656
1.848151
0.043604
-1.246135
-1.759569
-1.180677
0.379687
-0.897335
0.000000
2.955042
2.193903
1.648763
-11.815346
-6.312671
3.591593
1.658873
-2.113688
-1.887892
-0.624533
0.109964
1.170239
1.863994
-0.049325
-0.971964
-1.537028
-1.102450
0.446564
-1.134812
0.000000
2.808960
2.082827
1.685277
-11.972397
-6.791463
3.394560
1.360941
-2.134255
-1.664953
-0.379927
0.260698
1.215661
1.825063
0.149789
-1.122918
-1.632657
-1.238819
0.234128
-1.329058
0.000000
2.815334
2.094369
1.589714
-11.540414
-6.362099
3.564306
1.477937
-2.063537
-1.752748
-0.433770
0.246500
1.239668
1.887638
0.006171
-1.105199
-1.713950
-1.112211
0.497371
-0.933933
0.000000
2.754291
2.005915
1.545179
-11.877888
-6.588917
3.453404
1.460715
-2.144226
-1.802865
-0.434350
0.252907
1.231127
1.877983
0.014252
-1.120633
-1.709256
-1.142949
0.406591
-1.239601
0.000000
2.689448
1.948550
1.478777
-11.789395
-6.479302
3.518874
1.435864
-2.101088
-1.830968
-0.420527
0.254247
1.220825
1.891065
-0.094227
-1.085713
-1.758578
-1.146133
0.505430
-1.079273
0.000000
2.667176
1.930834
1.447191
-11.693611
-6.525604
3.481139
1.414329
-2.095765
-1.858898
-0.407007
0.267133
1.208806
1.882544
-0.025694
-1.118060
-1.754543
-1.164187
0.488338
-1.178721
0.000000
2.625400
1.903242
1.409493
-11.585352
-6.513339
3.487839
1.404741
-2.060584
-1.881325
-0.390854
0.280116
1.216856
1.890765
-0.016746
-1.059307
-1.800626
-1.194798
0.474230
-1.140363
0.000000
2.616158
1.898361
1.434055
-11.533018
-5.994792
3.495901
1.390920
-2.005683
-1.915176
-0.410181
0.274539
1.196729
1.885978
-0.029726
-1.137424
-1.794158
-1.171601
0.519012
-1.136347
0.000000
2.575252
1.856591
1.351176
-11.478509
-6.147800
3.421098
1.305945
-2.016660
-1.741281
-0.297803
0.354559
1.258237
1.897321
-0.048468
-1.315845
-1.839851
-1.160967
0.567005
-1.045470
0.000000
2.483033
1.747161
1.255562
-11.444033
-6.369046
3.322692
1.175754
-2.103549
-1.635076
-0.195826
0.413752
1.326446
1.918305
-0.191361
-1.330692
-1.973368
-1.204807
0.584134
-0.925203
0.000000
2.499485
1.767821
1.334474
-11.364851
-6.053034
3.288408
1.164730
-2.073006
-1.700181
-0.196468
0.416484
1.313962
1.916207
-0.239557
-1.363198
-1.980666
-1.197666
0.592143
-1.070200
0.000000
2.422179
1.716342
1.269757
-11.297376
-6.247992
3.286495
1.110128
-2.060990
-1.680543
-0.136281
0.457826
1.349293
1.918120
-0.183912
-1.327277
-2.021236
-1.254710
0.545602
-1.044304
0.000000
2.420441
1.716186
1.280666
-11.375941
-5.736104
3.298311
1.057918
-1.971683
-1.731548
-0.184358
0.423020
1.280940
1.910508
-0.247444
-1.243601
-1.561828
-1.451601
0.078977
-1.796668
0.000000
2.727743
1.986217
1.392529
-11.050311
-5.335364
4.456198
1.742925
-1.898057
-2.798424
-0.450429
-0.205423
1.055586
2.040209
0.580060
-0.725879
-1.489487
-1.676508
-0.229621
-1.984467
0.000000
3.205771
2.439889
1.840146
-11.841019
-5.660974
4.448381
1.902867
-1.595362
-2.752104
-0.730863
-0.363575
0.833954
1.832255
0.463557
-0.985639
-0.832616
-1.518194
-0.244518
-1.607727
0.000000
3.419286
2.626463
2.119391
-12.652042
-6.725008
4.428813
1.956462
-1.600864
-2.562424
-0.622219
-0.336009
0.883854
1.837370
0.492438
-0.874453
-0.999705
-1.529146
-0.023556
-0.559597
0.000000
3.604985
2.674868
2.103044
-13.234137
-6.423339
4.596871
2.141727
-1.624221
-2.702731
-0.900445
-0.499510
0.838128
1.848098
0.727449
-0.835799
-0.966708
-1.398914
0.118309
-0.260994
0.000000
3.728209
2.773365
2.234472
-13.572005
-6.916178
4.503682
2.139733
-1.562459
-2.662705
-0.858709
-0.482232
0.785960
1.775555
0.531397
-0.834370
-0.932808
-1.419593
0.075242
-0.221442
0.000000
3.776421
2.783096
2.239574
-13.567001
-6.955125
4.545189
2.134507
-1.525514
-2.660553
-0.860913
-0.489736
0.769305
1.765037
0.588987
-0.815569
-0.917795
-1.452029
0.047307
-0.292012
0.000000
3.831965
2.835622
2.251360
-13.196694
-6.494709
4.564608
2.122026
-1.436278
-2.675398
-0.888718
-0.526426
0.721652
1.728957
0.577680
-0.861027
-0.839159
-1.432917
0.017265
-0.253067
0.000000
3.851338
2.871923
2.347298
-13.497970
-6.845528
4.372848
1.975483
-1.441659
-2.551026
-0.701854
-0.415029
0.776880
1.710905
0.341381
-0.808979
-0.885226
-1.599774
-0.145786
-0.696733
0.000000
3.912108
2.913859
2.307336
-13.661829
-6.084623
4.532075
2.028213
-1.373176
-2.623527
-0.798120
-0.468080
0.739400
1.716721
0.665937
-0.879094
-0.886945
-1.546595
-0.061136
-0.384337
0.000000
3.921859
2.931035
2.383176
-13.266819
-6.510085
4.320823
1.890136
-1.361098
-2.534313
-0.654105
-0.390151
0.764039
1.676643
0.327631
-0.840812
-0.882075
-1.676552
-0.246067
-1.038076
0.000000
3.913302
2.920488
2.305387
-13.592671
-6.172800
4.483305
1.950563
-1.291100
-2.608712
-0.725687
-0.415352
0.722422
1.671339
0.607002
-0.927004
-0.899435
-1.607585
-0.118801
-0.578932
0.000000
3.872373
2.876427
2.344857
-13.423502
-6.402896
4.291813
1.847868
-1.295362
-2.533690
-0.597498
-0.354664
0.763740
1.658370
0.356694
-0.869368
-0.903812
-1.725207
-0.265203
-1.046937
0.000000
3.895185
2.895184
2.303447
-13.222843
-5.992514
4.358712
1.840210
-1.262617
-2.570111
-0.628431
-0.351575
0.750891
1.654683
0.451296
-0.941854
-0.926267
-1.711075
-0.213306
-0.879185
0.000000
3.900925
2.885328
2.353545
-13.200702
-6.072450
4.238043
1.782672
-1.273640
-2.525881
-0.494813
-0.290591
0.793393
1.651889
0.376772
-0.939416
-0.961491
-1.787956
-0.304038
-1.157007
0.000000
3.879858
2.872887
2.289891
-13.118662
-5.868095
4.275012
1.762516
-1.250750
-2.535368
-0.497173
-0.292587
0.781143
1.658435
0.492646
-0.967740
-0.993001
-1.782288
-0.279413
-1.145435
0.000000
3.860059
2.862386
2.303474
-12.645189
-5.970690
4.231030
1.734527
-1.269535
-2.514871
-0.455262
-0.266324
0.796772
1.658679
0.310967
-0.938428
-0.985118
-1.810295
-0.384355
-1.491881
0.000000
3.790180
2.824420
2.241101
-12.674300
-5.687450
4.308626
1.691745
-1.281123
-2.490657
-0.456233
-0.284323
0.788903
1.693297
0.597909
-0.863705
-1.063228
-1.809358
-0.363800
-1.508086
0.000000
3.794017
2.850090
2.247662
-12.922980
-5.686096
4.345105
1.683661
-1.298465
-2.499043
-0.496856
-0.309031
0.766880
1.691834
0.522601
-0.856720
-1.010983
-1.776932
-0.387288
-1.623269
0.000000
3.805180
2.886002
2.268548
-12.640425
-5.773618
4.416442
1.733813
-1.313518
-2.511301
-0.585981
-0.349628
0.749180
1.706779
0.653257
-0.740386
-1.019699
-1.736514
-0.357418
-1.543484
0.000000
3.859174
2.946129
2.302755
-12.799065
-6.046600
4.435344
1.731669
-1.326036
-2.473635
-0.624524
-0.389683
0.752828
1.695899
0.522835
-0.786991
-0.903257
-1.676501
-0.346727
-1.473055
0.000000
3.918424
3.004209
2.364981
-13.011274
-6.206076
4.500537
1.774866
-1.358811
-2.443029
-0.663788
-0.416096
0.779073
1.709336
0.517546
-0.761689
-0.879428
-1.616751
-0.280214
-1.140256
0.000000
3.981658
3.057493
2.379392
-13.192750
-6.179727
4.606417
1.859686
-1.346139
-2.468458
-0.811112
-0.502245
0.777198
1.710991
0.567082
-0.759430
-0.863222
-1.484048
-0.143078
-0.610022
0.000000
4.085131
3.166744
2.524873
-13.594966
-6.688961
4.610209
1.861899
-1.396042
-2.419511
-0.806082
-0.493709
0.809064
1.713869
0.408748
-0.680704
-0.953555
-1.471831
-0.097615
-0.373212
0.000000
4.090040
3.147875
2.518796
-13.674993
-6.633121
4.665460
1.864353
-1.456262
-2.384824
-0.839009
-0.496470
0.875258
1.739138
0.575786
-0.601408
-1.050698
-1.453061
-0.061577
-0.156742
0.000000
4.115920
3.173934
2.534617
-13.591105
-6.814178
4.685411
1.834884
-1.476633
-2.322708
-0.843179
-0.474683
0.910642
1.739755
0.407563
-0.589154
-1.115295
-1.407641
-0.050435
-0.064548
0.000000
4.098385
3.157894
2.562478
-13.565596
-7.231164
3.651918
1.133392
-1.431257
-1.518603
-0.605649
0.077062
1.002907
1.571469
0.506454
-0.927847
-1.587719
-1.358523
0.274315
-0.660746
0.000000
3.467205
2.603200
2.122889
-12.895788
-6.790698
3.703217
0.959179
-1.652760
-1.102296
-0.330128
0.285108
1.191383
1.707376
0.297894
-1.117836
-1.770481
-1.455603
0.408435
-0.275320
0.000000
3.534710
2.677691
2.009860
-12.773863
-5.942292
3.797804
1.261729
-1.626205
-1.703652
-0.747012
-0.048585
0.983907
1.706407
0.268061
-0.676691
-1.456992
-1.379588
0.287353
-0.903484
0.000000
3.452388
2.670281
2.059564
-12.691209
-6.098541
3.807884
1.117714
-1.601936
-1.555737
-0.609932
0.043602
1.024909
1.697131
0.321746
-0.834096
-1.441190
-1.385747
0.255384
-0.881552
0.000000
3.390191
2.612675
2.103974
-12.634789
-6.388273
3.785526
1.005911
-1.689975
-1.351258
-0.417527
0.194788
1.150518
1.751879
0.304192
-0.855613
-1.623238
-1.442913
0.291313
-0.516443
0.000000
3.485560
2.669448
2.074985
-12.107197
-6.139000
3.761013
1.055986
-1.741078
-1.452338
-0.537699
0.133714
1.143427
1.755988
0.311820
-0.815915
-1.543708
-1.401177
0.208310
-0.644313
0.000000
3.491027
2.692474
2.091260
-12.259711
-6.402174
3.826371
1.084833
-1.716962
-1.427437
-0.573838
0.126770
1.132835
1.735542
0.333414
-0.571815
-2.102563
-1.541701
0.086040
-1.341770
0.000000
2.929961
2.186950
1.797683
-12.180419
-7.391251
3.274177
0.681872
-1.289527
-0.555266
-0.052387
0.541392
1.417570
1.490602
-0.636623
-1.784804
-1.893464
-1.403120
0.514094
0.268842
0.000000
3.421966
2.615736
1.899070
-12.216864
-6.473136
3.418394
