-0.078436
1.429886
2.003158
2.833204
3.976752
5.498130
6.246890
6.837960
6.834229
6.369480
5.847490
5.234404
4.625407
4.043571
3.600431
-13.939812
-12.845650
-9.954571
-8.704472
-7.897643
-7.201397
-6.617611
-6.872920
-6.799229
-4.397882
-1.579777
-0.477828
-1.975525
-7.032845
-11.861155
-7.761956
-4.249422
-1.070048
-2.957055
-0.664425
0.961949
1.697315
1.579310
2.013289
1.529480
2.085534
1.095456
-1.201993
1.949984
5.631247
7.853204
7.793292
6.073058
6.038871
5.489408
5.119631
3.215091
2.394663
4.262706
2.232272
2.315475
1.877264
2.511452
3.123519
3.932573
5.018526
6.435631
-4.791292
-7.374025
-9.042324
-12.276076
-12.699867
-13.141380
-8.167593
-1.976138
1.291342
-2.443140
-7.059906
-4.938636
5.171020
9.426517
8.298705
5.822830
4.486940
0.270081
2.486032
1.882362
2.401076
3.456214
5.920103
7.722493
8.967958
-16.739307
-17.013998
-11.293803
-12.405280
-11.111839
-11.713569
-5.985476
2.356436
4.688667
2.726858
-1.038573
0.060192
8.497261
12.984751
12.487592
10.705690
9.707365
-0.277674
4.007404
3.220006
3.253561
4.175234
7.878409
9.617275
11.462194
-18.621014
-19.569118
-18.291372
-13.819572
-11.211679
-12.027362
-5.795976
4.797636
6.002705
2.347261
-2.836566
-1.640061
5.069972
11.599868
13.985353
12.141644
11.435472
-0.386350
4.005931
3.618327
3.552891
4.460795
9.212069
11.282264
13.665204
-18.741268
-19.709679
-18.765806
-16.353565
-14.095635
-14.489105
-8.530295
2.206785
4.442124
1.573133
-3.667294
-2.834423
5.025643
13.116269
13.509843
11.779580
11.629818
-1.274559
3.494574
3.011922
2.978872
4.030007
9.010387
11.273049
13.837290
-18.339909
-19.716856
-18.806885
-16.191360
-14.321598
-14.504907
-8.622280
1.766502
4.237698
1.606638
-3.456352
-2.486125
5.567224
13.528139
13.927347
12.056223
11.788475
-0.736792
3.816527
3.296314
3.318892
4.197347
8.983067
11.296290
13.950627
-18.884668
-19.755699
-18.739849
-16.303127
-14.755057
-14.437419
-8.499160
1.396333
4.679449
2.164478
-3.054898
-2.466277
5.470018
13.655017
14.147941
12.340842
12.046181
-1.210827
3.585506
3.168327
3.246109
4.084017
8.868780
11.069450
13.652390
-18.759935
-19.699554
-18.734890
-15.993775
-14.122698
-14.194139
-8.348221
1.996216
4.925642
2.151240
-3.255112
-2.729520
5.046417
13.185339
14.161049
12.328630
11.879085
-0.503372
4.019931
3.535880
3.600970
4.404876
9.158229
11.403090
14.057590
-18.936157
-19.773977
-18.740541
-16.317366
-14.410497
-14.520650
-8.586523
1.840636
5.018019
2.347518
-3.210516
-2.813665
4.814135
12.993556
13.977425
12.152880
11.911045
-1.058428
3.754944
3.317276
3.338542
4.110020
8.800998
10.934921
13.460831
-19.149296
-19.693066
-18.659456
-15.790463
-13.658919
-14.121012
-8.189209
2.646219
5.489337
2.607167
-3.119292
-2.803257
4.477025
12.412890
13.735203
11.952347
11.812735
-0.953127
3.875085
3.452929
3.427543
4.201020
9.000175
11.099284
13.585464
-19.095768
-19.672655
-18.674490
-15.905073
-13.524161
-14.280256
-8.368716
2.751741
5.397061
2.503072
-3.258245
-2.820833
4.089763
11.739166
13.398940
11.626249
11.553421
-0.822127
3.812081
3.408053
3.377306
4.163782
8.940083
11.075280
13.569021
-19.305662
-19.683033
-18.659636
-15.816692
-13.502427
-14.335825
-8.446792
2.548243
5.356631
2.651508
-3.196618
-3.072169
3.892556
11.508647
13.653740
11.839855
11.621041
-0.991813
3.691906
3.403525
3.409975
4.166217
9.448093
11.770871
14.038488
-19.211283
-19.672119
-18.709459
-15.937403
-13.558204
-14.426702
-8.718435
2.064629
4.996316
2.365922
-3.522684
-3.478325
3.536656
11.378654
13.980038
12.125054
11.524880
-0.801920
3.894697
3.475474
3.506700
4.356016
9.520422
11.773784
14.219246
-19.490614
-19.719343
-18.678692
-15.904954
-13.716854
-14.390448
-8.624846
2.115977
5.359435
2.732634
-3.209192
-3.174746
3.842712
11.486418
13.950600
12.123702
11.779251
-0.856642
3.636121
3.321437
3.373540
4.196223
9.228944
11.480161
13.710436
-19.589369
-19.660061
-18.623892
-15.626501
-13.226806
-14.049396
-8.300768
2.774540
5.889484
2.972717
-3.104565
-2.874605
3.644312
10.838519
13.539801
11.892179
11.911007
-0.745393
3.584711
3.292632
3.286477
4.205203
9.178128
11.334042
13.526653
-19.678429
-19.613947
-18.609217
-15.514414
-12.982565
-14.102563
-8.281544
3.084792
5.857270
3.013950
-3.055962
-2.999787
3.226802
10.325979
13.489717
11.691532
11.605006
-0.663085
3.094978
2.830651
2.895564
4.048419
9.119150
11.200083
13.428462
-20.002247
-19.600050
-18.549660
-15.220994
-12.784410
-13.882805
-8.291865
2.807405
6.027201
3.275364
-2.839373
-2.649565
3.399287
10.269406
13.263625
11.637829
11.709602
-0.671823
3.132648
2.960363
2.985795
4.160945
8.953382
10.979118
13.038327
-20.057848
-19.535616
-18.517603
-15.183193
-12.591743
-13.849073
-8.115594
3.424520
6.210812
3.303391
-2.872197
-2.914005
2.910930
9.698750
13.430161
11.674310
11.614117
-0.465508
2.808788
2.705350
2.784979
4.140293
8.918816
10.951022
13.009623
-20.058216
-19.558159
-18.480009
-15.053248
-12.506970
-13.749164
-8.221539
3.096595
6.411701
3.645173
-2.624820
-2.615541
3.086741
9.689994
13.187680
11.567765
11.564464
-0.134931
3.223580
3.127502
2.904662
4.240575
8.472160
10.537418
12.734440
-20.058064
-19.475655
-18.412180
-15.273845
-12.737756
-14.064679
-8.607577
3.048464
6.203120
3.084189
-3.089159
-2.916504
2.933689
9.662332
13.469905
12.211492
11.161790
0.066262
3.511870
3.272468
3.148223
4.466087
9.220762
11.292507
13.270511
-20.058355
-19.580748
-18.506386
-15.366315
-12.664851
-13.949268
-8.354679
3.426799
6.768213
3.684630
-2.598582
-2.648321
2.952621
9.467663
13.377025
11.697077
11.560169
0.079202
2.895664
2.859776
2.817030
4.188628
8.303701
10.346292
13.002212
-20.058537
-19.453190
-18.375639
-15.126196
-12.693130
-13.969911
-8.730323
2.744605
6.348513
3.450242
-2.920952
-2.972179
2.891382
9.646599
13.453913
12.416118
11.251149
0.348982
3.190627
3.054581
3.039863
4.457879
8.945120
10.973352
12.970437
-20.058332
-19.560808
-18.469521
-15.166181
-12.559938
-13.880135
-8.486805
3.275487
6.930658
3.929813
-2.496952
-2.688054
2.902051
9.397950
13.291477
12.089438
11.504662
0.108306
2.851532
2.802361
2.827142
4.277544
8.290643
10.407406
13.033004
-20.058617
-19.454535
-18.387270
-15.035667
-12.568501
-13.870036
-8.729626
2.830172
6.611820
3.711283
-2.768677
-3.004446
2.816437
9.550070
13.407549
12.475934
11.287962
0.065136
3.021274
2.927635
2.951150
4.366884
8.713140
10.797111
12.991211
-20.058142
-19.755972
-18.502560
-16.413193
-13.468382
-14.791777
-9.251281
2.857670
6.877530
4.003033
-2.367113
-2.947001
2.720107
9.043000
13.032446
12.007048
11.274711
0.201947
2.702896
2.720647
2.844889
4.181046
8.158320
10.290522
12.979475
-20.058632
-19.708431
-18.423307
-16.375364
-13.610570
-14.867379
-9.633533
1.908399
6.219171
3.755828
-2.699668
-3.613108
2.599052
9.601423
13.437152
12.450178
11.086401
0.036784
2.890930
2.826274
2.917543
4.269705
8.589653
10.685555
13.189524
-20.058243
-19.700109
-18.476852
-16.310749
-13.382490
-14.667183
-9.364065
2.508828
6.698347
3.957334
-2.399935
-3.021006
2.745388
9.055587
12.989578
12.038197
11.181997
0.162810
2.647153
2.654656
2.755989
4.169784
8.213129
10.263565
12.909120
-20.058563
-19.723394
-18.432510
-16.256224
-13.507945
-14.817101
-9.671161
1.847910
6.362734
3.969579
-2.557924
-3.620574
2.579749
9.599727
13.466005
12.475391
11.197383
-0.083091
2.665370
2.597466
2.778726
4.121564
8.336797
10.448862
12.914370
-20.058189
-19.686489
-18.463835
-16.037111
-13.154656
-14.483507
-9.334948
2.414125
6.806745
4.195186
-2.243349
-3.018902
2.727980
9.024677
12.972979
12.146238
11.244942
0.115426
2.529313
2.563730
2.728337
4.216598
8.064310
10.133416
12.850657
-20.058899
-19.704508
-18.434946
-16.145233
-13.400362
-14.733793
-9.702796
1.756478
6.475972
4.145706
-2.391133
-3.441563
2.636239
9.433064
13.368394
12.382380
11.332425
-0.087905
2.447174
3.279867
3.118621
4.290727
8.131781
-0.092398
0.470720
2.083113
2.456618
3.349372
4.410521
5.915177
6.618384
7.253652
7.549056
7.082721
6.609655
6.024469
5.383408
-15.201684
-9.615120
0.171278
-1.267503
-7.236648
-8.908140
-6.936923
-2.868265
3.001481
5.422293
6.808931
3.354288
-5.539534
-3.751231
-2.926589
-1.366899
1.028400
3.439967
4.788116
4.929343
4.404046
3.897618
6.016121
8.689758
10.611950
12.180157
-4.732417
-10.829011
-9.882315
-13.228245
-12.982010
-11.357547
-7.581924
-4.979992
-1.629017
-1.602751
-3.765644
-3.056841
8.291752
14.041615
9.994015
7.273190
5.939106
4.957441
3.293423
1.418633
1.060166
1.544028
3.771218
6.269423
7.153036
-15.353045
-19.693888
-14.046808
-11.303775
-9.686700
-12.263147
-9.472687
-1.700318
3.261111
3.871604
0.250100
-2.248759
4.000397
10.931783
11.971714
11.727324
10.338084
-0.254879
2.204962
3.877701
3.358695
4.144260
6.796859
10.171240
11.887479
-15.509046
-20.059217
-19.283400
-16.037415
-12.674471
-13.931004
-10.349171
-0.795428
6.272418
5.696685
0.177958
-2.708850
2.008522
9.584639
14.397741
12.553031
11.359534
10.697618
-0.401778
2.229262
1.732888
2.431388
5.106532
8.821159
10.626111
-18.426010
-20.058714
-19.055399
-15.673763
-11.931498
-13.459605
-10.521756
-1.846370
5.348586
4.953876
-0.442306
-3.787123
0.932342
9.014765
13.829881
13.504149
12.091303
-1.259139
1.756197
3.716499
3.103701
3.909053
7.003491
10.857970
12.914960
-18.396641
-20.058737
-19.275602
-17.695267
-13.948720
-14.905354
-11.467729
-2.281466
5.358734
5.202817
-0.614638
-4.089030
0.652844
8.742942
14.001381
12.864591
12.081889
-3.357677
0.963216
3.132349
2.537568
3.324055
6.169980
9.958543
12.464026
-19.096525
-20.058573
-19.043438
-16.582369
-13.006064
-14.376842
-11.180637
-2.060979
5.597492
5.287922
-0.421636
-4.019987
0.715785
8.278596
13.414474
13.447078
12.144884
-1.005032
1.403658
3.479863
2.876239
3.717386
6.686399
10.466697
13.146170
-19.302292
-20.058573
-19.071711
-16.842598
-13.284163
-14.462548
-11.259430
-2.169186
5.618289
5.517933
-0.339749
-4.201925
0.539669
7.907835
13.101764
13.370768
12.031610
-0.979529
1.358058
3.491587
2.915950
3.726185
6.532343
10.292171
12.861462
-19.768286
-20.058245
-18.970545
-16.644501
-13.184674
-14.462585
-11.318429
-2.035208
5.851496
5.572560
-0.328052
-4.270342
0.512879
7.633119
12.948977
13.403414
11.966952
-0.900169
1.353068
3.476567
2.887528
3.752617
6.457457
10.212017
12.641824
-19.973410
-20.058380
-18.913105
-16.403542
-13.193205
-14.618779
-11.443356
-2.234136
5.691411
5.649011
-0.203323
-4.242589
0.615070
7.688855
13.091855
13.325172
12.106796
-1.040853
1.238956
3.360131
2.777800
3.640724
6.596148
