-0.000004
-0.002152
-0.008814
-0.020063
-0.036086
-0.056204
-0.079432
-0.104784
-0.131079
-0.154522
-0.172242
-0.183339
-0.187874
-0.186870
-0.182226
-0.176790
-0.172407
-0.168194
-0.160597
-0.145837
-0.122311
-0.090143
-0.050143
-0.004805
0.040941
0.085565
0.133444
0.188349
0.253044
0.320814
0.389507
0.457608
0.000407
0.006449
0.011266
0.009035
0.002367
-0.005089
-0.010582
-0.018595
-0.030124
-0.039167
-0.045413
-0.048891
-0.047895
-0.041935
-0.031405
-0.016670
0.002190
0.023786
0.039042
0.054305
0.071536
0.089731
0.106519
0.125535
0.146600
0.168656
0.189557
0.206959
0.219087
0.228139
0.236990
0.240321
0.234001
0.218938
0.200509
0.178046
0.154428
0.131585
0.112311
0.099208
0.092316
0.090039
0.092199
0.090906
0.085300
0.083415
0.087428
0.093109
0.101339
0.115355
0.133726
0.151937
0.162074
0.162980
0.159957
0.155246
0.146087
0.128484
0.105278
0.083223
0.059242
0.035199
0.012725
-0.004025
-0.014925
-0.015294
-0.014076
-0.013399
-0.012797
-0.010123
-0.004159
0.004159
0.011687
0.017524
0.027730
0.043111
0.057400
0.059140
0.050711
0.038819
0.027002
0.014194
-0.001935
-0.019754
-0.035288
-0.050782
-0.067505
-0.083416
-0.092751
-0.095688
-0.093465
-0.088777
-0.083691
-0.078130
-0.067749
-0.052884
-0.037769
-0.027442
-0.019258
-0.007295
0.010247
0.026874
0.028877
0.019656
0.006820
-0.005897
-0.019052
-0.034298
-0.049301
-0.060608
-0.071338
-0.084273
-0.096733
-0.102374
-0.101276
-0.093205
-0.082989
-0.075160
-0.069629
-0.058512
-0.042277
-0.025251
-0.013307
-0.004367
0.008262
0.026831
0.044406
0.045403
0.034793
0.019566
0.004391
-0.011088
-0.028274
-0.044678
-0.056986
-0.068828
-0.082898
-0.096360
-0.102838
-0.102431
-0.094917
-0.084827
-0.075830
-0.068205
-0.055156
-0.037280
-0.018728
-0.005716
0.003991
0.018101
0.038451
0.058156
0.061949
0.053826
0.040358
0.026735
0.012220
-0.004516
-0.020854
-0.032956
-0.044529
-0.058287
-0.071181
-0.077769
-0.078975
-0.073411
-0.064941
-0.057386
-0.050910
-0.038919
-0.022294
-0.004987
0.007638
0.016622
0.029137
0.047761
0.065810
0.067787
0.058178
0.043517
0.028761
0.013279
-0.004282
-0.021451
-0.034539
-0.047000
-0.061567
-0.075339
-0.082594
-0.084037
-0.078840
-0.070564
-0.062537
-0.055046
-0.041992
-0.024342
-0.006319
0.005954
0.014619
0.027589
0.046788
0.065464
0.068267
0.059491
0.045753
0.031955
0.017046
-0.000297
-0.017580
-0.030833
-0.043356
-0.057914
-0.071714
-0.079327
-0.081602
-0.077109
-0.069355
-0.061497
-0.053763
-0.040628
-0.023319
-0.005728
0.006912
0.015699
0.027947
0.046297
0.064063
0.066842
0.058223
0.044977
0.031780
0.017289
0.000157
-0.017330
-0.031142
-0.044221
-0.059339
-0.073806
-0.082182
-0.085295
-0.081777
-0.074931
-0.067464
-0.059368
-0.045849
-0.028308
-0.010811
0.001496
0.009951
0.021671
0.039460
0.056627
0.058590
0.049287
0.035823
0.022551
0.008112
-0.008854
-0.026148
-0.039876
-0.052766
-0.067609
-0.081908
-0.089913
-0.092197
-0.089116
-0.083030
-0.075629
-0.067189
-0.053108
-0.034625
-0.015981
-0.003111
0.005457
0.017884
0.036446
0.054405
0.057208
0.048748
0.036090
0.023647
0.009790
-0.006776
-0.023905
-0.037570
-0.050404
-0.065130
-0.079300
-0.087350
-0.089895
-0.085558
-0.078051
-0.069320
-0.059654
-0.045398
-0.027527
-0.009456
0.003739
0.013042
0.025486
0.043739
0.061412
0.063728
0.053324
0.039643
0.025893
0.010991
-0.006302
-0.023717
-0.037477
-0.050283
-0.064853
-0.078715
-0.086525
-0.089124
-0.084038
-0.075500
-0.065400
-0.054583
-0.039251
-0.020058
-0.000908
0.012822
0.022254
0.035595
0.055320
0.074718
0.078362
0.069812
0.057424
0.044801
0.030450
0.013103
-0.004895
-0.019295
-0.032768
-0.048065
-0.062721
-0.072226
-0.077606
-0.075587
-0.069493
-0.060910
-0.050906
-0.036371
-0.018219
0.000411
0.014017
0.023462
0.036378
0.055208
0.073517
0.076902
0.068066
0.055846
0.043587
0.029684
0.012743
-0.005035
-0.019387
-0.032793
-0.048014
-0.062591
-0.072260
-0.078053
-0.078947
-0.076139
-0.069728
-0.061013
-0.047256
-0.029322
-0.011409
0.000893
0.009130
0.021298
0.039531
0.057180
0.060622
0.052000
0.040302
0.028704
0.015520
-0.000630
-0.017751
-0.031759
-0.044899
-0.059896
-0.074346
-0.083176
-0.087148
-0.085684
-0.080769
-0.072618
-0.062222
-0.047088
-0.028226
-0.009711
0.003283
0.013857
0.028733
0.048809
0.067893
0.072289
0.064877
0.054226
0.043497
0.030700
0.014471
-0.003058
-0.017501
-0.030952
-0.046176
-0.060979
-0.071410
-0.078358
-0.080354
-0.078633
-0.072846
-0.064000
-0.050025
-0.032230
-0.014527
-0.002400
0.006677
0.019732
0.038121
0.055365
0.059521
0.052090
0.041836
0.031715
0.019744
0.004432
-0.012381
-0.026426
-0.039636
-0.054761
-0.069411
-0.078962
-0.084091
-0.084046
-0.080504
-0.073209
-0.063180
-0.048408
-0.030057
-0.012132
0.000184
0.010766
0.025817
0.045727
0.064419
0.069674
0.063515
0.054392
0.045239
0.033731
0.018397
0.001174
-0.013325
-0.026878
-0.042238
-0.057307
-0.068340
-0.076112
-0.079219
-0.078524
-0.073323
-0.064727
-0.051039
-0.033791
-0.015993
-0.004000
0.003218
0.014959
0.032529
0.049462
0.055874
0.050713
0.042776
0.034795
0.024562
0.010379
-0.006083
-0.019982
-0.032955
-0.047974
-0.063052
-0.074353
-0.081181
-0.082657
-0.080444
-0.074238
-0.064936
-0.050544
-0.032199
-0.013209
0.000377
0.007993
0.021074
0.040247
0.058902
0.064271
0.058576
0.049984
0.041424
0.030667
0.015940
-0.001045
-0.015448
-0.028895
-0.044329
-0.059943
-0.072148
-0.080193
-0.083121
-0.082134
-0.076720
-0.068053
-0.054392
-0.037209
-0.019666
-0.007995
-0.000057
0.012910
0.031450
0.049206
0.056774
0.053014
0.046459
0.039943
0.031132
0.018083
0.002315
-0.011037
-0.023467
-0.037958
-0.052572
-0.063985
-0.071856
-0.075021
-0.074441
-0.069418
-0.061032
-0.047453
-0.029891
-0.011655
0.000845
0.008558
0.022161
0.041590
0.060372
0.066664
0.062022
0.054447
0.046915
0.037112
0.023074
0.006321
-0.008000
-0.021365
-0.036783
-0.052361
-0.064805
-0.073564
-0.077664
-0.077831
-0.073270
-0.065136
-0.051921
-0.035080
-0.017912
-0.006534
0.001278
0.014357
0.033135
0.051179
0.058913
0.055468
0.049165
0.042921
0.034465
0.021636
0.005836
-0.007642
-0.020218
-0.034924
-0.049719
-0.061371
-0.069618
-0.073389
-0.073420
-0.068876
-0.060841
-0.047575
-0.030340
-0.012382
0.000147
0.007817
0.021090
0.040304
0.058904
0.065428
0.061110
0.053837
0.045993
0.036109
0.021642
0.004647
-0.009603
-0.022727
-0.037905
-0.053396
-0.065653
-0.074067
-0.077915
-0.077852
-0.073203
-0.064866
-0.051364
-0.034170
-0.016597
-0.004826
0.003567
0.017325
0.036612
0.055095
0.063452
0.060600
0.054809
0.048425
0.039757
0.026236
0.009986
-0.003540
-0.015884
-0.030235
-0.044903
-0.056806
-0.065753
-0.069001
-0.067388
-0.061482
-0.052832
-0.039634
-0.022722
-0.005178
0.006663
0.014567
0.027839
0.046860
0.065272
0.072079
0.068140
0.061105
0.053415
0.043661
0.029164
0.011959
-0.002614
-0.016032
-0.031538
-0.047391
-0.060264
-0.069617
-0.074553
-0.075539
-0.071677
-0.063835
-0.050709
-0.033555
-0.015696
-0.003607
0.004847
0.018819
0.038396
0.057184
0.065793
0.063266
0.057703
0.051589
0.043204
0.029866
0.013601
-0.000026
-0.012506
-0.027030
-0.041864
-0.053952
-0.063192
-0.066947
-0.065916
-0.060515
-0.052280
-0.039498
-0.022907
-0.005698
0.005849
0.014213
0.028009
0.047461
0.066258
0.073656
0.070257
0.063641
0.056407
0.047155
0.033057
0.016028
0.001512
-0.011888
-0.027411
-0.043267
-0.056354
-0.066228
-0.071903
-0.073634
-0.070365
-0.062941
-0.050157
-0.033204
-0.015451
-0.003468
0.005085
0.019168
0.038847
0.057734
0.066620
0.064383
0.059018
0.053151
0.045154
0.032163
0.016073
0.002522
-0.009881
-0.024362
-0.039158
-0.051271
-0.060693
-0.065783
-0.066687
-0.062821
-0.055503
-0.043205
-0.026693
-0.009385
0.002224
0.010728
0.023217
0.041523
0.059540
0.067651
-0.000066
-0.002178
-0.007305
-0.016505
-0.029803
-0.047685
-0.069383
-0.093840
-0.120082
-0.148180
-0.174715
-0.195666
-0.209913
-0.217458
-0.218578
-0.218582
-0.217899
-0.211110
-0.195602
-0.171771
-0.139720
-0.104181
-0.065909
-0.024246
0.021207
0.067283
0.114584
0.162694
0.207589
0.241718
0.262584
0.268147
0.264402
0.261604
0.266361
0.279972
0.293111
0.295936
0.289629
0.275905
0.259488
0.239279
0.210928
0.176496
0.139406
0.101363
0.065978
0.032277
0.001840
-0.023242
-0.038378
-0.049022
-0.054107
-0.053910
-0.052221
-0.050108
-0.046326
-0.042979
-0.032618
-0.017305
0.003365
0.024332
0.038798
0.039633
0.035175
0.030269
0.026049
0.017566
0.003814
-0.011214
-0.025028
-0.039089
-0.048931
-0.057802
-0.062054
-0.061574
-0.058631
-0.052353
-0.042589
-0.033969
-0.023565
-0.011487
-0.000892
0.006505
0.017946
0.037604
0.058997
0.074261
0.073839
0.066512
0.057324
0.049446
0.036969
0.020156
0.003348
-0.010455
-0.027007
-0.044095
-0.058575
-0.067082
-0.071420
-0.071864
-0.069153
-0.065148
-0.059296
-0.047648
-0.033091
-0.020843
-0.009444
0.002418
0.020184
0.039142
0.052331
0.048608
0.039035
0.028362
0.019204
0.006613
-0.008497
-0.022450
-0.033054
-0.045917
-0.059436
-0.070367
-0.076173
-0.077840
-0.074712
-0.068970
-0.062284
-0.053061
-0.037790
-0.019576
-0.003761
0.003829
0.013794
0.031577
0.051345
0.064568
0.061403
0.052238
0.041958
0.033051
0.020163
0.004351
-0.010276
-0.021128
-0.034337
-0.048221
-0.059755
-0.067178
-0.071293
-0.070528
-0.066073
-0.059556
-0.050288
-0.035465
-0.018100
-0.003566
0.004796
0.014858
0.032145
0.051192
0.064443
0.061319
0.052681
0.043181
0.034662
0.022045
0.006185
-0.008759
-0.020037
-0.033713
-0.048146
-0.060398
-0.068549
-0.073093
-0.072683
-0.068157
-0.060510
-0.049641
-0.033674
-0.015435
-0.000302
0.007815
0.018467
0.036685
0.056726
0.070675
0.068345
0.060436
0.051612
0.043605
0.031204
0.015359
0.000311
-0.011048
-0.024658
-0.038900
-0.051222
-0.060376
-0.066532
-0.067650
-0.064009
-0.056460
-0.045495
-0.029769
-0.011924
0.002787
0.010744
0.020862
0.038393
0.057756
0.071654
0.069465
0.062047
0.053935
0.046359
0.034200
0.018216
0.002773
-0.008980
-0.023076
-0.037726
-0.050532
-0.060251
-0.066773
-0.068185
-0.064639
-0.057001
-0.045683
-0.029779
-0.011855
0.002938
0.010930
0.021278
0.039155
0.058869
0.073202
0.071672
0.064979
0.057724
0.050805
0.039096
0.023199
0.007602
-0.004246
-0.018493
-0.033248
-0.046240
-0.056551
-0.063834
-0.066020
-0.063088
-0.055996
-0.045159
-0.029762
-0.012277
0.002226
0.010498
0.021055
0.039089
0.058920
0.072739
