-0.000774
-0.001104
0.002375
0.007307
0.010040
0.010737
0.010158
0.008806
0.006081
0.002745
0.000547
-0.000532
-0.000966
-0.001136
-0.001124
0.002458
0.027758
0.069504
0.123802
0.192677
0.274309
0.366666
0.470272
0.586095
0.707285
0.825653
0.863000
0.862992
0.863000
0.863001
0.863000
0.853186
0.003953
0.082525
0.180404
0.263161
0.329844
0.381713
0.408896
0.411048
0.401837
0.369368
0.322248
0.280882
0.244816
0.212882
0.184859
0.160855
0.138077
0.121066
0.122213
0.144493
0.188678
0.242100
0.279511
0.287869
0.284975
0.274545
0.260918
0.247563
0.243424
0.245878
0.249060
0.257283
0.259516
0.263991
0.258948
0.255947
0.255985
0.254276
0.245370
0.230390
0.216447
0.218907
0.214138
0.207585
0.209000
0.220067
0.235469
0.233861
0.226249
0.211367
0.197530
0.181257
0.171124
0.166422
0.159406
0.154608
0.150886
0.137368
0.125460
0.102603
0.081198
0.061013
0.037497
0.014240
-0.007864
-0.007796
0.002023
-0.000031
-0.007141
-0.009999
-0.005862
0.004768
0.004319
-0.014687
-0.033437
-0.038924
-0.037273
-0.018118
0.001846
0.023177
0.047418
0.060912
0.068930
0.076483
0.074126
0.069360
0.063333
0.051581
0.040463
0.026481
0.015983
0.020557
0.018744
0.015962
0.017624
0.022897
0.029588
0.028850
0.011336
-0.009922
-0.020369
-0.024313
-0.009193
0.001276
0.013079
0.028619
0.032903
0.032867
0.032809
0.022917
0.010587
-0.003471
-0.023676
-0.041987
-0.061400
-0.068388
-0.062152
-0.061275
-0.059727
-0.053625
-0.044117
-0.031142
-0.024746
-0.040246
-0.062661
-0.074267
-0.077751
-0.059406
-0.047268
-0.032732
-0.014832
-0.008702
-0.007932
-0.008388
-0.019483
-0.033313
-0.049955
-0.073524
-0.094498
-0.116052
-0.120650
-0.110359
-0.105494
-0.100442
-0.091488
-0.077582
-0.058747
-0.050184
-0.064020
-0.086459
-0.098820
-0.102266
-0.084080
-0.070424
-0.054384
-0.036266
-0.027979
-0.025246
-0.023791
-0.033272
-0.045155
-0.059800
-0.082474
-0.104261
-0.125452
-0.128773
-0.117834
-0.110921
-0.103902
-0.094508
-0.079890
-0.057759
-0.044517
-0.058310
-0.081263
-0.092996
-0.096645
-0.078385
-0.064765
-0.048158
-0.029050
-0.020138
-0.016185
-0.012897
-0.019435
-0.027823
-0.038769
-0.057648
-0.075751
-0.094260
-0.098230
-0.087099
-0.080083
-0.072904
-0.063107
-0.048273
-0.028143
-0.020714
-0.034377
-0.057089
-0.070535
-0.076385
-0.060998
-0.050426
-0.037891
-0.023083
-0.016731
-0.015101
-0.013325
-0.020587
-0.028910
-0.038964
-0.056468
-0.073478
-0.090729
-0.093262
-0.081149
-0.073206
-0.064795
-0.054436
-0.038961
-0.016725
-0.005257
-0.018596
-0.041399
-0.054105
-0.059951
-0.045789
-0.035069
-0.022625
-0.008849
-0.001818
0.001063
0.004416
-0.000765
-0.006621
-0.013735
-0.028135
-0.042315
-0.057040
-0.060246
-0.048544
-0.040986
-0.033180
-0.023162
-0.008268
0.012317
0.021424
0.007575
-0.014969
-0.027784
-0.034645
-0.021517
-0.012396
-0.002243
0.009504
0.014917
0.017022
0.019883
0.014927
0.009558
0.003279
-0.009794
-0.022400
-0.036444
-0.043483
-0.032953
-0.024863
-0.017003
-0.005736
0.009887
0.028330
0.031950
0.018469
-0.003193
-0.016375
-0.023955
-0.012160
-0.004647
0.002948
0.011658
0.015398
0.015872
0.017220
0.011015
0.004843
-0.001837
-0.015049
-0.027818
-0.041900
-0.044600
-0.032018
-0.023630
-0.014545
-0.003206
0.012278
0.034706
0.044943
0.032056
0.009369
-0.004926
-0.013923
-0.002798
0.003322
0.006301
0.015485
0.018984
0.018895
0.019205
0.012057
0.004680
-0.003660
-0.018649
-0.032874
-0.048416
-0.049390
-0.035985
-0.025667
-0.013731
-0.000451
0.016922
0.037953
0.043985
0.031323
0.008141
-0.006836
-0.015782
-0.004820
-0.000134
0.001685
0.009359
0.012369
0.011356
0.010820
0.002737
-0.005161
-0.013614
-0.028846
-0.043421
-0.058109
-0.057137
-0.041831
-0.030802
-0.018702
-0.005185
0.012960
0.038788
0.050035
0.039175
0.017374
0.003194
-0.006226
0.004092
0.009871
0.012323
0.020413
0.024631
0.025693
0.027728
0.023121
0.019257
0.015264
0.004472
-0.006262
-0.017337
-0.020952
-0.007572
0.003135
0.011271
0.023620
0.041944
0.063405
0.066628
0.054563
0.034036
0.021646
0.013189
0.022917
0.029112
0.030962
0.037271
0.040687
0.041148
0.042507
0.037369
0.033069
0.029089
0.019314
0.010002
-0.001341
-0.005934
0.007159
0.018049
0.028811
0.041840
0.059107
0.079120
0.082892
0.072699
0.052116
0.039834
0.029602
0.036439
0.039593
0.038375
0.041516
0.043419
0.042559
0.042309
0.035810
0.030216
0.025014
0.013688
0.002302
-0.009108
-0.009840
0.005750
0.017085
0.025685
0.038424
0.057150
0.080320
0.084683
0.074653
0.055356
0.045043
0.036440
0.042521
0.048060
0.049098
0.053440
0.056947
0.058274
0.060401
0.056450
0.053540
0.051406
0.043878
0.036509
0.026918
0.024713
0.039137
0.049871
0.059186
0.071614
0.088832
0.108835
0.110897
0.102026
0.082564
0.070823
0.059843
0.063396
0.065114
0.061553
0.061146
0.061340
0.059618
0.058677
0.052165
0.047154
0.043326
0.034189
0.024805
0.014854
0.013946
0.030141
0.041586
0.049609
0.062167
0.080786
0.105686
0.108960
0.101117
0.083372
0.072389
0.062188
0.063099
0.067726
0.067171
0.068382
0.071013
0.070722
0.070508
0.065621
0.062353
0.060427
0.052869
0.046760
0.039073
0.037626
0.052980
0.064065
0.072522
0.085192
0.102938
0.123862
0.118867
0.111346
0.094019
0.082045
0.070013
0.072142
0.072190
0.067542
0.065685
0.064525
0.061896
0.060415
0.054335
0.050614
0.049147
0.042480
0.036523
0.029829
0.029552
0.045934
0.057537
0.065400
0.077840
0.096219
0.119823
0.120173
0.113742
0.097410
0.086583
0.075953
0.075689
0.079724
0.077337
0.075678
0.077240
0.076204
0.074547
0.068034
0.063216
0.059948
0.051129
0.043603
0.035423
0.034558
0.050633
0.062369
0.070714
0.083588
0.102000
0.123762
0.118203
0.112555
0.096787
0.085463
0.073497
0.074902
0.075674
0.071437
0.069326
0.068579
0.065945
0.063964
0.057693
0.054018
0.052781
0.046219
0.040209
0.033622
0.033151
0.049573
0.061444
0.069283
0.081816
0.100358
0.123275
0.122373
0.116417
0.100566
0.090023
0.079540
0.079964
0.084299
0.081726
0.079317
0.080498
0.079405
0.077397
0.070508
0.065423
0.062097
0.053179
0.045652
0.037445
0.035686
0.051467
0.063262
0.071542
0.084389
0.102844
0.124944
0.120893
0.115567
0.099891
0.088910
0.077152
0.078400
0.079625
0.075667
0.071119
0.070950
0.070094
0.069579
0.064200
0.061199
0.061085
0.056094
0.051166
0.045357
0.041633
0.057249
0.069425
0.077698
0.090297
0.108299
0.130243
0.127288
0.121772
0.106244
0.095423
0.084363
0.083535
0.086681
0.082450
0.075859
0.076881
0.076809
0.075327
0.067879
0.061699
0.057474
0.047967
0.039045
0.030404
0.028653
0.045365
0.057754
0.066635
0.079217
0.097777
0.121632
0.122985
0.117769
0.101198
0.089902
0.078374
0.079268
0.081726
0.079373
0.076292
0.077414
0.077730
0.077712
0.072039
0.067693
0.065527
0.057983
0.050652
0.042879
0.037755
0.052295
0.064581
0.072790
0.085515
0.103986
0.126319
0.122652
0.117688
0.102633
0.092157
0.081330
0.080566
0.083918
0.080010
0.073264
0.074584
0.074793
0.073301
0.065673
0.059446
0.055267
0.045702
0.036675
0.028005
0.026259
0.043192
0.055728
0.064615
0.077146
0.095794
0.119351
0.121553
0.117057
0.100772
0.089583
0.078000
0.078861
0.081685
0.079361
0.075656
0.076776
0.077393
0.077255
0.071185
0.066474
0.063931
0.055867
0.047972
0.039894
0.035117
0.050156
0.062707
0.070998
0.083853
0.102582
0.125212
0.121829
0.117530
0.102910
0.092666
0.081937
0.081252
0.085018
0.081401
0.074413
0.075567
0.076072
0.074671
0.066979
0.060744
0.056619
0.047028
0.037907
0.029192
0.025618
0.041678
0.054398
0.063062
0.075882
0.094898
0.118157
0.117810
0.114020
0.094438
0.082117
0.071265
0.070007
-0.000083
-0.000885
-0.000550
0.002797
0.008206
0.012626
0.015345
0.016829
0.017424
0.016696
0.014582
0.012392
0.010378
0.008345
0.023811
0.060307
0.103112
0.148915
0.199787
0.255151
0.297301
0.317099
0.321340
0.316069
0.307443
0.310540
0.331721
0.364524
0.401111
0.443251
0.445807
0.427082
0.398089
0.378369
0.359171
0.342103
0.336146
0.329058
0.307201
0.284998
0.262698
0.243794
0.225512
0.209395
0.191350
0.168392
0.151317
0.138007
0.130667
0.120316
0.128350
0.164439
0.179679
0.169357
0.151071
0.140510
0.138519
0.140502
0.141969
0.131941
0.116236
0.099769
0.087900
0.087948
0.086174
0.082666
0.080397
0.074776
0.071466
0.064010
0.051786
0.045372
0.036433
0.026568
0.012503
0.003378
0.017871
0.025814
0.018196
0.010063
0.010360
0.018350
0.020163
0.013623
-0.009296
-0.026267
-0.033826
-0.030872
-0.017066
-0.007765
0.003201
0.020430
0.018904
0.016309
0.010584
0.000484
-0.006880
-0.020302
-0.037279
-0.053791
-0.069134
-0.062161
-0.052970
-0.049589
-0.042783
-0.034213
-0.020335
-0.009144
-0.005435
-0.024781
-0.035285
-0.039201
-0.036439
-0.016711
-0.004707
0.007757
0.026655
0.030685
0.033767
0.031751
0.023818
0.016069
0.001521
-0.017156
-0.035355
-0.048218
-0.040198
-0.029916
-0.025806
-0.018309
-0.008405
0.008160
0.016513
0.013792
-0.006217
-0.020029
-0.026158
-0.023580
-0.008444
0.000055
0.009538
0.026026
0.027159
0.027666
0.024317
0.016276
0.009006
-0.005275
-0.023495
-0.040433
-0.051794
-0.041892
-0.029865
-0.023142
-0.013578
-0.000710
0.020087
0.034976
0.035743
0.015984
0.003001
-0.004017
-0.004352
0.010798
0.017831
0.024311
0.038584
0.040611
0.041327
0.037752
0.030260
0.024194
0.011632
-0.004681
-0.020343
-0.030740
-0.019131
-0.004569
0.003578
0.013384
0.027071
0.047939
0.057237
0.055640
0.037155
0.023511
0.015433
0.014349
0.027120
0.031764
0.035520
0.047682
0.048150
0.047720
0.043413
0.035783
0.029935
0.017892
0.002068
-0.012968
-0.021854
-0.008581
0.006953
0.016150
0.026573
0.041462
0.064055
0.076195
0.075877
0.057895
0.044178
0.035240
0.031913
0.043946
0.046743
0.047532
0.058058
0.058449
0.057264
0.052585
0.045449
0.040576
0.029649
0.015553
0.002265
-0.005922
0.008133
0.023948
0.033220
0.043416
0.058565
0.080866
0.090294
0.089507
0.072283
0.058027
0.047842
0.042708
0.052135
0.051030
0.047342
0.054796
0.053103
0.049632
0.043118
0.035267
0.030595
0.020457
0.007296
-0.005028
-0.012191
0.003411
0.020393
0.030369
0.041092
0.056660
0.079385
0.089789
0.090501
0.073602
0.059201
0.048393
0.043433
