0.000000
2.285674
2.182034
2.079007
1.968390
1.865517
1.767119
1.745408
-0.427108
-8.489520
-13.143161
-13.150354
-10.895590
-6.900145
-2.230645
1.183071
1.321295
1.317409
1.262753
1.198203
1.116609
1.016056
0.891625
0.667680
0.516331
0.851797
-2.751451
-22.008198
-21.460659
-21.136372
-20.790680
-8.954730
-2.066092
-1.815335
2.306944
2.244989
2.179284
2.104242
1.960819
7.925263
11.292665
7.360579
-2.758608
-5.571478
-4.933223
-3.411862
-0.940458
1.350388
1.986697
0.907216
-0.796361
-3.603645
-4.290928
-2.545405
0.338434
2.909963
5.574740
7.364753
7.359009
0.000000
1.673765
1.490286
1.676790
-22.767073
-23.700001
-2.204710
7.443292
0.345605
-5.671803
-5.851663
-5.951320
-4.702978
-2.680969
-1.421351
0.361773
1.557575
1.568938
-2.609866
-3.143126
0.108101
2.478813
4.224763
4.544652
3.115195
0.000000
-1.092494
2.418206
2.172349
-11.513899
-23.700001
-23.215260
-0.542558
-4.119595
-6.568398
-5.669877
-4.157616
-0.836002
3.172627
3.769387
2.462619
1.729395
-0.999340
-4.381596
-4.240078
-1.520969
2.995786
2.609499
1.289531
0.500727
0.000000
-11.293069
3.097058
2.765107
0.467732
-23.424339
-22.794989
-2.108386
-4.210060
-5.778530
-5.003273
-3.208131
-0.361889
3.205004
2.474463
1.956622
1.358570
-1.219490
-4.437522
-4.488378
-2.537930
3.162700
2.543097
1.309821
0.632160
0.000000
-15.309001
3.243607
2.900178
-0.915250
-12.768403
-15.473276
-3.725621
-4.922551
-5.752398
-4.821989
-3.026209
-0.131667
3.688094
3.082026
1.992189
1.467045
-1.264516
-4.585358
-4.731522
-3.213820
2.812796
2.869541
1.671762
-1.356347
0.000000
-16.925739
3.130201
2.760673
-1.483007
-9.053478
-11.996195
-4.876472
-5.181750
-5.715046
-4.558640
-2.693436
0.074135
4.012133
3.513977
2.523720
2.127130
-1.501494
-5.014214
-5.193124
-3.510578
2.696521
3.420295
2.035061
0.926103
0.000000
-17.034113
3.082794
2.716607
-0.731505
-11.770422
-12.502559
-5.552172
-5.194634
-5.434091
-4.139082
-2.340898
0.213655
3.913309
3.194585
2.305714
2.097811
-1.466429
-4.972287
-5.053222
-3.324968
2.869184
3.432397
1.916935
0.765908
0.000000
-17.401472
3.158637
2.794122
-1.028394
-12.242775
-14.504540
-5.578377
-5.130311
-5.344985
-4.101592
-2.369265
0.165330
3.803174
3.132033
2.376215
2.233832
-1.420980
-4.981143
-5.069944
-3.117143
3.021247
3.511931
2.005508
0.812888
0.000000
-17.857922
3.128163
2.771599
-0.752146
-14.469007
-15.417710
-5.456870
-5.087372
-5.200128
-4.000364
-2.369187
0.178144
3.743627
3.082419
2.434715
2.300628
-1.410626
-5.013819
-5.053524
-3.098803
2.925644
3.348683
1.869137
0.729462
0.000000
-18.868362
3.177574
2.803750
-0.485769
-18.224224
-18.511776
-5.120041
-4.982904
-5.204850
-4.082272
-2.491837
0.081980
3.569605
2.968560
2.482733
2.310880
-1.339263
-4.950790
-4.991068
-2.992558
2.925740
3.158068
1.806315
0.686269
0.000000
-19.766729
3.203872
2.783645
-0.738948
-17.718454
-18.713240
-4.668128
-4.929853
-5.269086
-4.282416
-2.736592
-0.090975
3.292684
2.729188
2.480493
2.576728
-0.928147
-4.672729
-4.798145
-3.096506
3.001734
3.086138
1.842178
0.719839
0.000000
-20.520823
3.182214
2.768632
-0.369901
-18.800253
-18.863451
-4.549011
-4.895594
-5.199262
-4.242979
-2.752959
-0.084315
3.429053
2.971848
2.576519
1.953964
-0.928847
-4.697476
-4.826998
-2.893450
2.874919
3.049483
1.774379
0.647933
-23.700001
0.000000
3.173239
2.612133
-1.056778
-14.059951
-16.174662
-4.993782
-5.002935
-5.188046
-4.200844
-2.785578
-0.122600
3.530638
3.200759
2.663301
1.870314
-0.877504
-4.663890
-4.926221
-2.977284
3.124943
3.457006
1.966311
0.706858
-23.700001
0.000000
3.111842
2.633918
-0.107262
-16.723721
-17.075624
-5.309669
-4.983318
-4.975381
-3.849899
-2.574232
-0.006557
3.539608
3.196023
2.800656
2.223609
-0.873594
-4.880416
-5.011317
-3.031721
2.754478
3.351019
1.835751
0.530423
-23.700001
0.000000
3.174200
2.660327
0.074017
-18.554752
-19.000223
-4.828273
-4.792459
-5.017471
-3.999811
-2.730324
-0.219211
3.059464
2.669260
2.751091
2.418725
-0.106157
-4.644753
-4.978918
-3.062434
2.862434
2.848808
1.641622
0.288254
-23.700001
0.000000
3.188655
2.620372
0.145561
-20.927790
-20.803102
-4.067177
-4.716593
-5.169878
-4.309183
-2.953585
-0.343191
3.032025
2.659237
2.653130
2.248821
-0.434479
-4.409959
-4.715034
-2.759403
3.137609
3.055385
1.661599
0.353640
-23.700001
0.000000
3.191463
2.639815
0.864378
-20.889143
-20.434778
-4.502903
-4.754673
-5.017494
-4.052703
-2.852403
-0.277454
2.965263
2.715938
2.909366
2.568811
0.048314
-4.636768
-4.986768
-3.009590
2.748255
2.713369
1.354024
0.098711
-23.700001
0.000000
3.242866
2.281332
0.993707
-23.700001
-23.152321
-3.618429
-4.528193
-5.147891
-4.339770
-3.092162
-0.532174
2.832164
2.567868
2.690334
2.307906
-0.285720
-4.454260
-4.704896
-2.645092
3.092407
2.909140
1.438629
0.220891
-23.700001
0.000000
3.222940
2.715699
1.646176
-23.700001
-23.308105
-3.997628
-4.579289
-5.008756
-4.122042
-2.963225
-0.412596
2.808600
2.595460
2.903769
2.556285
0.176274
-4.594246
-4.543670
-3.537364
2.655809
2.574550
1.390268
-0.035023
-23.700001
0.000000
3.354089
2.285907
1.957840
-23.700001
-23.700001
-4.121721
-4.591482
-5.076437
-4.338415
-2.864353
-0.420169
2.976227
2.742759
2.731155
2.436373
0.014675
-4.518687
-4.613787
-3.489918
2.733136
2.776783
1.697087
0.183069
-23.700001
0.000000
3.184880
2.802477
1.792355
-23.700001
-23.700001
-3.613977
-4.500484
-5.020079
-4.231382
-2.857787
-0.428212
2.880497
2.695604
2.906271
2.498476
0.168924
-4.576236
-4.538207
-3.473098
2.769118
2.551805
1.378976
-0.066535
-23.700001
0.000000
3.320356
2.201162
2.429778
-23.700001
-23.700001
-4.115377
-4.551021
-5.079433
-4.279650
-2.885773
-0.467235
2.858244
2.705963
2.801067
2.583241
0.308473
-4.513192
-4.645117
-3.399508
2.749117
2.718405
1.645797
0.151032
-23.700001
0.000000
3.169267
2.836534
2.050851
-23.700001
-23.700001
-3.735766
-4.544467
-5.092628
-4.229609
-2.846251
-0.463692
2.825619
2.690855
2.931587
2.619361
0.338497
-4.547130
-4.591897
-3.493508
2.765165
2.545792
1.399839
-0.070344
-23.700001
0.000000
3.267952
2.188133
2.485259
-23.700001
-23.700001
-4.039793
-4.514176
-5.099959
-4.269746
-2.870905
-0.511303
2.819832
2.713080
2.835090
2.661853
0.425820
-4.479467
-4.629755
-3.541684
2.684396
2.645252
1.612530
0.139558
-23.700001
0.000000
3.172947
2.865938
2.206352
-23.700001
-23.700001
-3.334898
-4.421947
-5.074735
-4.277111
-2.943067
-0.618045
2.672621
2.543266
2.459144
2.457016
0.487228
-4.260986
-4.405563
-3.326567
2.960605
2.676483
1.446734
0.075674
-23.700001
0.000000
3.272980
2.282521
2.650657
-23.700001
-23.700001
-3.898165
-4.392445
-4.921526
-4.125794
-2.954496
-0.614822
2.882296
2.874272
2.512288
2.336001
0.376192
-4.547481
-4.643568
-3.410736
2.796663
2.803026
1.542281
0.251740
-23.558380
0.000000
3.213874
2.732104
2.331808
-23.700001
-23.700001
-3.672372
-4.343614
-4.962467
-4.187923
-2.949429
-0.679541
2.588473
2.561842
2.481331
2.599683
0.726136
-4.205471
-4.498004
-3.447136
2.841039
2.684737
1.473995
0.134617
-23.700001
0.000000
3.225402
2.328476
2.655145
-23.700001
-23.700001
-3.880268
-4.360206
-4.913914
-4.083177
-2.926249
-0.657147
2.827683
2.879190
2.546594
2.418093
0.488741
-4.496972
-4.659352
-3.442999
2.779175
2.786623
1.555556
0.253293
-23.262798
0.000000
3.195638
2.671786
2.435287
-23.700001
-23.700001
-3.661645
-4.264424
-4.916661
-4.118808
-2.917540
-0.696032
2.544188
2.566334
2.514086
2.687374
0.844126
-4.189490
-4.550291
-3.502877
2.793849
2.677434
1.465284
0.170465
-23.700001
0.000000
3.208349
2.276016
2.678350
-23.700001
-23.700001
-3.881651
-4.329624
-4.910246
-4.060198
-2.910469
-0.698848
2.622181
2.692667
2.533063
2.638729
0.809707
-4.298124
-4.673327
-3.542265
2.741732
2.812888
1.572906
0.319273
-23.700001
0.000000
3.182828
2.287931
2.191085
2.093240
1.988017
1.891013
1.799030
1.788607
1.617550
-5.788863
-13.578695
-13.586931
-10.507113
-5.564600
0.348705
1.565703
1.461612
1.385406
8.522827
5.266795
1.925471
-2.546139
-6.173770
-7.925757
-6.936141
-4.917162
-2.432166
-0.702007
0.408876
3.183009
3.245648
2.863601
3.869637
4.354430
4.181483
-13.547186
-6.040330
0.000000
0.773306
0.779583
-4.885523
-23.700001
-15.281277
7.149946
6.065087
-1.799951
-6.869614
-7.725401
-6.458618
-0.599001
3.960418
3.586858
5.242356
-0.378302
-3.593947
-4.198433
-3.559847
0.952987
1.998836
3.624713
2.602422
-14.420665
0.000000
2.493724
2.301481
2.156140
-23.700001
-23.700001
4.382690
0.234451
-6.068726
-6.929487
-6.523679
-3.586833
0.822855
3.673720
3.376316
3.825987
0.370908
-3.836769
-4.668801
-3.969978
1.151370
3.350990
2.819003
1.802600
-18.630638
0.000000
2.953037
2.717933
2.580468
-13.557922
-23.700001
-3.320965
-2.809506
-5.355528
-4.898709
-3.111664
-1.053203
2.152359
3.332549
2.281545
2.310783
1.271005
-2.929331
-4.354063
-4.162076
0.713374
3.168424
1.745772
0.707394
-19.780647
0.000000
3.427036
3.153082
0.096767
-11.837255
-23.700001
-5.899137
-3.300009
-5.333896
-5.028355
-3.293138
-1.288210
2.279536
3.697394
2.343198
2.261358
1.234994
-3.401381
-4.811422
-4.944711
0.353368
3.788362
2.369507
1.267578
-20.364815
0.000000
3.305843
3.062303
0.571159
-10.928393
-23.700001
-8.216289
-3.098469
-4.756045
-4.390655
-2.890707
-1.100743
2.183100
3.492035
2.400552
2.453734
1.416736
-3.488161
-5.010290
-4.832786
0.424314
3.461794
2.208990
1.097462
-21.464254
0.000000
3.302990
3.113336
1.271448
-17.002470
-23.700001
-8.173239
-3.119807
-4.831355
-4.500343
-2.972203
-1.148860
2.239582
3.525008
2.418140
2.515542
1.562470
-3.490609
-5.061952
-4.942359
0.694083
3.615839
2.344151
1.202485
-20.146448
0.000000
3.230899
3.076594
1.782877
-14.846177
-23.700001
-7.551019
-3.040900
-4.798330
-4.403541
-3.045082
-1.217957
2.133888
3.425331
2.529384
2.684749
1.724051
-3.473356
-5.121547
-4.921776
0.716995
3.454867
2.262404
1.171226
-20.865070
0.000000
3.032799
3.093394
2.410191
-19.015081
-23.700001
-8.310163
-2.856063
-4.660527
-4.317293
-2.994132
-1.247035
2.137189
3.410029
2.502391
2.641014
1.780059
-3.426959
-5.057900
-4.813754
0.746067
3.428010
2.284641
1.195765
-21.052050
0.000000
2.569476
3.049040
2.751057
-21.551502
-23.700001
-8.580967
-2.905735
-4.607198
-4.144890
-2.880282
-1.141672
2.235262
3.444373
2.497009
2.666579
1.954237
-3.322363
-5.010659
-4.735505
0.577592
3.355949
2.256024
1.187013
-20.324711
