0.000000
-1.502835
-0.044427
0.118565
1.264272
1.428432
1.592752
1.880630
2.030351
3.678217
6.001695
7.252170
8.909095
10.293797
11.478362
13.074592
14.896907
-0.110497
1.211420
0.038391
-20.059982
-18.308731
0.333353
-20.060072
-12.295421
-18.782839
-7.054275
-15.367188
4.803295
-0.000118
-1.881257
-2.618036
7.153769
4.013647
4.268780
-9.525483
15.116058
-20.060066
20.060015
-9.724366
-9.112757
-5.950211
-3.804638
-1.426683
-0.380574
2.881025
4.403738
-10.791101
6.862082
-20.060072
15.553744
-20.060076
19.920736
-20.060015
20.060019
-14.299197
20.015898
-19.219738
12.434035
-20.060074
20.060053
-3.225793
20.059984
3.147885
20.060030
20.056488
12.329061
-11.979299
-12.310253
-8.717384
-6.958764
-3.157037
-1.210585
-14.764125
-15.545487
-9.551901
-2.983868
-0.296499
20.060040
-20.060070
20.060070
-20.060104
20.060596
-20.059877
20.060028
-20.059988
20.060266
-0.944685
20.060080
-15.029897
18.988365
-20.054834
-19.536146
-5.191732
-2.291770
0.836863
2.017380
5.016274
-7.170588
7.545175
-20.059589
16.742847
-20.060030
19.094675
-20.060095
20.060135
-20.015186
20.042158
-20.057016
20.060040
-20.060156
20.060127
-17.886126
20.060162
-1.719169
20.060064
-20.060017
-15.974914
-4.020812
-5.662946
-2.792742
-2.115426
1.874168
4.935275
-9.956717
18.821175
-20.060152
20.060030
-20.060089
20.060040
-20.060083
20.060036
-20.060129
20.060038
-20.060095
20.060061
-20.060011
20.060209
-4.050953
20.060051
5.885074
2.007487
-3.831450
-4.999473
-3.896648
-0.868771
1.411494
3.625223
8.367581
-20.060081
14.885396
-20.060057
20.060007
-20.060104
20.060047
-20.060102
20.060108
-20.059114
20.060038
-20.060104
20.060066
-20.059980
20.060320
-7.906070
20.060108
-0.367770
17.662260
-12.654724
-7.299177
-4.573356
-2.576298
0.444890
3.063306
5.126900
-19.610918
16.360750
-20.060106
20.060022
-20.060093
20.060059
-20.060099
20.060108
-20.060093
20.060061
-19.216431
20.060091
-20.060097
20.060133
-5.652222
20.060057
5.303401
10.455110
-8.740730
-6.950677
-5.834339
-2.663168
0.239863
2.786008
4.659986
-20.060080
20.059980
-20.060211
20.060005
-19.910912
20.060030
-20.060114
20.060226
-20.059498
20.060062
-20.060055
20.060068
-20.059978
20.060133
-7.361946
20.060099
-1.204587
14.022118
-6.344190
-5.345813
-4.711257
-4.381410
-1.189047
1.331194
2.168075
-13.582435
3.625642
-20.060051
20.060038
-20.060089
20.060064
-20.060072
20.060062
-20.060104
20.060074
-20.060091
20.060080
-20.060085
20.060127
-10.221252
20.060085
18.847317
6.371197
8.353132
-4.616082
-3.992279
-3.057917
-0.008616
2.077290
3.673704
-18.626749
16.121058
-20.060043
20.060007
-20.060108
20.060040
-20.041813
20.038662
-19.926289
20.060059
-20.060072
20.060091
-20.059879
20.060173
9.764863
20.060057
-1.760989
20.060104
20.046400
-9.499763
-7.369815
-5.138488
-3.302927
-1.989684
-0.415880
-11.056156
-0.509885
-20.058489
12.518723
-20.060055
16.731792
-20.060043
13.350219
-20.060051
20.060030
-18.275238
8.135079
-20.060043
20.060059
-9.549236
20.060068
-11.437622
20.060112
-20.060015
19.671059
-6.356840
-6.356586
-5.990170
-3.425328
-1.705754
0.466782
1.264163
-15.775568
11.658057
-20.060101
20.060020
-20.060038
20.060017
-20.055872
20.060064
-20.060064
20.060034
-20.060091
20.060080
-20.059956
20.060255
-7.825747
20.060108
3.359651
4.138803
-8.118954
-7.131248
-5.826633
-2.662311
0.103283
2.846770
-20.059774
17.719040
-20.059875
20.059246
-20.060104
20.060019
-20.060074
20.060038
-20.060093
20.060019
-20.060076
20.060061
-20.060186
20.060205
-20.059860
20.060200
6.389283
19.132355
-13.308887
-13.808893
-7.300640
-5.587482
-0.942327
1.193075
4.854327
-20.058029
16.023708
-20.060122
20.060036
-20.060106
20.042103
-20.060083
20.060078
-20.060055
20.060015
-20.060070
20.060064
-20.060129
20.060347
-18.766884
20.060087
3.760703
19.365421
-17.773333
-16.975916
-6.305978
-4.274072
-0.926494
1.356356
4.363813
-5.263305
-7.366186
10.375031
-20.060152
20.060005
-20.060078
20.012421
-20.060072
20.060045
-20.060040
20.060051
-20.060192
20.060059
-20.060019
20.060099
-4.922614
18.477478
-13.424399
19.501122
6.155021
-3.875856
-2.766621
-2.175293
0.006918
2.330021
-3.835937
4.102474
-20.060087
20.060129
-20.060102
20.051083
-20.060102
20.034794
-20.060175
20.009466
-16.593145
20.060022
-20.060083
20.060474
-19.555191
20.060135
-6.093505
20.060099
-19.411339
-4.500301
-4.692214
-4.727844
-4.188709
-1.105243
1.859704
3.200920
-20.059771
15.658155
-20.059860
20.060030
-20.060108
20.060061
-20.060085
20.060059
-20.060135
20.060043
-20.060030
20.060360
-20.060114
20.060102
-11.206605
20.060120
0.397595
20.060019
-7.693717
-6.974479
-6.320614
-5.550591
-1.570886
0.664187
2.718383
-14.161011
15.474556
-20.060116
20.060036
-20.060095
20.060081
-20.060076
20.060081
-20.060097
20.060053
-20.060080
20.060074
-20.060080
20.060112
-9.435505
20.060049
7.251586
18.946148
0.830872
-5.807554
-4.823614
-3.853667
-0.782579
1.510416
4.068193
-20.061655
13.098395
-20.060061
20.060036
-20.060120
20.060020
-20.060072
20.060059
-20.060095
20.060062
-20.060061
20.060059
-20.060110
20.060141
-3.674792
20.060135
-2.620072
9.587204
-2.630186
-5.137822
-4.612309
-4.237341
-0.324600
1.428018
-2.711569
0.004583
-20.060093
20.059778
-20.060097
20.060011
-20.060070
20.060022
-20.060106
20.052765
-16.314127
13.908826
-20.060076
20.060352
-16.820663
20.060146
-9.997602
20.060137
-18.643499
17.659416
-5.334047
-4.995262
-4.355605
-2.463150
-0.053316
2.156697
7.887948
-20.059814
16.747099
-20.060127
20.060024
-20.060059
20.060059
-20.060070
20.060053
-20.060051
20.060028
-20.060093
20.060087
-20.060019
20.060223
-7.718218
20.060101
3.804538
18.237408
-12.058846
-8.004505
-7.272573
-3.780101
-0.333456
2.785778
5.534140
-20.061016
16.431133
-20.060154
20.060030
-20.060040
20.060036
-20.060057
20.060049
-20.060093
20.060034
-20.049250
20.060194
-20.059965
20.060179
-6.929111
20.060116
-1.381570
15.319020
-7.958683
-7.369565
-7.004578
-4.208435
-1.007924
1.964499
-20.060221
15.139818
-20.059912
20.060270
-20.060114
20.060038
-20.060083
20.080420
-20.060118
20.059999
-20.060062
20.060036
-20.060150
20.060074
-20.060055
20.060148
1.824915
20.060062
-17.799175
-16.543674
-8.095248
-5.518345
-1.178207
0.728474
4.030849
-14.167925
14.597929
-20.060076
20.059996
-20.060108
19.936344
-20.060087
20.055876
-20.060108
20.060045
-20.060087
20.060061
-20.060108
20.060137
-19.957659
20.060127
6.067713
1.468424
18.714531
-2.674378
-6.521883
-5.104360
-2.411339
0.582751
3.409174
-20.060738
18.000128
-20.059954
20.060492
-20.060102
19.764898
-20.060093
20.046154
-20.060143
20.059978
-20.060047
20.060041
-20.060114
20.060030
-20.059616
20.060305
-0.702088
11.367449
-9.866959
-9.987382
-7.104417
-5.343998
-1.177468
1.093587
4.718732
-20.058121
19.465693
-20.060095
20.059988
-20.060108
19.654158
-20.060104
20.060061
-20.060059
20.059416
-20.060047
20.060043
-20.060242
20.060240
-20.059948
20.060284
-0.322334
20.060078
-9.954495
-9.686905
-7.268361
-5.491128
-1.948205
0.368293
4.053631
-20.059147
15.132578
-20.060101
20.060034
-20.060102
19.973080
-20.060091
20.052999
-20.060081
20.059647
-20.060064
20.060053
-20.060102
20.060217
-20.060043
20.060141
2.519082
20.060053
2.505759
0.363608
-6.923176
-7.261864
-4.628585
-1.963515
2.156260
-10.151340
1.273974
-20.060007
20.060196
-20.060095
20.049231
-20.060062
20.066435
-20.060091
20.060030
-20.060038
20.060083
-20.060028
20.060019
-19.828318
20.060133
5.909113
20.060043
-4.075760
0.581084
-6.391113
-6.605222
-3.757004
-1.176490
2.063233
-10.127936
4.762056
-20.060123
20.060461
-20.060127
19.956835
-20.060095
20.060057
-20.060068
20.059664
-20.050335
20.060038
-20.060101
20.060097
-17.865938
20.060087
-1.704583
18.637697
-18.718021
-2.125473
-4.711633
-5.165877
-4.291742
-1.489310
1.583416
4.339502
-20.059832
18.675608
-20.060064
19.717110
-20.060114
20.060032
-20.060118
20.062950
-20.012815
20.061928
-0.450039
-1.215943
-0.982957
-0.808491
-1.428535
-0.567582
0.685886
1.487047
2.633639
3.246118
3.732365
4.826998
5.801651
8.029081
8.852428
11.215043
-20.060076
-16.688150
-20.060080
2.235502
-20.060022
-12.038352
-18.841682
-8.461580
-14.168242
15.086684
-18.212952
6.175377
-20.060001
20.060055
-8.624267
20.059837
-1.083356
20.060009
-19.832937
-19.002382
-7.540812
-5.296184
-2.258744
0.272878
2.927807
6.236155
-20.060080
18.408390
-20.060190
20.031904
-20.042408
20.052423
-20.060110
20.060165
-20.058344
20.060057
-20.060068
20.060114
-20.059978
20.060108
-9.286453
20.060144
-1.178823
20.060095
10.789418
-6.118347
-5.164445
-5.513902
-1.926524
-0.886862
2.196284
-20.058611
13.203825
-20.060125
20.060032
-20.060112
20.060038
-20.060059
20.060047
-20.060102
20.060062
-20.060087
20.060125
-20.060146
20.060240
-12.748983
20.060032
1.057164
20.060015
15.762186
-7.471437
-6.932026
-5.595377
-2.015962
1.115812
3.248508
7.325185
-20.060078
16.187330
-20.060110
20.060040
-20.060053
20.060020
-20.060070
20.060026
-20.059988
19.576845
-20.060106
20.060074
-20.060062
20.060204
-5.858263
20.060066
-0.729367
-16.553753
20.060072
-7.786793
-3.627448
-1.015873
1.626788
4.272200
12.089417
-20.060110
20.060234
-20.060078
20.060020
-20.060036
20.060047
-20.060070
20.060078
-20.060015
20.060055
-20.060123
20.060074
-20.059940
20.060116
-0.068734
20.060051
17.467110
0.738988
-5.024573
-7.167554
-4.615985
-1.152464
1.434704
3.536846
11.237945
-20.060093
20.058882
-20.059465
19.891983
-20.060051
20.060038
-20.060074
20.060057
-18.804785
20.060022
-20.051435
20.060043
-20.059870
20.060297
-2.817241
20.060085
7.612019
9.606376
-6.083281
-6.559303
-5.643323
-3.002238
0.245191
3.007285
11.037887
-20.060122
20.059425
-20.060007
20.060026
-20.060059
20.060057
-20.069981
20.060081
-20.060036
20.060055
-20.052731
20.060070
-20.059881
20.060131
-2.145412
20.060066
1.855034
7.699149
-7.536001
-7.233664
-5.985525
-2.969272
-0.150404
2.317798
10.006598
-20.060123
19.846493
-20.059780
20.060007
-20.060068
20.060045
-20.060068
20.060068
-20.060032
20.060045
-20.060116
20.060080
-20.059923
20.060097
-3.936816
20.060062
9.380896
-2.130450
-5.005123
-7.759724
-5.640412
-2.309600
0.367837
2.844603
7.211421
-20.060097
20.060184
-20.059702
20.060017
-20.060057
20.055859
-20.060066
20.060081
-20.060020
20.060051
-20.046827
20.060074
-20.059896
20.060099
-3.516890
20.060095
-15.358794
19.403309
2.333441
-5.602078
-5.141174
-3.719641
-0.772026
1.124528
1.797451
-20.059889
15.033749
-20.059887
20.060022
-20.060122
20.024057
-20.060116
20.060083
-20.060070
20.042761
-20.060009
20.060057
-20.060078
20.060163
-4.520061
20.060112
-9.081830
3.273970
9.692663
-5.674201
-4.836076
-4.779093
-1.488384
0.639831
-7.871407
3.585183
-20.059967
20.060162
-20.060114
20.060028
-20.060043
20.060034
-20.060074
20.060032
-18.912472
20.060028
-20.060175
20.060070
-20.060080
20.060135
2.011826
20.060101
-2.028909
-0.863357
-7.227055
-6.949178
-6.134049
-3.234373
0.133013
2.603938
-20.060015
16.313492
-20.059942
20.060043
-20.060112
20.060038
-20.060093
20.060072
-20.060083
20.060040
-20.060095
20.060043
-20.060163
20.060034
-7.680700
20.059992
9.573853
4.192152
-18.168209
20.060038
-7.110924
-5.329252
-1.984337
1.362159
4.213567
-20.059797
19.208431
-20.059921
20.060032
-20.060080
20.060064
-20.060114
20.060093
-20.060101
20.046032
-20.060122
20.060061
-20.060070
20.060125
-5.783527
20.060022
9.316794
20.060009
1.961220
20.060099
-9.463656
-8.693424
-3.625324
-2.124236
0.350652
12.642425
-20.058018
12.597825
-20.060093
20.060019
-20.060045
18.441940
-20.060045
20.060022
-20.060005
18.715410
-20.060122
20.060064
-20.059999
20.060135
3.140612
17.678017
-4.880182
-19.709322
20.060032
-5.412540
-2.176000
0.318812
3.211435
6.002046
12.714375
-20.060102
14.696659
-20.060043
19.363699
-20.060049
19.972286
-20.060007
20.060169
-20.057585
20.060055
-20.060120
20.060083
-20.059706
20.060080
0.643173
20.060064
8.821785
14.267784
-7.014924
-6.375875
-6.217268
-3.679910
-0.474419
2.018560
-20.058075
14.670680
-20.060989
20.060247
-20.060112
20.021435
-20.060080
20.060080
-20.060076
20.059994
-20.060047
20.060045
-20.060093
20.060188
-18.007811
20.060223
4.413832
15.916425
-3.494679
-4.686519
-6.101454
-6.541249
-5.313283
-2.428961
1.125685
-20.059505
3.460686
-20.059584
19.063484
-20.060118
20.060022
-20.060024
20.060034
-20.033039
20.060139
-19.926710
20.060055
-20.060101
20.060101
-16.569956
20.060308
4.703752
20.060080
-2.371034
11.371375
-6.493281
-7.145158
-6.536086
-4.493650
-2.201999
-0.364165
2.101161
-20.059336
14.811947
-20.060122
20.060034
-20.060049
20.060022
-20.060049
20.060143
-20.060080
20.060051
-20.285067
20.060087
-17.613579
20.060139
5.680494
20.060055
15.373397
3.721697
-5.426890
-8.205015
-7.974545
-6.250018
-3.623873
-1.072414
-10.369327
2.647373
-20.060129
20.059765
-20.060112
20.060040
-20.060070
20.060061
-20.060055
20.060034
-20.060066
20.060061
-20.060162
20.060129
-15.710882
20.060091
12.653340
20.060041
-3.500911
1.284178
-7.151836
-7.190140
-4.739223
-1.991312
1.039258
-17.084846
5.619446
-20.061182
19.996853
-20.060123
20.060030
-20.060057
20.037352
-20.060057
20.060053
-20.060011
20.060047
-20.060114
20.060196
-17.413567
20.060152
4.622684
17.126434
-15.603869
1.059873
-5.565995
-5.729583
-5.180738
-2.617079
0.013846
-15.548113
-4.999720
-11.088873
5.295130
-20.060099
20.060032
-20.060040
20.060024
-20.060081
20.060091
-20.060019
20.060051
-20.060110
20.060102
-17.905708
20.060143
0.312676
20.060095
2.898739
-6.442092
-6.438459
-7.146749
-6.746337
-4.407957
-1.372280
0.710266
-20.059530
13.265889
-20.059982
20.059439
-20.060131
20.060032
-20.060070
20.060057
-20.008486
20.060059
-20.060074
20.060064
-20.060112
20.060184
-14.477486
20.060150
11.035020
20.060040
-5.876855
-7.476250
-7.555161
-7.494884
-5.654632
-2.365566
0.421025
-20.060120
6.612389
-20.060135
20.060114
-20.060131
20.060034
-20.060034
20.060026
-20.060068
20.060081
-20.060034
20.059872
-20.059963
20.060068
-14.681011
20.060202
5.542221
20.060097
-5.477561
-7.857869
-6.660953
-6.965296
-6.455048
-3.159426
0.597570
2.022100
-20.059666
15.243720
-20.060057
20.055777
-20.060102
20.060057
-20.060070
20.060074
-20.060074
20.060141
-20.060101
20.060015
-20.060038
20.060120
-10.541281
20.060158
8.314163
19.136492
0.516543
-7.302969
-7.365956
-7.212269
-4.268958
-1.284606
1.355537
-20.059015
8.598660
-20.060061
20.059706
-20.060114
20.060053
-20.060041
20.060072
-20.060061
20.060080
-20.180830
20.060089
-20.060045
20.060263
-18.346012
20.060177
3.900905
20.060072
-7.920653
-7.150676
-6.468945
-6.669964
-6.570798
-1.971782
-1.039527
-0.484284
-20.058878
8.728737
-20.060316
20.060034
-20.060099
20.060091
-20.060049
20.060061
-20.060106
20.060045
-20.060093
20.060123
-20.060093
20.060087
-3.071878
20.060017
9.543775
17.598015
-3.892905
-6.123602
-6.343693
-5.561732
-2.497815
0.915782
-17.515860
4.168834
-20.060093
18.540236
-20.060114
20.060036
-20.060019
20.060038
-20.060041
20.060064
-19.134890
20.060074
-20.060118
20.059996
-20.059864
20.060268
-0.942362
20.060070
1.500344
-7.318734
-6.279694
-6.979841
-6.278346
-3.074853
0.108141
2.164244
-20.057693
17.572054
-20.059561
20.060030
-20.060120
20.055567
-20.060093
20.060081
-20.060097
20.060024
-20.060102
20.060083
-20.060081
20.060081
-2.029391
11.600798
20.060074
-3.215665
-10.335580
20.060144
-6.751038
-6.109145
-3.702960
-1.676213
1.437629
9.922874
-20.057716
19.795979
-20.060081
20.059998
-20.060059
20.060017
-20.060064
20.060091
-20.060099
20.060061
-20.060137
20.060076
-20.060045
20.060129
10.549150
20.060032
6.776672
7.998249
-6.134407
-7.406580
-5.504651
-2.990907
0.064757
2.691599
1.768952
-20.059628
16.503651
-20.060144
20.060043
-20.060049
20.060047
-20.060038
20.060091
-20.059998
20.061413
0.329755
-1.681859
-1.266991
-1.573020
-1.828863
-0.806725
-0.319458
-0.461094
-0.687075
-0.583317
0.817957
2.530460
3.566916
-0.101060
-0.356446
-0.703631
-0.961403
-1.135673
-1.002931
-0.635836
-0.518631
0.085347
1.096844
2.324213
3.833574
5.820039
8.158061
10.660049
13.344934
16.227905
19.513649
19.571001
1.676401
0.020412
0.015324
0.207201
0.001184
0.043687
0.000009
-0.000000
0.000003
0.000001
-0.000002
-20.060135
-8.319448
-20.060101
-20.060120
-19.160789
-17.690384
-18.675194
-16.983898
3.740222
-2.700394
8.734141
2.665076
-2.162636
6.995712
4.146852
8.693262
7.353866
0.220342
12.319698
-20.060780
19.058985
-20.060057
17.278790
-18.765671
20.060003
-9.054007
-6.364203
-2.952808
-1.302754
2.008877
-8.176695
-0.905048
-20.058956
1.014432
-20.014652
19.587759
-18.574051
20.060040
-20.060026
20.060024
-6.701587
12.829901
-12.364198
17.745205
-20.060074
20.060022
-12.485690
20.060013
-17.057116
5.060954
-10.199578
-7.870355
-6.703964
-4.859599
-1.889638
-0.270483
-5.893867
-6.285417
1.599078
-12.371568
20.060020
-20.060085
20.059380
-20.060074
20.060041
-20.060095
20.060032
-20.060064
20.060066
-20.060053
20.060305
-2.475167
19.378353
20.060028
-10.944221
19.785521
-10.896921
-8.585733
-7.627800
-3.910388
-3.599513
-0.985764
-6.878200
-3.501349
-5.539820
-10.394495
20.060017
-20.060102
20.060055
-20.051252
20.060024
-20.060076
20.060009
-18.139917
19.949522
-20.060020
20.060318
0.629342
20.060274
-9.014069
20.060036
-17.504194
19.579233
-4.509983
-4.481643
-1.889691
-0.065365
2.993930
-0.836055
4.298822
-20.059925
20.060015
-20.060068
19.703297
-20.060097
20.060020
-20.060122
20.060030
-19.560913
20.059990
-20.060015
20.060087
-9.229205
20.060139
-3.281474
4.026649
6.597569
-5.101830
-3.649181
-2.303006
0.818853
2.588572
5.556880
11.233799
-20.060078
18.684116
-20.060078
17.808321
-20.060043
20.060040
-20.060081
20.060085
-20.025524
20.060053
-20.060078
20.060043
-20.059813
20.060146
0.122032
19.913782
-18.626532
-19.191519
20.060104
-5.500408
-2.065582
0.398903
2.145921
5.208120
9.467617
-20.060854
20.060007
-20.060074
19.641790
-20.060036
20.060062
-20.060085
20.060036
-20.060053
20.060022
-20.060116
20.060080
-20.060091
20.060110
-1.345266
20.060034
-3.049673
-18.453510
20.060083
-5.483975
-1.441219
1.596577
3.543727
5.587999
8.935014
-20.060091
20.059948
-20.060061
17.491772
-20.060028
20.067221
-20.060062
20.060068
-18.857500
20.060043
-20.041946
20.060053
-20.060041
20.060102
-0.087148
20.060059
-7.812572
-19.654686
20.060095
-6.419638
-1.867020
0.939988
3.199650
5.469727
14.374460
-20.060083
20.059906
-20.060061
18.272076
-20.060043
20.060032
-20.060078
20.060070
-19.127022
20.060045
-20.060127
20.060034
-20.059868
20.060087
0.788583
20.060062
-6.486243
-19.796803
20.060076
-7.713847
-3.661584
-0.655816
1.928089
5.258212
10.168847
-20.060104
20.060015
-20.060061
20.060020
-20.060047
20.060057
-20.060072
20.060053
-20.059952
20.060055
-20.060102
20.060078
-20.059931
20.060221
-0.329424
20.060034
5.891674
2.040628
20.093908
-5.655935
-4.978141
-3.555124
-0.896078
1.170966
2.479850
-20.059896
15.364808
-20.059551
20.060020
-20.060108
20.060024
-20.060095
20.060038
-20.060022
20.058384
-20.059998
20.060055
-20.059540
20.060228
-5.452459
20.060116
-7.560701
20.060064
-18.018637
-8.886321
-4.952622
-1.612378
0.629216
3.318127
6.098817
-15.735056
16.465408
-20.060152
18.529682
-20.060089
20.060049
-20.060101
20.060427
-20.060125
20.060055
-20.060104
20.060030
-20.060125
20.060074
-12.563459
20.060083
11.194943
1.177627
-6.037166
-7.701076
-6.580588
-4.858154
-0.937255
3.155536
5.965197
-20.061508
18.935942
-20.060101
20.060036
-20.060070
20.060081
-20.060089
20.060076
-20.060101
20.060061
-20.060066
20.060076
-20.059984
20.060141
-8.046038
20.060118
1.205381
20.060028
-14.819874
-10.259224
-6.789310
-3.604933
-0.109553
2.900889
5.181385
-18.745289
16.226149
-20.060158
20.060024
-20.060101
20.060066
-20.060072
20.050350
-20.060114
20.060053
-20.060114
20.060051
-20.059998
20.060282
-8.727420
20.060091
6.578221
17.591751
-15.802343
-8.344085
-5.172508
-2.883417
0.198432
3.335424
7.722180
-20.059910
17.417240
-20.060106
20.060015
-20.060102
20.060045
-20.060101
20.060078
-20.060089
20.060074
-19.977377
20.057316
-20.060137
20.060064
-9.091534
20.060101
3.408777
6.384240
-2.225620
-7.499697
-6.163095
-5.002596
-1.099380
2.232901
4.779543
-20.060081
16.471205
-20.060104
20.060045
-20.060072
20.060085
-20.060072
20.060053
-20.060099
20.060053
-20.060070
20.060051
-20.060061
20.060131
-11.130694
20.060131
3.191935
20.060049
-10.763297
-9.770925
-7.266016
-4.974100
-1.733317
1.551619
5.688939
-20.057808
13.898427
-20.060125
20.060020
-20.060078
20.060057
-20.060070
20.060047
-20.060139
20.060062
-20.060118
18.730606
-20.060118
20.060190
-10.469793
20.060089
8.155262
18.218906
-6.333103
-7.938550
-7.691497
-5.526081
-2.013539
0.952472
3.758533
-20.059589
11.425442
-20.060112
20.060020
-20.060110
20.060055
-20.060068
20.060034
-20.060011
20.060043
-20.060022
20.060078
-20.059982
20.060280
12.026525
-9.554663
20.060110
-15.734557
-18.894802
20.060005
-7.297241
-3.524054
-0.407267
2.274949
5.823671
-20.058044
20.059179
-20.060179
20.060007
-20.060112
20.060055
-20.060085
20.060030
-20.060102
20.060034
-20.454643
20.060068
-20.060095
20.060183
-11.353230
20.060087
8.805721
-5.397544
-5.394553
-7.636938
-5.909220
-3.628071
-0.157590
2.314240
5.104099
-9.740252
10.714674
-20.060125
20.060028
-20.060081
20.060081
-20.060083
20.060131
-20.060110
20.060059
-20.060083
20.060040
-20.060059
20.060034
-1.315433
20.060072
-18.462185
19.090036
-1.644599
-5.112476
-4.957823
-4.763701
-0.635163
2.328024
4.682489
-18.982540
14.588201
-20.060104
20.060036
-20.060102
20.060070
-20.060083
20.012066
-20.060114
20.060051
-20.060072
20.060072
-20.060059
20.059996
-4.438571
20.060089
-2.403690
16.638632
-7.328820
-7.205503
-6.455631
-5.320745
-1.426416
1.504275
3.270491
-11.209682
8.916366
-20.060026
20.060034
-20.060083
20.060083
-20.060047
20.060036
-20.060137
20.060061
-20.060051
20.060034
-20.060062
20.060179
-2.678232
20.059341
-1.094290
20.134684
-7.866223
-7.011730
-6.257351
-4.227000
-1.449938
2.377173
5.116469
-20.060110
20.057302
-20.060154
20.060019
-20.060108
20.060040
-20.060091
20.060051
-20.060125
20.060066
-20.060083
20.060049
-20.060099
20.060099
-13.278124
20.060266
3.671433
20.060038
-8.125843
-7.394625
-6.245494
-4.533076
-1.155738
0.896323
-1.608509
9.570556
-20.060133
20.060005
-20.060104
20.060020
-20.060020
20.060015
-20.060070
20.060001
-19.327988
20.060043
-20.060072
20.060059
-19.938581
20.060251
-2.138278
20.060045
-15.597234
-19.046154
20.060030
-6.475509
-1.768230
0.608875
3.910653
-14.583599
15.477899
-20.060093
20.060053
-20.060089
19.436235
-20.060015
20.060043
-20.060118
20.060055
-20.060030
20.060051
-20.061672
20.060141
-20.060169
20.060186
1.644178
20.060070
-18.588791
-18.111521
20.060022
-6.287175
-2.929173
-0.117523
2.843663
3.730193
-12.762232
20.059996
-20.060188
20.060019
-20.060083
20.049938
-20.060108
20.060169
-20.060049
20.060053
-20.060089
20.060091
-20.059963
20.060261
-2.896146
20.060152
-0.911898
16.688686
-4.702990
-6.286091
-5.061622
-4.162663
-1.079244
1.848219
1.335030
3.246968
-20.059319
20.060007
-20.060093
20.060074
-18.822206
20.060043
-20.060076
19.220976
-20.060045
19.545673
-20.060116
20.060102
-20.060051
20.060202
-4.555741
20.060076
-0.434922
-4.460598
-8.719676
-8.226384
-5.802996
-2.155984
0.842194
-0.937918
-17.227303
17.591148
-20.060163
20.060026
-20.060106
20.060022
-20.060076
20.060036
-20.060122
20.060059
-20.060062
20.061193
-20.060112
20.060328
-9.419436
20.060099
7.510207
2.407943
-13.290133
17.902388
-5.909433
-2.852493
0.946685
3.127956
-7.669930
20.055737
-20.060101
20.059982
-20.060064
20.060005
-20.060041
20.060038
-20.060112
20.060020
-17.518250
19.654106
-20.060085
20.060152
-12.819434
20.060101
-8.232671
20.060123
-16.606188
16.388100
-6.566788
-6.262192
-5.265353
-2.805812
0.229287
2.945492
-20.060167
20.058352
-20.060427
20.060028
-20.060127
20.042336
-20.060068
20.060028
-20.060104
20.060032
-20.060160
-18.348484
18.888170
20.058823
20.060047
20.060019
20.060019
20.060040
-1.169897
0.159312
1.470184
0.000327
0.034975
0.089703
0.001182
0.001270
-0.001164
0.013528
-0.000741
0.004587
-0.002889
0.412112
2.877271
0.168184
0.036866
-0.139749
-0.426563
-0.345470
-0.987418
-1.023105
-0.804292
-0.276873
0.699666
1.977213
3.904230
6.166458
8.543908
11.062152
13.833715
16.874004
20.163536
0.000604
0.646231
0.108341
0.015370
0.002296
0.000003
-0.000003
-0.000002
0.000021
0.000624
0.000901
0.006372
-0.000000
-0.190599
-8.291462
-20.060272
-15.939906
-20.060061
-14.707096
0.039766
-20.054598
-17.803095
-12.477521
-5.850360
3.228057
-4.448938
-4.080789
-1.031612
-0.299031
0.448697
1.531578
0.910223
0.743692
2.114637
3.599546
5.203313
6.987506
9.061579
11.464849
14.157413
17.205437
19.995323
0.015175
0.472481
0.052160
0.032843
0.016199
0.001365
0.000184
0.000145
0.000026
0.000658
0.000469
0.000047
0.000794
0.000026
0.001111
0.000964
0.001171
-0.000000
0.000001
0.000002
-0.000001
20.060026
20.060020
20.060019
14.019684
20.060390
0.000282
0.001195
0.000039
0.000047
-6.367931
-3.561579
0.384959
3.592526
6.187171
10.760920
-0.858272
-0.758704
-0.549587
-0.467778
-0.460493
-0.466939
-0.333582
-0.070920
0.621411
1.291132
2.287352
4.499138
7.135095
9.341536
11.533374
13.907758
16.459623
19.727407
-1.717778
1.848225
0.010071
0.003481
0.003085
-20.011612
2.304784
-20.060133
0.400775
-20.060038
-17.192440
-17.492655
-14.101770
-13.716808
9.871755
-18.794510
1.786227
-12.342496
20.060022
-1.069412
15.849245
16.937263
-8.858397
20.060099
-13.745227
-14.070125
-9.933539
-5.975821
-2.776407
-0.294646
2.554291
5.589013
-20.059641
18.238073
-20.059929
20.060043
-20.060104
20.003830
-20.060080
20.060019
-20.060083
20.059975
-20.060053
20.060019
-20.060097
20.060110
-8.028505
20.060123
-6.719246
20.060101
20.059734
-8.364995
-5.333893
-6.152054
-5.814363
-2.336866
0.409073
-18.241035
14.091050
-20.060272
20.056763
-20.060719
20.060053
-20.060017
20.060007
-20.060057
20.060045
-18.827135
20.060011
-20.059612
20.060516
-17.155455
20.060289
-3.172816
20.060102
-17.491928
-20.102631
-7.051462
-6.832940
-5.688003
-2.300211
-0.511439
-0.406491
-17.151628
14.402900
-20.059843
20.060028
-20.060102
20.060041
-20.060062
20.060022
-20.060114
20.060059
-19.540615
20.059973
-20.060097
20.060268
2.133256
5.706178
20.060064
-16.896957
-19.197636
20.060011
-6.220043
-2.778170
-0.466755
2.292830
11.061487
-20.060091
20.060040
-20.060158
20.060022
-20.060062
20.060045
-20.060064
20.060041
-20.060108
20.060051
-20.060074
20.060047
-20.060087
20.060112
-6.870695
18.891785
11.442909
-0.208343
-10.210866
-9.723899
-9.034592
-6.836226
-2.352848
1.116958
3.556159
-20.060017
20.059641
-20.060152
20.060024
-20.060104
20.060062
-20.060076
20.060053
-20.060122
20.060045
-20.060078
20.060127
-20.060085
20.060101
-17.052601
20.060158
15.574579
-9.187712
-12.056641
-8.171770
-6.630122
-3.443091
-0.412559
2.669580
5.200751
-20.058352
20.059593
-20.060125
20.060024
-20.060102
20.032421
-20.060114
20.060068
-20.060118
20.060074
-20.060093
20.060041
-20.060104
20.060328
-7.352326
20.060202
3.239509
-6.250327
-2.958719
-8.174744
-6.444403
-5.189909
-0.933253
2.685183
7.418657
-20.060768
20.033947
-20.060091
20.060036
-20.060095
20.060032
-20.060099
20.060064
-20.060091
20.060057
-20.060059
20.060061
-20.060001
20.060377
-7.004460
20.060095
-1.360753
20.060085
2.033468
-8.199934
-7.094768
-6.025325
-2.354842
-0.758124
-4.137725
2.834451
-20.060041
20.059412
-20.060093
20.060013
-20.060019
19.569515
-20.060055
19.627234
-19.501083
16.291990
-20.060137
20.060009
-20.060040
20.060150
1.471794
20.060089
-14.484335
-6.538791
-5.829141
-5.624409
-4.878532
-2.029373
0.683257
3.523484
-20.060158
20.037153
-20.060135
20.060028
-20.060106
20.060036
-20.060070
20.060043
-20.060101
20.060030
-20.060083
20.060036
-20.060181
20.060091
-8.691986
20.059586
7.992165
2.261216
-14.697757
20.060049
-7.689548
-4.688950
-1.423429
2.358304
5.564475
-20.060131
20.058813
-20.059914
20.060036
-20.060062
20.051512
-20.060085
20.060078
-20.059984
20.060034
-20.059513
20.060043
-20.060143
20.060108
-6.077801
19.475485
4.081410
-17.636488
-18.790257
20.060085
-7.476626
-4.028103
-0.533073
1.725421
4.648163
-20.058271
20.059813
-20.060102
20.060040
-20.060066
20.060032
-20.060083
20.060051
-20.060097
20.060200
-20.060106
20.060038
-20.059990
20.060078
-4.820613
20.059603
-0.903817
8.189230
-3.530301
-7.136844
-6.243289
-4.717523
-1.646831
1.320353
4.318469
-20.060032
20.060019
-20.060488
20.060049
-20.060061
20.060053
-20.060061
20.059982
-20.060062
20.059298
-20.060104
20.060143
-20.060003
20.060131
-9.052672
20.060087
1.424125
9.469461
-3.030558
-7.440465
-6.779063
-5.583839
-1.420367
1.936791
4.687477
-20.057856
20.059919
-20.060122
20.060051
-20.060087
20.060051
-20.060089
20.060059
-20.060062
20.039909
-20.060083
20.060036
-20.059866
20.060110
4.237012
-0.614058
20.060095
-15.406182
-11.967425
20.060112
-7.570153
-4.523162
-1.684142
0.301621
2.772200
-20.060232
20.060101
-20.060059
20.060059
-20.060083
20.060068
-20.060022
20.060040
-20.060104
20.060009
-20.060081
20.060017
-20.060043
20.060110
-11.209858
18.927206
17.142244
-3.712306
-12.950621
20.060127
-9.470274
-7.413070
-4.498339
-1.491095
2.093303
9.097300
-20.059708
19.433069
-20.060167
20.060055
-20.060019
20.060066
-20.060034
19.739748
-20.060116
16.127419
-20.060108
20.060095
-20.060051
20.060143
-8.921540
20.060116
-2.928932
20.060081
20.041950
-7.702388
-7.383189
-7.414025
-3.849210
-1.780062
1.335195
1.367493
-20.057676
11.193522
-20.060051
20.060015
-18.551394
20.060030
-18.713104
18.073769
-16.248415
2.155630
-20.060041
20.060064
-20.060066
20.060431
1.178703
20.060137
-8.405161
-19.992468
20.060112
-10.136697
-6.073576
-3.130785
-1.610384
2.455177
8.671081
-20.059879
13.526720
-20.059935
17.787640
-20.066103
20.060026
-20.060089
20.059959
-16.033140
20.060047
-20.060076
20.060020
-17.924484
20.060057
-9.529899
20.060129
-11.083508
20.060080
-7.391448
-5.547800
-5.390047
-5.754402
-1.554179
-0.007236
-0.065637
-19.092047
12.336891
-20.059963
20.060043
-20.060091
20.060038
-20.060047
20.060036
-20.060087
20.060032
-20.060036
20.060001
-20.060045
20.060247
4.331772
13.107121
20.060074
-13.245154
-19.618341
20.060022
-9.792418
-6.254354
-2.633715
0.171012
-2.292462
17.971378
-20.059887
20.059263
-20.060072
20.060049
-20.060007
20.060061
-20.060040
19.348034
-19.613491
16.258245
-20.060110
20.059986
-20.059860
20.060307
-2.154231
20.060078
-8.054681
19.842968
-8.926201
-7.654891
-7.199264
-6.174928
-3.565366
-1.077394
4.326388
-20.060169
9.666029
-20.060110
20.060026
-20.060081
20.060055
-20.060017
20.060024
-20.060001
20.060053
-17.413527
20.060024
-20.060061
20.060143
1.250967
18.875839
18.836361
-18.845953
-19.386103
20.060030
-11.861476
-7.460197
-3.345799
-2.398111
0.867837
3.455841
-5.666956
8.037954
-20.060062
20.060061
-18.614605
20.060085
-20.060020
19.091236
-20.031111
8.929674
-20.059956
20.060047
-20.060087
20.060173
0.358868
20.060074
1.945906
4.709262
-7.282278
-6.382780
-5.069319
-2.959922
-0.442752
2.159439
6.701473
-20.060085
20.060272
-20.060125
20.060051
-20.060019
20.060081
-20.060040
20.061119
-20.060186
17.104221
-20.060110
20.060064
-20.060053
20.060257
-3.914602
20.060101
-2.535219
13.757770
-9.696025
-8.815804
-7.454282
-4.884891
-1.418945
2.237939
-20.057560
20.053686
-20.060217
20.060041
-20.060091
20.060032
-17.320446
19.791662
-20.060085
20.060038
-20.060038
20.060030
-20.060114
20.060400
-15.653644
20.060148
3.326271
20.060091
-16.237432
20.038673
-6.958068
-6.570948
-5.966014
-3.271147
-0.791134
-20.059629
-0.357377
-19.218767
11.706994
-20.060078
20.060020
-18.070230
14.570283
-20.060049
19.286180
-18.197466
17.584612
-20.060083
20.060114
-20.059662
20.059950
-4.651827
20.060116
-15.643053
19.649179
-12.025322
-12.087002
-9.793330
-7.441303
-3.765313
-1.521065
1.320668
-11.768912
7.095095
-20.060095
19.615366
-20.060104
19.268064
-20.060009
17.549265
-20.060034
20.060049
-20.060055
20.060038
-20.060131
20.060305
-15.926321
20.060358
-0.300329
20.060078
-10.412278
-9.314425
-6.767071
-6.033950
-4.469034
-0.957292
1.005659
3.965242
-20.058254
18.367208
-20.060110
20.060036
-20.060085
20.060026
-20.060078
20.060057
-20.060097
20.060047
-20.060038
20.060026
-20.060095
20.060219
-3.840396
17.021255
20.060068
-12.906496
-15.385300
20.060030
-6.294519
-4.572401
-1.556947
0.400423
-20.058908
10.922669
-20.059557
20.059889
-20.060106
20.060049
-20.060015
20.060024
-20.060081
20.060028
-20.060038
20.060026
-20.060211
20.060007
-20.059870
20.060347
0.216067
20.060089
-11.647893
-8.991848
-8.509745
-8.551601
-6.750043
-3.231516
0.265864
2.329794
-20.060171
20.060064
-20.060627
20.060041
-20.060072
20.060055
-20.060078
20.060055
-20.060081
20.060034
-20.060030
20.060055
-20.060074
20.060133
-4.918709
18.451567
12.792719
11.835403
-5.345967
-7.690434
-7.791883
-6.479262
-2.320402
1.314682
3.956520
-20.060146
20.058325
-20.060097
20.060049
-20.060059
20.060045
-20.060055
20.060038
-20.060125
20.061686
1.006389
-1.485799
-1.468744
-1.552948
-1.725949
-1.862473
-1.655195
-1.675250
-1.312547
0.661493
2.396862
3.950787
5.091659
6.859338
8.441628
10.052395
11.427335
13.042849
14.816691
17.264006
0.000007
-20.060036
-20.060026
-17.515285
-20.060036
-20.060030
-16.708788
-16.382181
-16.134340
4.571179
-4.993036
-2.144332
-10.755473
16.800117
-5.208077
19.277494
4.829206
-7.589042
19.189747
-20.060141
-18.527739
-5.672105
-2.758916
0.280383
1.549663
5.345071
20.060116
-20.060110
19.983431
-20.059959
17.266853
-20.060038
20.048697
-20.060087
20.060049
-16.907993
20.060068
-20.060076
20.059975
-20.059990
20.060345
-8.188401
20.060116
-4.658658
20.060078
-8.156617
-5.897888
-5.421076
-5.549022
-1.044960
1.115227
6.209100
-20.059855
14.345985
-20.059998
20.060024
-20.060118
20.060011
-20.060064
20.060057
-20.060062
20.060051
-20.060242
20.060022
-20.060003
20.060261
5.991472
7.716054
20.060091
-20.060011
-16.849998
20.060011
-6.117565
-3.567389
-0.638510
0.842428
3.017838
-13.604390
13.374695
-20.060055
20.060041
-20.060099
20.060057
-20.060040
20.060022
-20.060101
20.060020
-20.060049
20.060036
-20.060089
20.060070
-7.795494
17.128643
16.678265
-9.817687
-14.124635
-8.493847
-7.901752
-4.994155
-1.789954
0.928132
4.161551
-20.060072
20.060066
-20.060125
20.060045
-20.060055
20.060047
-20.060045
20.060032
-20.060106
20.060026
-20.060061
20.060049
-20.060095
20.060102
-4.415556
18.787720
5.503595
20.060036
2.859218
-7.804992
-8.342578
-6.343452
-2.248001
2.034788
14.500413
-20.060061
20.058849
-20.060009
20.060024
-20.060102
20.060020
-20.060068
20.060028
-20.060133
20.060049
-20.060085
20.056723
-20.060101
20.060091
-10.815087
20.060118
0.757109
20.060080
-8.701235
-8.034438
-6.917944
-6.484579
-2.004018
1.209640
-12.512288
16.850002
-20.059914
20.060009
-20.060102
20.060066
-15.920465
20.060045
-20.060045
20.060011
-20.060007
20.060017
-20.060106
20.060030
-20.059784
20.060295
-0.127243
20.060101
-11.560957
-19.498953
20.060030
-11.438095
-6.526334
-2.389400
-0.986058
-0.835697
-8.379664
11.449183
-20.060171
20.060020
-20.060066
19.760540
-20.060106
20.060053
-20.060102
20.060068
-20.060055
20.060045
-20.060127
20.060125
-1.261514
17.971670
-1.551723
-0.012077
-7.708423
-7.592476
-6.733654
-4.322892
-1.202105
2.693825
-5.646303
13.303940
-20.060120
20.060160
-20.060081
20.060022
-20.060011
20.060057
-20.060070
20.060068
-17.597328
20.059996
-20.060112
20.060083
-15.095244
20.060207
0.394773
20.060097
-12.858328
20.040960
-13.246916
-9.836357
-6.715585
-4.532476
-2.565540
-0.237308
-10.066786
11.223626
-20.059828
20.060013
-20.060097
19.787426
-20.060051
18.843876
-20.060104
20.060001
-20.060095
20.060036
-20.060257
20.060259
-11.479660
20.060215
4.146706
20.053049
-3.104595
-8.255749
-6.760140
-6.320783
-2.204722
0.932990
5.115159
-20.058184
18.823494
-20.060097
20.060047
-20.060072
20.009893
-20.060034
20.060040
-20.054571
20.060036
-20.060085
20.060068
-20.060188
20.060068
-13.129114
20.060104
3.422105
20.060083
20.060011
20.060127
-8.351397
-7.069161
-4.343813
-2.788012
0.690060
-12.127194
3.135746
-20.059973
20.060024
-20.060093
19.838371
-20.035694
18.009844
-20.060083
20.060024
-20.060076
20.060036
-20.060135
20.060070
-17.492056
20.060160
4.738986
20.060070
-7.133588
-8.281116
-6.596128
-7.342215
-5.246771
-2.641458
0.965544
5.514357
-20.059767
20.057592
-20.060110
20.060036
-20.060104
20.060019
-20.060074
20.060083
-20.060102
20.060062
-20.060293
20.060043
-20.060093
20.060102
4.499409
9.769606
20.060078
-15.640565
-19.124453
20.012987
-7.116847
-4.531866
-1.548451
2.574836
15.036294
-20.058216
20.057737
-20.059780
20.060020
-20.060093
20.058535
-20.060102
20.060061
-20.060089
20.060026
-20.060026
20.059992
-20.060068
20.060209
-14.696299
20.060127
7.854458
20.060057
-7.591503
-9.427348
-7.745658
-6.688582
-2.555365
0.918883
-9.745614
15.115393
-20.060671
20.060036
-20.060091
20.060038
-19.407291
20.060028
-20.060045
20.060001
-20.060024
20.060001
-20.060106
20.060099
-18.060247
20.060225
2.758277
20.060078
-13.669374
-16.356316
20.060030
-10.250401
-6.078013
-2.532188
-0.605473
-0.920627
-11.760980
20.055811
-20.060040
20.060034
-20.060099
20.056986
-20.060089
20.060062
-20.060127
20.060036
-20.060110
20.059996
-20.060175
20.060053
-4.183661
14.253846
20.060066
-1.560154
-8.967654
-6.428954
-6.600067
-4.844548
-1.929791
0.648799
2.534889
0.734097
-20.058548
19.970476
-20.060101
20.060038
-20.060003
20.060034
-20.060030
20.060049
-20.060024
20.060034
-20.060061
20.060070
-20.060061
20.060320
0.217229
20.060085
-3.963044
20.060074
-8.056931
-6.597939
-6.221740
-5.819916
-3.160679
-1.454729
-11.981782
-6.772192
-18.192169
20.059155
-20.060118
20.060045
-19.043365
20.060009
-20.060038
20.060061
-20.060013
20.059820
-20.060106
20.060091
-16.925499
20.060108
5.152227
20.060104
-9.913128
20.046482
-8.906596
-7.773962
-6.392936
-5.038531
-2.739762
-0.798892
-20.058329
7.632648
-20.058851
18.235035
-20.060116
19.910242
-20.060009
20.060007
-20.060047
20.060028
-20.060070
20.060080
-20.060083
20.060102
-17.059881
20.060118
3.805370
20.060066
0.521218
-3.399682
-8.110855
-8.675545
-6.980002
-2.750172
0.763783
-20.058470
-2.528086
-5.456898
-7.015714
15.149116
-20.060080
20.060028
-20.060068
20.060059
-20.060089
20.060036
-20.060131
20.060091
-20.060080
20.060013
0.804303
8.747532
20.060087
-6.735583
-15.320624
17.897499
-9.249785
-7.045692
-3.291649
0.094390
3.119917
8.017532
-20.058374
20.060137
-20.060055
20.060064
-20.060022
20.060064
-20.060041
20.060043
-20.060017
20.060017
-20.060072
20.060030
-20.027393
20.060375
1.781328
20.060087
-1.868330
-9.884777
20.060156
-8.650372
-6.221708
-5.541914
-2.193765
0.344101
-19.684652
7.524270
-20.059727
20.060310
-20.060104
18.442413
-20.060015
15.810580
-20.060078
20.060001
-20.060112
20.060001
-20.059891
20.059908
-14.192462
20.060120
4.160163
20.060055
2.220207
-6.384877
-6.374168
-6.847476
-4.681313
-1.805537
1.344233
-20.059786
15.172313
-20.059666
19.890432
-20.060102
20.060041
-20.060051
20.060015
-20.060087
20.060110
-19.405958
20.060030
-20.060089
20.060123
-11.790336
20.060034
5.312141
13.990868
-7.035544
-6.250000
-6.213519
-6.014812
-4.066690
-0.802468
2.885567
-13.714466
16.182245
-20.060104
20.060028
-20.060080
20.060062
-20.060043
20.060028
-20.066368
20.048883
-15.714720
17.876001
-20.059999
20.060125
-9.725246
20.060074
0.386976
20.060116
-20.060019
-17.872507
20.060024
-7.663356
-5.151464
-2.407395
-1.189012
-0.950355
-16.413921
20.056200
-20.059219
20.060043
-20.060085
20.060034
-20.060083
20.060076
-20.060091
20.060034
-20.060030
20.060034
-20.060122
20.059889
0.683551
15.562333
20.060038
-3.520779
-3.663744
-7.317618
-7.969107
-7.453178
-3.454549
-0.965514
1.099430
3.197011
-20.060194
20.060167
-20.060093
20.060051
-20.060022
20.060055
-20.060030
20.056953
-20.059860
20.060030
-20.060083
20.060148
-20.059803
20.060139
1.107607
20.060110
-1.856621
20.060083
9.615975
-5.936123
-5.755643
-5.522038
-3.363202
-2.677248
-0.368516
-17.686930
0.282424
-19.728310
20.060028
-20.060102
20.054497
-20.060013
17.457081
-20.060085
20.060036
-20.060066
20.059872
-20.060085
20.060255
-1.276107
20.060015
4.489410
20.060110
20.060011
8.890985
-12.893868
-11.409681
-9.847536
-7.289706
-3.708488
-0.934872
-3.448458
5.547286
-20.058672
20.058872
-20.060118
20.060011
-20.060009
18.240946
-20.060072
20.060038
-20.060055
17.833799
-20.060143
20.060219
-16.510307
20.060205
7.515949
20.060078
-9.190484
-9.189371
-4.728321
-5.325890
-4.519318
-2.025095
-0.620472
0.933631
-20.057953
17.817278
-20.060280
20.060038
-20.060116
20.023607
-20.060083
20.060024
-20.060095
20.060013
-20.060078
20.059940
-20.059967
20.060345
-9.167600
20.060139
6.602360
20.060095
16.730909
-7.759504
-7.463272
-7.601564
-4.680376
-1.788438
1.888326
-20.060286
13.129560
-20.060131
20.060251
-20.060091
20.060024
-20.059595
19.452665
-20.060068
20.060041
-20.060190
-17.246147
0.770781
20.058645
20.064384
20.059971
20.060055
20.059996
20.059980
-2.790124
0.021396
1.828534
0.002404
0.000280
-0.000487
0.001252
0.000416
-0.001755
-0.001061
1.010217
4.105014
0.882649
0.812361
0.621435
0.262557
-0.131094
-0.228740
0.122794
0.944257
-3.919427
-0.931788
1.681238
0.598594
-0.204508
-0.229480
-0.244525
-0.444323
-0.770512
-1.092071
-1.280379
-1.336195
-1.352131
-0.952483
-0.443128
0.866438
2.105504
4.433011
6.323462
8.386049
10.541817
12.641806
14.904412
17.276169
20.143200
0.000001
0.167353
0.588617
-19.814693
-20.023247
-16.404617
-20.060009
-17.315275
-20.060015
-11.231327
-17.717171
-10.141625
15.677788
-18.219603
0.839980
-15.182395
20.060308
-0.451637
16.388466
13.044232
-11.160469
-14.834991
-18.182526
-6.437449
-2.991401
-0.734297
1.530813
3.367556
6.078587
19.163090
-20.060139
18.312874
-20.059965
18.103119
-20.060032
20.058874
-20.061193
20.060041
-15.658442
20.059948
-20.060034
20.000874
-6.662706
20.058773
-8.047573
20.060028
-7.615728
19.086990
-10.851398
-7.725639
-6.049303
-4.512541
-2.488239
0.731304
3.623377
-20.059986
18.529028
-20.060148
20.060036
-20.060108
19.937826
-20.060047
20.060011
-20.060097
20.060036
-20.060045
20.060030
-20.060047
20.060331
1.056558
20.060215
0.389626
20.060068
20.059996
-13.123910
-9.315771
-8.146270
-5.514165
-3.955196
-0.682051
0.027952
-8.270087
3.601172
-20.059469
20.060024
-20.060102
20.060047
-20.060040
19.512251
-20.060123
20.060020
-16.755062
20.060026
-20.060137
20.060242
0.354696
20.060095
-4.422767
20.060028
-17.528374
-9.902375
-6.984147
-3.982700
-1.218411
1.831712
5.424294
-20.058317
20.056650
-20.060116
20.060034
-20.060066
20.060064
-20.060038
17.344595
-20.060062
20.060020
-20.060055
20.060047
-20.060099
20.060152
-3.800678
18.973330
12.587926
-4.636890
-5.786867
-8.940552
-8.497353
-6.745914
-3.200102
-1.334091
2.013313
-20.060020
20.058634
-20.059959
20.060038
-20.060083
20.060059
-20.060009
20.060005
-20.060076
20.060022
-20.060020
20.060043
-20.060112
20.060093
-6.280640
17.303507
15.333387
-9.193519
-9.417624
-10.130305
-8.905766
-6.136411
-2.856470
0.147339
1.774561
-9.347027
20.059401
-20.060148
20.060055
-20.060059
20.060053
-20.060024
20.060003
-20.060059
20.060007
-20.060041
20.060020
-20.060064
20.060089
-0.479035
14.156667
20.060055
-5.857552
-9.029522
-9.827123
-8.833800
-6.693320
-3.082606
-1.531370
0.596182
-12.431152
13.663934
-20.060017
20.060047
-20.060074
20.060059
-20.060015
20.060020
-20.060112
20.060011
-20.060040
20.060024
-20.060114
20.060139
-5.376049
15.171445
20.060064
-10.866855
-16.327042
-9.923322
-8.289420
-4.333819
-1.135208
1.596879
3.170074
-20.059473
20.060268
-20.060080
20.060057
-20.060053
20.060066
-20.060028
20.060005
-20.060076
20.060022
-20.060055
20.060032
-20.060057
20.060045
-0.849838
17.881018
8.662644
9.839239
-6.566215
-8.506238
-8.744381
-8.001273
-3.667630
0.393511
-11.495749
0.138025
-18.692696
20.059866
-20.060085
20.060062
-16.261496
20.060032
-20.060030
16.808054
-20.060055
17.399025
-20.060133
20.060055
-20.060026
20.060095
-0.177375
20.060089
-13.343377
19.933077
-7.835809
-6.692502
-6.053804
-4.002050
-0.825612
1.945902
-20.057570
12.422584
-20.060053
20.060026
-20.060095
20.060041
-13.955254
7.224372
-20.036394
20.059862
-20.060013
18.062658
-20.060041
20.060112
-4.891487
20.060068
-1.425813
20.060139
20.055958
9.363797
-10.959220
-9.630914
-7.537856
-5.322901
-2.549036
-4.273778
4.012295
-20.058393
17.668808
-20.060329
20.060015
-20.060015
20.060009
-20.060053
15.793962
-17.934780
9.036464
-20.060070
20.060102
-8.977320
20.060369
-11.921125
20.060093
-20.060011
19.631903
-7.895039
-6.077936
-6.071356
-3.803056
-2.699360
1.364969
-20.057980
13.736948
-20.059891
20.060040
-20.060104
20.050638
-18.165995
19.974628
-20.059193
20.059999
-20.060047
20.060013
-20.060053
20.060261
-4.726398
20.060106
-1.237343
20.060087
20.060022
-10.907182
-6.769417
-6.219991
-6.233275
-3.665213
-0.101823
8.996011
-20.057846
14.045235
-20.060101
20.060017
-20.060095
20.060038
-20.060011
18.656147
-20.060081
20.060017
-16.369423
20.059906
-20.060062
20.060196
1.359381
12.607639
20.060076
-20.060026
-19.293770
19.783743
-8.967785
-5.893966
-2.637804
-0.225152
2.973158
-20.058884
20.060061
-20.060940
20.060057
-20.060061
20.060059
-20.060043
20.060036
-20.060101
20.060007
-20.060049
20.059999
-20.060108
20.060184
-4.238451
17.657953
20.060038
-7.009462
-8.088825
20.060017
-8.524715
-6.834279
-2.377533
0.249766
2.964485
-20.058304
12.131119
-20.060034
20.060064
-20.060080
20.060057
-20.060024
20.060093
-20.060125
20.060040
-19.761993
20.060053
-20.060070
20.060194
-3.077416
16.546577
20.060074
-12.243470
-13.827742
20.060032
-13.102821
-8.767520
-4.625389
-1.493979
-3.006293
19.455170
-20.059458
20.058935
-20.060078
20.060032
-17.651546
20.060081
-20.060051
17.212601
-20.060034
16.452518
-20.060097
20.060085
-20.060034
20.060230
0.658891
20.060076
-6.617825
8.840611
-8.477849
-8.034981
-6.450684
-3.224453
-0.813150
2.499293
-20.060085
20.060108
-20.060745
20.060072
-20.060059
20.060041
-19.915964
20.060003
-20.060076
20.060019
-20.060062
20.060045
-20.060106
20.060152
-5.260760
18.768330
19.650923
-4.709141
19.956089
-9.480627
-8.320194
-7.694404
-6.275694
-3.366227
-0.343069
-20.059721
11.821242
-20.060577
19.437767
-20.060102
20.060026
-17.213961
16.277006
-20.060047
20.054224
-20.060036
15.603330
-20.060110
20.060308
-2.318214
20.060057
-3.287266
20.060141
-20.060047
-19.401663
20.059975
-7.586456
-4.100584
-2.348993
0.858058
4.373798
-20.059179
16.618666
-20.059299
20.060020
-20.060085
20.008873
-20.060061
20.060024
-20.060081
20.060036
-20.060020
20.059973
-20.060112
20.060238
-1.303897
11.546818
20.060091
-15.329514
-19.089611
20.059984
-8.655138
-5.388104
-1.630794
1.160914
4.854223
-14.173942
16.023088
-20.060120
20.060030
-20.060091
20.060011
-20.060068
20.060045
-20.060106
20.060024
-20.060146
20.060076
-20.060093
20.060110
-4.639614
15.348546
20.060057
-8.888959
-13.707236
20.060162
-9.162838
-6.112967
-2.542870
1.134369
11.224403
-20.059837
19.876738
-20.060070
20.060034
-20.060087
20.060013
-20.060059
20.060032
-20.060074
20.060015
-19.254774
20.059965
-20.060074
20.060104
-2.828434
14.386559
20.060059
-7.945576
-14.672665
20.059999
-9.096253
-6.153167
-2.640623
0.024882
-15.278662
1.882428
-17.672876
20.059830
-20.060068
20.060057
-17.925316
20.060068
-20.060030
15.695696
-20.060034
19.905949
-20.060122
20.060053
-20.057032
20.060184
-2.434861
20.060106
-11.260295
19.678062
20.060566
-14.609868
-12.567763
-8.721477
-6.638199
-2.923532
0.156693
-2.373793
-12.816102
20.059843
-20.060102
20.060053
-20.060022
19.861874
-20.060099
20.059837
-19.066189
20.059845
-20.060078
20.059919
-16.458399
20.060152
-0.983504
20.060080
-13.928565
-11.381216
-6.439191
-6.665011
-5.404100
-1.735252
1.595924
10.245076
-20.057835
20.055712
-20.060072
20.060034
-20.060089
20.060028
-20.060064
20.060028
-20.060083
20.060034
-20.060062
20.060001
-20.060066
20.060204
3.342021
10.695055
20.060078
-14.293123
-19.122299
20.060019
-7.977223
-5.393800
-2.095735
0.786262
11.252164
-20.059660
17.312778
-20.060108
20.060019
-20.060099
20.033545
-20.060097
20.060036
-20.060120
20.060045
-20.060080
20.059877
-20.060175
20.060173
-3.607326
12.329854
20.060081
-8.085672
-14.304981
-8.967505
-8.601627
-5.378716
-2.045055
0.902129
-20.058670
3.692168
-20.059025
20.060652
-20.060099
20.060055
-20.060005
20.060040
-20.060045
20.060038
-20.060020
20.060041
-20.060106
20.060053
-16.328592
20.060070
4.819713
20.060114
-7.983541
19.554079
20.060091
-13.875687
-11.704300
-9.581021
-6.942384
-3.521635
-1.818697
-4.527980
-9.946092
17.638041
-20.060097
20.060026
-19.966576
20.060015
-20.060040
16.526457
-19.320328
15.162243
-20.060162
20.060091
-16.161030
20.060143
-0.883716
20.060099
-12.980471
18.346636
-7.235603
-7.416114
-6.394495
-3.890016
-1.526177
1.505330
5.171469
-18.420992
18.803551
-20.060076
20.060051
-20.060043
20.060032
-20.060038
20.060036
-20.059822
15.697786
-20.060057
20.060099
-20.060045
20.060265
6.292595
20.060114
-6.151925
-17.824888
20.060102
-14.930616
-10.077355
-6.789557
-4.103321
-0.136017
2.505152
-18.264210
20.057518
-20.060013
20.060024
-20.060095
20.043446
-20.060116
20.060059
-20.060112
20.061340
2.633414
-2.011441
-2.451233
-2.439649
-3.112509
-3.318075
-2.714094
-2.142827
-2.335906
-1.724657
-1.244883
-1.062228
-1.109926
-2.477635
-2.312917
-2.158151
-2.109542
-1.989503
-1.863360
-1.696762
-1.457885
-1.231245
-0.980563
3.637294
-0.303166
-0.737740
-0.574422
-0.446917
-1.246496
-1.379589
0.332197
1.197200
2.248897
3.152350
4.020080
5.049500
6.408111
7.954418
10.139759
11.349002
13.743960
-20.060059
-13.468050
-13.161259
-9.114205
-19.731775
-7.431383
-20.054794
4.188690
-10.683448
7.128661
-11.050848
2.848375
6.339781
9.289217
15.569001
-7.856558
20.060093
-20.060040
-6.850997
-6.435273
-5.122221
-3.106745
-1.193709
-1.464687
1.913663
5.649955
-20.059759
18.683506
-20.060116
20.060064
-20.059992
20.060026
-20.060028
20.060015
-18.509106
20.060040
-20.060051
20.060104
-10.838442
20.060356
-12.751288
20.060112
-14.854423
15.783976
-9.544217
-7.384419
-5.029672
-2.049054
0.737429
4.526034
-20.059423
19.446848
-20.059759
20.060026
-20.060089
18.927567
-19.330786
20.060022
-20.060064
20.060003
-20.060055
20.060007
-20.057142
20.060097
-13.089001
20.060244
-0.235561
20.060122
-20.060024
-19.358215
-13.012521
-8.695941
-5.072755
-2.916156
-0.516508
3.606683
-13.610383
20.060343
-20.059925
20.060045
-20.060059
20.060049
-20.060019
20.060013
-20.060106
20.060024
-16.121561
20.059998
-20.060083
20.060171
3.004549
15.450757
20.060041
-19.135237
-15.157507
20.060028
-7.923715
-5.469730
-2.194632
-0.395579
2.616257
-18.513660
18.522013
-20.060503
20.060041
-20.060064
20.060057
-20.060036
18.951553
-20.060125
19.808189
-20.059750
20.060049
-20.060122
20.060129
-4.132813
17.630064
18.459249
-5.996078
-11.074225
-11.315838
-9.474099
-5.131968
-1.805051
2.610981
12.881382
-20.058849
20.059217
-20.060091
20.060047
-20.060081
20.060040
-20.060057
18.715235
-20.060087
20.060026
-20.060026
20.060032
-20.060066
20.060112
-2.132901
16.871325
18.573809
-7.579380
-10.899467
-10.128984
-8.962067
-6.662233
-2.779100
0.288175
3.812201
-16.616413
20.060331
-20.060146
20.060047
-20.060081
20.060043
-20.060051
20.060019
-20.060108
20.060007
-20.059479
20.060038
-20.060072
20.060148
-0.225961
15.643954
20.060024
-7.689316
1.279698
-8.600174
-7.914039
-6.470035
-2.242293
1.032460
9.819512
-20.060040
18.684511
-20.060120
20.060047
-20.060064
20.060051
-20.060034
19.322407
-20.060068
20.060024
-20.060030
20.060026
-20.060080
20.060127
-0.547595
16.768225
19.720154
-12.034060
-14.712831
20.060017
-9.283136
-6.581740
-2.860326
0.180789
3.758666
-20.058277
20.057217
-20.060162
20.060036
-20.060070
20.060030
-20.060051
20.060026
-20.060083
20.060017
-20.060102
20.060061
-20.060152
20.060188
-12.007113
20.060095
7.534743
11.686901
-10.457685
-8.930349
-7.683915
-6.236184
-1.663971
2.401956
8.015992
-20.060812
20.057709
-20.060085
20.060032
-20.060068
20.059963
-20.060045
19.168695
-20.060070
20.060005
-20.056606
20.031036
-20.060068
20.059999
-3.983383
18.462486
11.138265
13.511728
-10.517729
-8.255085
-8.169838
-5.927770
-1.729671
2.792620
6.926802
-20.058222
19.418167
-20.060097
20.060049
-20.060108
20.059849
-20.060070
20.060034
-20.060110
20.060051
-20.060013
20.060059
-20.060116
20.060223
1.636065
9.806014
20.060089
-16.434061
-19.544622
20.059992
-7.999507
-4.463724
-0.926175
1.651860
6.643511
-19.766455
16.084793
-20.060005
20.060030
-20.060108
20.053633
-20.060053
20.060026
-20.060114
20.060026
-20.060009
20.059999
-20.060112
20.060085
-5.264982
16.139929
20.060074
-12.214407
-9.994699
-9.656343
-9.235568
-6.469404
-3.038690
0.552929
1.331300
-10.902444
18.669697
-20.060108
20.060061
-20.060080
20.060047
-20.060028
20.060036
-20.060125
20.060026
-20.060041
20.060032
-20.059992
20.060265
2.000229
13.373774
20.060078
-10.451658
-14.339316
20.060045
-8.014912
-4.713060
-1.971052
-0.428902
-14.533783
16.350267
-20.059988
20.059879
-20.060080
20.060043
-15.102648
20.060032
-20.060055
12.085686
-20.060049
16.816969
-20.060114
20.060133
-20.054874
20.060209
-1.660460
20.060127
-11.879570
19.887671
1.700031
-13.847249
-11.280061
-7.892927
-6.699724
-2.357332
0.419210
-16.541956
17.989473
-20.060032
20.060026
-20.060093
20.060040
-20.060019
20.059982
-20.060131
20.060011
-18.787207
20.060041
-20.060099
20.060242
-0.186503
15.930961
20.060095
-15.863079
-16.446251
20.060028
-12.806829
-8.169626
-4.330982
-2.757544
-1.521658
7.473613
-20.058754
20.060629
-20.060070
20.060057
-18.843559
20.060083
-20.060053
17.749630
-20.060024
8.397494
-20.060106
20.060116
-18.444855
20.060141
-0.435139
20.060127
-16.142900
19.658327
-7.494480
-5.661994
-5.096610
-6.003400
-2.204582
-1.697842
-19.091679
11.566702
-20.059883
19.212673
-20.060081
20.060053
-20.060026
14.534566
-20.060101
20.060015
-20.060057
19.632088
-20.060122
20.060003
-1.386272
15.795441
9.734727
10.108616
0.562293
20.062613
-6.943610
-6.321802
-3.363803
0.603847
4.106309
12.623357
-20.060083
20.059994
-20.060080
20.060062
-20.060009
20.060041
-20.060062
20.060043
-20.060034
20.060043
-20.060064
20.060694
-13.401089
20.060144
-7.356589
20.060123
-14.450731
20.060093
-9.399928
-7.824694
-6.660490
-6.109896
-3.446866
-0.753941
-20.058756
11.313104
-20.058132
20.060001
-20.060081
20.060049
-17.664110
20.060017
-20.060032
18.552799
-20.030018
17.275581
-20.060055
20.060085
5.688351
20.059542
-5.615310
20.060152
-20.060057
19.535646
-10.212550
-9.841126
-7.771738
-5.613307
-3.067431
-0.409245
-20.058876
9.244935
-20.059906
15.414659
-20.060057
18.718039
-20.060057
11.025703
-20.060064
20.060028
-20.060070
20.059845
-20.060106
20.060207
-2.623801
20.060003
3.020054
-14.372081
-19.969755
20.060087
-8.708797
-4.179295
-1.177824
1.163782
4.334713
-20.058157
20.059486
-20.059937
20.060074
-20.060074
20.043095
-20.060001
20.060007
-20.060106
20.058159
-20.060078
20.060038
-20.060057
20.060186
-2.543020
16.849224
20.060093
-7.094419
-18.818007
20.060104
-15.629109
-10.657418
-6.237294
-4.299301
-0.276680
3.684816
0.208690
-4.683426
6.679449
-20.060034
20.060030
-15.004035
20.060015
-20.060072
20.059868
-20.060017
12.234017
-20.060007
20.060085
6.626181
7.299979
20.060110
-9.653688
20.060049
-15.327297
-7.989037
-5.668597
-2.881153
-1.461797
0.357485
8.302967
-20.059629
15.715190
-20.059992
19.200462
-20.060034
20.060053
-20.060017
17.799923
-20.060045
14.801761
-20.060116
20.059992
-20.059895
20.060244
-6.364080
20.060114
-2.638347
20.060085
9.728119
-6.557596
-6.494126
-6.619569
-1.597047
-0.036436
-5.788546
-5.775849
-3.519951
-4.865997
2.495490
-3.944842
13.157944
-20.060030
20.060041
-20.060123
20.060019
-20.060068
20.060057
-20.060009
20.060192
3.182298
13.384008
20.060093
-17.128641
-10.158787
-7.137808
-5.774458
-4.684314
-1.793970
0.194639
-20.059788
2.768630
-17.923765
20.037144
-20.060057
20.060024
-20.060013
17.011030
-20.060038
16.977900
-20.060026
17.472677
-20.060108
20.060051
-19.862442
20.060154
1.170829
20.060106
-14.976950
19.917145
-9.364257
-7.843979
-8.676348
-5.404681
-3.016432
0.636803
-17.559071
12.582838
-20.059870
19.955601
-20.060081
20.060045
-20.060022
14.343637
-20.060070
20.059998
-20.060045
20.060009
-20.060120
20.060362
-6.144234
20.060005
1.301563
16.934578
-20.095226
-18.985365
-7.444505
-5.706262
-2.355222
0.544533
4.774242
-20.059221
20.059752
-20.060078
20.060078
-20.060068
20.056803
-20.059999
19.812706
-20.060047
20.060076
-20.060047
20.060030
-20.060122
20.060705
-6.394324
20.060059
3.140843
20.060123
-20.060007
19.861141
-14.924778
-13.448292
-10.333095
-6.456080
-3.070137
-1.048054
-5.398897
4.466818
-20.060102
20.057039
-20.060106
18.891273
-20.060015
13.100379
-20.060089
20.059965
-20.060045
19.798944
-20.060135
20.060087
-3.270452
20.060322
-4.705245
20.060102
-20.060022
19.566469
-8.190845
-7.883742
-6.958571
-5.573072
-3.274060
-1.107347
6.461484
-20.058681
14.850310
-20.060104
20.060034
-19.679991
20.059853
-20.060030
20.060034
-20.059914
20.060022
-20.029692
20.060112
-20.060106
20.060143
-5.471725
20.060123
-9.686344
17.443094
-8.402984
-8.296626
-6.677472
-5.705353
-2.452243
0.243307
-14.487645
14.079349
-20.059299
20.059376
-20.060087
20.060028
-20.060024
20.060020
-20.060059
20.060028
-20.060221
-17.747774
20.059505
20.058908
20.059946
20.059948
20.059959
20.059958
0.000103
-0.815769
1.788565
0.004343
0.034681
0.026569
0.078987
0.007093
0.028886
0.014999
0.016218
0.021413
0.955806
3.573164
-0.088129
-0.031035
-0.000366
0.000046
-0.012065
-0.451676
0.046185
1.828248
3.037160
4.299212
5.467979
5.939821
7.075437
8.389033
10.356543
12.224660
15.185319
-20.060005
-18.211172
-20.060055
0.580066
-20.060030
-17.547379
-16.537191
-2.169638
-19.236757
15.624247
-14.630803
0.707423
-5.650431
16.851837
5.985285
18.644405
-14.664867
20.060061
-20.060108
-19.158066
-13.817630
-10.161761
-6.235376
-2.727881
-1.745363
2.315098
5.387551
-20.060396
20.056696
-20.060091
20.060091
-20.060040
20.060040
-20.060059
20.060057
-20.060026
20.060043
-17.328737
20.060089
-17.723515
20.060219
-3.390254
20.060120
-10.354586
14.921344
-15.906943
-8.030634
-4.746511
-1.918655
0.647047
3.257605
4.147650
-5.075052
6.476695
-20.060057
20.060020
-20.060074
20.060030
-20.060051
19.740753
-20.060091
20.060020
-19.898325
20.060015
-20.059996
20.060112
6.973221
9.427304
20.060099
-20.060038
4.880982
-6.403280
-7.418325
-7.293662
-2.187773
-1.164828
0.978872
-17.436987
16.909781
-20.060246
20.060036
-20.060066
20.060030
-20.060015
18.063400
-20.060120
20.060003
-19.435938
20.060013
-20.060081
20.060156
-0.258344
14.024359
20.060051
-12.546750
-16.191751
20.060028
-9.579627
-6.149906
-1.858869
0.377078
3.351166
-7.851281
6.782766
-20.060085
20.060047
-20.060081
20.060041
-20.060022
20.060011
-20.060089
20.060013
-20.060043
20.060038
-20.060104
20.060152
-4.147279
17.705088
20.060040
-9.997470
-14.661230
20.060019
-9.536933
-6.327828
-2.770735
0.310028
4.076312
-20.058878
20.055489
-20.060078
20.060051
-20.060080
20.060043
-20.060017
20.060015
-20.060097
20.060007
-17.298334
20.060028
-20.060102
20.060095
-0.322870
15.143002
20.060078
-14.999105
-17.161146
20.060047
-13.745807
-8.496756
-4.678767
-2.806094
1.354054
-3.502196
10.847057
-20.059177
20.060020
-20.060061
20.060011
-19.559622
20.060020
-20.060091
20.060017
-20.060032
19.471889
-20.060091
20.060261
1.999124
19.542854
20.060053
-17.794865
19.651711
-17.266178
-13.839808
-11.275367
-8.822065
-7.618141
-3.967156
-0.345915
-2.165457
-6.026316
15.386003
-20.060068
20.060070
-14.184650
20.060022
-20.060049
13.496713
-20.060036
12.752706
-20.060066
20.060101
-11.858617
20.060112
3.514009
20.060085
-13.988471
-17.795719
20.060030
-8.844080
-6.186933
-2.466917
-0.811243
1.976711
-16.011477
16.144646
-20.059937
20.060061
-20.060057
20.060053
-20.060026
18.369541
-20.060131
18.669947
-20.060034
20.060040
-20.060089
20.060125
-4.714238
15.936939
20.060049
-3.128039
-8.329555
-11.668324
-10.404266
-7.714689
-2.626981
0.611272
4.525627
-20.059904
18.137463
-20.060135
20.060066
-20.060081
20.060038
-20.060026
20.060026
-20.060070
20.060019
-19.507008
20.059986
-20.060041
20.060114
0.839940
16.121248
20.060080
-16.867022
-19.088003
20.060040
-13.258289
-8.339025
-3.925181
-2.073968
1.899594
-2.096567
6.439771
-19.582279
20.060022
-20.060089
20.024794
-20.060005
20.060028
-20.060127
20.060038
-20.060011
20.060036
-20.060122
20.060148
3.426318
9.783329
20.060085
-17.311800
12.474704
-8.090602
-7.780307
-6.698898
-3.223474
-0.750410
2.855043
-20.059801
20.060181
-20.060183
20.060062
-20.060057
20.060032
-17.234499
14.845916
-20.060066
20.060001
-20.060049
20.060009
-20.059994
20.060110
3.540618
14.404804
20.060099
-9.909047
19.761024
-17.235710
-13.562540
-11.184139
-8.235201
-5.408462
-1.544267
-2.398482
1.834994
-20.058887
20.060005
-20.060097
20.060028
-16.467207
20.032942
-20.060022
19.960789
-20.060055
8.918656
-20.060064
20.060093
-2.985005
20.060188
-2.411615
20.060112
-20.060032
19.746901
-15.786261
-13.523107
-11.445161
-6.418796
-4.821711
-1.427320
-5.420528
5.381017
-20.058485
19.310284
-20.060089
20.057835
-20.060036
16.344255
-20.060080
20.059956
-20.060112
20.060028
-20.060045
20.060110
-0.531256
20.060064
-5.470928
20.060076
-19.349325
19.781931
-10.740911
-6.423551
-3.200146
-0.800704
3.064242
-2.963007
20.060242
-20.060707
20.060064
-20.060072
19.998804
-19.890303
19.957371
-20.060093
20.060019
-20.060045
17.864811
-20.060062
20.060253
4.867258
7.061964
20.060110
-16.443991
-18.728031
20.060104
-9.546863
-5.961857
-2.270944
-0.365593
2.833471
-18.206034
19.862949
-20.059961
20.060072
-20.060080
20.057381
-18.798281
16.939297
-20.060068
20.059967
-20.060064
20.060017
-20.060102
20.060049
-6.897951
17.270256
20.060091
-9.372953
-14.018376
20.060139
-14.342484
-10.012702
-5.893102
-3.338966
1.170391
5.717045
-20.060089
20.059702
-20.060118
20.060062
-20.060030
20.060049
-20.060024
17.866968
-20.060053
10.343076
-20.060074
20.060053
-20.060013
20.060211
2.898455
20.060099
-7.307623
20.060137
20.059753
-14.836855
-12.063396
-10.382681
-6.620478
-4.756905
-0.580284
7.485971
-20.059988
20.060076
-20.059782
20.060053
-20.060013
20.060051
-20.060017
16.316099
-15.221709
-0.844173
-20.059999
20.060017
-20.060047
20.060230
1.579342
20.060097
-6.992568
20.060110
20.055468
-10.958317
-8.737908
-9.067510
-5.517782
-3.516323
-3.714099
-5.927131
-0.815206
-15.271383
20.048918
-20.060093
20.025846
-20.060028
20.059996
-20.060089
20.060001
-20.060003
20.057938
-20.060070
20.060150
13.257166
-4.731440
20.060116
-16.023458
9.478505
-8.422733
-7.421112
-6.999852
-3.747753
-1.268524
2.228731
10.439593
-20.059340
20.058228
-20.060110
20.060045
-20.060030
20.060034
-20.060049
20.060041
-20.060049
17.160183
-20.060081
20.060061
-20.057526
20.059664
5.834218
20.060106
-8.835856
-19.955772
20.060101
-11.684929
-7.399601
-4.087417
-2.022712
1.413638
6.790403
-20.059975
15.708145
-20.060144
18.801371
-20.060072
19.600845
-20.060081
20.060064
-20.060089
20.060022
-20.060104
20.060049
-20.060017
20.060108
-3.329286
20.060120
-2.827385
13.197014
-6.800807
-10.333167
-7.351486
-4.976339
-1.406292
1.275302
4.086491
-20.060024
20.060183
-20.060087
20.060062
-20.060085
20.023764
-20.060055
20.060005
-20.060099
20.060022
-20.060059
20.059883
-20.059898
20.060072
2.746724
14.289718
20.060087
-14.553901
-2.951090
-5.430087
-5.481739
-4.437692
-2.964590
-1.612699
-20.058220
1.573581
-15.482288
11.494822
-20.060057
18.209427
-20.060017
16.187824
-20.060024
15.712057
-20.060013
12.496022
-20.060139
20.060032
-18.649048
20.060068
2.646806
20.060102
-16.627975
8.570391
-6.844371
-6.568011
-6.035617
-4.260406
-1.890059
0.874634
-20.060038
17.019865
-20.060003
19.901104
-20.060083
19.991737
-20.060051
15.970797
-20.060055
20.060026
-20.060064
18.537851
-20.029919
20.060139
-4.719840
20.060188
4.535414
20.060085
13.882086
-8.969351
-7.705141
-8.114964
-4.307512
-1.815262
2.230504
-20.060070
19.874495
-20.059717
20.060066
-20.060074
20.060055
-20.060017
20.060015
-20.060038
20.060019
-20.060038
20.060001
-20.060101
20.060129
0.278549
20.060009
-0.864399
20.060162
-20.060026
19.822470
-11.863304
-13.991481
-11.118938
-7.250813
-3.367759
-1.084801
-4.159085
1.262712
-20.059879
20.059372
-20.060089
19.843519
-20.060024
11.230617
-20.060144
20.060167
-20.052464
16.436956
-20.060068
20.060007
-3.000093
18.185194
20.060022
-15.675783
17.356756
-11.884460
-7.739308
-5.617638
-3.100103
-0.741587
3.121190
-19.996250
18.671795
-20.060549
20.060045
-20.060072
19.895781
-20.060020
14.352319
-20.060171
20.060038
-20.060041
20.059994
-20.060114
20.060352
2.308994
20.060078
1.026210
20.060110
-20.060026
19.707485
-15.124789
-14.126937
-9.593237
-6.039749
-2.708775
0.005538
-19.834995
16.444138
-20.060061
20.060028
-20.060078
19.947594
-20.060020
12.831909
-20.060055
20.060041
-20.060020
18.739611
-20.060043
20.060453
8.913631
8.444273
20.060114
-12.709434
19.521706
-15.806386
-14.718644
-10.547494
-8.660301
-5.442201
-2.926720
0.582930
13.478954
-20.058443
20.055824
-20.059978
20.060062
-20.060019
20.060015
-20.060013
20.060015
-20.060068
8.597587
-20.060167
20.060013
-18.675434
20.060114
6.853549
13.439144
20.060064
-20.060013
-18.795607
-14.107750
-12.631692
-7.397543
-5.089948
-1.023681
1.392442
-18.551662
20.060091
-20.059864
20.060078
-20.060061
20.060036
-20.060061
20.060015
-20.060062
20.061472
-0.077862
-0.753342
-0.685686
-0.795700
-0.948488
-0.934914
-0.990820
-0.757756
-0.255925
0.497289
1.444006
2.751251
4.074113
6.012531
8.472541
11.009022
13.736390
16.878750
20.130699
-0.582255
0.719124
0.225635
0.021883
0.005540
0.007917
0.004934
0.000000
-20.060028
-14.870793
-20.060049
-9.928394
-20.060028
-17.225933
-18.419777
-12.132024
-17.206499
19.145306
-16.819418
2.974514
-0.082037
15.945251
9.430490
-2.539460
19.256153
-20.060061
20.060015
-18.765337
-15.443810
-9.367635
-6.107576
-2.889215
-2.700704
0.899401
2.800188
-7.126737
20.057379
-20.057287
18.381426
-20.060017
20.060032
-20.060083
20.060083
-15.115306
20.060249
-19.102751
9.261414
8.186115
9.118497
6.029241
9.672965
0.793268
14.370282
-18.341022
19.181078
-4.174761
-1.530888
1.974396
2.563719
6.165964
-20.059830
20.059858
-20.060043
20.060137
-20.060078
20.038271
-20.060047
20.060043
-20.060083
20.060053
-20.060049
20.060024
-20.060076
20.060244
2.645733
20.059856
-3.956768
20.060032
-19.430264
18.893139
-8.433859
-4.340341
-1.234599
1.292365
4.242624
-20.057730
20.060114
-20.060230
20.060045
-20.060051
20.038633
-18.869318
20.060001
-20.060078
20.052004
-20.060066
20.060013
-20.060089
20.060167
-2.748561
16.905840
20.060087
-7.239998
20.007063
-9.192762
-7.085935
-6.557532
-7.123600
-3.245803
-1.816085
-1.794144
-11.543591
6.000256
-20.059565
20.060047
-20.059851
20.060034
-18.260553
13.448127
-9.706097
-5.949100
-11.273779
20.060019
-16.862928
20.060139
2.472271
20.060095
-12.008600
20.060034
-10.141237
-7.271120
-7.304468
-7.446016
-3.249125
-1.071347
6.661243
-20.059750
19.391336
-20.059912
20.060026
-20.060072
20.049215
-20.060043
20.060009
-20.060045
20.060013
-17.012463
20.060005
-20.060057
20.060211
10.071431
10.441519
20.060104
-20.060019
-19.466249
-5.510487
-9.964722
-6.401716
-3.005456
-0.871835
0.919739
-2.424506
4.636480
-20.049967
20.060057
-20.060062
20.059391
-20.060005
20.060038
-20.060112
20.060020
-20.060036
19.648523
-20.060133
20.060247
7.294409
16.219856
20.060099
-19.076633
19.528456
-17.162266
-14.778308
-12.059352
-9.676601
-7.053703
-3.420108
-0.261021
0.408218
-14.541122
20.060232
-20.060072
20.060057
-13.499632
20.059999
-20.060041
15.291710
-20.060040
14.604669
-20.060114
20.060078
-16.205786
20.060209
1.933147
20.060125
-17.200485
-17.348494
20.060028
-15.122393
-9.725050
-5.644092
-3.370625
0.446347
-2.855928
5.054476
-15.416836
20.060051
-20.060062
20.060043
-20.060030
20.060064
-20.060144
20.060057
-20.060001
20.059938
-20.060123
20.060108
4.301242
14.847353
20.060099
-16.797413
-19.249729
20.060101
-9.165794
-6.802313
-4.419495
-1.966833
0.854736
-20.057409
20.058922
-20.059805
20.060041
-20.060087
20.013199
-20.060019
18.079361
-20.060097
20.059752
-20.060049
20.021435
-20.060097
20.060160
-4.083246
13.890283
20.060078
-3.641616
-6.633515
-10.855243
-9.239969
-6.866720
-2.968663
-0.776904
2.737581
11.606047
-20.060076
20.060225
-20.060108
20.060064
-20.060007
20.060036
-20.060040
20.060019
-20.060133
15.971559
-20.060072
20.060057
-20.060015
20.060141
5.541953
20.060076
-3.920874
20.060135
20.059925
-16.366331
-13.796526
-11.958191
-8.319821
-5.239831
-0.944091
-0.425976
-13.261448
20.060110
-20.059910
20.060055
-20.060064
20.060036
-20.060028
20.060017
-20.060162
16.644228
-20.060036
19.277719
-20.060066
20.060131
10.324503
16.763306
20.060019
-20.060053
19.324572
-15.505987
-13.734493
-10.395319
-6.956470
-4.023239
-1.616177
1.894576
-12.168655
6.967581
-20.061232
20.060034
-20.060080
19.305063
-20.060040
20.060047
-20.060163
20.060038
-20.060057
20.060038
-20.060064
20.060219
1.273936
18.224590
20.060032
-13.434354
7.937329
-7.030164
-7.535053
-6.196952
-2.548067
-0.624713
2.611984
-16.652016
12.790153
-20.060049
19.585121
-20.060055
19.864077
-20.060053
20.060009
-20.060089
20.059999
-20.060066
20.059990
-20.060093
20.060015
1.601859
7.511528
20.060076
-6.175941
-13.984468
20.060041
-6.792356
-4.021151
-0.825043
1.509794
4.650114
-20.057711
20.059786
-20.060698
20.060070
-20.060083
19.878841
-20.060070
20.060034
-20.060072
20.021019
-20.060081
20.060020
-20.060112
20.060186
4.831550
10.822846
20.060112
-8.482607
-19.569910
20.060095
-17.175358
-11.980757
-8.041725
-4.250696
-0.644364
2.572433
-7.196724
6.415504
-19.354733
20.060068
-20.060087
20.050552
-20.060061
20.060047
-20.060131
20.059931
-15.505729
16.542713
-20.060061
20.060127
7.845311
6.332865
20.060070
-9.325335
-16.554272
-9.699728
-9.183856
-6.302268
-2.164316
0.855400
3.693462
-20.059917
15.918632
-20.060061
20.060032
-20.060059
19.867727
-20.060041
17.790451
-20.060085
20.059345
-20.060064
20.059973
-20.060160
20.060051
1.584836
11.817266
20.060089
19.306749
-8.971498
-7.879662
-7.661644
-5.811564
-2.247068
0.472810
3.548847
3.538946
-20.058392
20.060217
-20.060043
20.060072
-20.060005
20.060022
-20.060022
20.060070
-20.060078
19.760687
-20.054361
20.060139
-17.281265
20.060116
8.117651
20.060074
4.885818
19.863567
-10.635046
-8.546679
-8.375262
-6.484684
-3.478791
-1.485620
-1.900502
-10.574973
8.302025
-20.059780
20.060017
-20.060078
19.676426
-20.060038
20.060053
-20.060102
20.060028
-20.060303
20.059940
-20.059811
20.060015
13.304691
4.023612
20.060110
-5.132234
-10.685618
-9.768878
-9.228781
-7.431424
-4.106303
-1.895443
0.089140
3.981938
-17.627893
20.060093
-20.060089
20.060059
-20.060026
16.286690
-20.060028
20.060055
-20.060116
18.879683
-20.060110
20.060059
-16.377649
20.060135
5.338792
20.060081
10.432799
-5.029777
-9.851500
-9.422543
-8.535129
-6.100137
-3.767839
-0.747543
2.544574
-19.327030
15.341955
-20.060316
20.060049
-20.060080
19.769873
-20.060049
19.701210
-20.060093
20.032778
-20.060055
19.831884
-20.060055
20.060102
8.920783
5.881970
20.060089
1.498520
-9.057934
-8.753968
-9.169171
-8.847258
-4.636365
-1.665171
1.033947
0.189171
-20.058647
18.315601
-20.059971
20.060068
-20.060076
19.921543
-20.060040
20.060057
-20.060072
20.060019
-20.060175
20.060156
-20.020634
20.059593
20.059900
0.217447
20.060083
-7.606359
-2.932892
-8.453214
-8.456226
-6.870970
-3.247513
-1.623887
0.315455
4.970170
-20.059786
19.175112
-20.060425
20.060043
-20.060030
16.190260
-14.629339
20.060038
-20.060059
16.914515
-20.060171
20.060028
-9.470126
20.060081
3.603690
20.060095
-2.808916
20.060158
20.059994
-18.248323
-7.254698
-6.334628
-5.782211
-4.037107
-4.227942
-3.445401
-10.396866
-13.205391
-14.950463
7.585016
-4.904132
-8.493475
2.269123
5.658915
16.750051
-20.059673
16.007595
-20.060019
20.060040
1.811606
20.060083
10.847357
20.060118
-10.855209
-12.754392
-6.875291
-5.576663
-2.690356
-1.501762
1.958628
0.104032
-12.737930
5.733441
-20.058361
20.058624
-20.055862
20.052618
-20.060045
20.060003
-17.256477
20.060032
-20.060114
20.059896
-11.609022
20.060101
6.305079
4.285441
-7.869144
5.676449
-11.018357
-6.211643
-5.767648
-3.783148
-1.325341
0.624680
2.783633
-15.317142
16.412313
-20.058857
16.752979
-20.059664
18.961468
-20.060036
20.060015
-20.060038
20.060017
-20.060059
20.060022
-20.060095
20.060081
7.714636
20.060013
11.972113
20.060059
4.558560
-8.086854
-6.796196
-6.203603
-5.903362
-3.600863
-2.150519
-0.021798
-4.633574
-11.206876
-0.671295
-20.059397
14.867323
-20.060072
19.875210
-20.060041
20.060041
-20.060072
20.060013
-20.060072
20.059982
-20.060026
20.060034
20.059994
20.059566
20.060015
19.890108
20.060005
1.637557
3.318959
0.586769
-0.155381
-0.276166
-0.839359
-2.028049
-1.857678
-20.060024
-13.418186
-20.057383
-19.111107
-18.258242
-13.260135
-3.835045
9.546413
-3.044545
10.536437
11.502503
5.473851
4.290760
0.195965
1.625207
-1.997877
8.334412
0.589640
16.510118
0.868477
20.060110
20.060019
3.137057
-12.635164
-7.715600
-4.422946
20.060078
4.922522
-0.351236
0.285054
0.787378
1.056119
1.231257
1.495529
1.896240
2.437142
