13.358740
16.351639
15.665067
14.926337
11.329512
11.089317
11.066416
11.205781
13.937650
13.052449
9.784915
3.432421
2.446301
3.434137
1.047500
-0.869799
-2.422571
-0.523506
-0.269988
-0.051569
1.130783
1.348074
1.555172
3.790417
1.246139
1.499256
-4.715714
-3.649592
-5.462414
-6.857706
-5.069589
-5.038136
-9.027479
-12.801826
-11.128717
-12.924166
-12.185292
1.196433
0.861379
13.402658
12.864174
12.229544
11.889450
17.757151
19.792776
18.083553
7.370192
7.269042
6.544813
8.100583
0.482902
0.585261
0.692248
2.026566
1.495065
1.129632
-10.513487
2.310427
0.917717
0.711145
1.513847
-0.812401
-4.544561
0.557405
0.450137
9.670234
7.109602
5.134495
2.919804
4.320026
0.099578
1.565828
3.155071
2.587021
4.876557
8.098406
11.011992
0.291810
0.508988
-6.320947
0.123876
-2.978441
1.698677
0.528522
-11.009295
-18.618273
-19.302149
-14.415706
-9.907628
-0.301130
-0.618304
-0.767679
11.050529
18.255117
13.097338
23.825356
20.448366
18.325085
10.103062
7.486910
4.809158
6.546638
-0.016248
0.275889
-1.615645
-1.302420
1.678276
1.779051
2.218970
-1.243525
-14.462127
-16.037596
-12.016130
-8.377817
0.220660
-0.113560
-0.410897
10.979362
16.225241
11.151651
22.358091
24.904963
20.500156
13.484680
6.508584
5.792978
6.193479
-0.628434
-0.348336
-1.026535
-0.414451
0.182740
1.336035
1.351810
-7.153160
-18.958584
-17.619112
-14.539480
-9.868997
-0.671577
-1.051346
-1.181246
9.915613
7.106822
7.826641
18.304609
19.017225
11.266628
6.010910
3.738338
5.821970
3.867611
-0.151704
0.149176
-4.853673
-4.282364
0.973292
1.708426
0.817547
-4.988821
-14.602933
-15.608969
-13.406677
-8.338171
-0.111966
-0.480285
-0.659101
12.804800
14.329185
13.351682
21.260679
20.192307
14.112137
7.246275
4.942156
6.427421
5.010625
-0.121469
0.130387
-3.467669
-0.668047
1.454462
1.551023
0.262078
-5.114256
-3.950432
-4.463029
-8.668162
-7.588702
-0.840738
-1.219676
-1.313008
12.261383
9.131337
10.899313
21.817776
23.809561
18.668537
6.898689
5.826239
6.185483
4.306459
-0.201458
0.121886
-2.911516
-0.077656
0.610200
1.623394
1.016896
-2.996591
-14.443750
-15.590657
-12.880917
-8.795757
-0.003851
-0.372180
-0.623325
11.206371
7.930049
8.103806
17.063871
18.163197
14.786819
9.091337
6.451691
6.950095
7.387055
-0.277850
-0.069777
-3.185129
1.689273
1.220698
1.399323
2.408992
-3.341059
-15.388588
-11.867741
-12.050808
-7.907923
-0.792617
-1.226607
-1.432667
13.592346
8.453703
5.516228
19.451385
30.478224
24.678995
9.382192
5.214188
2.566407
2.342653
0.073937
0.416667
-6.216577
-7.396255
-6.276315
2.214959
0.148915
0.689615
-14.205174
-16.030424
-12.562755
-9.780231
-8.822978
0.724923
0.403102
5.075991
0.401863
-1.949977
1.946353
15.893632
14.742832
14.577597
13.433197
12.303733
12.711884
14.452945
-0.060761
0.162108
0.195351
-0.730367
-5.623789
1.707711
-0.011309
-3.531684
-15.299524
-16.681458
-15.511127
-12.402306
0.461651
0.110425
-0.220976
10.571426
6.952160
3.900070
11.204656
15.992381
13.552783
11.093904
10.956749
7.934868
6.929698
4.899464
-0.326791
-0.078278
-0.599730
0.676245
1.356690
1.495797
2.883182
-8.649463
-17.617489
-18.485106
-14.696482
-7.680304
-0.239085
-0.649168
-0.983533
8.077681
6.426301
10.644049
19.273111
20.049545
13.965727
8.350511
3.966745
1.977114
4.263653
-0.384973
-0.095310
-1.259120
-2.397390
0.944762
1.558639
0.130667
-7.240624
-17.125299
-15.295371
-11.242112
-6.416070
-0.583796
-1.056530
-1.277101
8.373865
9.808640
13.418466
24.582657
18.191675
12.183651
5.296973
1.563463
0.063472
2.956723
-0.462992
-0.147293
-1.194216
-2.537919
1.803089
1.543388
1.678224
-6.204129
-15.892595
-17.632032
-14.536269
-9.667446
-0.519172
-0.942649
-1.107931
9.538504
12.586607
12.904221
21.152258
22.019194
15.434277
7.331092
5.750503
5.814541
5.826262
-0.317234
-0.026527
-2.644957
1.248679
1.228222
1.277995
-1.252326
-9.156218
-14.530019
-15.363508
-12.465836
-6.935194
-1.165349
-1.478625
-1.643389
10.870267
8.400227
6.536628
22.370838
24.892775
23.932001
8.379503
4.276464
0.606557
2.714413
-0.337162
-0.024981
-2.048939
-4.173800
-4.583842
1.751258
2.875123
0.107882
-19.184296
-16.945883
-13.156261
-9.970349
0.093982
-0.313185
-0.632829
11.580203
5.929950
6.612448
15.552066
16.296757
13.231847
7.016537
5.533158
4.941879
4.492280
-0.134674
0.106531
-4.139826
-1.303291
-2.589124
1.729282
1.623021
1.409736
-13.072643
-17.061258
-15.256072
-9.170498
0.061687
-0.275590
-0.580650
12.480802
8.095206
8.867661
20.583363
22.062872
16.680136
9.924616
7.550910
7.260323
5.504374
-0.384753
-0.142638
-4.303294
0.195771
0.091725
1.325443
0.510165
-1.457973
-12.267841
-16.369701
-12.655862
-7.238883
-5.972081
-1.531465
-1.776690
8.630259
0.645216
6.665204
16.744976
26.439386
21.290287
9.410007
3.309684
2.182093
0.347065
-0.737009
-0.420482
-0.060082
-0.039524
-2.386045
1.493572
2.334815
-2.690801
-19.611330
-19.854744
-16.284346
-10.186339
-7.724496
-0.586394
-0.824512
13.055606
7.880416
6.966344
13.417448
23.213823
19.055321
9.820436
8.772493
7.521139
10.018509
-0.231655
-0.013708
0.288305
-2.867782
-9.058811
1.613733
2.064652
0.977043
-18.262096
-19.535975
-14.780050
-11.221966
-6.399573
-0.048707
-0.403082
14.632765
8.583888
7.204909
12.120240
16.870514
14.088977
9.758591
7.604640
5.101896
6.702468
4.267814
-0.203136
0.042092
0.732897
-1.647063
1.595457
1.575864
-1.480935
-14.796965
-17.417360
-13.679162
-9.491311
-4.263322
-0.365073
-0.778982
-1.147473
5.838189
1.582553
6.661314
19.119133
17.540173
16.867466
6.240977
2.450197
1.348727
0.271938
-0.556313
-0.243070
1.542224
-1.488253
-1.624789
1.575562
1.025669
-18.877680
-14.785086
-12.685465
-10.068584
-5.071741
-0.333087
-0.728928
-1.061520
8.712435
4.026837
7.359127
17.904055
18.530008
16.562510
8.050559
4.295753
0.440452
2.819211
-0.361733
-0.046428
-1.556728
-5.279652
-0.667533
1.612038
-0.197200
-6.304880
-14.721661
-15.797581
-13.128825
-8.296738
-0.366260
-0.801576
-1.095074
8.275449
11.194856
12.629763
22.769434
21.303879
12.784379
7.745190
4.429816
1.546347
4.044607
-0.490392
-0.190182
-1.009457
-1.096381
1.273658
1.348324
1.978473
-6.369837
-16.039268
-17.099010
-15.586103
-9.954036
-0.858780
-1.308982
-1.480250
6.957463
3.538030
7.789813
20.391657
20.674723
17.078480
4.224338
2.906658
-0.041284
2.728656
-0.459012
-0.136029
-1.567035
-4.058026
-1.068158
1.624843
1.494705
-9.144489
-18.791481
-16.429163
-13.566132
-8.848088
-0.251823
-0.727269
-0.961954
10.259604
11.224053
11.332649
20.669613
19.074158
13.659341
7.198229
2.251644
-0.747552
3.078873
-0.291107
0.019141
-0.927250
-2.037740
0.167998
1.693197
1.050410
-6.567775
-17.394205
-15.960002
-13.178444
-8.703789
-0.107129
-0.552357
-0.882442
8.422380
8.959568
7.869550
17.633829
16.568134
13.269273
7.043819
3.290884
0.093980
3.858805
-0.287893
0.010008
-0.738779
-2.323714
1.454111
1.619946
2.683693
-4.415315
-17.521389
-17.499557
-14.616129
-9.562778
-0.297822
-0.766098
-1.078396
7.568730
4.869933
4.615256
16.453157
22.457413
18.389881
10.663716
2.086623
0.522115
3.569364
-0.548080
-0.260405
-0.331254
-0.231659
1.311811
1.377750
2.565076
-3.237627
-17.677734
-16.308416
-15.051826
-11.521441
-0.552400
-0.994479
-1.226342
8.125916
3.332284
4.965585
17.468636
20.999931
13.901425
8.565992
3.697753
2.530277
5.003319
-0.198599
0.119958
-1.308191
-2.164202
-1.985567
1.667942
1.805662
-4.724438
-16.856791
-15.327357
-13.392208
-10.411123
-0.246144
-0.666766
-0.809487
12.894469
3.463700
4.419448
13.122828
18.359015
14.256177
7.193114
4.267961
6.045908
4.994067
0.152274
0.431979
-5.928080
-6.695748
-6.745608
0.971395
0.728448
7.669011
15.639297
15.175599
14.814393
14.110202
15.833089
13.233360
4.578619
6.423771
8.849882
8.535995
7.601582
6.453069
4.618681
1.657230
3.372947
0.740505
0.590506
0.480452
0.582655
-0.230953
-0.116267
-4.412867
1.666367
-4.193896
-2.972904
-4.689361
-6.683697
-20.643429
-19.280016
-18.809057
-16.266991
-0.463735
-0.933010
-1.190000
16.143024
15.948370
15.713412
19.774958
24.930527
18.439728
9.677623
7.885326
8.589155
7.032689
-0.011305
0.305710
-3.235691
-2.891746
-3.218702
1.854141
2.684856
-3.213360
-16.154339
-14.615384
-11.344555
-8.558725
0.573079
0.218748
-0.120831
14.120382
7.823535
5.595727
10.888924
14.707243
9.103225
6.652299
7.174644
7.011679
4.716938
-0.442296
-0.273136
-0.026071
1.428241
-2.026762
1.790985
1.441091
1.772288
-12.280333
-18.052940
-16.039400
-12.301253
-6.803736
-0.450499
-0.861032
11.151716
4.521027
4.065388
8.769129
19.836395
18.793676
11.728938
6.674713
4.433194
6.137040
-0.612893
-0.385070
-0.085410
0.419375
-4.674908
1.917931
1.591543
-1.776939
-17.660858
-19.858047
-17.583645
-12.359298
-6.098748
-0.569457
-1.058222
11.488444
9.856588
12.426010
18.543324
25.618523
23.168957
17.864912
5.844370
1.372402
3.132181
-0.923514
-0.664392
-0.334823
1.653025
-0.449473
1.169492
1.291200
-0.466133
-13.148992
-17.920073
-18.311590
-15.244830
-9.582194
-0.845489
-1.299441
-1.501420
7.275337
6.619520
15.382440
25.932613
22.719486
15.039368
4.378655
3.093329
4.292308
3.780673
-0.488748
-0.152760
1.816197
-2.698192
1.446072
1.516233
-1.240079
-17.963226
-16.886223
-15.428279
-11.887971
-6.485539
-0.526398
-0.958304
-1.148748
9.141685
7.090279
11.115717
23.038330
21.989422
16.691463
5.168003
2.400108
3.082599
2.316275
-0.552930
-0.250449
1.162758
-3.408920
1.221188
1.424750
0.595420
-14.045881
-15.451892
-15.617743
-13.677791
-7.740217
-0.630679
-1.048377
-1.293939
6.932465
4.124102
8.774817
20.737038
20.878849
15.241070
5.928152
3.588636
3.536310
2.215248
-0.452872
-0.132863
-0.086005
-3.642454
1.275825
1.513730
-0.586362
-14.543915
-14.488996
-14.140944
-12.840337
-7.289499
-0.630005
-1.046782
-1.236823
9.622935
9.400946
13.124146
23.750471
24.224180
14.421248
5.672617
3.700775
4.761765
3.852998
-0.406436
-0.087455
-0.365179
0.101931
1.049494
1.477738
0.945472
-16.694275
-15.745256
-14.679675
-12.385368
-6.911135
-0.712135
-1.089849
-1.236519
10.491794
3.822237
6.089726
19.921768
22.886312
18.297863
6.659973
5.234982
5.663352
4.174192
-0.300109
-0.028913
0.301222
-1.099045
-4.952534
2.942109
3.125950
-3.381376
-17.082346
-17.758760
-15.115117
-10.242323
-7.884932
-0.264674
-0.608269
11.109333
7.434525
5.220249
10.165678
15.805388
12.390505
7.506131
4.997168
3.635905
6.111233
-0.208212
0.007700
0.311707
-0.046169
0.444684
1.674351
1.805144
0.972158
-13.420450
-18.164309
-16.360226
-12.835457
-7.209545
-0.268002
-0.654066
12.407110
7.596050
6.159725
9.230006
15.032471
13.803031
12.154127
5.296959
2.799299
1.877893
-0.360787
-0.111829
0.186580
2.458417
-1.670373
1.628298
1.720882
0.334480
-8.096686
-14.143907
-14.114099
-10.302804
-5.692046
-0.495711
-0.844986
10.583707
8.474257
9.418483
14.441551
17.150988
13.836558
9.660349
3.475485
1.665125
1.451548
-0.289100
-0.022835
0.294027
0.016646
-2.148345
1.669688
1.659188
0.589311
-3.893023
-14.201648
-16.531448
-14.882268
-9.572705
-0.484700
-0.828247
2.443755
4.938158
2.600119
1.016232
14.338874
13.503859
12.748602
9.528968
9.388279
11.630479
-0.495845
-0.273393
0.039993
-0.154969
1.830880
1.276908
1.378488
1.455003
-17.630939
-15.573002
-14.156830
-11.289310
-6.526561
-1.022047
-1.241873
13.771313
11.883747
15.078350
17.371037
20.127483
15.586826
14.170074
1.722171
-1.085037
0.295479
-0.326929
-0.049840
0.297166
0.816339
-2.270561
1.572282
1.773540
-0.746013
-12.507067
-17.912878
-16.644180
-13.620843
-9.838549
-0.248465
-0.718413
11.641685
4.634742
3.276798
3.628150
13.360420
11.125113
10.337282
4.435456
4.348323
1.862888
4.742914
-0.146339
0.129378
0.034208
-1.115593
1.946429
1.684949
3.439603
-5.604902
-15.049410
-14.868353
-11.338479
-6.672054
-0.289945
-0.746780
-0.904235
8.978523
1.123899
4.486358
9.172129
11.826192
7.551884
5.609657
3.613247
2.912947
4.934311
-0.143775
0.088874
0.405068
1.549390
-5.404317
1.769656
1.282014
0.918757
-10.141468
-15.828522
-15.714399
-12.301476
-7.464897
-0.315618
-0.648108
11.470759
2.835453
0.856777
9.564548
13.117272
9.728479
7.007258
6.735813
6.553999
4.710239
2.938040
-0.219828
0.060859
2.188640
0.711565
1.521834
1.618790
1.672192
-5.165020
-5.911002
-9.402729
-11.272366
-7.710299
-0.506988
-0.868458
-1.023720
3.777526
-0.058360
5.454593
14.171972
15.325713
14.120090
8.699758
7.251508
2.775204
3.969752
-0.111956
0.175817
-1.398962
-0.684624
1.515170
1.538256
1.229969
-2.165659
-15.988585
-10.786178
-9.794288
-8.122559
-0.725821
-1.153711
-1.341206
5.158556
-0.392371
2.636863
16.308407
16.356298
11.223621
7.521687
4.090052
2.139732
3.872329
-0.219626
0.081019
-1.161364
-1.459589
1.589233
1.647300
1.093314
-0.991152
-16.122211
-15.114995
-13.581959
-10.349017
-0.412906
-0.925796
-1.060794
7.194791
-0.095831
1.060257
9.137279
14.340190
11.390160
8.300676
4.941969
4.531465
2.730959
-0.243366
0.008291
0.329227
1.465129
-0.261332
1.698722
1.055511
1.738299
-11.014844
-15.564928
-14.703336
-11.529333
-6.101212
-0.307186
-0.716743
10.584311
3.053272
2.407572
8.645649
11.537358
9.767687
7.266456
5.917319
5.119585
1.613583
3.901827
-0.222809
0.047808
1.816816
0.859119
-1.223694
1.655025
2.266695
0.274083
-13.584270
-13.655807
-10.741905
-6.852451
-0.504182
-0.955138
-1.207623
4.181555
-0.035402
2.215077
9.374522
12.941045
12.724380
7.865177
4.185104
-0.504539
0.432855
-0.403143
-0.112076
2.088790
1.978067
0.071867
1.734678
1.950200
-12.012297
-17.802315
-11.097529
-6.550334
-5.766071
0.027944
-0.333600
-0.654996
10.243902
1.870837
4.203160
15.884483
15.566489
15.251385
3.643016
3.040906
3.833725
3.689660
-0.006586
0.236284
0.545848
0.423914
-0.345070
2.226323
1.880955
0.716528
-15.541308
-12.794588
-10.836846
-6.892655
-4.314898
-0.276745
-0.667295
8.496367
6.319810
2.270349
5.923518
9.873082
3.945340
2.672422
2.676668
2.396200
2.646133
5.854636
-0.216031
0.027314
-0.458039
2.126114
1.897447
1.743995
1.277718
-2.169943
-13.796941
-15.811598
-13.339252
-9.942658
0.024379
-0.327224
-0.637818
8.580476
3.512045
5.067503
13.053524
10.996108
7.820495
3.827959
5.184440
7.205993
6.791567
-0.349683
-0.147395
0.109194
1.476940
1.302655
1.417366
0.700129
0.644179
-2.873430
-14.496101
-15.938822
-13.518596
-8.454412
-0.863999
-1.128915
7.433686
1.561772
2.983674
10.854433
15.578389
12.700426
9.429930
3.605761
1.582672
3.118537
-0.298841
-0.036620
0.305671
2.115465
-2.376368
1.684334
2.081114
3.125803
-19.965321
-18.267223
-14.457488
-9.952972
-5.957581
-0.470714
-0.897045
10.145497
3.057312
3.466753
11.249804
15.672298
10.866065
9.746498
5.267735
3.514622
1.321001
-0.408511
-0.175470
0.116623
2.095679
-1.674106
2.521480
1.707332
1.679869
-5.255723
-17.802605
-17.323557
-13.247931
-8.156224
-0.109723
-0.431192
6.997767
10.479961
7.093752
7.228105
10.591818
12.683108
8.854348
6.044612
5.437530
6.200243
6.726488
-0.096512
0.174123
1.311425
0.569894
1.497349
1.525047
1.317882
-7.017270
-14.124744
-13.629123
-11.939442
-7.145203
-1.141197
-1.502986
-1.635814
2.291672
-0.780485
9.604835
16.384245
9.820761
9.289506
2.010320
0.745632
0.922420
1.489571
-0.407669
-0.103174
1.710395
2.122651
-1.176183
1.878099
-0.107009
11.718581
14.879748
14.525142
13.436134
13.029251
10.766813
8.220573
8.515518
9.009779
11.152138
16.797567
11.394290
6.334250
13.770665
13.235007
13.081604
13.105648
13.169568
12.994784
12.674406
12.204111
11.607748
11.090330
10.644320
10.466343
10.375648
9.525013
8.396558
6.808970
4.869749
-2.563344
-11.146364
-11.979333
-13.115552
-10.046424
-0.584259
0.142661
2.410607
1.523223
11.648738
8.831722
12.221136
8.647116
7.932571
8.171391
7.720251
4.879619
3.284915
3.549392
3.868233
-5.098236
-14.149761
-14.391603
-6.348832
-2.986036
-1.007730
-3.393826
-5.183807
-7.685787
-8.271124
-9.263526
-10.095655
-11.383165
2.800627
2.440432
2.092107
13.496928
17.467953
14.069103
13.062242
18.609316
19.894011
14.282031
4.717469
4.427106
7.223926
10.370902
1.089461
1.172174
1.272092
0.732498
-0.991092
-5.079152
-4.133069
0.455171
-3.534708
0.713111
-0.922549
-6.729513
-9.785354
0.624857
0.422110
14.714934
8.836225
7.744153
14.302939
20.997704
16.021997
13.539142
7.071499
8.544303
4.221143
1.987895
-0.268334
-0.093344
0.154529
1.233622
0.917119
1.007296
3.074936
1.385438
-11.872893
-18.017654
-15.440866
-11.250278
-7.261565
0.035421
-0.322461
9.223193
2.434207
4.974860
9.890472
18.044210
20.304531
18.284986
15.900863
12.948735
11.735497
11.221239
-0.716729
-0.494515
-0.194800
2.698074
-5.089868
0.522305
0.365262
-1.549710
-20.207876
-19.254778
-16.117769
-12.580083
-8.256766
-0.306605
-0.679053
10.646190
13.254368
14.417128
12.931335
29.648577
23.752211
22.081249
13.778000
9.000513
8.222743
-1.250774
-0.974282
-0.651308
1.214185
-2.303161
0.954801
1.113503
-2.950645
-7.991553
-14.600130
-15.729931
-13.104941
-8.562182
-1.101722
-1.283285
17.524183
12.793966
10.628254
16.208801
24.603142
18.878841
14.318527
6.640891
7.277451
8.395858
-0.591988
-0.349309
-0.047759
-0.968720
-5.530550
1.332882
1.352167
1.258503
-9.439604
-16.039942
-15.998686
-14.124177
-8.418892
-0.747613
-1.002498
11.981077
12.024576
18.650637
19.649776
22.397217
18.514471
14.403741
8.611574
8.263990
9.559993
-0.806347
-0.621822
-0.359229
1.191683
-1.548770
1.034687
1.181628
-2.964268
-15.585332
-19.089346
-18.876766
-15.086579
-8.810662
-1.168622
-1.558077
10.728378
10.781185
16.071722
20.141777
28.160820
21.346758
13.463685
3.842498
3.499073
5.027324
-0.924454
-0.633613
-0.271422
-0.210276
-0.767226
1.217160
1.385168
-2.501627
-18.034906
-18.395401
-17.391386
-13.991552
-8.427786
-0.783065
-1.190935
9.752802
9.243988
13.006486
17.419109
24.579147
19.040745
14.714634
4.935285
3.196140
4.072917
-0.755984
-0.487607
-0.145430
0.450989
-4.952226
1.382927
1.537680
-3.539355
-14.069978
-16.782118
-16.279289
-13.242099
-7.547507
-0.634736
-1.023488
11.797590
11.920569
16.250036
21.128138
29.129051
24.873219
17.865866
6.994888
3.497120
3.648218
-0.895256
-0.638451
-0.306649
0.815279
-5.358564
1.210829
1.333631
-1.557179
-14.659163
-19.065964
-16.772049
-13.094638
-7.130940
-0.901101
-1.375651
8.336359
8.473659
2.671304
8.102484
26.371674
23.572285
21.575701
8.488150
5.080143
4.740681
3.738268
-0.515677
-0.207040
-2.602385
-4.769403
-7.320264
1.632955
1.784245
-4.865919
-19.497084
-18.017797
-15.805553
-9.389163
-0.030521
-0.439034
-0.801335
8.945513
12.497433
12.140509
19.380232
21.978092
17.920172
11.511314
6.958230
4.748407
1.898245
-0.515481
-0.224411
-0.806511
-0.150810
-0.948296
1.554480
-1.939904
-6.766822
-19.186106
-12.866307
-10.864279
-6.246379
-0.360087
-0.800581
-1.091954
8.393813
6.725942
8.819138
19.738993
21.520952
17.755724
8.888979
2.629172
0.686653
0.096637
-0.636881
-0.331665
-1.593222
-0.677487
-4.494143
1.584948
1.831904
-6.146376
-17.595894
-18.373398
-15.276092
-9.013407
-0.000300
-0.407762
-0.775755
9.042707
9.121734
9.319294
18.721272
22.518101
19.056738
10.808109
8.358407
6.526398
5.511783
-0.311536
-0.013686
-2.256269
-3.808448
-4.446499
1.743708
-0.638467
-10.397502
-22.067259
-17.703079
-13.749285
-7.747950
-0.112827
-0.592175
-0.946973
10.647514
12.163082
13.025659
19.556061
23.363640
15.822647
10.472454
4.827275
3.303541
1.462384
-0.556595
-0.264584
-2.326720
-0.661772
-3.100603
1.590349
0.015907
-8.880797
-16.898741
-16.018208
-13.916059
-7.757226
-0.094739
-0.509628
-0.865125
8.698243
7.818849
8.768705
18.643538
20.267752
13.340752
9.632782
4.228384
2.879952
1.403253
-0.521785
-0.240590
-2.342554
-0.343866
-4.298839
1.577842
0.659989
-2.795652
-20.182552
-18.760830
-15.469164
-8.650993
-0.019750
-0.452417
-0.843065
9.326385
7.482153
5.026240
16.706491
20.573105
16.749403
12.282626
6.209571
3.260276
0.878763
-0.626279
-0.325701
-2.129415
-0.929470
-3.147064
1.502875
-0.936212
-8.690434
-19.172188
-14.673078
-11.605301
-5.968817
-0.356592
-0.834413
-1.259623
6.222549
-0.128025
4.250237
17.746979
19.170141
20.637625
11.156485
5.556645
2.073092
0.273132
-0.574311
-0.260993
-2.532745
-2.495352
-9.150073
2.930079
1.304296
-8.083914
-17.192457
-17.945292
-14.595115
-9.296095
0.046960
-0.354851
-0.724403
9.478002
10.213090
12.311736
18.470057
25.550997
19.861858
13.474383
8.995871
5.521938
4.184539
-0.652224
-0.356321
-1.108593
0.321152
1.247624
1.435614
-0.430734
-7.965186
-8.863743
-10.106827
-12.411339
-9.137521
-0.429275
-0.850695
-1.151842
10.889596
11.236871
13.796080
21.640791
25.902779
18.805256
13.369595
9.351768
6.325684
4.810340
-0.604160
-0.311647
-2.046924
-1.811835
-3.366374
1.464095
0.561764
-7.615416
-12.365401
-14.151873
-14.784880
-9.297968
-0.534558
-0.943227
-1.107210
14.065093
6.637803
6.585474
18.303310
22.239210
20.082964
9.285932
6.026260
5.102131
4.126552
-0.317308
-0.049816
-4.656369
-3.986052
-6.394567
1.661563
0.785445
0.452094
-11.140473
-15.946613
-16.403824
-9.882324
-0.142315
-0.505754
-0.842733
8.716756
7.533298
9.547903
17.868698
21.949337
18.075148
11.501834
8.921632
7.119001
5.926454
-0.578623
-0.327367
-3.393409
-0.220129
-3.994788
1.392709
-0.354409
-1.375407
-18.258808
-20.139853
-17.071215
-11.775397
-7.352468
-0.687936
-1.112085
8.520531
6.250193
8.004744
17.886999
23.917488
19.537056
12.167701
5.564451
4.628613
3.248950
-0.780844
-0.506223
-0.181627
1.430569
-2.667039
1.358976
2.469249
-3.832732
-19.290443
-20.316336
-16.795757
-11.071660
-7.601846
-0.600783
-1.022561
10.059217
7.363260
9.146628
17.292065
26.100498
20.028181
13.965444
10.241014
5.886294
7.811173
-0.851378
-0.600415
-0.279234
0.732276
-5.782409
1.208686
0.471102
-3.146834
-23.046183
-20.848106
-18.450539
-13.613400
-7.703542
-0.755360
-1.171488
9.217261
9.970220
11.131966
20.569380
24.079971
16.805477
11.860910
3.842004
0.845498
2.902689
-0.773125
-0.485698
-0.128217
0.986892
-2.003299
1.434969
1.413810
-6.109344
-19.992569
-20.846937
-17.354210
-12.474638
-7.533370
-0.467840
-0.854268
13.622695
13.448138
14.119284
21.725079
27.338194
20.661364
12.770008
6.749083
5.808929
5.242818
-0.479941
-0.200880
0.122603
-2.718064
-1.368081
1.546859
0.880097
-0.543232
-11.346269
-16.019524
-14.655792
-9.701122
-6.968590
-0.555274
-0.824334
9.905145
9.061823
8.982561
17.925217
20.294804
15.758326
8.545106
6.026477
4.421228
5.783566
-0.487139
-0.261702
0.028817
1.195305
-3.061728
1.410092
-0.695042
-6.083522
-18.981829
-20.349915
-18.682558
-13.988755
-8.062013
-0.480786
-0.912779
9.939056
5.004543
2.573557
15.441505
21.376436
17.236177
11.994678
7.303518
7.550129
6.348041
-0.787348
-0.529823
-0.216852
-0.280500
-5.484233
1.286527
3.330311
-1.190468
-17.241467
-19.842697
-17.302504
-12.445871
-7.886317
-0.923236
-1.258669
13.340990
11.289858
13.026596
20.279549
26.208191
18.329210
7.495189
5.309156
1.775640
4.013329
-0.456046
-0.168238
0.201355
-2.775609
-8.600233
1.529002
3.027753
-0.452122
-22.681831
-21.202145
-15.940536
-13.578010
-7.800755
-0.154275
-0.526207
12.457845
7.398203
6.282536
11.675426
18.966734
16.920588
16.029011
9.455529
5.649126
3.560068
-0.624269
-0.401632
-0.113087
2.321150
-1.185724
1.389051
1.472422
1.667839
7.111369
16.865400
16.428446
19.599236
15.058825
13.770937
10.747182
8.321960
6.614923
5.742992
5.399620
5.655602
4.545289
6.233648
5.658835
5.310620
4.940272
4.639548
4.225086
3.919251
12.201304
13.901194
14.074109
13.419069
12.827589
12.898190
13.094510
13.141027
12.519134
11.865524
11.292030
10.815190
10.691605
10.437050
10.041265
9.037127
7.860704
6.193637
4.265995
1.407631
-5.916026
-9.552216
-12.353479
-16.428360
-14.178220
2.407678
2.242088
6.085793
6.136491
6.589084
8.453936
7.608897
10.369266
14.597976
14.362026
5.203659
2.199093
2.056767
2.263476
3.514268
3.826857
-4.788487
-10.701859
-16.624676
-11.603541
-5.316777
9.584864
15.390800
15.528234
15.311283
14.648024
14.003964
13.252010
12.483826
11.791626
11.173406
10.776780
10.108686
9.195991
7.482538
5.023864
2.519027
-5.398125
-8.229582
-10.028542
-12.052279
-9.799309
1.223347
5.441615
5.422338
5.472111
5.724834
6.457232
6.875220
7.621154
8.126910
9.866097
10.321635
10.369695
4.456043
10.326402
6.884650
7.509015
5.084950
-7.343070
16.859425
16.962967
16.996357
16.178928
11.824259
10.138033
14.084167
18.916649
16.666281
9.683542
8.530157
7.043156
5.423527
13.770958
13.285538
12.821276
12.847774
12.950865
13.075163
12.843928
12.522593
12.014340
11.680744
12.090120
13.700089
11.269660
9.831789
-1.704388
-0.995216
-0.256388
-1.330090
-1.186085
-0.953253
-0.687450
-0.576795
1.233161
1.080870
1.344366
1.620371
1.879749
1.362743
1.670406
2.620958
-0.003176
-9.518682
-5.095284
-1.285337
-13.514841
-24.771221
-19.770205
-15.276844
-15.974064
1.609297
1.037060
0.491811
12.132048
9.692169
9.614978
14.875723
26.779566
24.474926
20.856541
10.547408
8.591215
7.277129
5.575555
-0.281756
-0.072223
0.208478
-0.022691
-4.906975
-3.121873
1.856381
2.820065
-13.029825
-15.624574
-11.435602
-7.679757
-6.340465
0.451695
0.137545
13.406311
14.563869
4.121627
5.441123
14.239291
13.300311
6.296285
8.828471
7.507663
6.627153
9.123777
-0.139867
0.093927
-4.324503
-2.197258
-0.521031
1.776386
4.015311
-1.103001
-22.301550
-21.151590
-15.950636
-12.468146
0.259081
-0.159313
-0.537600
7.194743
5.060927
6.076891
9.893152
16.223507
14.597117
11.839672
10.929952
13.097127
12.595944
-0.390497
-0.143636
0.171309
-2.264824
1.092918
1.608206
3.286582
-3.770035
-20.898470
-18.587393
-14.191518
-9.117170
-6.236984
-0.430653
-0.804652
12.344548
13.021231
12.804767
21.748394
22.861092
11.799103
11.063474
7.636432
5.249290
4.270660
-0.815319
-0.570381
-0.265557
1.552692
-0.537963
1.281797
3.232860
0.691154
-13.306062
-20.084282
-17.503973
-12.578644
-8.142051
-0.336160
-0.712785
6.239273
7.696875
5.787062
15.111557
22.498079
18.811207
11.565203
7.507852
6.090227
5.059795
-0.544697
-0.267795
0.051889
-0.287125
1.676525
1.509805
2.532862
-3.022698
-19.525400
-20.493263
-17.093349
-11.505036
-7.384600
-0.778462
-1.121361
8.412073
7.511041
8.669370
18.800329
24.861032
18.519020
12.863533
5.577719
5.222505
3.981504
-0.762061
-0.476972
-0.144051
0.413675
-5.014357
1.445994
3.664262
-9.319448
-20.285160
-19.695318
-15.529139
-9.155154
-6.778530
-0.604843
-1.011691
7.629779
7.311144
9.088770
19.687212
24.652100
18.006310
10.552947
3.862465
1.554807
-0.066364
-0.843999
-0.577825
-0.255621
1.790948
-3.996199
1.363411
1.304851
-3.880850
-18.277601
-20.256826
-16.602598
-11.354320
-8.049170
-0.225722
-0.625060
8.011709
7.680316
5.625003
8.817039
15.143688
14.815594
12.665469
11.425157
9.909427
11.045223
-0.620280
-0.424094
-0.121357
2.102516
0.613255
1.336909
3.145608
-0.624204
-19.389212
-19.900478
-16.740551
-13.151474
-8.063491
-0.543822
-0.925015
14.461348
8.326132
7.174313
14.337318
18.093973
11.960237
10.820620
7.457852
6.541348
6.223468
-0.523531
-0.341397
-0.076579
1.108540
0.418390
1.392966
1.481677
2.660571
-14.630275
-15.637156
-14.564518
-10.735222
-6.191800
-0.834262
-1.229182
12.687085
10.165344
12.921331
21.013704
28.899279
23.349510
20.207314
4.928179
0.247713
-0.063698
-0.874894
-0.593274
-0.258741
2.031506
0.149707
1.368998
1.495157
-1.055686
-9.603364
-16.064657
-15.428581
-11.699831
-6.742296
-0.615649
-1.023169
13.247416
11.313310
15.476305
21.027790
27.462700
20.862896
13.925792
7.846176
5.357244
3.809892
-0.636402
-0.379433
-0.065666
0.523665
0.449752
1.412686
1.391026
-0.509091
-8.255472
-14.749942
-15.115514
-11.906039
-6.677783
-0.640708
-0.949080
14.623871
10.800446
10.117197
17.686964
23.521496
19.267834
13.229397
7.368908
4.455213
3.147269
-0.598317
-0.364616
-0.068859
1.122689
-0.476743
1.392334
1.481409
-1.314888
-6.560989
-13.175423
-14.360326
-13.057887
-8.364717
-0.724744
-1.067881
12.307116
9.097484
8.303636
16.895910
23.433119
19.118443
11.550328
5.178967
5.072770
3.559577
-0.397294
-0.137995
0.189469
-2.342099
-5.728001
1.638569
1.790158
-2.074804
-12.343547
-17.210154
-14.043669
-10.542127
-5.707041
-0.125486
-0.492810
11.927842
10.448596
12.375885
16.730721
23.036551
17.836805
9.055883
10.788652
6.973928
5.186146
-0.741970
-0.535232
-0.253767
1.902757
1.258709
1.247921
1.357264
-1.701495
-10.991065
-19.091192
-18.035326
-14.289129
-9.032124
-0.144369
-0.513541
7.622020
11.864817
8.946407
7.943566
17.104595
16.014381
12.342641
10.792486
6.283231
4.586268
2.954656
-0.598476
-0.290168
0.723080
-3.309908
-2.441815
1.530809
-3.126232
-16.080841
-18.985643
-16.115038
-12.759130
-6.823578
0.005116
-0.372053
-0.714518
2.344534
6.119883
2.548814
7.938653
9.740863
7.052622
10.475973
8.518228
6.441778
6.532547
-0.696901
-0.498088
-0.209721
2.291545
-0.899501
-6.109603
1.732349
2.336668
-19.778767
-19.308279
-18.559549
-18.445265
-15.817453
0.613904
0.358656
12.121026
12.254923
16.314268
11.768606
14.953987
17.057793
15.490395
9.839970
11.374062
13.935274
14.110652
0.122721
0.415524
-3.937452
-8.623070
-5.870740
2.770285
3.178304
-8.835682
-15.060827
-13.810524
-11.973731
-6.697747
0.497455
0.135710
-0.212574
7.660017
2.864224
3.458230
12.636101
12.173148
7.357441
8.188116
7.583595
6.204796
4.369758
-0.255575
-0.053595
0.234866
2.094404
2.440045
1.670322
1.501822
-0.117115
-15.264328
-20.179583
-17.168377
-12.274288
-8.620399
0.056760
-0.334322
10.107979
10.335587
9.023714
17.904776
26.331533
26.321928
17.965488
12.459202
3.879318
2.199737
-0.711375
-0.438279
-0.090310
1.558692
-4.763945
1.376222
-0.301346
-2.319906
-19.693172
-19.907209
-17.043287
-12.743034
-7.713402
-0.005076
-0.383543
7.120595
8.078611
-0.201511
5.219701
11.964636
8.427113
9.061985
10.561798
7.377233
5.789668
3.730746
-0.574413
-0.338492
-2.738081
2.291546
-6.513924
0.580010
2.046451
-5.849814
-18.283657
-16.132254
-13.906709
-9.241646
0.254520
-0.102844
-0.447936
7.764228
8.644803
10.001653
14.077437
23.593607
21.267057
19.473829
15.738646
12.062737
8.531915
-1.119886
-0.928486
-0.634183
1.616061
-1.955852
0.686378
1.127725
1.472597
-18.125269
-15.578787
-12.701141
-10.314330
-6.857808
-0.619977
-0.994455
14.184421
10.192590
8.292344
11.561841
16.511902
11.778648
8.877150
8.981271
6.050937
7.207638
6.280885
-0.497001
-0.225724
1.135335
-2.117922
-1.148117
1.509788
-1.077204
-17.456562
-20.294159
-17.884806
-13.762014
-7.637393
-0.256670
-0.687537
-1.070375
6.653925
4.212589
7.780155
18.382994
17.662846
15.560658
8.837582
4.891017
0.603018
2.794983
-0.722238
-0.450005
0.392742
1.832102
0.252801
1.419394
2.781664
-3.989269
-18.574799
-22.288967
-17.815718
-12.654969
0.116002
-0.266913
-0.618097
4.156086
5.764698
0.957260
5.598652
11.349131
10.245997
11.036596
8.627367
7.209126
7.251076
-0.370143
-0.146046
0.174385
2.412738
-6.355814
-1.762532
3.058170
-4.171416
-22.907848
-19.456987
-18.533703
-16.857243
-10.329216
0.493678
0.148531
9.174870
3.714298
-1.071080
5.894824
16.001482
16.705814
13.734098
9.784236
10.751402
8.076556
7.241818
9.403216
-0.353309
-0.106799
0.426088
0.529662
-0.430258
1.602489
2.548625
-11.755109
-17.364571
-15.452391
-12.717351
-8.496491
0.029418
-0.395995
-0.790763
12.342254
7.311537
8.439935
18.993168
15.452721
7.613863
8.738274
8.562650
7.873811
4.496265
-0.707303
-0.482517
-2.460361
1.034901
1.879708
1.365694
0.778162
-4.092585
-15.185410
-17.862406
-15.756502
-11.175090
0.255221
-0.130137
-0.496212
8.378155
14.566651
9.072080
12.640378
14.090022
5.013766
8.279538
6.658709
6.259507
6.778810
-0.337032
-0.110926
0.212651
1.639989
-2.517366
1.658487
3.739146
-4.681864
-16.437805
-20.264677
-17.517029
-13.200117
-8.769918
-0.003519
-0.376375
13.744471
10.612978
7.710852
13.885171
18.014805
11.462156
7.030132
7.114869
5.302617
4.751469
-0.449740
-0.219404
0.089192
0.996069
-3.053759
1.568971
0.984114
-1.510762
-8.238702
-14.250661
-14.221243
-10.695883
-6.259820
-0.608622
-1.007715
8.763736
6.330168
6.482395
15.060781
20.745937
16.227886
10.194410
6.813225
3.939828
1.673276
-0.713989
-0.463668
-0.153780
1.846031
1.565289
1.364494
0.813125
3.658184
13.919115
13.323690
13.197693
13.179684
12.986277
12.721161
12.491480
13.700908
15.346393
12.388515
9.734675
2.989965
5.660087
6.434505
2.655881
0.288342
0.400036
3.744282
3.052905
1.013344
0.223192
0.382771
0.540714
0.673605
-0.000830
0.195630
1.315319
2.051051
-5.310559
-1.935869
0.428382
-19.793190
-23.457052
-20.786503
-19.410118
-16.159813
-0.505118
-0.975487
-1.122119
11.536215
17.284338
14.795759
21.116318
22.842295
16.816973
10.713470
5.107944
6.339125
8.044683
-0.093646
0.243389
-1.267916
-6.171853
-4.848073
2.540225
-2.209546
-13.318831
-18.920938
-15.421859
-12.728418
-8.332809
0.608612
0.201571
-0.200017
12.810359
5.562016
5.779638
13.906976
13.761951
8.225132
5.975621
5.930689
5.894921
4.457520
-0.482674
-0.308259
-0.054637
1.387791
0.846142
1.341429
1.103627
-0.637324
-18.458078
-16.247398
-13.789559
-9.391646
-6.729086
-0.288629
-0.657711
10.540745
11.717064
11.044708
16.684053
20.345606
15.013821
10.207132
9.810854
7.729337
5.006846
-0.705462
-0.464798
-0.165353
2.158593
1.542055
1.303554
1.204212
1.346511
-14.709143
-18.978840
-16.365627
-11.383049
-6.951241
-0.548085
-0.962632
10.850610
8.425296
8.013033
20.087769
22.322334
13.539667
11.787556
9.594627
7.032718
4.348750
-0.981082
-0.727575
-0.419298
1.381995
0.573353
1.114894
1.339225
-1.778611
-14.177473
-20.156645
-18.030989
-13.606602
-8.413212
-0.725930
-1.157822
9.190171
3.657793
4.879432
14.978980
21.646027
16.730419
11.212339
3.543482
1.666977
0.075135
-0.680681
-0.384535
-0.038106
0.534768
-5.308657
1.532216
2.059312
-6.074073
-21.668894
-20.209402
-16.237448
-9.901508
-7.341115
-0.371971
-0.804160
9.989676
4.718302
6.232850
14.200506
20.246885
13.896253
11.383100
5.351986
1.838684
2.911566
-0.758011
-0.505898
-0.171456
1.999510
-5.023072
1.685959
-0.305256
-4.772477
-21.696913
-23.250380
-20.138853
-15.555375
-9.511168
0.141625
-0.230079
8.499022
9.414136
10.846128
14.088898
25.866066
21.041636
17.741125
14.245902
12.682268
10.549029
-0.627911
-0.361409
-0.014576
-0.010344
-6.365933
1.545097
3.616847
-4.979784
-19.680267
-18.502279
-14.525239
-10.974275
-6.669160
-0.531894
-0.942032
10.938879
9.553299
11.052840
19.630991
25.445030
17.076229
14.398536
4.259785
1.710306
2.859703
-0.899019
-0.666526
-0.349428
0.948881
-0.745240
1.274400
2.368407
-1.752614
-19.322836
-23.358696
-20.100647
-16.405960
-9.757353
-0.074107
-0.447791
9.227658
0.958408
0.763578
9.458653
21.665436
21.071543
18.922749
13.537249
10.995685
6.792942
-0.839361
-0.618541
-0.316516
1.830884
-3.274147
1.963202
1.368528
1.019490
-14.281947
-20.400070
-17.241497
-12.783994
-8.345386
-0.505668
-0.987324
8.440174
7.379766
7.004357
11.442725
21.466898
19.058460
18.351576
7.513686
3.218486
-0.155011
-1.017396
-0.795854
-0.520378
1.772475
-0.112790
-2.687900
1.270303
2.661231
-11.273752
-20.439960
-18.345892
-14.672367
-10.474586
-0.271920
-0.670661
9.191055
9.486155
2.495394
3.433707
13.546565
14.405994
12.893703
12.325682
8.260752
6.266278
8.282281
-0.701521
-0.458213
1.128224
1.260251
1.986347
1.316816
2.372336
-10.357718
-17.550802
-19.463476
-16.552242
-11.262389
-0.155606
-0.586729
-0.971573
9.190653
3.691756
6.132043
14.191119
13.769230
5.657599
7.093109
5.180754
7.722354
6.230315
-0.712456
-0.522233
-0.258580
1.116031
1.816894
1.154671
-0.832340
-5.226240
-16.729843
-17.756104
-15.527490
-11.188536
-7.013392
-0.839545
-1.215448
8.464852
9.062057
8.050690
19.429811
22.622883
16.717510
12.257996
3.179915
0.395880
-0.028537
-0.815721
-0.539696
-0.214358
1.300023
-3.480024
2.302525
0.423937
-8.320522
-16.856390
-18.537228
-14.887504
-9.664133
-6.733916
-0.412027
-0.874239
10.244987
6.418483
5.349239
15.759083
20.577684
15.148190
11.473351
4.956727
1.294976
2.048499
-0.869009
-0.632920
-0.316076
1.021444
-0.208216
1.255798
1.853618
0.818936
-21.644812
-21.688042
-18.943954
-15.043080
-9.384176
-0.070571
-0.421193
8.359366
7.769894
9.499575
16.137299
27.789351
21.462759
15.460434
13.973765
8.575682
4.490986
-0.783540
-0.530958
-0.206891
1.146225
-0.759388
1.365768
1.130462
-5.151199
-17.114830
-19.147087
-15.553228
-11.852077
-6.926899
-0.193775
-0.640295
11.118127
5.464538
4.189167
9.766289
12.076263
5.019677
5.811317
4.535358
3.993662
7.574426
6.829933
-0.493554
-0.271243
0.689883
1.363044
1.043677
1.421608
0.937917
-20.676096
-16.984608
-16.944647
-16.186239
-9.980696
-0.130495
-0.528074
-0.878978
10.784499
1.588158
4.748509
11.875911
10.581078
7.787921
6.208104
7.051720
6.378921
7.584287
-0.563426
-0.377742
-0.088176
1.142048
1.698426
1.423510
-1.063004
2.158329
-21.794577
-19.758989
-19.103235
-16.346159
-9.573851
0.005581
-0.378890
5.782885
7.691010
1.170241
4.383878
10.837661
7.832363
7.141963
8.145606
7.656608
6.396172
8.847851
-0.161356
0.068527
1.018476
2.124138
-0.067662
1.742809
2.065834
-1.800126
-22.393026
-16.465191
-13.408466
-9.619287
-0.025294
-0.497197
-0.916004
8.171488
4.817152
3.720690
12.539052
10.073101
4.306390
5.605427
5.498496
4.172193
6.111368
-0.527356
-0.345352
-0.073851
1.386889
2.102107
1.391043
-1.048611
0.867646
-13.056064
-19.798485
-15.866377
-10.475366
-5.948091
-0.358038
-0.810218
10.889354
6.470747
6.597465
12.184568
18.074478
11.449188
12.085687
6.338405
3.039617
2.597380
-0.815906
-0.601512
-0.311537
1.659880
1.189753
1.794214
1.465292
2.734846
-20.613701
-17.958055
-18.457491
-17.304516
-10.915760
0.111376
-0.267318
6.240967
2.473541
5.305857
3.774740
10.365584
15.996965
14.441569
9.551709
6.738008
-0.495315
-0.525672
-0.497409
-0.234175
0.439685
1.221032
1.954933
1.545230
3.082965
-17.946745
-15.597532
-13.598674
-9.811370
-5.850114
-0.089691
-0.569480
-0.842619
13.145430
7.147542
8.547053
14.705879
14.535763
4.499383
5.975938
6.093052
6.308012
9.041007
-0.161398
0.043334
0.329426
2.284475
-3.288698
1.623900
0.528257
0.301857
-15.843184
-15.838138
-13.494119
-10.332804
-6.952335
-0.811339
-1.025476
13.536674
8.090660
8.555876
18.147278
19.247656
11.722840
7.733461
4.335977
1.670652
3.882718
-0.178712
0.088863
0.421840
0.814256
-6.467862
1.787702
-5.176731
-8.252693
-10.286025
-11.119336
-8.276368
-8.141267
-5.867261
0.085237
-0.225009
6.218640
11.767504
10.340798
12.880935
18.182575
12.947001
7.363595
10.126251
8.455427
8.770394
-0.277699
-0.072549
0.224728
1.743235
1.503386
1.627781
0.946737
2.044710
-6.855334
-15.882039
-10.566536
-5.634908
-4.043591
-0.570777
-0.912820
8.566886
3.248940
2.932456
11.891254
14.946045
8.771996
4.933806
6.276643
5.197599
6.729258
5.852201
-0.401612
-0.136605
1.828959
1.390340
-1.969621
1.611115
2.409896
-21.167471
-17.381279
-16.671457
-13.727828
-7.688776
-0.023407
-0.446343
-0.816772
7.709817
-0.081049
1.513784
11.023213
9.057547
6.573977
7.347631
6.902949
6.595892
4.685324
-0.667987
-0.484753
-0.239562
1.731992
1.103102
1.243483
1.488903
-0.641908
-16.670561
-16.661623
-12.881299
-9.985021
-7.869388
0.200000
-0.113624
8.795577
5.448953
0.978668
5.867517
10.978256
17.032789
18.512566
17.582506
13.761750
10.841614
5.246134
5.735264
-0.532200
-0.269830
2.275761
1.634366
2.057736
1.522927
1.867803
-11.696229
-16.783272
-16.598732
-12.377851
-7.931164
0.118943
-0.311330
-0.715767
12.580627
1.311988
2.091555
12.434472
12.984127
3.903714
7.348071
5.211422
5.987485
4.818410
-0.305641
-0.130703
0.114614
1.694497
2.067148
2.445218
1.767537
0.748450
-16.681973
-19.313786
-15.132420
-10.807791
-7.386155
-0.101515
-0.559289
12.422697
6.014943
3.872396
6.676929
14.885250
13.723293
9.083087
7.114260
5.012108
1.979467
4.595759
-0.497205
-0.255976
1.188764
1.151047
-0.275055
1.573632
0.690512
4.711710
12.881953
12.600376
10.777203
9.993955
9.931494
9.546279
8.446120
8.020520
8.236920
7.134462
6.328956
5.643015
9.743071
9.560741
9.525761
9.490499
9.628602
12.872253
13.452119
13.032730
11.254988
8.379818
7.535214
6.524662
5.346365
4.088101
0.670686
-0.723758
-0.230768
-0.766603
-3.606968
13.161411
13.002214
12.455793
12.118843
12.245495
12.381502
12.160333
11.936695
11.715914
11.401389
10.929321
8.827925
9.224395
10.362027
9.707685
0.915064
3.666804
5.199067
0.894401
0.244635
-0.566110
-1.284676
-1.072149
-0.796723
0.138618
0.507980
0.620546
0.835343
0.141432
0.400529
1.625358
1.778032
-1.239850
-4.185342
-1.814623
-14.187611
-30.035196
-24.238941
-19.289425
-18.490650
0.410809
-0.135986
-0.633963
16.219955
13.180437
14.149487
13.764194
20.333401
15.846482
9.559354
7.374274
6.963182
10.305845
11.957383
0.202740
0.462230
-0.803138
-3.720708
-5.297110
1.185002
1.903669
-9.225147
-18.444050
-14.739422
-10.528155
-7.757241
1.127031
0.815040
0.495569
10.043859
10.726614
7.874339
14.234903
18.152885
8.599584
11.990479
5.738206
6.674699
6.485074
-0.252398
-0.122237
0.088737
2.136389
0.840125
1.946384
1.608982
-0.558285
-10.380781
-19.470417
-18.042957
-13.635778
-8.842761
0.000507
-0.359675
8.676501
3.998883
4.553391
9.045965
16.193857
18.975164
20.681702
17.651625
13.297856
9.283687
7.810938
-0.845820
-0.554152
0.186973
1.005406
-4.087205
1.308098
-0.917709
-3.473335
-12.506016
-15.982219
-14.771795
-10.570268
-0.251393
-0.644332
-1.019760
11.991117
10.634693
10.178921
19.265850
22.015245
19.249083
15.609904
11.368949
6.140308
5.158945
-0.981995
-0.679504
-0.134776
1.273697
0.950858
1.189924
-3.209081
-1.338266
-13.699003
-18.239735
-16.495489
-11.899137
-0.114629
-0.528934
-0.912674
9.420609
5.614118
6.673866
13.590620
17.663624
12.048411
11.547428
13.455883
10.716410
8.133765
-0.950110
-0.696842
-0.366604
1.864694
0.434216
1.194591
-0.618345
1.375513
-13.742720
-17.658043
-15.621857
-11.237065
-7.388773
-0.582385
-0.968959
12.223768
8.397834
8.511513
18.470337
24.247700
18.521975
14.770236
12.546289
7.664784
4.464617
-1.012392
-0.725733
-0.379957
1.053301
-2.789650
1.206481
-1.972430
-5.240619
-18.966658
-20.875710
-16.776915
-12.693957
-8.243719
-0.333763
-0.705923
10.741992
8.074166
6.124141
13.164219
17.278641
12.267885
8.729271
12.078282
10.825514
8.411915
-0.747199
-0.489431
-0.153759
1.074039
-1.945135
1.409549
-1.237890
-0.231967
-17.919819
-18.905863
-14.689492
-9.735554
-6.070790
-0.302870
-0.678432
12.075659
9.412268
9.559600
20.006083
21.966597
10.636533
7.455999
9.368570
7.412601
5.745573
-0.839236
-0.608460
-0.313183
1.495335
0.560601
1.116223
-2.972162
-5.968858
-17.783964
-21.093880
-18.251980
-14.403921
-9.337673
-0.878538
-1.319047
7.502239
0.281670
3.206215
9.470042
17.215437
15.922394
13.668939
7.436913
4.511246
5.343357
-0.716486
-0.443054
-0.078155
0.103086
-7.633761
0.595373
-3.128848
-4.736369
-21.155117
-23.041437
-18.524729
-13.371481
-7.667634
-0.218249
-0.666538
7.057239
7.278471
-0.363818
6.029408
13.886730
10.723441
13.806656
8.926561
6.750748
2.927679
-0.950897
-0.747580
-0.463152
2.014371
1.352159
-3.959531
1.450958
2.384100
-12.582170
-14.099724
-12.078048
-10.189675
-8.422757
0.243112
0.002303
10.241612
9.037087
5.220513
5.350821
11.955951
14.580517
14.354999
11.942332
12.608440
10.731405
12.625069
-0.521400
-0.289268
0.057845
-1.472511
-9.860523
2.529946
-1.826181
-1.634078
-21.803087
-21.521214
-18.232368
-13.798326
-8.222636
0.039462
-0.341820
10.133361
10.573846
5.080119
8.826907
16.967199
12.919670
14.987543
11.981209
8.853932
6.278049
-0.815870
-0.652653
-0.390291
2.106823
-3.142306
-2.714484
1.296016
0.140802
-10.965158
-18.988720
-17.797514
-14.246670
-9.735249
-0.337468
-0.716066
9.369953
2.798870
6.821330
4.924308
11.410307
12.360836
11.068741
13.261513
9.525289
8.187737
5.384128
-0.874259
-0.641384
-2.076079
1.157921
0.076268
1.217848
1.872418
-2.666844
-13.551264
-16.200838
-15.116134
-11.559997
0.053431
-0.272763
-0.595241
10.473847
16.412348
12.817223
18.161570
22.791597
14.134315
11.345709
12.589396
10.447203
7.182234
-0.644240
-0.364779
-1.051978
1.343289
-1.092487
1.516204
1.049732
-1.583721
-12.739940
-18.313702
-16.160500
-12.107250
0.198548
-0.213664
-0.598725
6.177987
11.895538
4.589276
10.537700
14.102178
7.019711
10.071347
8.554791
6.938759
5.169537
-0.440840
-0.162661
-3.004631
-0.282268
-5.846523
1.703692
0.826201
-3.041557
-16.050209
-19.893486
-16.566656
-11.464159
0.499801
0.081848
-0.320053
8.315646
6.336752
8.150572
15.729232
25.781036
27.273027
21.721836
15.477152
6.552529
4.585333
-1.205738
-0.968931
-0.639709
1.159135
0.797385
0.972645
2.953207
1.740443
-14.734352
-16.278000
-14.143083
-11.592524
-7.450159
-0.656198
-1.026675
13.960000
8.465308
7.791758
15.505950
22.189470
16.662878
12.381373
12.693007
9.626131
5.607282
-0.930591
-0.687341
-0.353492
0.979293
1.186195
1.233617
1.322639
-0.313046
-12.059567
-19.895725
-17.996191
-14.539266
-9.360035
-0.332678
-0.766343
6.694655
5.587689
-0.733140
4.362231
13.234499
11.400474
14.687506
12.680297
8.908626
3.261323
4.890398
-0.933839
-0.658157
1.125618
1.531127
-1.752329
1.254150
2.634742
-6.821165
-17.881496
-20.375397
-16.814426
-12.694407
0.266455
-0.004874
-0.277651
10.367009
15.164717
11.606251
14.054651
18.052460
15.013689
11.061235
13.231818
13.185852
10.851404
-0.596397
-0.340908
-2.052648
2.088310
2.046434
1.565655
3.000418
-5.757572
-15.628492
-18.692675
-15.642488
-10.867910
0.182981
-0.242080
-0.651136
9.079948
9.204692
8.695793
18.212635
20.792425
11.117361
13.004835
9.965954
6.964824
3.360849
-0.772331
-0.498290
-3.355639
1.713940
1.077788
1.452100
3.237069
-4.396504
-17.319279
-18.734396
-15.591215
-10.497872
0.157567
-0.283649
-0.700278
11.252944
6.342506
5.113394
16.207270
19.159588
10.254878
12.481447
8.456547
6.561804
4.401017
-0.780213
-0.515878
-0.183774
1.949188
-3.437195
1.881411
1.564650
-5.226728
-18.673836
-19.027336
-15.557579
-11.003715
-7.378750
-0.220698
-0.654466
6.974502
5.598458
3.827564
14.740849
17.542650
7.518898
11.079309
10.042859
9.189970
6.802849
-0.944303
-0.732169
-0.417237
0.893668
-0.950302
1.118580
0.264282
-3.549088
-14.176911
-20.507441
-17.999155
-15.368181
-11.581358
0.154958
-0.133179
10.586825
4.517244
1.158802
6.914069
15.822862
18.248991
22.309023
14.844177
11.871077
7.925268
9.919060
-0.500875
-0.214447
-2.206790
-3.182259
-2.295733
1.604808
0.389119
-5.499527
-18.802435
-14.983157
-12.287971
-9.678212
-0.087093
-0.549899
-0.968522
11.802724
5.913313
6.067708
16.457024
17.534599
9.585124
10.665806
6.539580
5.478145
3.996372
-0.710336
-0.466721
-1.904202
1.067531
1.944368
1.402331
1.178174
-3.136423
-14.693228
-19.152531
-17.111025
-12.750134
0.242053
-0.181322
-0.587664
7.827644
14.197012
9.901388
13.437678
17.586283
11.730684
11.807721
9.556505
8.027084
5.640938
-0.541795
-0.276776
-1.687863
1.520162
1.748610
1.623020
1.940353
-7.004564
-19.738457
-18.847063
-14.795048
-9.860929
0.341159
-0.132280
-0.585652
10.799666
5.756424
3.230279
15.988048
15.144279
6.903901
5.995254
7.710951
7.832446
7.697988
-0.880998
-0.678472
-0.391089
1.469125
1.567619
1.220025
0.334267
2.610325
-18.094854
-21.529312
-16.857750
-13.735824
-10.493637
0.422220
0.172294
11.146290
5.596691
2.389373
4.943578
12.499300
14.100919
16.237204
11.547860
11.445879
9.491650
9.728075
-0.466042
-0.258496
0.066776
1.031934
-6.935197
1.831302
2.416883
-3.558917
-21.928444
-19.949150
-15.171524
-12.411946
-7.201028
-0.097702
-0.499298
10.833161
5.898038
4.861075
7.457773
13.392057
5.357084
10.232834
7.058376
6.239076
8.179979
-0.403479
-0.231030
0.040051
2.219763
0.766034
-3.267559
1.755128
3.149182
-22.303764
-18.362494
-17.030251
-17.167942
-13.756503
0.487924
0.155172
9.403616
9.172014
10.929220
9.566442
14.334309
19.920862
19.262665
11.168852
11.357968
9.373692
6.686607
-0.510382
-0.267325
-1.952005
1.392256
1.606645
1.575284
0.491722
12.124166
12.765558
11.077414
10.130383
9.415487
9.405697
8.726268
8.358078
9.169817
8.227684
6.887679
5.751372
4.945469
2.382079
2.200071
2.359440
2.469308
2.672846
2.725152
2.883614
2.942184
2.546505
2.374589
2.514922
13.653722
16.371925
15.561941
12.967710
11.817486
15.774216
13.837958
11.904389
6.297425
7.318234
8.899647
6.965051
5.836998
3.700183
1.776954
1.997041
1.128724
0.612301
0.258438
0.387548
-0.461709
-0.348011
-0.224495
1.419968
1.005697
-0.202206
-1.910358
-1.261845
-16.900999
-16.353926
-14.562739
-13.556059
-12.813514
-0.755278
-1.066610
17.356615
12.915664
12.596062
12.668163
19.702456
18.370806
15.451524
12.067746
9.951827
12.088268
11.897090
-0.242698
0.043725
-2.957463
-7.633841
-2.853568
1.860976
-1.769348
-14.378794
-21.256599
-19.371881
-15.442940
-8.550231
-0.134299
-0.587657
-1.002839
6.810078
6.556251
12.312474
20.487333
24.354319
18.505632
12.086846
6.410712
1.293242
4.331694
-0.989167
-0.727758
0.852644
1.133821
0.717146
1.107028
-0.218511
-5.461527
-17.811277
-18.428652
-14.666358
-10.940853
-0.068412
-0.369801
-0.666558
9.636570
14.189375
10.322970
17.127087
18.911053
18.018848
14.897706
13.835032
11.105499
9.049254
-0.937334
-0.659963
0.130188
1.339495
-2.855446
1.269165
-1.429491
-1.200694
-12.120793
-15.085136
-13.585273
-10.362574
-0.038735
-0.379461
-0.705477
6.587478
15.029200
11.074027
18.222519
19.659164
13.597312
10.650559
12.880790
10.346239
9.046578
-0.515111
-0.233771
-1.968197
-2.791774
-5.030863
1.626127
-3.203837
-3.037719
-17.448011
-18.681326
-15.716196
-9.944602
-0.003780
-0.495557
-0.955399
7.545985
3.424875
4.543327
19.250999
20.918131
17.977694
14.187976
6.386465
2.762638
0.883899
-0.931349
-0.621396
-1.471278
1.709735
1.354885
1.355781
-1.102140
-1.450122
-18.274778
-19.954254
-16.837879
-11.454189
-0.087280
-0.550485
-0.985242
9.083358
7.125340
8.547954
18.711376
23.927402
20.915081
16.653387
12.167338
7.213382
5.494832
-0.876501
-0.564726
-0.404334
0.556411
0.382896
1.394553
-0.801309
-2.581693
-16.037878
-18.327385
-15.369996
-10.473952
-0.147525
-0.598450
-1.019725
8.597982
5.074208
6.701985
15.054569
19.284550
12.137907
12.696453
9.821300
6.161684
5.201171
-0.888462
-0.618411
-0.765961
1.313687
1.026329
1.275779
-1.007738
-0.900114
-14.017665
-20.441977
-18.469730
-13.002261
-0.030121
-0.465969
-0.880508
5.740660
9.757969
7.849081
17.717390
23.890123
19.175293
15.870495
12.082910
8.113894
6.575986
-0.922108
-0.620204
-0.767749
1.263224
1.089725
1.315552
-0.666244
-4.635237
-17.243813
-20.117754
-17.362024
-11.562869
-0.293587
-0.801933
-1.256567
5.060296
3.157550
5.674401
17.696920
24.537258
20.944366
13.922432
7.566563
2.167794
-0.213360
-1.020346
-0.713979
-2.934168
1.690175
1.008914
1.239133
-1.912877
-2.332812
-19.035135
-20.271727
-17.341526
-12.123948
-0.232873
-0.735510
-1.203431
9.045332
4.262872
6.324453
18.120275
25.199078
17.505577
11.366140
4.553305
3.693975
3.442255
-0.739654
-0.440339
-1.544964
1.917956
-1.217970
1.535350
3.163647
-7.181044
-19.243095
-18.798262
-15.081726
-10.473975
0.184520
-0.255177
-0.683979
10.276786
15.142326
10.052426
17.291487
22.667332
13.921689
15.316343
11.278399
7.285049
3.489050
-0.921550
-0.646708
-2.607963
1.542760
1.460892
1.319514
-0.729282
-1.947171
-15.363817
-18.625525
-15.967783
-11.220777
0.114022
-0.297451
-0.691060
8.260244
9.919450
7.296095
16.494884
21.329094
12.616293
10.858846
10.709734
8.458076
6.974866
-0.749918
-0.492097
-0.149259
1.531163
-3.880517
1.436637
0.637180
-4.123151
-19.764374
-22.765869
-18.684610
-13.876965
-9.573550
-0.022579
-0.400892
7.721698
6.158398
10.226091
12.934402
18.006838
8.417453
9.435400
9.692236
8.031038
6.656873
-0.618032
-0.374125
-0.030619
1.271549
-3.690814
1.435848
-3.435022
-5.407723
-17.030268
-21.879723
-18.405903
-14.460481
-9.927831
0.463307
0.148956
7.904214
3.097291
-0.211095
7.067623
13.167873
14.577723
16.269424
12.966998
13.111282
11.234533
9.747637
-0.680909
-0.432708
-1.997558
1.774523
-2.983597
1.444006
2.583422
-4.548783
-15.268374
-14.839467
-12.733105
-9.752332
0.225573
-0.099410
-0.412588
9.161682
9.117232
9.877357
18.776907
25.315424
21.058390
14.560270
15.415646
11.553591
8.730464
-0.858025
-0.592791
-0.224493
1.939518
-0.511249
1.425206
3.414281
2.103992
-16.427050
-18.139246
-12.974816
-10.517668
-7.579163
0.135561
-0.170894
8.262840
11.202147
1.141010
3.454222
15.174856
12.489504
10.034135
7.945025
8.914009
10.328882
0.170085
0.326909
0.563802
-2.466005
-4.614913
2.085426
1.875642
3.300193
-19.230692
-11.567180
-9.573957
-7.264843
-5.827868
-0.652200
-1.095053
12.481693
9.559642
5.088952
13.127164
20.702360
17.596712
12.903698
6.518377
4.857421
4.456397
6.273544
-0.296167
0.012674
0.684547
-6.411946
-9.062011
2.664119
0.136810
-19.774796
-18.709967
-14.435834
-10.118666
-5.253685
0.082821
-0.330230
-0.722306
3.490599
2.422064
5.060738
12.568028
13.735242
10.834873
12.573322
8.417129
5.867893
7.139680
-0.856304
-0.632094
0.729218
0.952435
1.857574
1.199688
2.272632
-3.067017
-17.015474
-20.932451
-19.183195
-15.162222
0.475285
0.263273
0.043477
9.747890
6.251197
2.459537
6.096247
14.794265
11.383004
10.535560
13.548297
15.350201
14.874268
-0.512733
-0.308653
-0.012828
1.380966
-0.854665
2.085424
1.752925
0.876328
-19.729963
-19.162342
-15.476412
-11.175139
-6.610773
-0.219349
-0.660032
11.645805
9.501230
13.378467
16.764950
23.107325
13.742453
16.649164
11.234959
9.794735
4.881081
-0.970618
-0.769402
-0.480753
0.847764
0.773966
1.045616
1.095561
-6.442839
-14.162745
-20.660667
-18.004015
-15.027325
-10.781905
-0.101180
-0.448259
8.187276
6.553281
10.614573
13.780000
22.844940
22.633381
24.089027
17.141560
10.009218
6.551325
9.343596
-0.962323
-0.665297
2.098035
-4.481133
-5.648681
1.178113
0.659654
-13.186315
-16.176878
-13.656899
-10.580241
-8.064204
-0.374378
-0.756763
-1.092814
10.811837
9.566947
7.823062
14.542534
16.431517
8.675182
10.450234
10.298463
11.048363
9.167150
-0.324790
-0.035827
1.718490
0.374684
1.497969
1.750251
1.638502
-17.974047
-18.605639
-13.329733
-10.015705
-5.973598
0.167181
-0.245997
-0.630383
13.002010
1.732189
3.023400
11.440784
9.658609
6.542729
6.228610
6.121194
5.842087
5.831288
-0.210169
0.000747
-2.637720
1.633913
-1.305142
1.911157
1.054642
-10.485847
-21.377808
-15.735573
-12.232878
-7.929848
0.241662
-0.214969
-0.657797
13.005818
5.226814
4.867254
9.120584
12.925772
9.828289
8.971183
8.366756
6.995043
8.036193
-0.434834
-0.287586
-0.042968
1.817286
2.256196
1.761100
2.464707
-4.681339
-21.861259
-16.022635
-12.870271
-10.737480
-7.823405
0.072229
-0.250272
9.076250
10.943406
4.947793
8.263382
13.754985
7.994039
9.455363
7.684378
7.626894
7.000081
10.403906
-0.130623
0.075703
-0.605815
-1.141399
-5.751407
1.643499
2.284997
-12.271339
-15.690722
-17.598154
-15.084172
-10.041936
-0.319182
-0.820793
-1.061590
9.546211
11.965444
11.763880
18.703316
15.571826
12.572960
9.379058
5.795278
0.998400
5.137452
-0.532415
-0.261824
1.276938
1.360192
0.601943
1.593237
2.789020
-6.595311
-18.642164
-21.763769
-17.761463
-12.970764
0.454114
0.064266
-0.309289
3.095068
1.130406
-0.172450
7.826295
20.554468
18.472233
17.586264
15.217086
13.479252
5.866899
7.378703
-0.704778
-0.453793
1.278040
1.050921
1.245331
1.336559
2.297682
-11.608458
-16.619984
-17.520054
-17.740448
-16.333050
0.320339
-0.009438
-0.322054
7.961807
6.800266
0.661143
9.729827
16.302504
6.935671
6.886506
7.612021
9.255239
8.029393
8.447535
-0.190388
0.062513
0.502682
0.355278
-1.703013
2.137188
0.782418
-22.390289
-18.338305
-15.418322
-12.624427
-6.720308
0.036883
-0.436614
-0.858423
6.609012
4.039334
6.458773
16.357534
16.888819
10.549883
9.800396
7.300150
4.360685
4.873363
-1.027722
-0.851741
-0.598100
1.580241
0.821318
1.014925
-0.203870
7.564876
13.130184
13.284962
12.330140
11.384789
12.472645
12.033027
8.929188
9.420109
8.296542
8.538494
6.544456
5.826512
6.833854
5.869061
5.138371
4.145728
4.622652
7.143751
9.366015
13.481422
12.968138
12.371467
11.884091
11.994489
12.249035
13.452365
16.063395
14.059487
5.714893
5.802771
5.735946
4.946161
5.775738
3.105903
0.243857
0.834096
1.050313
0.272307
0.368144
0.516617
0.646496
-0.089106
0.078078
1.854733
1.355213
1.430944
-5.147571
-6.544889
-9.243585
-15.207821
-11.140836
-10.665453
-12.273317
-11.624617
-0.170762
-0.567144
14.114881
16.527121
18.761171
23.515329
25.375906
26.411657
25.302593
17.789427
10.613601
10.684754
10.293363
-0.660738
-0.342377
-3.661096
-4.909892
-8.375685
2.655058
2.791787
-5.054953
-24.189995
-17.526978
-13.771402
-9.637522
0.050243
-0.360293
-0.762023
13.895606
14.171884
14.197946
20.372713
21.051525
16.552288
12.791464
12.092329
8.922190
8.266297
-0.743316
-0.461080
-1.476411
0.584059
-0.156264
1.402421
-3.765995
-4.392702
-18.442026
-17.335915
-13.372273
-10.322443
0.150831
-0.184680
-0.511459
4.537043
4.433587
3.829417
14.464765
19.086637
11.495689
9.620373
12.555523
11.116196
9.941657
-0.324953
-0.096258
-2.752594
-0.904465
-3.153296
1.635616
-1.178104
1.291249
-16.214115
-18.590939
-15.982878
-11.192913
0.027070
-0.410528
-0.827329
10.634588
8.172503
8.066976
18.066158
22.638977
16.837568
15.470910
14.562254
9.428860
7.237183
-0.886301
-0.579172
-1.924647
0.930108
1.056938
1.427584
-2.735425
-2.761475
-17.282038
-18.533152
-15.102742
-10.643344
0.115959
-0.301774
-0.698195
6.310064
7.414883
6.135089
15.514339
19.005184
11.208818
12.108080
12.591673
9.646708
7.123687
-0.808477
-0.519383
-0.147315
0.841840
-5.031518
1.601617
-5.133109
-1.232097
-16.181555
-18.484932
-15.569999
-12.030117
-8.105488
0.235506
-0.115851
7.305239
7.812130
8.821297
15.058951
20.940830
17.381704
11.684161
16.029526
13.355011
9.589218
-1.025030
-0.766521
-0.408161
2.234866
-0.990059
1.279382
1.291288
3.087390
-13.449043
-17.287117
-12.666358
-9.111553
-6.698148
0.018795
-0.263918
6.930477
2.807387
2.362600
9.125434
17.207392
16.316994
18.247782
15.913134
14.042262
9.555735
8.485504
-0.836422
-0.553124
0.605053
1.729412
0.799154
1.387805
0.588851
0.793243
-13.375793
-13.771831
-12.325902
-9.584633
-0.078523
-0.459093
-0.812673
12.394237
10.461008
9.285097
15.797397
17.860718
10.244243
9.707534
11.959924
9.576431
8.191589
-0.444599
-0.163481
-1.875041
-2.083879
-4.420782
1.675956
-3.117154
-2.785023
-17.173367
-18.979603
-15.980103
-10.980494
0.166021
-0.324526
-0.784062
8.830671
4.430377
2.095276
17.426468
17.399172
10.106683
13.039089
9.480492
7.155463
4.095830
-0.916059
-0.637836
-3.543324
1.524352
-0.205352
1.408729
1.419296
-2.418084
-17.669546
-19.109751
-16.080141
-11.134341
0.370019
-0.012104
-0.384744
8.071852
8.311092
9.928632
15.024402
23.248508
20.226967
17.405373
16.363325
10.999038
8.188200
-1.043431
-0.794765
-0.449291
2.275279
-0.548479
1.215358
1.407816
1.421587
-15.085770
-17.454836
-14.195619
-10.819452
-7.091759
-0.485973
-0.893358
12.876404
7.813053
5.677978
13.957767
20.988245
15.434294
13.457214
12.784886
10.567362
5.726906
-0.944930
-0.706725
-0.370284
1.260765
1.127758
1.218041
1.267855
-4.829000
-14.559972
-21.372465
-18.449421
-14.647569
-10.454520
0.018948
-0.336574
6.910553
0.870856
-0.564731
5.782672
14.283116
18.579351
20.658562
17.505119
13.286204
7.751490
8.964985
-0.915886
-0.618184
1.681411
-0.249662
-5.816869
1.097195
0.753259
-3.916562
-13.370454
-14.205673
-13.496526
-11.713867
0.013618
-0.260192
-0.524406
7.913818
2.727684
1.845013
9.290860
18.044891
17.891518
15.457875
16.221344
12.655437
11.376539
-0.753977
-0.490724
-0.120312
-0.597435
-6.889133
0.477291
2.065152
0.105144
-15.869998
-18.350367
-13.808604
-10.642683
-6.830016
-0.115071
-0.533190
10.854674
12.028965
16.003174
18.959358
29.267879
28.421730
22.645424
15.574237
7.528234
2.544782
-1.247635
-0.985882
-0.654870
1.775879
1.041113
0.999804
1.108487
2.803041
-14.780575
-19.589750
-15.649636
-11.789845
-8.642325
-0.406399
-0.751859
8.492604
11.232234
13.195626
13.420546
19.704685
14.765307
10.881536
11.815928
10.774027
5.671312
-0.716400
-0.480818
-0.146649
2.103436
-0.775063
1.465860
1.558560
-0.539442
-14.711458
-21.897396
-16.954378
-12.497595
-8.293223
0.089377
-0.295163
7.921291
6.652582
10.566397
12.847607
20.086222
22.270739
16.262182
15.556447
10.342464
6.283657
5.108124
-0.717052
-0.377220
1.971591
-3.259409
-7.157087
1.723668
1.905680
-16.360132
-15.700468
-10.541607
-9.012800
-7.093056
0.281522
-0.013730
-0.288268
5.439106
3.574381
4.715027
11.821079
14.513193
13.700407
10.303066
13.160289
12.238520
11.266727
9.661790
-0.523600
-0.217824
1.948119
-2.830844
-6.973117
2.042323
1.306161
-19.170719
-15.953266
-9.642485
-6.752611
-5.991313
0.470896
0.197163
-0.064007
8.617988
5.232304
4.204979
10.025167
17.653622
10.608512
8.960033
11.694422
10.517908
10.321305
-0.181297
0.010642
0.313909
0.282875
-5.671430
2.242451
1.227779
0.489616
-19.225899
-22.168949
-19.206964
-15.780206
-9.315149
-0.017236
-0.481420
12.057031
5.921488
4.021639
7.459014
15.784321
7.860812
11.573212
8.204736
8.079684
8.097185
-0.696893
-0.500797
-0.216514
1.933800
0.706313
-3.828967
1.868187
3.379649
-21.806068
-19.014002
-16.706110
-16.612885
-13.048804
0.578390
0.312299
8.522243
10.643176
14.001598
10.597980
13.683125
16.370760
13.610209
7.582126
13.120278
14.182552
12.676488
-0.252727
0.015854
0.317021
0.120975
1.325447
1.817819
2.185460
-18.722450
-18.728914
-13.401303
-9.709768
-5.195494
0.089019
-0.364583
-0.784552
8.507604
6.956234
7.931333
15.356047
14.987785
9.743556
9.548679
8.038845
7.461950
5.577487
-0.619743
-0.388368
-0.978152
1.591028
1.250888
1.441334
1.270172
-7.999841
-20.125015
-14.301944
-11.409048
-8.057220
0.199346
-0.188851
-0.562478
3.181013
5.959488
0.535341
8.893876
16.968216
9.924472
8.355865
8.911366
8.044358
9.173303
-0.034375
0.113731
0.370099
2.466022
-3.576763
-1.427717
2.722683
-3.231444
-22.375635
-18.675797
-15.163734
-12.536354
-8.431910
0.224283
-0.164032
6.873938
7.329736
3.120138
8.976421
13.800450
5.470233
8.725067
6.257236
6.635934
6.895185
0.022278
0.183496
0.423831
1.818403
-2.822291
-0.441572
1.940926
1.967595
-20.296957
-16.883209
-13.791460
-8.334878
-6.442674
-0.090076
-0.564104
10.720106
7.700251
3.066497
8.782503
17.437380
12.649054
7.723974
8.083478
6.992110
4.852321
7.431985
-0.671334
-0.449955
-0.397550
1.315057
0.749556
1.342787
2.171981
-4.110241
-14.673394
-20.047047
-19.526569
-16.976109
0.374376
0.080643
-0.201800
6.443224
3.341013
-0.276887
5.315976
16.743937
16.197744
14.550089
12.927816
12.862802
9.518047
11.357711
-0.201751
0.090166
1.450241
-6.582038
-8.875159
1.883593
-1.551017
-21.424782
-18.058725
-12.769076
-8.501914
-5.770946
0.152340
-0.285692
-0.679008
8.858978
7.664570
11.204709
15.778092
13.291377
12.785391
9.319750
7.338087
4.433849
6.881394
-0.610813
-0.402017
-0.216961
1.364574
1.091720
1.273284
2.236441
-4.149387
-16.680542
-20.742771
-16.620531
-12.777620
0.085917
-0.257005
-0.585674
5.566976
2.607198
3.036703
13.214214
18.751360
17.647211
16.574738
13.228510
10.005857
3.649959
-0.936473
-0.721697
-0.416502
1.825558
1.159780
1.206637
1.358974
-0.348915
-20.023981
-19.317780
-18.093683
-15.526423
-11.577926
0.255319
-0.071024
7.398718
2.976689
1.090020
8.702493
15.394770
13.358047
12.435610
10.487699
10.933414
10.054617
7.226250
7.063857
-0.543297
-0.263603
0.542283
1.631356
-5.077078
1.643218
0.750721
-20.385172
-15.206718
-8.160311
-5.264029
-4.512270
0.509851
0.240238
-0.016664
12.544183
13.274982
8.610435
15.516043
23.741293
15.877908
8.447912
10.388923
10.558714
10.311041
-0.164542
0.080594
0.416013
0.961757
-0.134805
1.743450
0.555298
12.145843
13.491896
13.026477
13.034982
13.066507
12.879593
12.664497
12.458359
12.014150
11.470888
11.048484
10.748483
9.740980
11.946543
10.875549
9.666046
-0.516765
0.877642
-3.690099
-2.534142
-1.378282
0.952082
2.583207
2.359347
-0.220916
0.189756
3.001316
1.240239
1.511547
1.803736
4.326119
1.682773
2.011986
2.381500
-8.676435
-19.762857
-15.395078
-5.732299
-1.875173
-16.400507
-15.445490
-13.705583
-15.015483
-15.151279
1.787975
1.370815
15.797572
17.937809
16.902233
14.595585
10.745826
20.950256
23.027805
21.515963
15.221004
12.993533
13.384192
0.030770
0.258534
0.561710
-1.504962
-3.171586
0.781601
3.948596
-1.791640
-17.431168
-12.916441
-7.978790
-9.391344
-9.939542
0.224712
0.010353
16.946217
19.270155
21.401400
17.956913
16.499790
13.695459
5.522740
4.299670
8.139842
10.161308
0.151120
0.277467
0.455680
-1.098496
-3.935578
2.707525
1.682383
2.972382
-10.043468
-15.744166
-13.923654
-10.776510
-7.772282
-0.164303
-0.559943
12.364483
11.591524
13.810802
16.109999
24.564714
18.118952
12.493765
12.186387
10.553895
6.221811
-0.881523
-0.659241
-0.345894
1.425512
0.751969
1.181467
1.073098
-6.198941
-16.656588
-19.538931
-16.117199
-12.078056
-7.839082
-0.224807
-0.602562
5.973487
9.034416
0.692648
3.375978
17.530396
14.418120
9.845678
10.491005
10.563396
10.818711
11.909714
-0.236044
0.019303
2.341925
-4.684423
-6.764705
1.909603
-3.194773
-19.395906
-20.118568
-15.691841
-12.372859
-8.907795
0.196346
-0.173263
-0.523641
3.446661
5.246681
4.676418
16.287151
17.377424
9.552050
8.031446
10.435874
11.347505
9.358800
-0.348550
-0.153671
-1.607833
1.939875
-0.545416
1.568736
2.929710
-5.698967
-17.936069
-15.273841
-13.098643
-9.739428
0.123430
-0.267465
-0.646209
7.596010
11.368795
11.171691
19.841196
25.502958
20.174223
11.474880
12.247450
10.474854
7.166640
-0.735645
-0.468102
-0.104344
1.865398
-1.326203
2.086494
2.652076
2.749612
-13.545077
-19.499586
-14.603112
-10.860486
-8.209079
0.358521
0.057860
7.214256
2.285771
1.238127
7.164575
16.205685
17.005293
17.570593
13.304733
11.788520
9.845491
8.563828
-0.624000
-0.352629
-0.098700
1.989691
1.347789
1.535798
0.898249
-1.236595
-16.268244
-14.610253
-11.568419
-9.683996
0.517116
0.200534
-0.100749
10.357450
10.618581
10.150010
16.573837
24.414366
20.084923
11.205456
11.982347
11.307901
9.917688
-0.484602
-0.209556
0.155192
1.379288
-6.031642
0.695974
2.154281
1.163648
-16.406403
-16.032375
-10.877609
-8.089747
-6.046993
0.282576
-0.087771
8.755510
15.311106
12.372309
9.260575
15.165749
10.015479
9.581143
10.193570
10.402537
8.410309
-0.404701
-0.217176
0.063715
0.450738
-5.369134
-1.267837
1.716364
-1.918893
-15.162810
-22.233456
-18.262989
-13.899695
-8.434773
-0.081533
-0.570165
8.777936
4.235799
2.761609
7.461933
16.348923
7.037089
7.345468
7.693881
9.168346
7.082773
8.642218
-0.718567
-0.460908
0.729795
1.545869
-0.918307
1.410155
1.339990
-14.798722
-15.274323
-10.917415
-8.566711
-7.079618
0.127381
-0.158031
-0.429028
5.176206
3.119383
4.174471
11.193354
14.415757
14.520355
14.110155
11.078846
12.806850
10.779749
9.075893
-0.558776
-0.248862
1.582882
1.752973
0.674908
1.687653
3.280753
-15.641298
-21.716175
-13.941015
-10.320116
-8.295465
0.901504
0.631162
0.367772
9.601491
2.813760
1.325476
7.429481
12.967267
10.520943
7.861586
9.380651
9.803535
11.106030
10.198882
-0.230006
-0.002912
-0.658791
1.801280
0.723965
1.807005
1.463578
-18.054909
-21.648144
-10.712177
-7.840584
-6.021192
0.456766
0.086273
-0.262951
13.480025
5.292853
6.110928
11.387650
13.423700
5.801677
10.712305
7.352933
7.072495
9.888180
-0.011065
0.133101
0.346493
1.486609
2.158183
1.717337
1.797572
2.249477
-21.211809
-18.895206
-14.848303
-10.911636
-6.244982
-0.529420
-0.910244
10.238688
9.767345
10.794138
15.673356
18.336966
7.491686
11.325594
7.348574
7.566819
5.831282
-0.561550
-0.379894
-0.119771
2.054763
1.297835
1.385448
1.533736
-1.067570
-13.017439
-21.069981
-17.741730
-13.858076
-9.819001
0.347647
0.000546
6.750565
6.239872
9.445294
8.424261
16.236300
20.960503
22.793007
12.878067
10.832590
6.222253
3.739577
-0.585376
-0.323653
0.006376
1.625193
-1.707236
1.489432
2.502617
-6.365078
-18.491806
-14.402657
-10.820498
-7.783731
-6.267448
-0.237572
-0.652932
10.609831
8.561510
4.813095
11.084886
11.932760
4.779560
8.316613
7.483833
6.915489
8.545959
-0.425132
-0.284581
-0.075459
0.435581
1.252625
1.295380
1.490160
1.618302
-17.112900
-18.393402
-16.048000
-11.745230
-6.848488
-0.511572
-0.996572
9.306062
7.115633
7.625482
13.844639
18.823620
10.267106
8.447446
7.512239
6.690863
7.269015
6.989743
-0.585667
-0.346754
0.797447
1.210968
1.705475
1.321458
0.040365
-17.638054
-14.510237
-10.059526
-7.730302
-5.849404
-0.338549
-0.715592
-1.059579
6.550117
2.128346
5.693893
11.467223
10.825814
4.546297
6.884761
7.097874
9.149120
8.577003
-0.296193
-0.087154
-1.279693
1.478726
1.459039
1.631986
-2.689566
-8.091045
-19.924936
-12.548788
-8.493047
-5.849955
0.334067
-0.063058
-0.426765
9.125779
6.853324
6.543277
10.125587
11.205922
7.436884
4.504282
7.144980
7.064959
10.523900
-0.276494
-0.071052
0.208639
2.186830
1.303063
-0.468573
1.824988
1.905604
-21.231747
-14.326465
-10.237840
-7.841775
-5.316918
-0.107452
-0.506908
5.857173
6.117285
3.434289
3.571369
12.010837
6.601503
3.134716
8.754560
7.885170
8.061856
7.938817
-0.514270
-0.367574
-0.145377
1.483508
1.144648
1.279691
1.467440
0.194977
-16.594358
-15.476061
-13.394579
-9.864287
-6.277669
-0.227219
-0.618527
10.866530
6.032573
4.824103
9.574981
15.415232
13.325390
4.857872
8.418492
6.852211
8.433144
8.060455
-0.301322
-0.089453
0.631988
1.265190
1.805869
1.616653
-1.849729
-7.914720
-18.595497
-16.606533
-13.617301
-10.180657
0.186091
-0.296229
-0.742658
5.987513
2.783863
4.005894
9.380179
11.531434
5.351239
7.047786
8.207137
7.526566
9.847522
9.411219
-0.162628
0.058251
1.055177
1.359602
1.775384
1.690458
-2.710660
-20.396858
-10.505679
-3.651578
-3.523501
-4.075503
0.508460
0.283224
0.079579
5.344276
4.041501
6.089327
8.364882
16.506922
11.977676
7.036201
6.862488
9.004383
11.816185
15.249323
0.725514
0.949568
2.772595
2.430538
-0.764221
2.970781
-6.147712
-18.077742
-8.925806
-3.899566
-3.274495
-5.544525
0.571196
0.270261
0.135798
14.313738
11.621408
10.780626
12.851266
19.144539
9.330997
6.405814
7.242336
11.314878
12.211535
0.822803
0.914939
-4.029943
2.170120
2.192386
1.854695
-1.523584
-6.669333
-16.698759
-7.279668
-6.785274
-7.784425
0.070753
-0.276549
-0.338298
14.067441
9.356414
9.130580
15.732061
18.042116
8.858972
3.622431
5.222057
5.714987
8.324612
11.920619
0.290068
0.464058
0.575467
1.604595
1.630488
1.505841
-1.511913
-1.298150
-4.450697
-6.553541
-7.739983
-8.179631
-0.539823
-0.877476
-1.169614
9.063249
0.009789
5.446724
9.060963
17.844261
8.618189
8.387167
8.617331
6.905882
9.168804
12.506053
0.254460
0.427415
0.637108
1.593815
1.760491
1.911364
-1.810147
-2.954275
-3.481198
0.179367
-3.491545
-8.213415
-11.061463
-0.561859
-0.862845
-8.559155
-8.182077
-6.216206
-0.208797
0.042084
3.219426
7.667397
7.307583
7.104886
6.605285
6.695732
6.508236
7.809052
9.786522
2.113750
2.337916
-15.613529
-9.765602
-7.303641
-5.363087
-11.387437
-6.804846
2.476735
3.148006
3.549050
2.364477
1.045702
-3.455988
1.898079
1.583587
9.751758
6.128227
4.706662
4.212346
2.727712
1.695617
-12.170189
13.223074
13.605326
13.663312
13.696990
13.549698
13.455456
13.279046
12.678660
