-0.885687
-0.764870
-0.641444
-0.493910
-0.372227
-0.360223
-0.321941
-0.302051
-0.282355
-0.242606
-0.190044
-0.152803
-0.104303
-0.105402
-0.100253
-0.087524
-0.102951
-0.103843
-0.117244
-0.111770
-0.112231
-0.103306
-0.084082
-0.089171
-0.072769
-0.066866
-0.023690
-0.013016
-0.040491
-0.116799
-0.169541
-0.191644
-0.203576
-0.211751
-0.215634
-0.246610
-0.255653
-0.263005
-0.249211
-0.263803
-0.245566
-0.228184
-0.176307
-0.131680
-0.093151
-0.086239
-0.052612
-0.033296
0.012201
0.033167
0.290127
0.180856
0.144874
0.123523
0.135981
0.122818
0.142790
0.123628
0.152619
0.135151
0.161586
0.146541
0.157325
0.123779
0.156774
0.131235
0.160902
0.152724
0.172075
0.174333
0.368590
0.233233
0.169051
0.146726
0.166387
0.190488
0.181052
0.201188
0.189827
0.151848
0.182584
0.151750
0.139588
0.110968
0.146378
0.079159
0.049644
-0.044402
-0.067391
-0.119350
-0.036842
-0.058151
-0.044603
-0.033057
0.012402
0.024557
0.055926
0.106932
0.134577
0.187296
0.188678
0.212016
0.205694
0.214368
0.203832
0.199758
0.143410
0.133316
0.106034
0.118884
0.097168
0.094951
0.014236
-0.003912
-0.028976
-0.038403
-0.038238
-0.053902
-0.054822
-0.028387
0.008693
0.044227
0.090468
0.124442
0.170256
0.175894
0.194276
0.196504
0.191347
0.200099
0.182856
0.196246
0.169308
0.189154
0.162322
0.169620
0.128980
0.088013
0.050535
-0.000518
0.074871
0.041187
0.048479
0.076039
0.083565
0.051822
0.086272
0.118973
0.170255
0.177064
0.199084
0.203896
0.207907
0.207628
0.226173
0.194955
0.189969
0.172091
0.176126
0.147537
0.162472
0.120420
0.096581
0.050991
0.013797
0.025530
0.029533
0.017824
0.040094
0.050441
0.066471
0.107553
0.140603
0.193429
0.197643
0.227480
0.232649
0.244982
0.234284
0.248782
0.202159
0.212993
0.193020
0.218964
0.186430
0.188800
0.189271
0.171649
0.155487
0.096216
0.080377
0.049006
0.055888
0.077407
0.093391
0.033496
0.090154
0.118427
0.188864
0.205435
0.227723
0.237927
0.234219
0.224509
0.192693
0.175018
0.176258
0.126878
0.127720
0.110271
0.124139
0.077046
0.063210
0.013822
-0.017076
-0.010755
0.010203
0.008692
0.022671
0.032357
0.042381
0.071859
0.094924
0.141314
0.149018
0.185011
0.190730
0.208179
0.196098
0.202399
0.190736
0.206707
0.187048
0.212031
0.189768
0.204367
0.190524
0.163951
0.135849
0.079909
0.087663
0.043422
0.031505
0.029834
0.044422
0.023410
0.083002
0.092289
0.136052
0.151418
0.178120
0.174459
0.184587
0.186783
0.216382
0.187023
0.157727
0.056400
0.059471
0.036198
0.048951
0.000369
-0.012586
-0.059379
-0.064196
-0.080340
-0.080324
-0.075521
-0.077127
-0.080915
-0.066558
-0.085565
-0.037712
-0.042745
-0.007995
0.007732
0.041612
0.064604
0.078210
0.079914
0.078288
0.087939
0.074955
0.073552
0.059205
0.069728
0.044302
0.070405
0.015500
-0.010316
-0.053827
-0.049834
-0.047631
-0.069107
-0.020204
-0.031495
-0.006391
-0.000374
0.096041
0.071262
0.094262
0.096025
0.133257
0.142792
0.146219
0.144324
0.141901
0.145229
0.155739
0.132633
0.163559
0.135998
0.140796
0.105708
0.067835
0.024329
-0.016784
0.001690
0.004204
0.009205
0.030925
0.043534
0.026921
0.069774
0.086030
0.130032
0.142826
0.164459
0.158414
0.155776
0.164646
0.158136
0.175166
0.146169
0.160560
0.145235
0.161926
0.142553
0.149135
0.103368
0.061274
0.041393
0.063285
0.045227
0.050391
0.057478
0.073937
0.034975
0.064582
0.106319
0.121547
0.159851
0.152673
0.146158
0.138937
0.149178
0.145306
0.168393
0.118708
0.134531
0.121073
0.151979
0.125286
0.123037
0.072982
0.024042
0.001664
0.035372
0.020682
0.024947
0.035856
0.056184
0.040896
0.048594
0.097293
0.122908
0.164105
0.167048
0.184931
0.182268
0.176241
0.156905
0.147767
0.158786
0.139361
0.156897
0.152331
0.142426
0.154732
0.098229
0.083593
-0.002026
0.031792
-0.021448
-0.033250
-0.035644
-0.008782
-0.044422
0.013075
0.015802
0.058097
0.081000
0.110331
0.091794
0.091950
0.104305
0.108071
0.143868
0.093294
0.088065
0.069075
0.090870
0.062503
0.066467
0.017279
-0.011445
-0.030615
-0.045524
-0.001853
-0.015058
-0.009286
-0.002992
0.013077
0.027568
0.066992
0.089775
0.118915
0.127148
0.141563
0.156415
0.139687
0.157904
0.147873
0.163039
0.128709
0.159078
0.150671
0.164111
0.137573
0.102714
0.060956
0.026500
0.032876
0.030201
0.032968
0.042923
0.049869
0.062398
0.074485
0.107088
0.154104
0.158075
0.189685
0.197395
0.210434
0.201029
0.211997
0.200926
0.195611
0.171749
0.191114
0.181233
0.198849
0.206755
0.157372
0.141861
0.091092
0.098932
0.042046
0.064508
0.076239
0.012845
-0.039736
-0.005324
0.004608
0.051353
0.078006
0.105909
0.101927
0.092370
0.098316
0.105653
0.122487
0.138519
0.092212
0.114032
0.111220
0.112556
0.068312
0.037249
-0.007582
-0.044474
-0.043099
-0.041891
-0.045207
-0.031124
-0.021432
-0.007125
-0.034720
-0.012536
0.039241
0.067130
0.104817
0.123561
0.141608
0.143635
0.146447
0.171424
0.145230
0.113391
0.082309
0.100717
0.076109
0.066587
-0.003478
-0.025328
-0.060605
-0.069197
-0.051281
-0.033549
-0.029914
-0.018026
0.001098
0.002032
0.068948
0.074541
0.104451
0.111524
0.138117
0.146573
0.149202
0.148665
0.159112
0.149909
0.172601
0.147341
0.177868
0.147761
0.133928
0.091094
0.056691
0.034043
0.001985
0.019897
0.043646
0.043276
0.066397
0.075131
0.051398
0.082201
0.071778
0.107951
0.117403
0.131629
0.127539
0.117375
0.127503
0.139404
0.146439
0.164775
0.130203
0.164266
0.150508
0.103997
0.081357
0.058935
0.031584
-0.001272
0.019397
0.023313
0.028203
0.046776
0.065226
0.035605
0.074554
0.078908
0.116554
0.132084
0.153264
0.144574
0.141477
0.155460
0.156706
0.168494
0.126169
0.134434
0.119577
0.142079
0.110221
0.124330
0.074787
0.035150
0.014226
-0.002106
0.036262
0.024207
0.036295
0.037697
0.024980
0.037831
0.098158
0.117888
0.162826
0.159330
0.162779
0.154760
0.164429
0.159443
0.151544
0.130374
0.141787
0.134999
0.153401
0.141099
0.141155
0.092134
0.056164
0.004978
0.039645
-0.004433
0.019868
0.034662
0.022444
-0.026331
0.018984
0.031173
0.079891
0.094370
0.115019
0.102193
0.100333
0.118100
0.110546
0.123743
0.086937
0.094575
0.081344
0.102512
0.054767
0.059865
0.022802
-0.011804
-0.021466
-0.033924
-0.020285
-0.032063
-0.010512
-0.011087
-0.003850
0.010205
0.044018
0.073867
0.113707
0.109053
0.107404
0.097289
0.115075
0.110197
0.110406
0.075578
0.084932
0.073354
0.090905
0.063230
0.067679
0.037387
0.001076
-0.005122
-0.024544
-0.000554
-0.007767
0.004136
-0.000231
0.006339
0.010181
0.042858
0.069194
0.104610
0.102593
0.104683
0.095633
0.110446
0.107838
0.102446
0.073434
0.084938
0.079713
0.096061
0.083819
0.079768
0.056705
0.005707
0.002843
-0.022016
-0.001239
-0.018702
-0.003255
0.002594
0.007779
0.000871
0.023096
0.046136
0.087203
0.088415
0.088298
0.084054
0.095792
0.097224
0.092077
0.076243
0.084802
0.080724
0.092321
0.075022
0.078784
0.072497
0.017862
0.018541
-0.005742
-0.005406
-0.020946
-0.009390
0.003718
-0.021759
-0.034782
0.005120
0.039119
0.074016
0.081944
0.094742
0.095648
0.114778
0.086397
0.089767
0.058355
0.053591
0.056485
0.066771
0.043519
0.037682
0.038246
-0.003427
0.004038
-0.039203
-0.023286
-0.043710
-0.041758
-0.038157
-0.027644
-0.023709
0.004671
0.038176
0.071586
0.086106
0.104910
0.126684
0.120701
0.147094
0.134433
0.110360
0.040245
-0.369462
-0.371126
-0.364966
-0.319887
-0.264291
-0.209531
-0.169381
-0.121471
-0.069350
-0.033246
-0.006425
0.023147
0.081778
0.079862
0.093977
0.062519
0.071173
0.075343
0.108194
0.108877
0.096340
0.088785
0.091439
0.072132
0.071787
0.071782
0.104550
0.070645
0.085620
0.061106
0.065882
0.008206
-0.047853
-0.099275
-0.098419
-0.030481
-0.034068
-0.027603
0.005568
0.036184
0.072911
0.089812
0.147328
0.166199
0.203729
0.221983
0.240583
0.205291
0.181858
0.163365
0.150048
0.084043
0.093136
0.078711
0.082386
0.034039
0.028691
-0.025556
-0.030222
-0.035144
-0.049449
-0.002454
-0.004043
0.012685
0.009332
0.043460
0.094917
0.109510
0.102462
0.126504
0.127443
0.154034
0.134356
0.130157
0.132335
0.152642
0.137784
0.146618
0.138300
0.154837
0.114011
0.101319
0.044702
0.011618
-0.021744
-0.009575
0.018480
0.022362
0.040907
0.054242
0.002601
0.038865
0.061856
0.109026
0.115138
0.138960
0.152080
0.139277
0.148255
0.156014
0.152221
0.167910
0.131663
0.166113
0.135391
0.119443
0.096684
0.060877
0.033141
-0.005910
0.006963
-0.020143
-0.000196
0.009833
0.003160
-0.012750
0.044578
0.061325
0.110299
0.125870
0.127434
0.129840
0.116589
0.121253
0.133741
0.126167
0.133199
0.107041
0.141218
0.122681
0.113138
0.101712
0.047936
0.025692
-0.029444
0.014708
-0.036959
-0.010612
0.003505
-0.015515
-0.053068
0.002800
0.030983
0.084180
0.096800
0.106830
0.114174
0.112727
0.118177
0.117506
0.115130
0.112244
0.090156
0.116649
0.108047
0.078632
0.059320
0.025205
0.006624
-0.031491
0.004749
-0.049165
-0.023897
-0.022668
0.008794
-0.010812
0.026386
0.045577
0.085379
0.103544
0.112620
0.114203
0.110560
0.115431
0.130669
0.124090
0.121416
0.101603
0.123962
0.122192
0.087453
0.090969
0.047105
0.034876
-0.009630
0.011492
-0.005730
0.004159
0.020498
0.023828
-0.020918
0.011040
0.035695
0.077624
0.097420
0.111238
0.114438
0.112912
0.122735
0.137971
0.117597
0.111563
0.094493
0.112530
0.117201
0.078997
0.089657
0.048695
0.040225
-0.003057
0.002038
-0.023866
-0.002429
0.001865
0.006255
-0.046064
-0.010827
0.027645
0.069405
0.090337
0.105339
0.111459
0.117052
0.122505
0.110022
0.104802
0.105677
0.091383
0.103045
0.113068
0.060055
0.056418
0.017304
0.017132
-0.027021
-0.025789
-0.074932
-0.048312
-0.056165
-0.031414
-0.079657
-0.061277
-0.036971
0.002181
0.031006
0.054764
0.069832
0.081067
0.084918
0.089038
0.085944
0.079741
0.036290
0.039520
0.042049
0.030899
0.004717
-0.013183
-0.026297
-0.047523
-0.032452
-0.048077
-0.043680
-0.053490
-0.040154
-0.035690
-0.037317
-0.007422
0.019476
0.045788
0.071844
0.082487
0.089505
0.096845
0.101391
0.114457
0.081562
0.079467
0.069890
0.076282
0.079290
0.068020
0.064745
0.019445
0.021203
-0.002424
0.018561
-0.000879
0.003990
0.007467
0.016070
0.005554
0.020820
0.046458
0.083457
0.091888
0.100748
0.104103
0.097460
0.108550
0.120315
0.122537
0.101890
0.102268
0.110601
0.116060
0.108551
0.091292
0.070023
0.052558
0.040572
0.041364
0.025544
0.036678
0.047483
0.055722
0.049171
0.072268
0.104094
0.135747
0.141600
0.140274
0.148807
0.138657
0.153199
0.160134
0.165831
0.089955
0.101835
0.104887
0.111813
0.119527
0.099997
0.069140
0.044521
0.022611
0.029129
0.025449
0.010476
0.025801
0.028628
-0.028218
-0.026453
-0.007039
0.010335
0.045631
0.057780
0.084300
0.079153
0.094168
0.081122
0.078121
0.075903
0.071040
0.075476
0.087653
0.038758
0.051522
0.001378
0.010094
-0.033999
-0.057391
-0.066001
-0.044778
-0.045651
-0.036135
-0.034561
-0.017143
0.023381
0.061758
0.062941
0.062852
0.044564
0.064462
0.062411
0.067293
0.037971
0.043191
0.038075
0.035013
0.060681
0.022292
0.049489
-0.009957
0.008017
-0.023132
0.005085
-0.061905
-0.062260
-0.053466
-0.044482
-0.057207
-0.060103
-0.035286
-0.002470
0.015244
0.039589
0.049018
0.048567
0.067092
0.082917
0.056794
0.032893
0.036083
0.037900
0.035623
0.036864
0.009695
0.026764
-0.007122
0.013327
-0.002443
-0.041583
-0.048438
-0.042694
-0.040556
-0.043273
-0.048723
-0.035735
-0.002266
0.015055
0.038056
0.050548
0.056821
0.069796
0.084104
0.093711
0.067683
0.029625
0.041346
0.033216
0.050593
0.028268
0.054239
0.005078
0.025149
0.005142
0.029811
-0.027249
-0.031943
-0.029649
-0.034290
-0.035132
-0.004812
-0.007037
0.013667
0.051934
0.080996
0.103316
0.103678
0.122561
0.129462
0.133685
0.115273
0.077699
0.073469
0.100704
0.067276
0.096763
0.062947
0.070806
0.062913
0.067841
-0.013800
0.003313
0.007339
0.007588
0.013331
0.005469
0.009480
0.043810
0.065965
0.098187
0.117293
0.118509
0.143997
0.155088
0.084208
0.054752
0.069486
0.073459
0.075283
0.092263
0.050837
0.071128
0.026820
0.037361
0.019627
-0.021571
-0.029984
-0.014899
-0.012448
-0.029574
-0.064484
-0.037261
0.002646
0.022233
0.047889
0.060357
0.064782
0.084136
0.095363
0.062758
0.022934
0.033370
0.030614
0.029422
0.035439
0.020780
0.045426
0.003364
0.027508
-0.052994
-0.054173
-0.066825
-0.065485
-0.065784
-0.063526
-0.084814
-0.058109
-0.026877
-0.013445
0.017697
0.042844
0.055931
0.058618
0.087574
0.096619
0.052629
0.040033
0.040767
0.027861
0.044537
0.015199
0.040483
-0.000286
0.022968
0.005516
0.024738
-0.046864
-0.044794
-0.043219
-0.041680
-0.044968
-0.028590
-0.027808
-0.001660
0.026052
0.056803
0.071064
0.059943
0.081604
0.096720
0.097702
0.060656
0.046522
0.048800
0.047976
0.074709
0.049384
0.064056
0.026251
0.038263
0.029022
-0.031368
-0.023688
-0.010525
-0.007647
-0.021772
-0.058062
-0.033100
0.004690
0.022471
0.052439
0.047636
0.046837
0.063635
0.076681
0.083630
0.076054
0.064101
0.062070
0.064422
0.021515
-0.015908
-0.004519
-0.019905
-0.007366
-0.011569
-0.039659
-0.041897
-0.042398
-0.040071
-0.036068
-0.062099
-0.018580
-0.004787
0.022796
0.040389
0.068503
0.084109
0.084855
0.097848
0.087313
0.074310
0.051546
0.054541
0.052806
0.062006
0.039795
0.027145
0.030523
0.007387
0.017558
-0.010931
-0.016398
-0.012570
-0.001715
0.002454
-0.010315
0.011608
0.016966
0.028078
0.044847
0.071682
0.081140
0.086582
0.089679
0.100011
0.107490
0.096900
0.103122
0.078428
0.074720
0.068693
0.060721
0.061835
0.026050
0.038065
0.033651
0.019097
0.018245
0.004172
0.003221
0.001218
-0.023038
0.007707
0.010471
0.029341
0.044700
0.065757
0.073038
0.077628
0.077898
0.095144
0.094710
0.078916
0.043787
0.052843
0.056657
0.061660
0.038902
0.022327
0.000457
-0.001104
-0.037508
-0.043786
-0.031717
-0.026246
-0.023931
-0.053402
-0.036633
0.001233
0.020197
0.039729
0.048601
0.051389
0.065112
0.077175
0.093883
0.055914
0.044131
0.043457
0.040593
0.051647
0.024885
0.039195
-0.002097
0.014015
-0.010111
-0.027393
-0.051793
-0.044091
-0.040175
-0.034991
-0.042619
-0.013787
0.005415
0.038146
0.059076
0.077276
0.081049
0.079119
0.095134
0.112356
0.114323
0.081374
0.069564
0.068464
0.073109
0.060711
0.052542
0.033296
0.025988
0.018270
0.034574
0.034565
0.005553
0.008019
0.010635
0.000329
0.003164
0.010874
0.032750
0.060250
0.076561
0.088440
0.101069
0.096771
0.105134
0.107567
0.064907
0.069419
0.070890
0.101871
0.076435
0.108881
0.042204
0.050308
0.010640
-0.014590
-0.043175
-0.014160
-0.010592
-0.020409
-0.062350
-0.055823
-0.022309
0.010073
0.036295
0.042195
0.050145
0.050705
0.068448
0.081117
0.099784
0.098213
0.050595
-0.526181
-0.526847
-0.554419
-0.485502
-0.378456
-0.339714
-0.292566
-0.231561
-0.156690
-0.101513
-0.085622
-0.044526
-0.005965
-1.423718
-1.661566
-2.178564
-2.084291
-1.973034
-1.843657
-1.709799
-1.585553
-1.467433
-1.340781
-1.222528
-1.142307
-1.092174
-1.104961
-1.189111
-1.253989
-1.293723
-1.315477
0.895702
0.455438
0.391425
0.366181
0.391877
0.394306
0.487742
0.504663
0.500635
0.510349
0.537911
0.414013
0.288549
0.261264
0.277355
0.196680
-0.000418
0.029758
0.020697
0.028797
0.058234
0.137090
0.005099
-0.099623
-0.149412
-0.129404
-0.126597
-0.126475
-0.120522
-0.133377
-0.151810
-0.184524
-0.190548
-0.196429
-0.191135
-0.200868
-0.191250
-0.154569
-0.154402
-0.114187
-0.070238
-0.007027
0.034653
0.047771
0.080341
0.099880
0.114469
0.093956
0.049791
0.014948
0.054317
0.032533
0.061181
0.025736
0.026531
-0.004158
0.005359
-0.016934
-0.013908
-0.049915
-0.034561
-0.036327
-0.035999
-0.037943
-0.023105
0.001518
0.032252
0.180692
0.145773
0.171695
0.147010
0.151223
0.131179
0.126906
0.102872
0.107104
0.095947
0.135962
0.124632
0.132649
0.123962
0.143721
0.095574
0.075437
-0.002691
-0.039618
-0.062488
-0.050598
-0.076215
-0.054407
-0.036207
-0.016362
-0.044072
-0.002364
0.018457
0.032269
0.056373
0.069100
0.119257
0.139479
0.122411
0.125106
0.119574
0.145137
0.130959
0.134895
0.117148
0.126539
0.079140
0.059116
-0.023313
-0.050613
-0.076793
-0.076346
-0.096419
-0.095172
-0.089645
-0.039138
-0.013711
0.046388
0.067103
0.115687
0.140693
0.173924
0.178386
0.173690
0.180018
0.166270
0.188259
0.172976
0.201863
0.186286
0.190764
0.165157
0.147320
0.070239
0.043443
0.002519
0.014690
-0.003877
0.017856
0.041809
0.068070
0.068771
0.095262
0.117452
0.170922
0.177548
0.203323
0.213513
0.197175
0.208187
0.217766
0.196731
0.208213
0.144529
0.181384
0.144813
0.148623
0.083488
0.024914
-0.011862
-0.073624
-0.012675
-0.055162
-0.022617
-0.004739
0.036436
0.051841
0.078266
0.122882
0.157188
0.189701
0.194203
0.224947
0.203913
0.206409
0.214494
0.205679
0.218085
0.200610
0.234388
0.199977
0.199978
0.164488
0.106005
0.079272
0.021791
0.022309
-0.001173
0.024376
-0.008497
-0.005485
-0.056643
0.017606
0.042591
0.115719
0.126678
0.135016
0.141374
0.121134
0.134424
0.123840
0.129870
0.141196
0.111338
0.155484
0.128360
0.131934
0.090289
0.055570
0.015095
-0.035706
0.015948
-0.033717
-0.008589
0.000582
0.017382
0.002888
0.066733
0.085976
0.142708
0.150063
0.161189
0.164672
0.152654
0.159728
0.176305
0.163543
0.163982
0.134356
0.196130
0.157636
0.159778
0.127889
0.086681
0.050601
0.000982
0.036284
-0.010787
0.004709
0.013553
0.044578
0.025836
0.079571
0.088193
0.139748
0.153469
0.161445
0.169702
0.151692
0.158172
0.174438
0.156250
0.160725
0.130204
0.174602
0.140389
0.147398
0.121375
0.077203
0.051302
-0.001175
0.057276
-0.008235
-0.012261
-0.003620
0.013059
-0.088826
-0.006350
-0.009616
0.035558
0.067765
0.101166
0.106118
0.102445
0.105144
0.133754
0.126659
0.145311
0.080718
0.108265
0.098242
0.087274
0.042970
0.018743
-0.046300
-0.065068
-0.058814
-0.076081
-0.025539
-0.025178
-0.003009
0.002163
0.031856
0.062158
0.120156
0.132198
0.169181
0.164504
0.166645
0.166627
0.179222
0.166295
0.179841
0.151292
0.189764
0.147105
0.168443
0.138920
0.116076
0.080615
0.042063
0.048753
0.042935
0.042835
0.057548
0.071486
0.075110
0.124630
0.109262
0.132768
0.142902
0.155912
0.150915
0.136111
0.137176
0.156647
0.151613
0.181142
0.132937
0.173858
0.149020
0.154377
0.111412
0.090936
0.033546
0.004235
0.007514
-0.013617
0.044798
0.044248
0.056082
0.053462
0.033102
0.083172
0.127978
0.134860
0.173263
0.179978
0.191671
0.188521
0.203426
0.186266
0.194943
0.151408
0.187141
0.150717
0.143574
0.101096
0.081957
0.039819
0.006302
0.020181
-0.009084
-0.009014
0.005569
0.022967
0.023639
0.074126
0.090230
0.124992
0.134987
0.158911
0.159080
0.150811
0.150402
0.166319
0.158302
0.184290
0.139620
0.184835
0.154253
0.157267
0.126138
0.106051
0.055339
0.022899
0.027837
0.043135
0.037529
0.053976
0.067631
0.070900
0.112421
0.113154
0.138319
0.136882
0.158863
0.157042
0.147644
0.147201
0.163957
0.158332
0.180992
0.139409
0.174072
0.147354
0.163648
0.129026
0.101972
0.044520
0.015943
0.018662
-0.002472
0.061618
0.062975
0.074685
0.075371
0.102626
0.111184
0.151709
0.151331
0.181752
0.179535
0.176532
0.179440
0.192879
0.188423
0.200446
0.176901
0.212180
0.167826
0.167719
0.139850
0.119965
0.084253
0.051399
0.057395
0.069360
0.068275
0.083545
0.087714
0.024711
0.069219
0.064552
0.100029
0.106339
0.139229
0.134722
0.131053
0.133135
0.152980
0.158034
0.180412
0.126838
0.159258
0.141069
0.121603
0.099022
0.054522
0.010807
-0.016144
-0.027090
-0.017788
0.008673
0.010139
0.027398
0.042296
0.039646
0.103778
0.115841
0.162289
0.169828
0.188811
0.185842
0.180023
0.191880
0.180291
0.195370
0.182109
0.207379
0.166324
0.144315
0.128909
0.104876
0.063332
0.011749
0.016531
-0.013493
-0.006535
0.002291
0.017224
0.033675
0.043832
0.081802
0.130689
0.134139
0.173955
0.181596
0.183719
0.182713
0.195291
0.183439
0.205296
0.157588
0.201280
0.160189
0.169533
0.146105
0.103903
0.061866
0.004641
0.026890
-0.009465
0.012286
0.019192
0.030855
0.042633
0.090677
0.086331
0.137119
0.138971
0.170796
0.173629
0.182207
0.175081
0.193704
0.182695
0.202143
0.147240
0.166003
0.136887
0.165457
0.119598
0.082829
0.020770
-0.023895
-0.012344
-0.020838
0.003410
0.010662
0.023464
0.046301
0.040346
0.071202
0.118566
0.114778
0.157578
0.164749
0.172990
0.165891
0.175144
0.165049
0.185412
0.151935
0.173077
0.149246
0.166554
0.134652
0.089705
0.031845
0.000287
-0.036313
0.017225
-0.008511
0.016626
0.021983
0.030476
0.023174
0.075445
0.087496
0.134228
0.130283
0.150127
0.144119
0.134352
0.150449
0.145740
0.166278
0.142910
0.173335
0.141464
0.161948
0.105175
0.086025
0.022171
-0.018749
-0.014799
-0.043940
-0.017721
-0.013122
0.001806
-0.003828
-0.005835
0.010747
0.072754
0.079205
0.130377
0.131292
0.141321
0.133080
0.130416
0.149992
0.142052
0.153717
0.139011
0.163048
0.118930
0.123451
0.069004
0.024038
-0.007231
-0.039242
0.022569
-0.015683
0.008442
0.010409
0.018035
0.021644
0.072136
0.079170
0.133770
0.135491
0.130339
0.128691
0.125013
0.120219
0.146492
0.137568
0.155239
0.132814
0.176745
0.135751
0.141490
0.087642
0.049889
0.016880
-0.015088
0.014158
-0.016910
-0.002817
0.006538
0.041847
0.013752
0.072452
0.099448
0.141538
0.149133
0.171313
0.165563
0.155659
0.176774
0.166359
0.166542
0.127218
0.140463
0.110504
0.135521
0.094649
0.064193
0.014830
-0.022637
-0.019041
-0.005646
-0.003502
0.008280
0.018908
0.032166
0.062297
0.103627
0.147002
0.148941
0.176455
0.180471
0.183448
0.181592
0.176405
0.192373
0.173123
0.189773
0.176144
0.189299
0.165286
0.165859
0.104888
0.064131
0.027790
0.000980
0.008764
0.035464
0.042206
0.053341
0.042343
-0.004908
0.043182
0.062037
0.100168
0.113197
0.140541
0.141951
0.132418
0.150401
0.149881
0.165152
0.127648
0.145812
0.130026
0.148357
0.104421
0.088058
0.042978
-0.005404
-0.001908
-0.031156
-0.026962
-0.020866
0.001454
-0.025076
-0.014620
0.010978
0.064932
0.091958
0.123980
0.116210
0.124649
0.130467
0.135819
0.154575
0.119577
0.103301
0.087710
0.110306
0.083903
0.070215
0.009143
-0.011529
-0.043757
-0.059150
-0.038387
-0.028278
-0.022799
-0.018116
0.006616
-0.000989
0.044477
0.055741
0.090101
0.104796
0.126477
0.132810
0.115953
0.129163
0.121267
0.141926
0.123021
0.133445
-0.543124
-0.524135
-0.477598
-0.409457
-0.368719
-0.396934
-0.586665
-0.720463
-0.663142
-0.646430
-0.566167
-0.573159
-0.633061
-0.658391
-0.666948
-0.686473
-0.688000
-0.675423
-0.657737
-0.636566
-0.607888
-3.631328
-3.513425
-3.073723
-2.983732
-2.915928
-2.815842
-2.681231
-2.513453
-2.322633
-2.126096
-1.968542
-1.880035
-1.814495
-1.792438
-1.878662
-2.020069
-2.119311
-2.098294
-2.105718
-2.138046
-2.180541
-2.281049
0.682753
0.335486
0.354422
0.363588
0.408962
0.330383
0.207523
0.199235
0.200218
0.205914
0.226407
0.179510
0.132181
0.123274
0.148658
0.112033
0.181617
0.207788
0.120423
0.152231
0.156588
0.072346
-0.124613
-2.640845
-2.494880
-1.932670
-1.763324
-1.656058
-1.566858
-1.486652
-1.403419
-1.315216
-1.231212
-1.126922
-1.046993
-1.065294
-1.117567
-1.173814
-1.206428
-1.332582
-1.410671
-1.493644
-1.500593
-1.547605
-1.510568
-1.370280
-1.019058
-0.666570
-0.559917
-0.523669
0.475112
0.322059
0.343606
0.246551
0.178385
0.276203
0.453987
0.660416
0.750408
0.925463
0.790982
-0.522154
-0.500912
-0.842742
-0.883893
-0.779573
-0.646698
-0.618387
-0.684666
-0.639348
-0.542648
-0.474752
-0.361094
-0.277753
-0.230430
-1.449661
-1.332967
-1.055275
-0.976472
-0.877339
-0.760573
-0.636901
-0.514070
-0.513874
-0.488638
-0.434650
-0.411120
-0.391296
-0.364292
-0.372849
-0.353448
-0.354801
-0.372138
-0.367159
-0.385180
-0.332159
-0.281863
-0.264221
-0.256282
-0.242844
0.133660
0.190962
0.175761
0.123558
0.138764
0.123155
0.132009
0.110628
0.078148
0.012261
0.024708
-0.039154
-0.073148
-0.115201
-0.156334
-0.177999
-0.186269
-0.183969
-0.208118
-0.187439
-0.197241
-0.132533
-0.094668
-0.001644
-0.047805
-0.004158
0.015367
0.071372
0.081660
0.117841
0.100761
0.109015
0.100718
0.115898
0.074031
0.075717
0.057273
0.080116
0.022875
0.032776
-0.017033
-0.014135
-0.044827
-0.026549
-0.039327
-0.007087
-0.000601
-0.001213
0.009095
0.072824
0.094605
0.085528
0.105926
0.104119
0.124784
0.136959
0.126890
0.113476
0.140650
0.112579
0.121420
0.097947
0.124921
0.092540
0.085707
0.008839
-0.019316
-0.053674
-0.061996
-0.055915
-0.015351
-0.019358
-0.007643
0.003893
-0.009997
-0.006983
0.019186
0.048855
0.062660
0.093169
0.118065
0.111238
0.120009
0.118706
0.118431
0.096900
0.111138
0.102771
0.096129
0.055907
0.026360
-0.010689
-0.042553
-0.052367
-0.005607
-0.036185
-0.013975
-0.014785
0.018449
0.027275
0.101093
0.101414
0.124714
0.116608
0.136083
0.135687
0.114070
0.126827
0.123827
0.144825
0.138267
0.141238
0.141654
0.155777
0.133941
0.103938
0.051645
0.017979
0.000464
0.001167
0.031921
0.029282
0.042589
0.053014
0.022097
0.070246
0.093514
0.134928
0.145909
0.160771
0.172399
0.162043
0.169916
0.164011
0.164805
0.154444
0.164926
0.144271
0.158900
0.110211
0.084186
0.042314
-0.003309
0.002792
0.000717
-0.002414
0.008559
0.025326
0.008672
-0.007839
0.035051
0.048972
0.098744
0.101566
0.120640
0.114260
0.105306
0.129011
0.123761
0.142613
0.110376
0.146428
0.123595
0.123698
0.079306
0.066021
0.026530
-0.008751
0.001589
-0.010016
-0.008522
-0.010788
0.011257
0.010491
0.021660
0.026139
0.054445
0.075939
0.098325
0.094267
0.086855
0.081870
0.095696
0.095443
0.120540
0.091509
0.107128
0.096712
0.091724
0.044485
0.025699
-0.029325
-0.057794
-0.048053
-0.073925
-0.053352
-0.039997
-0.031553
-0.029674
-0.040877
-0.034351
0.004614
0.018332
0.053708
0.072713
0.095034
0.088148
0.089951
0.091825
0.092801
0.097618
0.088554
0.101961
0.092579
0.079252
0.049580
0.008440
-0.013717
-0.043113
-0.012750
-0.051266
-0.033201
-0.028274
-0.005593
-0.006618
0.031902
0.043626
0.065468
0.080962
0.103943
0.123509
0.104447
0.115154
0.106269
0.126447
0.114802
0.116925
0.115372
0.132816
0.104855
0.085374
0.045857
0.022244
-0.014575
0.003540
-0.028108
-0.005946
-0.003669
0.018352
0.001931
0.050902
0.082494
0.131800
0.131434
0.134433
0.121497
0.109326
0.130620
0.119121
0.141406
0.129821
0.135899
0.131654
0.141911
0.120561
0.095776
0.053567
0.030865
0.000532
0.020478
-0.006705
0.009189
0.018062
0.030820
0.014043
0.057808
0.088777
0.128351
0.143315
0.155992
0.164353
0.148025
0.171802
0.156000
0.169890
0.146031
0.144598
0.136925
0.135671
0.123314
0.091536
0.043573
0.022057
-0.009331
0.006542
-0.016814
-0.002851
0.008282
0.023315
0.034121
0.075886
0.104831
0.137815
0.149108
0.161074
0.170231
0.152311
0.170163
0.160430
0.179834
0.153324
0.172031
0.155426
0.159163
0.144168
0.128190
0.080707
0.050258
0.009006
0.042715
0.014301
0.031112
0.043241
0.059536
0.039100
0.081594
0.111271
0.148948
0.154618
0.167592
0.184639
0.166429
0.189573
0.181249
0.195851
0.137912
0.134082
0.122937
0.110860
0.075525
0.034258
-0.005987
-0.038659
-0.050154
-0.036246
-0.023097
-0.015674
-0.003758
0.009843
0.020102
0.078871
0.103688
0.123533
0.117354
0.142057
0.156724
0.137143
0.142501
0.137189
0.151949
0.142598
0.159185
0.152259
0.158250
0.134065
0.116822
0.061579
0.019814
-0.000598
0.001582
-0.016176
0.039422
0.038265
0.049293
0.045531
0.109303
0.106500
0.129113
0.124031
0.148016
0.155428
0.155758
0.157236
0.169115
0.163992
0.184892
0.148110
0.180974
0.147929
0.119949
0.078486
0.053513
0.003373
-0.010520
0.004352
-0.028138
-0.009825
0.008805
0.025344
0.012375
0.065188
0.098556
0.057479
0.035095
0.054456
0.065058
0.093413
0.081115
0.081469
0.084735
0.099988
0.115042
0.084025
0.103885
0.098017
0.062952
0.039754
0.009310
-0.058659
-0.062322
-0.067677
-0.061022
-0.070765
-0.047944
-0.057932
-0.026941
-0.003619
0.036508
0.050911
0.076119
0.094998
0.118722
0.164637
0.152239
0.159645
0.134740
0.111721
0.048715
0.048800
0.041838
0.023510
0.002451
-0.014642
-0.058120
-0.052082
-0.053956
-0.063174
-0.019867
-0.027132
-0.019833
-0.023562
0.011700
0.037005
0.041101
0.051545
0.082749
0.090328
0.106610
0.088635
0.088531
0.094067
0.111531
0.103554
0.101055
0.099343
0.103116
0.064015
0.037478
-0.012280
-0.045798
-0.044942
-0.049515
-0.051255
-0.045109
-0.029074
-0.029786
-0.007409
0.041114
0.073631
0.092681
0.129794
0.135877
0.131830
0.140406
0.141411
0.153684
0.134951
0.148680
0.139543
0.147780
0.120320
0.119626
0.069031
0.041064
0.006277
0.000948
0.004360
-0.019590
0.023422
0.004998
0.021430
0.009345
0.128134
0.084763
0.065773
0.054844
0.079602
0.089873
0.105641
0.095146
0.099402
0.109086
0.124296
0.109870
0.102397
0.103309
0.079319
0.056402
0.028091
-0.024993
-0.041099
-0.048139
-0.035791
-0.051615
-0.026207
-0.044019
-0.042246
-0.061221
-0.011272
0.009084
0.039566
0.051162
0.083569
0.096892
0.094068
0.094794
0.100463
0.104679
0.113509
0.096066
0.108541
0.104854
0.072060
0.045938
0.014657
-0.013684
-0.028069
-0.029125
-0.019380
-0.015179
-0.006070
0.006916
0.004660
0.042545
0.054792
0.070091
0.077234
0.099359
0.114882
0.116875
0.113632
0.120620
0.126483
0.141943
0.113146
0.136388
0.120108
0.088819
0.057350
0.023927
-0.005643
-0.025846
-0.013429
-0.016977
-0.004447
-0.003108
0.016733
-0.000527
0.036436
0.033189
0.058408
0.074812
0.099395
0.092111
0.089441
0.098558
0.093262
0.113753
0.109973
0.122886
0.111761
0.128887
0.093941
0.074490
0.021400
-0.017316
-0.032200
-0.035719
-0.023346
-0.042117
-0.023721
-0.036349
-0.016273
-0.033736
-0.003565
-0.004411
0.020941
0.040274
0.067979
0.084272
0.075883
0.087921
0.101133
0.103496
0.108993
0.088856
0.101724
0.063885
0.029272
0.002170
-0.029906
-0.067283
-0.067421
-0.052160
-0.076296
-0.049708
-0.072066
-0.075101
-0.092172
-0.013620
-0.053485
-0.060568
-0.037646
-0.004263
0.020191
0.047552
0.052915
0.054641
0.052933
0.063416
0.049584
0.050433
0.045001
0.057823
0.013005
0.005946
-0.014322
-0.041136
-0.047334
-0.050990
-0.051915
-0.041554
-0.053507
-0.038575
-0.036399
-0.036227
-0.001151
0.004722
0.024821
0.050135
0.063796
0.073320
0.060716
0.062554
0.070946
0.084695
0.085338
0.079217
0.086389
0.067199
0.045571
0.024849
-0.006327
-0.025909
-0.030826
-0.025128
-0.026808
0.001259
-0.007663
-0.003626
-0.012041
0.017876
0.029735
0.044701
0.073257
0.077768
0.083618
0.075270
0.079573
0.089581
0.093366
0.094378
0.093027
0.112333
0.102363
0.092346
0.075435
0.037700
0.022107
0.004241
0.018252
0.008781
0.022378
0.026016
0.032200
0.025717
0.064591
0.081493
0.102158
0.120385
0.131678
0.150930
0.132524
0.142710
0.150117
0.157624
0.129378
0.135484
0.129088
0.132535
0.115511
0.092113
0.061918
0.042556
0.020462
0.046328
0.016677
0.030073
0.038631
0.053719
0.035468
0.061717
0.086421
0.117874
0.127532
0.134280
0.132335
0.120404
0.135775
0.131749
0.146899
0.141714
-1.750712
-1.748306
-2.905855
-2.853018
-2.755602
-2.640090
-2.511794
-2.385641
0.013940
-0.109484
-0.057560
0.006124
0.046775
0.072474
0.105273
0.104290
0.134223
0.120570
0.121393
0.099016
0.110249
0.087274
0.101367
0.117143
0.123165
0.091952
0.060947
0.069271
0.067327
0.072900
0.082822
0.075352
0.044838
0.041406
-0.012995
-0.050773
-0.106124
-0.159363
-0.184470
-0.101905
-0.103182
-0.109328
-0.077293
-0.070110
-0.021185
-0.004386
0.035145
0.045234
0.094480
0.102351
0.126176
0.123905
0.105515
0.129069
0.108931
0.110031
0.048821
0.077918
0.049836
0.031250
-0.021495
-0.022147
-0.077851
-0.068725
-0.076590
-0.090421
-0.045212
-0.052444
-0.036839
-0.035420
0.017547
0.032050
0.025802
0.032258
0.065272
0.074678
0.093486
0.076465
0.070144
0.076191
0.100031
0.095481
0.095995
0.095042
0.091599
0.042302
0.015906
-0.033466
-0.059036
-0.066483
-0.053040
-0.043401
-0.007000
-0.010670
0.004291
0.019648
0.082922
0.094721
0.094763
0.127393
0.134389
0.144446
0.134562
0.137273
0.137055
0.148834
0.146259
0.144068
0.138681
0.152703
0.125436
0.089618
0.040869
0.006512
-0.011540
0.012191
0.010909
0.027917
0.032721
0.050257
0.048000
0.115466
0.116187
0.142192
0.134055
0.157934
0.151609
0.136468
0.145480
0.148060
0.161337
0.165749
0.159492
0.164535
0.164961
0.151211
0.113084
0.063200
0.029008
0.002911
0.002453
0.027805
0.032897
0.045616
0.058944
0.051974
0.086592
0.101858
0.149578
0.144403
0.147755
0.142656
0.135974
0.161645
0.158425
0.169124
0.146737
0.171560
0.140258
0.141218
0.086411
0.069615
0.020021
-0.010530
-0.001474
-0.030884
0.016664
0.008010
0.023068
0.023085
0.055557
0.058492
0.082203
0.088444
0.119030
0.108872
0.111200
0.104268
0.107768
0.124612
0.123745
0.149943
0.133462
0.153540
0.119080
0.105475
0.039618
0.002720
-0.039382
-0.045225
-0.032920
-0.053315
-0.028060
-0.038952
-0.043355
-0.089488
-0.039026
-0.015313
0.032302
0.051470
0.084312
0.109552
0.096851
0.119815
0.117643
0.126477
0.080502
0.087295
0.079569
0.071368
0.028749
0.021222
-0.007958
-0.027013
-0.046555
-0.020258
-0.062448
-0.042334
-0.045634
-0.021767
-0.013570
0.018745
0.027878
0.065793
0.075870
0.075735
0.079199
0.075003
0.069619
0.085133
0.092020
0.107345
0.094385
0.112299
0.090474
0.069020
0.023620
-0.016004
-0.043836
-0.057871
-0.037241
-0.068457
-0.052772
-0.069140
-0.067115
-0.088381
-0.048016
-0.032669
0.019013
0.040861
0.078548
0.085166
0.078269
0.088701
0.092108
0.106139
0.092329
0.107407
0.093454
0.104789
0.051543
0.039187
0.008098
-0.032402
-0.023838
-0.033551
-0.043264
-0.050822
-0.027606
-0.024364
-0.006048
-0.002980
0.025735
0.052203
0.086880
0.087553
0.077841
0.067626
0.081882
0.080545
0.098802
0.104097
0.101319
0.095092
0.108698
0.066417
0.049806
0.011112
-0.029827
-0.028860
-0.047628
-0.040582
-0.039317
-0.029480
-0.037984
-0.037246
-0.028994
-0.016981
-0.001914
0.033391
0.051056
0.067126
0.068290
0.068681
0.065516
0.079018
0.081085
0.089387
0.086371
0.097504
0.054726
0.043917
0.016651
-0.027257
-0.035274
-0.046628
-0.021236
-0.043471
-0.027189
-0.025075
-0.010130
-0.007259
0.025558
0.015958
0.044837
0.052676
0.081000
0.087465
0.077353
0.081030
0.094235
0.105575
0.106018
0.103698
0.102262
0.080520
0.048212
0.025764
-0.006326
-0.020578
-0.035976
-0.015457
-0.031621
-0.007702
-0.006628
0.001240
-0.014735
0.016116
0.036505
0.079922
0.080937
0.076717
0.072612
0.067175
0.087893
0.093645
0.103745
0.102160
0.103416
0.097461
0.069760
0.029151
0.015573
-0.000508
-0.032442
-0.018703
-0.039513
-0.022941
-0.031111
-0.018686
-0.020941
-0.030972
-0.017821
0.013259
0.038372
0.064880
0.057209
0.050380
0.053979
0.058797
0.064171
0.074151
0.080366
0.082001
0.086039
0.077458
0.046747
0.036732
-0.009410
-0.018698
-0.033800
-0.013018
-0.025151
-0.001991
-0.026136
-0.053964
-0.085743
-0.061480
-0.023841
0.013565
0.031991
0.052594
0.055822
0.045258
0.056471
0.064132
0.071210
0.073342
0.067456
0.078624
0.054407
0.027830
0.012447
-0.011025
-0.027738
-0.043020
-0.023008
-0.054474
-0.050780
-0.044099
-0.036077
-0.048455
-0.018550
-0.018622
-0.002783
0.016579
0.034981
0.052144
0.049288
0.054539
0.053170
0.070164
0.077620
0.075839
0.076276
0.081993
0.024171
0.030407
-0.008761
-0.020122
-0.037142
-0.023211
-0.042137
-0.042596
-0.060538
-0.048432
-0.045990
-0.031317
-0.017882
-0.013343
-0.002238
0.032454
0.047268
0.064725
0.059435
0.064034
0.071483
0.084170
0.088606
0.090583
0.084125
0.081387
0.028976
0.029706
-0.011799
-0.018975
-0.029622
-0.010536
-0.032917
-0.043680
-0.055584
-0.049512
-0.069839
-0.027827
-0.050782
-0.030373
-0.016179
0.025219
0.042157
0.048963
0.049638
0.061799
0.068969
0.062582
0.044589
0.048670
0.047482
0.044440
0.022989
0.039846
-0.001592
0.011565
-0.001640
-0.047064
-0.037282
-0.035873
-0.021755
-0.020103
-0.038238
-0.018293
-0.010451
0.013520
0.031733
0.048541
0.054124
0.053031
0.055002
0.071527
0.068385
0.072217
0.070373
0.070803
0.068539
0.045482
0.025263
0.002613
-0.006851
-0.017572
0.001071
-0.041867
-0.022113
-0.019180
-0.012667
-0.032901
-0.014206
0.002390
0.032733
0.057954
0.067537
0.059500
0.063072
0.071005
0.075014
0.086206
0.085420
0.089340
0.085265
0.098094
0.033852
0.048711
0.003798
-0.002441
-0.024549
-0.003996
-0.019234
0.004415
-0.039532
-0.055649
-0.040786
-0.055474
-0.044552
-0.005810
0.000244
0.030254
0.028958
0.019735
0.032465
0.036637
0.038373
0.042913
0.040196
0.046326
0.045041
-0.008672
-0.027085
-0.018786
-0.043333
-0.030166
-0.044357
-0.069459
-0.094890
-0.076759
-0.059961
-0.061058
-0.046320
-0.037246
-0.009602
0.021682
0.049299
0.070662
0.074825
0.094040
0.106461
0.120089
0.090139
0.070543
0.071289
0.070278
0.071404
0.051147
0.054033
0.026382
0.039074
0.016828
-0.023340
-0.026608
-0.024572
-0.013716
-0.007137
-0.007226
0.015556
0.053633
0.084891
0.095407
0.104980
0.091857
0.123073
0.122465
0.140526
0.113127
0.093388
0.088387
0.075529
0.025356
0.008163
-0.003914
-0.023873
-0.024778
-0.021295
-0.006448
-0.027161
-0.008376
-0.018848
-0.032111
-0.044239
-0.020673
0.007164
0.025912
0.044921
0.067297
0.089381
0.084984
0.095577
0.105524
0.108358
0.089351
0.076515
0.069535
0.078326
0.070988
0.040908
0.028760
0.019487
0.020333
-0.013808
-0.026983
-0.018261
-0.013524
-0.009733
-0.023518
0.010588
0.019812
0.025701
0.042047
0.064131
0.079999
0.083196
0.091349
0.099818
0.110653
0.110742
0.090723
0.093110
0.093798
0.041702
0.031630
-0.011185
-0.023813
-0.034003
-0.017715
-0.037745
-0.054520
-0.081524
-0.071457
-0.073443
-0.058073
-0.040620
-0.036239
-0.029603
-0.000506
0.025797
0.035736
0.040176
0.031281
0.045342
0.053484
0.064745
0.059477
0.066504
0.061029
0.021152
0.002610
-0.006800
-0.033382
-0.025482
-0.032915
-0.029304
-0.010063
-0.049913
-0.076750
-0.088910
-0.015147
-0.073697
-0.092976
-0.058588
-0.027050
-0.002609
0.016742
0.005689
0.022467
0.020585
0.024003
0.024235
0.020458
0.025179
0.029619
-0.002209
-0.024116
-0.015844
-0.050608
-0.042102
-0.055033
-0.033007
-0.087319
-0.093344
-0.087864
-0.092610
-0.083775
-0.056195
-0.048550
-0.023593
0.002410
0.036001
0.047411
0.046285
0.056282
0.065400
0.068836
0.066200
0.067724
0.063173
0.059879
0.012312
-0.009629
-0.010901
-0.038366
-0.024408
-0.034685
-0.062342
-0.069760
-0.049570
-0.042884
-0.057167
-0.034603
-0.041285
-0.011809
0.015784
0.040550
0.050616
0.044691
0.054975
0.064509
0.069365
0.070675
0.065532
-1.724193
-1.716925
-3.175262
-3.173429
-3.119149
-3.102636
-3.189178
-3.297227
-3.308422
-3.249399
-3.183216
-3.114583
-3.071064
-3.031874
-2.945947
-2.935644
-2.886284
-2.802921
-2.673522
-2.520424
-2.361759
-2.050832
-1.935678
-1.759952
-1.560558
-1.369175
-1.210462
-1.097088
-1.012666
-1.092387
-1.210819
-2.641987
-2.307842
-3.064837
-3.062713
-3.030154
-2.980268
-2.891813
-2.773189
-2.630342
-2.471153
-2.323234
-2.200453
0.315476
0.019509
0.110532
0.146833
0.132302
0.127805
0.195649
0.220231
0.220576
0.218438
0.217834
0.206808
0.191000
0.158437
0.126269
0.145405
0.154959
0.134807
0.088766
0.068372
0.080483
0.075817
0.078543
0.083428
0.035497
0.036688
-0.019352
-0.074402
-0.127682
-0.180872
-0.218953
-0.229402
-0.216575
-0.166309
-0.140728
-0.110762
-0.087852
-0.034105
-0.004229
0.010301
0.026533
0.055049
0.077217
0.111564
0.130601
0.099048
0.122987
0.095630
0.106728
0.051649
0.070197
0.048703
0.043471
-0.007162
-0.025691
-0.063919
-0.061787
-0.088186
-0.047309
-0.092179
-0.052006
-0.065601
-0.035497
0.021645
0.066589
0.048123
0.052541
0.063862
0.081150
0.112542
0.088742
0.091998
0.072135
0.109315
0.098123
0.120780
0.110187
0.126339
0.090389
0.068510
-0.012308
-0.035618
-0.070239
-0.055656
-0.069878
-0.060785
-0.061719
-0.039095
-0.053387
0.041042
0.027746
0.049045
0.050326
0.094913
0.113445
0.120020
0.110883
0.126290
0.119039
0.138272
0.112040
0.108935
0.093513
0.093656
0.086150
0.053695
-0.007129
-0.034599
-0.038692
-0.051649
-0.012185
-0.005223
-0.004149
0.034784
0.036940
0.146859
0.104957
0.140009
0.137562
0.157525
0.152574
0.143375
0.146885
0.140679
0.150035
0.159905
0.150743
0.140942
0.153983
0.142167
0.106655
0.051769
0.022753
0.000633
0.000526
0.002329
0.012369
0.017030
0.031514
0.038340
0.148707
0.108648
0.120141
0.111646
0.136826
0.149981
0.134423
0.135321
0.136379
0.149584
0.146277
0.138480
0.136557
0.154820
0.139826
0.109922
0.059421
0.021758
0.002959
0.008359
0.011688
0.027097
0.027458
0.051037
0.050114
0.177166
0.136413
0.163693
0.154844
0.178237
0.179087
0.163713
0.174920
0.175015
0.183130
0.172746
0.184786
0.174484
0.180032
0.144237
0.105921
0.055263
0.015662
0.004579
0.001804
0.032603
0.036334
0.045083
0.053980
0.064757
0.153686
0.148127
0.135661
0.143214
0.152227
0.174069
0.158772
0.167325
0.163922
0.177928
0.157302
0.166505
0.151701
0.167301
0.134737
0.101586
0.051425
0.018536
0.011194
0.011214
0.036966
0.044507
0.053595
0.071260
0.078827
0.158641
0.166773
0.182686
0.179583
0.198818
0.206021
0.183215
0.195488
0.194846
0.203022
0.196500
0.205286
0.201354
0.205288
0.170215
0.132001
0.078102
0.039999
0.010665
0.013856
0.043117
0.048118
0.057050
0.063489
0.065034
0.080023
0.072312
0.106227
0.117419
0.133291
0.144892
0.134019
0.144980
0.166475
0.156726
0.175255
0.148046
0.165533
0.130607
0.133904
0.051027
0.019143
-0.025215
-0.035366
-0.020050
-0.050184
0.030754
0.019449
0.045937
0.033794
0.115004
0.051529
0.057687
0.048753
0.076831
0.091788
0.076912
0.077252
0.073077
0.095508
0.106664
0.102948
0.086740
0.104297
0.052458
0.058760
0.005891
-0.017438
-0.046470
-0.026079
-0.048036
-0.024386
-0.041076
-0.018902
-0.026307
0.044211
0.096411
0.069416
0.046144
0.070788
0.088797
0.109286
0.115109
0.121237
0.142636
0.127173
0.128974
0.108651
0.116812
0.083338
0.080915
0.015828
-0.011186
-0.066559
-0.050210
-0.059087
-0.066435
-0.036589
-0.016712
-0.023967
0.004281
0.055644
0.053719
0.041765
0.076583
0.089695
0.112805
0.094588
0.097553
0.095224
0.119027
0.118066
0.113198
0.111516
0.121405
0.086384
0.069874
0.003303
-0.031980
-0.048826
-0.063891
-0.052005
-0.072019
-0.019382
-0.028530
-0.004101
0.035202
0.055842
0.020619
0.051558
0.060391
0.086836
0.098724
0.083848
0.086841
0.088378
0.104723
0.109524
0.098889
0.106558
0.095452
0.077003
0.052525
0.001392
-0.031205
-0.035793
-0.026434
-0.047509
0.022010
0.009203
0.028926
0.024291
0.110755
0.104731
0.126214
0.117419
0.138858
0.153901
0.133393
0.142052
0.140518
0.156819
0.142030
0.135318
0.130489
0.134250
0.121388
0.097368
0.055496
0.024414
0.019442
0.007885
0.001415
0.042535
0.050356
0.048563
0.068614
0.083727
0.098287
0.089768
0.117653
0.130552
0.145512
0.131783
0.147026
0.144568
0.164959
0.125684
0.126767
0.118207
0.108901
0.075416
0.048995
0.001825
-0.027964
-0.019921
-0.036814
-0.031153
-0.034515
-0.019458
-0.048844
-0.022966
0.001604
0.040869
0.047759
0.092243
0.097201
0.104818
0.096422
0.102746
0.099626
0.098816
0.110699
0.099006
0.118241
0.112631
0.110035
0.078989
0.045413
0.014108
-0.006301
0.001185
-0.012767
-0.003798
-0.000824
0.018320
0.013576
0.084593
0.089349
0.111331
0.102730
0.126209
0.135856
0.114556
0.122461
0.115813
0.131148
0.132884
0.123359
0.126227
0.130582
0.110994
0.086362
0.043139
0.007156
-0.016643
-0.006007
-0.040884
-0.001057
-0.016598
-0.000029
-0.015083
0.062692
0.017102
0.032331
0.035074
0.071098
0.074063
0.076087
0.070222
0.070951
0.086876
0.092066
0.098346
0.092896
0.109088
0.074035
0.065013
0.001999
-0.036388
-0.066019
-0.057918
-0.052691
-0.060211
-0.047240
-0.059614
-0.035902
-0.017887
0.066011
0.031458
0.051889
0.055039
0.074009
0.095465
0.079380
0.092247
0.097174
0.110241
0.106169
0.100106
0.100026
0.077710
0.051801
0.030577
-0.007435
-0.032707
-0.031630
-0.040427
0.000787
-0.010769
0.009460
-0.007605
0.012802
0.042257
0.061885
0.068049
0.098196
0.109999
0.116727
0.104830
0.110841
0.115732
0.129591
0.129310
0.122955
0.128498
0.109151
0.074127
0.050278
0.012953
-0.010445
-0.016281
-0.014474
-0.003560
0.012476
0.004429
0.016639
0.001230
0.045800
0.045235
0.081278
0.087940
0.108141
0.109219
0.093371
0.108053
0.110988
0.122550
0.126950
0.116689
0.128106
0.101931
0.066990
0.039440
0.002420
-0.026450
-0.031712
-0.032086
-0.006582
-0.002978
0.000563
-0.002722
-0.013634
0.037485
0.026415
0.057317
0.057633
0.077308
0.090197
0.072230
0.075441
0.077406
0.093077
0.107535
0.101819
0.118468
0.114161
0.098864
0.072786
0.030818
0.005534
-0.007971
0.002278
-0.020556
0.003069
-0.011559
-0.012029
-0.040055
0.027012
0.012219
0.003272
0.030909
0.057317
0.088897
0.086927
0.101675
0.092752
0.104248
0.057681
0.051320
0.031761
0.043118
0.008170
0.012116
0.003927
-0.016784
-0.019217
-0.030431
-0.019579
-0.035774
-0.044086
-0.037082
-0.022266
-0.028930
0.004384
0.012152
0.044981
0.060217
0.073373
0.080523
0.067705
0.074517
0.082047
0.094498
0.097344
0.087038
0.093960
0.076722
0.050247
0.023226
-0.013878
-0.034617
-0.040600
-0.033615
-0.039485
-0.011729
-0.020934
-0.021863
-0.033672
-0.004362
0.005290
0.042084
0.055198
0.076023
0.080575
0.067549
0.076194
0.082738
0.092890
0.092612
0.087371
0.094994
0.061272
0.027486
0.007564
-0.017236
-0.032352
-0.044957
-0.032012
-0.035480
-0.017151
-0.026068
-0.025088
-0.042125
0.005619
-0.006463
0.019457
0.026560
0.042018
0.054700
0.045065
0.044275
0.041986
0.064345
0.073536
0.078410
0.082781
0.090106
0.058900
0.048878
0.008050
-0.004972
-0.018761
-0.006654
-0.022852
0.001492
-0.010196
-0.024324
-0.038191
0.024997
0.022457
-0.014553
0.011102
0.033802
0.059333
0.068953
0.076728
0.084717
0.095681
0.084755
0.079362
0.075243
0.082826
0.055475
0.016677
0.000546
-0.027670
-0.035934
-0.039587
-0.025437
-0.049566
-0.049241
-0.041147
-0.034393
-0.041608
-0.015231
-0.023882
-0.001433
0.017124
0.040059
0.053580
0.052741
0.057345
0.064566
0.074477
0.077767
0.059802
0.067383
0.073224
0.017822
0.018325
-0.012828
-0.039222
-0.049674
-0.038678
-0.037152
-0.034538
-0.022164
-0.066877
-0.085463
-0.055962
-0.064403
-0.030138
0.005968
0.036118
0.052063
0.067443
0.058976
0.066375
0.070285
0.074279
0.071798
-1.124254
-1.128032
-1.403133
-1.249233
-1.164540
-1.176507
-1.157184
-1.183380
-1.184882
-1.170530
-1.155396
-1.172616
-1.174808
-1.187994
-1.272795
-1.361128
-1.444801
-1.505453
-1.542716
-1.569472
-1.589458
-1.604895
-1.628990
-1.667364
-0.508758
-0.483713
-0.313371
-0.261135
-0.213095
-0.161961
-0.117317
-0.066068
-0.012633
0.048660
0.082683
0.094010
0.148202
0.169825
0.167371
0.163685
0.115448
0.151883
0.166347
0.010059
0.045955
0.036489
-0.004659
-0.011393
-0.026574
-0.017608
-0.004293
-0.006971
-0.022200
-0.025415
-0.051217
-0.101072
-0.134192
-0.181292
-0.197824
-0.112897
-0.119442
-0.128930
-0.092138
-0.084560
-0.039829
-0.003853
0.025944
0.036464
0.068701
0.088030
0.121222
0.142028
0.123583
0.143588
0.137698
0.133681
0.079295
0.121930
0.094672
0.079707
0.013520
-0.021948
-0.091991
-0.081324
-0.083813
-0.060820
-0.069157
-0.037250
-0.042480
0.011274
0.019582
0.045464
0.036828
0.082124
0.089927
0.085476
0.087054
0.081110
0.068892
0.093976
0.084647
0.126845
0.100131
0.131835
0.093069
0.097640
0.014582
-0.009097
-0.052252
-0.046224
-0.041569
-0.061587
-0.046195
-0.045298
-0.015217
0.040505
0.125383
0.096076
0.089019
0.088355
0.115204
0.127380
0.118297
0.128149
0.120847
0.138790
0.119462
0.110169
0.105739
0.112780
0.107203
0.079983
0.026233
0.001535
-0.009788
0.001973
-0.023397
0.040032
0.032076
0.052002
0.063857
0.176133
0.138993
0.147811
0.149681
0.169636
0.189906
0.177413
0.193732
0.186226
0.197965
0.169180
0.164992
0.147538
0.152460
0.129345
0.097334
0.047821
0.024726
0.007670
0.012651
0.028159
0.043156
0.043730
0.060769
0.051198
0.098809
0.092056
0.142801
0.139593
0.148291
0.143057
0.133315
0.143565
0.143645
0.154353
0.164401
0.150937
0.152349
0.153877
0.130076
0.089719
0.034906
0.007709
-0.012479
-0.007110
0.008550
0.016454
0.023941
0.039385
0.020762
0.112016
0.088596
0.115342
0.119753
0.142555
0.146254
0.138751
0.148238
0.143892
0.153544
0.151621
0.144816
0.135224
0.140309
0.119964
0.085270
0.036237
0.013682
-0.007626
0.000753
0.022169
0.032600
0.033717
0.054191
0.048346
0.108457
0.084235
0.117226
0.117190
0.137816
0.138315
0.121058
0.126879
0.131167
0.145985
0.156354
0.145363
0.144861
0.150014
0.137077
0.091513
0.037609
0.005047
-0.013113
-0.005799
-0.006388
0.025575
0.028473
0.042812
0.008205
0.106481
0.081931
0.118281
0.121588
0.146640
0.147555
0.137372
0.145926
0.147277
0.156063
0.161554
0.161109
0.142817
0.149047
0.114499
0.086302
0.035732
0.000220
0.005006
0.027834
0.025686
0.030168
0.040930
0.040521
0.076568
0.074437
0.113866
0.127906
0.154504
0.155101
0.142074
0.138766
0.150075
0.152248
0.165203
0.177418
0.162061
0.166599
0.161746
0.128027
0.087043
0.033474
0.007582
-0.016417
-0.012570
0.015526
0.027080
0.039736
0.056669
-0.003763
0.034901
0.042387
0.087278
0.088322
0.101550
0.105644
0.095311
0.109838
0.109300
0.126846
0.118260
0.118560
0.109290
0.084918
0.040115
0.018615
-0.024157
-0.052135
-0.045745
-0.056074
-0.056570
-0.019041
-0.001045
-0.014284
0.019983
0.046317
0.066487
0.067672
0.101680
0.114867
0.114396
0.104019
0.107604
0.111239
0.124507
0.138620
0.122236
0.131956
0.125780
0.105182
0.076713
0.032570
0.002188
-0.005700
-0.005274
-0.000326
0.011008
0.010230
0.029578
0.020630
0.096563
0.091101
0.110283
0.105101
0.129461
0.141512
0.117746
0.130594
0.133682
0.146502
0.140243
0.146032
0.144670
0.146180
0.111300
0.075048
0.027977
-0.007694
-0.012541
-0.016720
-0.021420
-0.015112
0.023409
0.015876
0.025870
0.067640
0.087587
0.080904
0.103762
0.113149
0.124010
0.110431
0.113456
0.124730
0.122702
0.144493
0.129083
0.144198
0.124988
0.126153
0.072078
0.037430
-0.004487
-0.000405
-0.016055
-0.010760
-0.016308
-0.007978
-0.031470
-0.019727
0.062075
0.082971
0.022431
0.047106
0.053294
0.076958
0.095787
0.085528
0.091398
0.091277
0.102290
0.087689
0.077371
0.083950
0.066866
0.047306
0.035306
0.001175
-0.018747
-0.018121
-0.023306
-0.019980
-0.018708
-0.014727
-0.043909
-0.021763
0.036658
0.055488
0.041749
0.063863
0.089379
0.098548
0.104208
0.105070
0.104829
0.090596
0.093656
0.084940
0.092614
0.089194
0.078469
0.051374
0.033638
0.008389
0.004237
0.008143
-0.004243
0.017956
0.010965
0.009961
0.006546
0.029229
0.037576
0.048774
0.075770
0.089408
0.131568
0.134706
0.159775
0.154889
0.158699
0.116532
0.121946
0.113295
0.112693
0.051887
0.034922
0.013391
-0.002424
-0.013211
0.016602
-0.038019
-0.016725
-0.011977
0.011734
0.007889
0.047149
0.050590
0.066930
0.080172
0.098923
0.110279
0.121097
0.116516
0.138133
0.146934
0.167340
0.102504
0.134987
0.109504
0.068614
0.013350
0.000404
-0.037078
-0.031418
-0.024499
-0.037202
-0.008434
-0.017182
0.000167
-0.006612
0.041401
0.027078
0.018647
0.015717
0.048769
0.055498
0.066910
0.052253
0.048269
0.069361
0.072513
0.096863
0.086513
0.107726
0.073324
0.072540
0.011710
-0.038842
-0.072992
-0.064468
-0.068526
-0.069771
-0.064298
-0.070959
-0.056212
-0.050891
0.018570
0.006849
0.010769
0.015014
0.037584
0.066954
0.069252
0.101653
0.087517
0.098319
0.087399
0.082089
0.079404
0.084807
0.028197
0.014573
-0.037668
-0.065000
-0.070571
-0.055896
-0.061668
-0.039679
-0.043163
-0.028589
-0.028461
0.034561
0.046288
0.078671
0.079955
0.111327
0.113716
0.095113
0.096254
0.085977
0.103353
0.111528
0.117399
0.124813
0.126064
0.096777
0.068174
0.028082
-0.006681
-0.028583
-0.019787
-0.038984
-0.023985
-0.030275
-0.033163
-0.069952
-0.001749
0.017065
0.034952
0.047681
0.073760
0.090136
0.078370
0.105669
0.097837
0.109094
0.100672
0.090367
0.077150
0.084773
0.044897
0.027339
-0.002199
-0.026124
-0.030199
-0.024342
-0.033620
-0.022776
-0.018515
-0.047176
-0.050165
-0.046388
-0.012597
-0.004881
0.023499
0.037624
0.064504
0.069270
0.074309
0.068085
0.076670
0.074777
0.074084
0.070531
0.074861
0.017353
0.001462
-0.017613
-0.030318
-0.042293
-0.033883
-0.057513
-0.034177
-0.053270
-0.046691
-0.042477
-0.036165
-0.011219
-0.001413
0.016038
0.045184
0.062151
0.070915
0.063683
0.065553
0.077053
0.087715
0.075663
0.068858
0.073334
0.026641
-0.007411
-0.020277
-0.046099
-0.054174
-0.060015
-0.044873
-0.061565
-0.070914
-0.071969
-0.059693
-0.073373
-0.048460
-0.039795
-0.015714
0.003619
0.023864
0.036922
0.030510
0.031518
0.031754
0.046902
0.055961
0.056647
0.065046
0.043784
0.010293
0.006210
-0.025563
-0.040651
-0.045323
-0.038140
-0.045848
-0.042236
-0.045515
-0.030677
-0.035794
0.016850
-0.001687
0.022500
0.047416
0.068932
0.092534
0.094716
0.095369
0.109109
0.114158
0.103827
0.084461
0.081816
0.084659
0.039725
0.030720
0.006022
-0.023488
-0.023175
-0.030808
-0.025757
-0.033690
-0.016177
-0.015945
-0.012176
-0.001393
0.021954
0.033071
0.066853
0.080499
0.079702
0.080246
0.087083
0.084180
0.103753
0.102956
0.112661
0.107264
0.114887
0.076393
0.045848
0.002272
-0.039658
-0.045527
-0.050611
-0.032501
-0.053742
-0.052577
-0.073421
-0.087785
-0.086125
-0.085738
-0.092257
-0.049086
-0.026387
0.011279
0.024872
0.025716
0.032758
0.027528
0.035953
0.039547
0.045187
0.044146
0.051257
0.008418
-0.006366
-0.020053
-0.054625
-0.060678
-0.068002
-0.050330
-0.074685
-0.083261
-0.088843
-0.084784
-0.076560
-0.014989
-0.037832
-0.025987
-0.000924
0.034925
0.062281
0.071755
0.043935
0.054119
0.068629
0.067150
0.041422
0.048037
0.046252
-0.024802
-0.048230
-0.071229
-0.081725
-0.091224
-0.068220
-0.096300
-0.079549
-0.092239
-0.083240
-0.079490
-0.072420
-0.051833
-0.043662
-0.034855
0.009261
0.009473
0.017439
0.014046
0.009819
0.006650
0.036170
0.040059
-0.962652
-0.955422
-1.136786
-0.998559
-1.004238
-1.044054
-1.295737
-1.586036
-1.575231
-1.551540
-0.579026
-0.536269
-0.516263
-0.496657
-0.466645
-0.412219
-0.355769
-0.292028
-0.243487
-0.218906
-0.812549
-0.723027
-0.474805
-0.401263
-0.355214
-0.328332
-0.305800
-0.262099
-0.219629
-0.159891
-0.098107
-0.036627
-0.014292
0.003024
0.028640
0.043399
0.057076
0.038242
0.042362
0.042035
0.058634
0.074210
0.077162
0.048834
0.012932
0.013071
0.018274
0.019620
0.048048
0.006411
-0.015379
-0.060247
-0.070211
-0.084537
-0.122519
-0.155184
-0.147067
-0.147832
-0.157023
-0.172550
-0.169304
-0.153137
-0.079157
-0.046307
0.000682
-0.000388
0.033204
0.040487
0.081532
0.096949
0.072871
0.092759
0.089588
0.107786
0.047281
0.061945
0.053544
0.046904
-0.016074
-0.039501
-0.104041
-0.105936
-0.112623
-0.126037
-0.078192
-0.075285
-0.059953
-0.015429
0.003516
0.080571
0.059418
0.086498
0.091063
0.119595
0.128331
0.115369
0.121254
0.115030
0.127492
0.123201
0.132047
0.113268
0.127120
0.090361
0.056930
0.007433
-0.022696
-0.030324
-0.026360
-0.003407
0.005651
0.001196
0.015002
0.028129
0.112849
0.105554
0.108243
0.124326
0.148615
0.163297
0.148166
0.163865
0.153615
0.168291
0.145444
0.137389
0.126478
0.148329
0.119839
0.090092
0.035747
0.001244
-0.000556
-0.010879
0.033348
0.024885
0.043593
0.047948
0.050484
0.132638
0.129276
0.109364
0.129205
0.145180
0.157459
0.142129
0.145801
0.146975
0.155439
0.157386
0.152325
0.139605
0.150171
0.116475
0.090067
0.039151
0.009428
0.002647
-0.004753
0.039395
0.034634
0.039921
0.056814
0.055952
0.177050
0.114915
0.134890
0.120868
0.143017
0.158673
0.134086
0.150587
0.149937
0.158252
0.161359
0.149334
0.148330
0.150093
0.116270
0.090810
0.039989
0.000649
0.007091
-0.017147
-0.008893
-0.017767
0.003064
-0.017740
0.013103
0.115246
0.142277
0.082648
0.097285
0.111976
0.126817
0.111401
0.131523
0.112116
0.122399
0.103604
0.122286
0.110780
0.127052
0.096280
0.083030
0.039115
0.016645
0.009784
0.012934
-0.000461
0.004040
-0.008847
-0.002083
-0.013721
0.098757
0.118901
0.116914
0.086410
0.134320
0.158911
0.137296
0.134025
0.120286
0.141038
0.119621
0.125373
0.097720
0.112608
0.105696
0.119465
0.073510
0.040753
0.013196
0.004877
0.010670
0.051024
0.058996
0.060642
0.067861
0.077523
0.173502
0.143373
0.137649
0.158291
0.167979
0.188271
0.175450
0.193944
0.187716
0.196278
0.169871
0.162239
0.150620
0.154936
0.122909
0.097041
0.054192
0.025723
0.022085
0.004220
0.041978
0.033435
0.065392
0.041847
0.064545
0.083544
0.077277
0.068900
0.087631
0.108047
0.116506
0.098270
0.101969
0.111655
0.130542
0.138049
0.126145
0.130725
0.123690
0.080189
0.051684
-0.001691
-0.032170
-0.030829
-0.035011
-0.041804
-0.029059
-0.032339
-0.038555
-0.056094
0.018254
0.038438
0.031919
0.057762
0.075707
0.099769
0.083253
0.105751
0.088063
0.100249
0.089616
0.087146
0.082005
0.096576
0.064735
0.051851
0.012200
-0.016768
-0.030997
-0.014077
-0.022600
-0.012926
-0.011009
0.007104
0.003718
0.071573
0.072432
0.095028
0.088507
0.112089
0.121962
0.098413
0.110115
0.103396
0.116889
0.119731
0.127338
0.129278
0.130553
0.101956
0.076693
0.028727
-0.008393
-0.025160
-0.019035
-0.039730
-0.024844
-0.045083
-0.041268
-0.048931
0.032750
0.006203
0.020485
0.025370
0.066229
0.076707
0.077819
0.084609
0.083868
0.096580
0.092336
0.079269
0.073908
0.082845
0.061279
0.071948
0.044075
0.014446
-0.010628
-0.004516
-0.000456
-0.013871
-0.006827
-0.023921
-0.017266
-0.049774
0.021092
0.002814
0.010956
0.020768
0.050502
0.076975
0.074663
0.096803
0.095050
0.096336
0.056242
0.034944
0.032979
0.037139
-0.006016
-0.009734
-0.044953
-0.057086
-0.063984
-0.059511
-0.067972
-0.059604
-0.076018
-0.075721
-0.075743
-0.008448
0.006210
0.030239
0.054461
0.072038
0.087793
0.072175
0.095790
0.078062
0.087447
0.080136
0.096621
0.094101
0.104724
0.067878
0.045499
0.011698
-0.018853
-0.029285
-0.023606
-0.001273
-0.004732
0.006259
-0.004081
0.007483
0.030362
0.071232
0.069313
0.094691
0.101866
0.125144
0.110849
0.126149
0.115063
0.131297
0.118261
0.133559
0.128193
0.134605
0.092255
0.072469
0.035382
0.001869
-0.004615
-0.005715
-0.006154
-0.016215
-0.003290
-0.036604
-0.029563
0.011808
0.039048
0.032789
0.066094
0.084809
0.096332
0.100954
0.106851
0.114765
0.112680
0.123443
0.095520
0.088997
0.086306
0.043452
0.020493
0.004591
-0.026747
-0.026081
-0.028121
-0.039344
-0.030195
-0.038946
-0.048287
-0.065427
-0.019664
0.009425
-0.003747
-0.009907
0.016499
0.035444
0.057244
0.067299
0.066645
0.072670
0.076641
0.085064
0.060935
0.055225
0.057124
0.018769
-0.000911
-0.012242
-0.033411
-0.035136
-0.036630
-0.036820
-0.033812
-0.023771
-0.037046
-0.043190
-0.014708
0.000979
0.000969
0.028047
0.049047
0.079977
0.109520
0.099015
0.117800
0.119647
0.117394
0.074757
0.083981
0.078641
0.080752
0.026424
0.011936
-0.021849
-0.043478
-0.052403
-0.033031
-0.045339
-0.044214
-0.042524
-0.023233
-0.036012
0.015012
-0.002473
0.008075
0.018791
0.043377
0.063120
0.059717
0.058767
0.067759
0.082477
0.097218
0.066803
0.083441
0.082935
0.035339
0.020227
-0.015469
-0.055212
-0.061552
-0.058002
-0.050584
-0.054984
-0.038231
-0.067408
-0.062408
-0.043748
-0.010285
0.002572
0.023085
0.039180
0.058596
0.084509
0.079307
0.091921
0.094887
0.094847
0.080832
0.084637
0.083911
0.028931
0.006097
-0.013942
-0.034462
-0.041462
-0.031565
-0.055137
-0.037990
-0.038981
-0.038775
-0.043896
-0.035648
-0.015941
0.000962
0.023232
0.051593
0.064932
0.066801
0.058581
0.060264
0.070439
0.079575
0.086228
0.077390
0.086390
0.051903
0.030973
0.012981
-0.012091
-0.022761
-0.028736
-0.018164
-0.033210
-0.060089
-0.057737
-0.058878
-0.054357
-0.032159
-0.021801
-0.002605
0.017944
0.044284
0.059934
0.053793
0.062114
0.069918
0.070859
0.080314
0.067755
0.073506
0.053978
0.012759
0.004109
-0.029081
-0.047798
-0.046371
-0.037920
-0.048352
-0.051412
-0.043033
-0.044620
-0.038685
-0.009439
-0.007382
0.016662
0.039298
0.066494
0.089521
0.084535
0.103177
0.110644
0.117319
0.086345
0.082947
0.073354
0.080805
0.010213
-0.002453
-0.024951
-0.040057
-0.034030
-0.040837
-0.043594
-0.049415
-0.034454
-0.029698
-0.031093
-0.004184
0.013568
0.011234
0.036459
0.054004
0.065969
0.074604
0.071677
0.073792
0.083935
0.093260
0.099806
0.097196
0.102576
0.080419
0.056276
0.023901
-0.025373
-0.038460
-0.038814
-0.023587
-0.041258
-0.028895
-0.049351
-0.061392
-0.068659
-0.056488
-0.067150
-0.031133
-0.007437
0.023575
0.057226
0.046069
0.074599
0.078999
0.084485
0.059181
0.024507
0.023183
0.015437
-0.040944
-0.049760
-0.066231
-0.078213
-0.080698
-0.071121
-0.075030
-0.074969
-0.075875
-0.069241
-0.069411
-0.040886
-0.028929
-0.003542
0.030897
0.051958
0.064107
0.054861
0.060719
0.053209
0.063984
0.069839
0.080333
0.080739
0.087211
0.073993
0.042278
0.012789
-0.027386
-0.033119
-0.040085
-0.021045
-0.042284
-0.045475
-0.059597
-0.058073
-0.057839
-0.055146
-0.043117
-0.008176
0.011200
0.042206
0.045439
0.038542
0.050058
0.044414
0.057824
0.062981
0.065668
0.072797
0.068142
0.023051
0.015798
-0.018154
-0.043137
-0.054556
-0.038419
-0.064502
-0.036569
-0.061355
-0.071028
-0.085874
-0.011069
-0.044462
-0.060231
-0.040137
-0.009336
0.011486
0.030605
0.034419
0.036524
0.038115
0.049268
0.056328
0.046994
0.043734
0.044174
-0.002865
-0.013115
-0.024810
-0.036460
-0.041681
-0.034722
-0.037335
-0.017709
-0.009206
-0.025012
-0.054743
-0.002962
-0.021039
-0.003747
-0.002062
0.044404
0.032712
0.086192
0.065318
0.092019
0.087710
0.034641
0.019656
-1.243010
-1.242202
-1.750612
-1.581175
-1.457487
-1.326498
-1.201293
-1.089034
-0.994106
-0.909742
-0.835304
-0.776946
-0.705392
-0.936772
-1.003844
-1.041979
-1.119808
-1.118481
-1.018418
-0.882479
-0.753218
-0.725218
-0.722747
-0.711621
-0.698418
-0.675610
0.024701
0.072937
0.050802
0.047050
0.055629
0.080504
0.030848
0.046400
0.027734
0.052964
-0.011172
-0.086995
-0.182500
-0.207102
-0.217965
-0.242451
-0.248530
-0.283578
-0.266026
-0.304018
-0.267495
-0.304464
-0.288673
-0.275975
-0.247366
-0.186359
-0.161383
-0.134902
-0.085114
-0.033719
0.016835
0.004857
-0.020799
-0.023064
-0.005137
-0.023595
-0.025818
-0.080492
-0.087593
-0.099550
-0.093338
-0.130970
-0.133390
-0.143619
-0.149704
-0.157065
-0.149044
-0.147663
-0.148045
-0.132074
-0.108543
-0.070575
-0.027894
0.000631
0.029067
0.054850
0.073024
0.102824
0.056770
0.065143
0.059077
0.070379
0.025095
0.030767
0.024403
0.042798
0.013664
0.001316
-0.044013
-0.058926
-0.073169
-0.064241
-0.047306
-0.034812
-0.043236
-0.026376
-0.022738
0.040170
0.062257
0.089103
0.095734
0.119205
0.133999
0.109050
0.124493
0.110732
0.124829
0.122143
0.135208
0.137012
0.137412
0.109067
0.077926
0.035149
0.002969
-0.012463
-0.005201
-0.029217
-0.018813
-0.033397
-0.030197
-0.034297
-0.000548
0.004309
0.023028
0.033375
0.062869
0.083008
0.100858
0.100288
0.109632
0.111768
0.117262
0.085414
0.100144
0.090577
0.051707
0.016017
-0.022896
-0.064785
-0.064445
-0.062823
-0.070745
-0.055655
-0.069951
-0.070673
-0.059235
-0.043745
-0.022924
-0.005650
0.016855
0.033329
0.059761
0.079060
0.069050
0.076288
0.076297
0.086765
0.081456
0.070711
0.077951
0.052066
0.033836
0.013903
-0.021698
-0.037313
-0.039587
-0.030475
-0.042408
-0.028106
-0.062729
-0.064142
-0.058170
0.000683
0.002910
0.025935
0.035699
0.059101
0.083845
0.069361
0.089633
0.080623
0.087854
0.073867
0.076078
0.075386
0.087193
0.057890
0.042370
0.007384
-0.013922
-0.014453
-0.014810
-0.020774
-0.006038
-0.022893
-0.028622
-0.040815
0.042340
0.025299
0.017208
0.021000
0.044046
0.072255
0.071241
0.082222
0.072712
0.085022
0.069838
0.083738
0.060870
0.075637
0.060030
0.051064
0.032236
0.010758
-0.007800
-0.006149
-0.012547
-0.002955
-0.001564
0.001715
-0.035315
-0.016899
0.042270
0.039022
0.024755
0.052892
0.066104
0.106522
0.086177
0.119160
0.102095
0.104088
0.051383
0.036484
0.028500
0.043330
0.000904
0.005169
-0.012755
-0.027276
-0.021597
-0.021085
-0.027243
-0.005745
-0.003774
-0.009235
-0.014105
0.013814
0.025781
0.044797
0.064763
0.085028
0.114322
0.103227
0.126187
0.125052
0.130314
0.117059
0.118099
0.113863
0.116862
0.068852
0.048496
0.019929
-0.007553
-0.012856
-0.012012
-0.007789
-0.009379
0.002606
-0.006528
-0.007878
0.006525
0.024060
0.019439
0.050743
0.047776
0.070481
0.064828
0.063635
0.058202
0.075930
0.086290
0.091791
0.085123
0.097019
0.055425
0.047121
0.014019
-0.001471
-0.014161
-0.007095
-0.022301
-0.007688
-0.024291
-0.037191
-0.057141
-0.007075
0.022174
-0.036197
-0.034605
-0.011831
0.002664
0.022419
0.039383
0.031840
0.036361
0.044505
0.048075
0.045956
0.043748
0.057371
-0.007686
-0.023649
-0.030475
-0.047525
-0.055290
-0.056650
-0.049915
-0.056377
-0.050954
-0.051308
-0.075961
-0.066692
-0.017462
-0.065482
-0.050973
-0.027132
-0.001998
0.019584
0.031409
0.022983
0.025371
0.034357
0.037896
0.035477
0.029065
0.041632
-0.021985
-0.028698
-0.035169
-0.042467
-0.046293
-0.048914
-0.040789
-0.048544
-0.064781
-0.063849
-0.047298
-0.049294
-0.011480
-0.027374
0.008103
0.031774
0.050491
0.074968
0.079159
0.096217
0.098570
0.098149
0.083609
0.100316
0.087201
0.088300
0.021382
0.006334
-0.016051
-0.027996
-0.031296
-0.066140
-0.088854
-0.067802
-0.063110
-0.058216
-0.066320
-0.041723
-0.020287
0.016660
0.033218
0.064349
0.061173
0.059133
0.066982
0.066591
0.075823
0.078898
0.090424
0.088878
0.092669
0.062896
0.041165
0.010941
-0.008349
-0.019689
-0.006216
-0.008790
0.002705
0.003841
-0.046491
-0.082021
-0.036267
-0.053038
-0.038603
-0.000301
0.022704
0.032873
0.046316
0.038546
0.055781
0.054998
0.054650
0.051505
0.045849
0.061993
0.028298
0.006244
0.000927
-0.009004
-0.010197
-0.018425
-0.009441
-0.044792
-0.022071
-0.023262
-0.032400
-0.040639
-0.023111
-0.019018
0.012432
0.023225
0.046725
0.048698
0.050399
0.058273
0.059033
0.065974
0.065997
0.074400
0.071506
0.072675
0.040310
0.025338
0.003280
-0.007385
-0.012963
-0.040135
-0.069980
-0.053681
-0.047252
-0.040825
-0.049908
-0.028028
-0.009862
0.015823
0.043073
0.061908
0.071902
0.065539
0.077538
0.077224
0.090198
0.089149
0.104469
0.089673
0.099666
0.051004
0.053508
0.017740
0.017019
0.016003
0.022765
-0.061557
-0.033673
-0.029657
-0.029320
-0.031324
-0.034083
-0.020673
-0.018039
0.005508
0.031571
0.053718
0.059474
0.065534
0.072266
0.085780
0.083007
0.082474
0.084721
0.072662
0.054842
0.012809
0.004593
-0.001588
0.005769
0.011363
0.014960
-0.048966
-0.035004
-0.039487
-0.049041
-0.064557
-0.040427
-0.046033
-0.026331
0.001863
0.030871
0.044502
0.055691
0.070625
0.088756
0.087954
0.077660
0.049727
0.041028
0.051643
0.009130
0.026419
0.000899
0.013510
0.013795
0.022401
-0.044870
-0.031808
-0.034506
-0.024253
-0.043466
-0.012228
-0.028125
-0.037811
-0.002037
0.007027
0.028195
0.020253
0.025950
0.029796
0.037052
0.041135
0.044269
0.048865
0.046855
0.045356
0.026303
0.018797
0.002666
0.006291
0.006154
0.019772
-0.060109
-0.038130
-0.034649
-0.044951
-0.043663
-0.020501
-0.025299
-0.018831
0.016479
0.038092
0.052662
0.061011
0.062439
0.073910
0.076885
0.070573
0.069368
0.064939
0.066164
0.040206
0.020899
0.013925
0.001202
0.015931
0.018081
-0.060064
-0.053679
-0.066032
-0.060764
-0.064946
-0.081262
-0.069650
-0.074448
-0.054639
-0.027856
-0.012715
0.009172
-0.003551
0.012522
0.014259
0.029157
0.021373
0.038925
0.017835
0.031790
-0.016395
-0.005212
-0.034739
-0.018514
-0.020531
-0.003275
-0.018362
0.001307
-0.011307
-0.132783
-0.130815
-0.111751
-0.087986
-0.111083
-0.098339
-0.077285
-0.049187
-0.003066
0.013946
0.000497
-0.027749
-0.023526
-0.032627
-0.044227
-0.043724
-0.051945
-0.045390
-0.065364
-0.060929
-0.060450
-0.070713
-0.042796
-0.098720
-0.057707
-0.062116
-0.053500
-0.098483
-0.031849
-0.069278
-0.030068
-0.053658
0.009082
0.023506
0.056749
-0.042560
-0.073631
-0.066877
-0.085179
-0.091626
-0.102983
-0.091711
-0.107374
-0.084717
-0.094154
-0.077505
-0.070469
-0.124952
-0.148358
-0.128555
-0.130467
-0.112553
-0.135734
-0.110624
-0.113591
-0.105124
-0.096507
-0.056798
-0.016726
0.015372
0.015681
0.019008
0.018793
0.019839
-0.059677
-0.024923
-0.026456
-0.030754
-0.007141
-0.026249
-0.006556
-0.026753
0.000451
-0.017886
0.012705
-0.101453
-0.088582
-0.106143
-0.088413
-0.088608
-0.055091
-0.091573
-0.082121
-0.058949
-0.066467
-0.050499
-0.050780
-0.046811
-0.042906
-0.016001
-0.016491
-0.016663
-0.045109
-0.049988
-0.050329
-0.038891
-0.030114
-0.024293
-0.005155
-0.000408
0.010671
0.009862
0.050329
-0.374683
-0.362843
-0.361813
-0.350006
-0.341277
-0.327743
-0.343462
-0.350957
-0.360847
-0.356645
-0.305212
-0.280019
-0.325208
-0.345363
-0.321033
-0.303295
-0.360880
-0.359415
-0.394637
-0.375996
-0.386348
-0.356176
-0.364552
-0.331802
-0.356074
-0.308973
-0.401408
-0.361761
-0.388519
-0.265878
-0.206027
0.016472
0.099169
-0.931495
-0.911813
-1.421180
-1.342048
-1.224677
-1.082075
-0.925712
-0.768910
-0.613319
-0.467350
