0.000000
0.000141
0.000094
0.000054
0.000052
0.000079
0.000096
0.000095
-0.002170
0.005412
0.025976
0.023432
0.011785
0.013509
0.018813
0.012310
0.017148
0.008513
0.015303
0.014211
0.018648
0.004517
-0.001093
-0.000391
-0.001418
0.009859
0.007849
0.012585
-0.019609
-0.031649
-0.047042
-0.041410
-0.070299
-0.059784
-0.059053
-0.023141
-0.036891
-0.006867
-0.054634
-0.026023
-0.084748
-0.056020
-0.068058
-0.071592
-0.133118
-0.090769
-0.065021
-0.046081
-0.030733
-0.018016
-0.044710
-0.021981
-0.068679
-0.039334
-0.063889
-0.039074
-0.078547
-0.036070
-0.072837
-0.039961
-0.090910
-0.064274
-0.087179
-0.044088
-0.083356
-0.059920
-0.062785
-0.065626
-0.057718
-0.087262
-0.097321
-0.058773
-0.008135
0.020476
0.018047
0.020258
0.056988
0.074087
0.042624
0.081701
0.009209
0.063850
0.056107
0.101843
0.021555
0.092939
0.026557
0.093947
0.024618
0.078970
-0.016066
0.082879
0.033929
0.080537
0.078063
0.068553
0.045845
0.048961
0.011420
0.019356
-0.003477
-0.008173
-0.046011
-0.025749
-0.001372
0.008331
0.049016
0.033812
0.056654
0.033009
0.064353
0.015658
0.085452
0.018719
0.054676
-0.002246
0.015311
-0.019846
-0.036809
-0.094256
-0.110464
-0.029131
0.073379
0.132248
0.163813
0.065725
0.094599
-0.011596
0.054630
0.030169
0.082407
0.057147
0.104607
0.042130
0.087581
0.005482
0.074058
0.023108
0.047780
-0.004063
-0.030300
-0.044130
0.008502
-0.026245
0.008615
0.012198
-0.012211
-0.012409
-0.020393
-0.025790
-0.038871
-0.045551
-0.058528
-0.044705
-0.064538
-0.015968
-0.035779
-0.008781
-0.044928
0.014412
-0.056971
0.015722
-0.036506
0.016547
-0.041799
-0.021084
-0.072649
-0.006615
-0.081338
-0.045675
-0.022540
-0.032937
-0.029869
-0.009743
-0.027558
-0.019926
-0.054915
-0.080620
-0.055658
-0.075681
-0.009614
-0.026555
-0.003327
-0.064501
-0.003470
-0.046028
-0.015701
-0.051739
-0.019178
-0.050584
-0.035847
-0.069879
-0.006760
-0.035885
0.004242
0.009754
-0.014115
-0.005033
0.005753
-0.015880
-0.023093
-0.024048
-0.038444
-0.009399
-0.038689
-0.011963
-0.023963
0.027895
-0.009979
0.029422
-0.024943
0.045131
-0.007525
0.051993
-0.006739
0.009177
-0.060705
-0.035553
-0.106009
-0.056851
-0.012397
-0.013028
-0.021665
0.007575
-0.024313
0.001918
-0.041119
-0.074849
-0.035329
-0.060128
-0.010211
-0.029335
0.012543
-0.047344
0.003314
-0.062314
-0.025704
-0.059894
-0.017692
-0.056696
-0.039479
-0.069415
-0.035268
-0.064749
-0.024454
0.003481
0.000819
0.016779
0.035501
0.031525
0.028800
0.034489
0.014964
0.045675
0.027950
0.062431
0.048573
0.107957
0.079395
0.087898
0.047175
0.097914
0.073381
0.110647
0.083383
0.109628
0.071051
0.047892
0.009748
-0.000183
0.019671
-0.015241
0.014378
-0.016894
0.028173
-0.029840
0.014700
-0.041390
-0.019562
-0.079886
-0.023396
-0.029496
0.016056
-0.036370
-0.007966
-0.017996
-0.007931
-0.061452
0.000584
-0.018011
0.039503
-0.031054
0.018958
-0.081872
-0.088681
-0.105376
-0.048683
-0.109512
-0.065131
-0.069160
-0.046519
-0.047763
-0.032236
-0.016021
-0.069606
-0.017803
-0.051991
-0.015150
-0.040136
0.010974
-0.055057
0.002493
-0.070971
-0.004360
-0.047158
0.009888
-0.038195
-0.021387
-0.053104
-0.024669
-0.067406
-0.039564
-0.034410
-0.055710
-0.064663
-0.020592
-0.062325
-0.022127
-0.077463
-0.051404
-0.078891
-0.031822
-0.063441
-0.018649
-0.057040
-0.029158
-0.066610
-0.036015
-0.082991
-0.020891
-0.051777
-0.023279
-0.099375
-0.024772
-0.071960
-0.045630
-0.056822
-0.056564
-0.083170
-0.022910
-0.017385
-0.014961
-0.017114
-0.041603
-0.036889
-0.035977
-0.007179
-0.052260
-0.006894
-0.033496
-0.013882
-0.059576
-0.014328
-0.048327
0.013197
-0.014261
-0.001381
-0.094088
-0.021066
-0.078563
-0.048358
-0.051267
-0.043948
-0.054757
-0.038122
-0.084327
-0.069796
-0.107353
-0.092086
-0.141259
-0.089262
-0.105929
-0.075200
-0.101314
-0.071231
-0.124116
-0.079956
-0.138951
-0.107379
-0.091414
-0.062093
-0.122063
-0.067189
-0.124576
-0.059841
-0.090304
-0.064572
-0.043884
-0.084801
-0.065841
-0.058858
-0.084274
-0.063954
-0.070104
-0.046667
-0.060497
-0.031066
-0.079128
-0.052252
-0.064613
-0.039195
-0.083281
-0.040313
-0.080325
0.002742
-0.039864
0.007701
-0.060317
-0.028938
-0.106884
-0.091743
-0.090412
-0.033719
-0.090107
-0.059226
-0.093681
-0.037343
-0.084385
-0.037243
-0.119463
-0.044071
-0.083438
-0.050552
-0.077544
-0.036871
-0.085531
-0.062287
-0.095966
-0.059979
-0.079885
-0.021922
-0.072493
-0.048546
-0.108510
-0.081229
-0.135049
-0.095537
-0.056567
-0.070679
-0.080127
-0.036580
-0.050924
-0.037330
-0.060145
-0.094499
-0.060219
-0.087198
-0.046655
-0.057438
-0.015419
-0.069899
-0.036110
-0.092946
-0.065848
-0.074268
-0.036917
-0.069282
-0.066889
-0.093126
-0.057926
-0.083492
-0.036516
-0.030774
-0.058374
-0.041864
-0.016315
-0.037793
-0.042622
-0.027676
-0.055910
-0.014391
-0.042357
-0.025785
-0.061800
0.004655
-0.045760
-0.028368
-0.068305
-0.006948
-0.046612
0.016998
-0.029599
-0.015945
-0.064357
-0.030959
-0.091231
-0.030657
-0.004268
0.027421
-0.006076
-0.006132
-0.067865
-0.043150
-0.092028
-0.064043
-0.103605
-0.049994
-0.092111
-0.055325
-0.067072
-0.020814
-0.069543
-0.030978
-0.076387
0.011016
-0.042927
0.022578
-0.052618
-0.008932
-0.086416
-0.055037
-0.077061
-0.013484
-0.045209
-0.049570
-0.083362
-0.060110
-0.057978
-0.058801
-0.051171
-0.091733
-0.044349
-0.076582
-0.034825
-0.069056
-0.019446
-0.080928
-0.023203
-0.088540
-0.024742
-0.063341
-0.011422
-0.055545
-0.034042
-0.118091
-0.080290
-0.085438
-0.063949
-0.090460
-0.107048
-0.077541
-0.052466
-0.048946
-0.052225
-0.037316
-0.070247
-0.025522
-0.057999
-0.032101
-0.066425
-0.012470
-0.075855
-0.034722
-0.088533
-0.021754
-0.071325
-0.013515
-0.060275
-0.030671
-0.079672
-0.053409
-0.074400
-0.046506
-0.061538
-0.095835
-0.080073
-0.037079
-0.067645
-0.031452
-0.073244
-0.042999
-0.071987
-0.027746
-0.067578
-0.021640
-0.050384
-0.025253
-0.071190
-0.027518
-0.082198
-0.012431
-0.041847
-0.009143
-0.065373
-0.034791
-0.087127
-0.059429
-0.068279
-0.067981
-0.096064
-0.058662
-0.071929
-0.058056
-0.065567
-0.092251
-0.100386
-0.095143
-0.067927
-0.090641
-0.055122
-0.091743
-0.073063
-0.104495
-0.091182
-0.108592
-0.045304
-0.048421
-0.048355
-0.088431
-0.111910
-0.079279
-0.109052
-0.081609
-0.098391
-0.115919
-0.084744
-0.071919
-0.114840
-0.085060
-0.115159
-0.090256
-0.110823
-0.068552
-0.111122
-0.070958
-0.101705
-0.079559
-0.124967
-0.085051
-0.132318
-0.052613
-0.064272
-0.032158
-0.106241
-0.056951
-0.109741
-0.084270
-0.121635
-0.110756
-0.147170
-0.099748
-0.106045
-0.106730
-0.103556
-0.117212
-0.119750
-0.109561
-0.091085
-0.124837
-0.096095
-0.119144
-0.105605
-0.139888
-0.109555
-0.146346
-0.068566
-0.076682
-0.047989
-0.108974
-0.087869
-0.142120
-0.115928
-0.148318
-0.125926
-0.169967
-0.123027
-0.130386
-0.124038
-0.131461
-0.147621
-0.151736
-0.147019
-0.126511
-0.159676
-0.135007
-0.160176
-0.150369
-0.179212
-0.159195
-0.184206
-0.108177
-0.097820
-0.080358
-0.134257
-0.118049
-0.166696
-0.141621
-0.155150
-0.135250
-0.187954
-0.140700
-0.135839
-0.137967
-0.145069
-0.147195
-0.129699
-0.141838
-0.110832
-0.150820
-0.126332
-0.143212
-0.129164
-0.169349
-0.138974
-0.179787
-0.110720
-0.103107
-0.092703
-0.143684
-0.116923
-0.165726
-0.148591
-0.152019
-0.118749
-0.171502
-0.147589
-0.172917
-0.177175
-0.179857
-0.186943
-0.177032
-0.173680
-0.159015
-0.193078
-0.167789
-0.184939
-0.179333
-0.209633
-0.181638
-0.219382
-0.145864
-0.140204
-0.109140
-0.175853
-0.095120
-0.170468
-0.139048
-0.150355
-0.125232
-0.170612
-0.158618
-0.183935
-0.160341
-0.183893
-0.153176
-0.203279
-0.140037
-0.169653
-0.161331
-0.176873
-0.121485
-0.020618
-0.016593
-0.008702
-0.001327
0.004066
0.015062
0.008150
0.018591
0.020030
0.024360
0.040767
0.038492
0.041234
0.040842
0.036167
0.030086
0.032133
0.025327
0.015549
0.003893
-0.002009
-0.011046
0.012111
0.030495
0.028197
0.037402
0.011475
0.033186
0.019973
0.028400
0.001461
0.036043
0.031898
0.011134
-0.008323
-0.003513
-0.017536
0.007198
-0.008537
0.001909
-0.023862
-0.022438
-0.014801
-0.034669
-0.046281
-0.053591
-0.080748
-0.063962
-0.083207
-0.057042
-0.068174
-0.027151
-0.065330
-0.034349
-0.064108
-0.019693
-0.043497
0.025407
-0.035073
0.010908
-0.060002
-0.068638
-0.153388
-0.099168
-0.093930
-0.088592
-0.098762
-0.040442
-0.046880
-0.016981
-0.006308
-0.032667
0.001965
-0.016306
0.019716
-0.013966
0.026570
-0.001863
0.019812
-0.018832
0.009357
-0.024779
0.014924
0.010622
-0.005040
-0.024705
-0.051664
-0.034512
-0.054676
-0.026405
-0.050318
-0.043476
-0.054606
-0.031661
-0.045099
-0.061309
-0.077538
-0.089498
-0.055429
-0.079160
-0.037241
-0.073872
-0.016555
-0.081347
-0.026103
-0.089427
-0.044013
-0.060362
-0.014626
-0.054452
-0.055655
-0.059664
-0.034265
-0.075968
-0.053310
-0.089923
-0.072506
-0.052583
-0.042881
-0.047323
-0.063529
-0.070633
-0.075643
-0.045737
-0.072267
-0.044463
-0.071617
-0.026836
-0.097531
-0.042044
-0.098887
-0.052473
-0.047804
-0.009180
-0.036331
-0.075138
-0.084234
-0.050460
-0.086764
-0.071819
-0.077134
-0.066241
-0.063614
-0.075794
-0.087157
-0.096283
-0.090048
-0.116271
-0.064293
-0.105334
-0.086696
-0.108872
-0.062843
-0.127193
-0.082139
-0.134592
-0.078566
-0.089369
-0.042257
-0.084604
-0.079507
-0.110144
-0.079346
-0.124439
-0.092385
-0.113418
-0.103486
-0.086098
-0.079880
-0.083082
-0.087405
-0.076474
-0.106194
-0.056530
-0.094584
-0.073483
-0.098798
-0.046470
-0.115451
-0.077032
-0.120128
-0.075622
-0.082131
-0.040383
-0.072300
-0.070464
-0.108580
-0.088842
-0.117581
-0.096356
-0.105455
-0.118933
-0.115967
-0.114100
-0.122820
-0.124525
-0.113806
-0.139437
-0.099821
-0.129750
-0.109244
-0.132999
-0.088636
-0.151750
-0.111345
-0.153089
-0.112476
-0.115087
-0.073071
-0.106986
-0.097704
-0.120696
-0.094864
-0.137707
-0.093600
-0.099473
-0.106914
-0.119133
-0.118073
-0.138796
-0.139911
-0.130086
-0.156564
-0.111022
-0.139928
-0.133056
-0.150781
-0.111504
-0.165572
-0.141256
-0.175208
-0.131472
-0.133418
-0.091847
-0.132411
-0.083099
-0.116415
-0.090326
-0.131636
-0.099113
-0.073893
-0.082438
-0.103048
-0.117193
-0.151933
-0.147788
-0.140870
-0.157796
-0.129575
-0.130578
-0.132011
-0.153323
-0.111405
-0.138979
-0.146232
-0.159404
-0.137298
-0.136097
-0.065672
-0.095054
-0.075873
-0.136177
-0.114412
-0.177961
-0.136115
-0.138950
-0.144863
-0.161709
-0.148214
-0.176266
-0.139486
-0.173331
-0.143933
-0.167814
-0.124995
-0.163608
-0.151208
-0.168870
-0.143499
-0.186584
-0.159601
-0.192952
-0.133438
-0.120213
-0.086525
-0.126824
-0.132106
-0.157577
-0.165025
-0.178385
-0.155660
-0.187385
-0.176100
-0.199827
-0.159417
-0.201546
-0.168876
-0.233030
-0.174202
-0.203008
-0.182331
-0.211698
-0.187928
-0.211344
-0.201432
-0.210549
-0.209510
-0.196188
-0.161097
-0.161059
-0.189881
-0.173961
-0.175338
-0.175993
-0.190748
-0.162313
-0.187912
-0.183524
-0.203032
-0.141957
-0.186274
-0.158317
-0.215710
-0.161211
-0.187350
-0.171356
-0.202633
-0.179725
-0.179839
-0.177396
-0.185121
-0.187626
-0.167333
-0.113013
-0.096734
-0.107690
-0.133444
-0.173214
-0.185497
-0.178822
-0.162154
-0.132291
-0.159452
-0.167568
-0.222570
-0.201396
-0.239852
-0.226142
-0.260267
-0.215037
-0.242309
-0.236897
-0.249001
-0.224060
-0.264213
-0.243168
-0.266483
-0.233854
-0.216145
-0.203244
-0.241330
-0.152892
-0.169407
-0.161528
-0.197981
-0.177725
-0.222860
-0.235092
-0.231893
-0.228262
-0.240301
-0.239813
-0.234926
-0.241552
-0.217275
-0.234480
-0.246540
-0.255091
-0.249089
-0.280336
-0.264944
-0.272212
-0.241723
-0.168738
-0.144485
-0.180369
-0.198729
-0.220405
-0.251134
-0.242248
-0.238519
-0.255467
-0.254595
-0.252822
-0.241515
-0.269503
-0.241804
-0.262867
-0.237193
-0.255223
-0.226275
-0.267587
-0.254744
-0.265159
-0.266247
-0.289593
-0.273723
-0.281528
-0.224387
-0.211841
-0.211789
-0.259625
-0.204095
-0.240454
-0.232335
-0.241627
-0.224663
-0.269873
-0.245106
-0.260693
-0.247002
-0.255256
-0.251451
-0.250355
-0.247813
-0.230577
-0.255947
-0.265328
-0.263255
-0.255335
-0.278565
-0.266251
-0.278791
-0.236008
-0.191598
-0.168100
-0.196060
-0.199663
-0.233143
-0.231411
-0.237653
-0.211266
-0.242311
-0.254951
-0.293031
-0.271334
-0.269679
-0.252714
-0.239809
-0.257214
-0.231183
-0.249574
-0.260043
-0.268661
-0.239342
-0.275828
-0.260228
-0.261785
-0.251837
-0.236678
-0.217795
-0.240972
-0.247786
-0.216558
-0.216451
-0.223594
-0.211725
-0.201903
-0.230638
-0.270645
-0.265910
-0.281496
-0.254147
-0.276575
-0.241139
-0.261200
-0.251219
-0.280526
-0.264936
-0.270587
-0.271889
-0.295636
-0.262917
-0.266805
-0.230192
-0.217555
-0.217752
-0.256468
-0.205903
-0.229867
-0.229394
-0.230684
-0.196308
-0.240333
-0.230924
-0.259401
-0.247971
-0.245803
-0.246385
-0.229812
-0.236518
-0.220440
-0.264342
-0.248410
-0.252075
-0.242964
-0.271595
-0.256281
-0.284053
-0.228120
-0.208372
-0.219113
-0.270796
-0.180689
-0.228752
-0.223216
-0.228712
-0.211188
-0.249556
-0.250505
-0.275245
-0.271319
-0.274764
-0.260023
-0.251198
-0.251952
-0.236767
-0.254087
-0.261127
-0.268240
-0.251538
-0.283042
-0.272475
-0.285548
-0.252860
-0.211566
-0.191826
-0.224028
-0.228020
-0.236901
-0.233416
-0.246763
-0.225017
-0.256153
-0.258529
-0.288606
-0.264871
-0.279686
-0.248213
-0.265341
-0.241794
-0.252184
-0.239803
-0.270178
-0.265682
-0.266914
-0.269456
-0.293213
-0.279470
-0.285038
-0.235450
-0.220048
-0.224104
-0.265598
-0.231477
-0.252697
-0.256531
-0.252392
-0.253073
-0.271768
-0.276872
-0.250495
-0.272279
-0.245295
-0.257117
-0.231298
-0.246554
-0.230230
-0.258382
-0.253980
-0.254644
-0.248472
-0.274325
-0.240748
-0.262082
-0.220961
-0.222182
-0.201649
-0.239834
-0.208701
-0.232487
-0.233645
-0.232645
-0.224460
-0.274454
-0.290729
-0.340384
-0.292038
-0.287351
-0.250281
-0.293820
-0.242767
-0.260451
-0.256295
-0.281736
-0.259637
-0.273844
-0.280762
-0.285337
-0.278248
-0.263460
-0.218718
-0.227437
-0.223579
-0.253401
-0.213771
-0.257035
-0.256322
-0.247747
-0.273084
-0.294254
-0.286189
-0.248805
-0.257121
-0.221683
-0.236204
-0.218904
-0.223817
-0.201198
-0.237015
-0.228174
-0.232028
-0.228907
-0.250371
-0.226385
-0.239722
-0.178689
-0.167681
-0.153727
-0.193620
-0.195353
-0.198565
-0.216091
-0.191699
-0.181082
-0.197478
-0.253726
-0.247731
-0.272599
-0.237108
-0.246187
-0.258550
-0.238386
-0.244250
-0.245627
-0.265296
-0.234139
-0.252412
-0.254995
-0.268318
-0.267301
-0.244304
-0.207114
-0.200677
-0.238348
-0.209417
-0.214134
-0.211957
-0.217027
-0.213420
-0.255747
-0.247771
-0.249579
-0.241810
-0.243263
-0.237093
-0.227811
-0.233397
-0.206189
-0.238070
-0.239137
-0.245693
-0.232801
-0.266767
-0.249974
-0.273481
-0.219825
-0.191775
-0.174500
-0.217743
-0.190847
-0.210795
-0.195069
-0.208492
-0.183457
-0.221563
-0.213864
-0.238034
-0.206265
-0.229472
-0.197620
-0.231866
-0.190058
-0.210644
-0.193729
-0.231538
-0.206148
-0.216732
-0.223354
-0.233640
-0.225512
-0.205459
-0.158746
-0.130503
-0.153070
-0.160585
-0.191232
-0.205838
-0.198807
-0.197047
-0.185769
-0.241499
-0.245015
-0.284414
-0.246596
-0.287657
-0.254362
-0.294200
-0.252138
-0.272422
-0.273793
-0.286211
-0.273712
-0.308957
-0.298010
-0.290380
-0.271986
-0.221535
-0.217293
-0.255624
-0.232402
-0.235402
-0.233044
-0.241371
-0.211814
-0.227117
-0.246211
-0.216470
-0.186351
-0.204654
-0.193294
-0.176576
-0.200026
-0.171491
-0.173502
-0.199004
-0.212791
-0.171663
-0.029948
-0.026645
-0.027766
-0.013021
-0.011888
0.008296
0.017049
-0.027048
-0.082181
-0.126100
-0.143153
-0.196092
-0.267773
0.006442
0.024875
0.030566
0.023989
0.019517
0.016947
0.015453
0.013928
0.011156
0.007472
0.004516
0.002555
0.001387
0.001092
0.001639
0.003095
0.005626
0.008761
0.011505
0.001588
-0.013424
0.006037
0.031008
0.001037
0.000206
0.019049
0.023748
0.025006
-0.043606
-0.051834
-0.033377
0.004797
0.052215
0.027731
-0.024766
-0.083795
-0.101266
-0.116312
-0.128083
-0.202034
-0.208534
-0.175327
-0.171775
-0.145185
-0.123501
-0.117878
-0.088993
-0.102947
-0.073887
-0.110379
-0.056463
-0.094135
-0.069247
-0.098682
-0.055731
-0.100250
-0.097519
-0.143911
-0.168691
-0.182712
-0.176821
-0.109061
-0.075193
-0.040841
-0.035529
-0.078519
-0.091570
-0.069982
-0.110671
-0.091693
-0.118772
-0.097774
-0.123511
-0.113852
-0.127722
-0.094237
-0.103910
-0.068068
-0.092760
-0.046575
-0.112133
-0.099336
-0.079061
-0.043760
-0.037957
-0.077490
-0.056597
-0.005212
-0.003438
0.066431
0.097215
0.094730
0.123797
0.110182
0.139043
0.087773
0.139791
0.117997
0.140481
0.107361
0.147888
0.093927
0.116994
0.103342
0.072530
0.106739
0.033261
0.020549
-0.022810
0.014547
0.015142
0.019190
0.083740
0.140698
0.132983
0.089250
0.104136
0.027552
0.075439
0.031190
0.106515
0.097689
0.131200
0.089958
0.122969
0.085379
0.116339
0.040630
0.090349
0.032341
0.070183
0.032093
0.036396
0.008208
-0.030368
-0.065185
0.073713
0.132050
0.155626
0.166047
0.114102
0.096140
0.026556
0.038565
0.029896
0.086595
0.073149
0.121691
0.058760
0.076538
0.057220
0.068825
0.033617
0.051406
0.013254
0.010715
0.013379
-0.007793
0.015921
0.009545
0.071149
0.106928
0.105224
0.095800
0.079870
0.058908
0.048007
0.017690
0.017992
0.042020
0.022553
0.091757
0.064018
0.107624
0.029475
0.107317
0.025294
0.096642
0.017577
0.059998
-0.002798
0.032076
0.028983
0.035323
0.001246
0.023200
0.023905
0.045076
0.072799
0.048526
0.067328
0.012443
0.014050
-0.025293
0.019702
0.002689
0.076019
0.043617
0.075616
0.016808
0.075633
0.000741
0.041836
0.006303
0.040964
0.013418
0.019202
0.027232
0.052353
0.032328
0.014634
0.019747
0.035540
0.045838
0.030240
0.017809
0.010937
-0.002509
0.003865
0.022827
0.021110
0.038353
0.017374
0.057027
-0.009137
0.050487
-0.027030
0.035275
0.001793
0.050056
0.009643
0.020127
0.009095
0.029734
-0.023158
-0.008388
-0.031653
-0.003262
0.000369
0.012511
0.004095
-0.019094
-0.039406
-0.039960
-0.016396
-0.036190
0.003373
-0.025482
0.013806
-0.063700
0.003118
-0.061483
-0.000775
-0.032187
0.007645
-0.031636
-0.005753
-0.018080
-0.007264
-0.061658
-0.038677
-0.067849
-0.017161
0.005986
0.034782
0.022410
-0.003289
-0.021005
-0.033219
0.004317
-0.025932
0.033825
-0.000714
0.046298
-0.034460
0.029114
-0.045371
0.005955
-0.015933
0.023101
-0.004483
-0.026438
-0.056577
-0.038434
-0.046094
-0.009942
0.036047
0.016338
0.024290
0.032723
0.014482
0.007560
0.020837
0.002620
0.037945
0.003484
0.038313
-0.010011
0.070779
0.013166
0.022925
-0.010572
0.061882
-0.007457
0.075060
0.007723
0.038885
-0.017204
-0.010242
-0.055092
-0.020338
-0.012365
-0.015715
-0.015900
-0.007902
-0.015600
-0.022631
-0.054353
-0.076084
-0.056210
-0.076414
-0.023925
-0.039147
-0.010282
-0.080538
-0.007690
-0.082279
-0.027803
-0.060641
-0.013258
-0.062775
-0.040907
-0.085001
-0.029054
-0.081516
-0.045322
-0.048213
-0.094430
-0.039530
0.020941
0.040088
0.024285
0.026106
-0.004036
0.043449
0.005651
0.040161
-0.000728
0.056743
-0.009250
0.034767
-0.024979
0.047259
-0.009068
0.054967
-0.003231
0.010561
-0.040134
-0.037093
-0.080977
-0.053983
-0.036518
-0.055603
-0.024772
0.009640
0.007530
-0.018139
-0.043150
-0.083155
-0.049992
-0.069494
-0.015430
-0.033040
0.001909
-0.069648
-0.009803
-0.084732
-0.024577
-0.052169
0.000481
-0.043324
-0.026126
-0.084031
-0.007807
-0.083475
-0.051053
-0.065669
-0.084852
-0.062314
-0.018387
-0.001694
-0.011939
-0.025657
-0.049755
-0.018614
-0.046483
-0.009442
-0.040559
0.008816
-0.065939
-0.003568
-0.072195
-0.009507
-0.054185
0.006312
-0.047732
-0.023320
-0.073026
-0.025961
-0.080597
-0.042727
-0.036378
-0.079257
-0.049553
0.009512
0.030366
0.022413
0.016315
-0.020904
0.026920
-0.007938
0.028398
-0.002098
0.046042
-0.010477
0.029331
-0.025384
0.028852
-0.018301
0.049093
-0.008095
0.009659
-0.040625
-0.036072
-0.065100
-0.033308
-0.016881
-0.075733
-0.057689
-0.010882
0.000292
-0.011081
-0.018498
-0.063478
-0.022311
-0.045174
-0.001841
-0.018362
0.014814
-0.056325
0.016170
-0.060403
-0.002157
-0.044269
0.010483
-0.034214
-0.011648
-0.085054
-0.039457
-0.064386
-0.042750
-0.026736
-0.088886
-0.052305
0.005201
0.012554
0.013108
0.022924
-0.019706
0.033835
0.001712
0.026797
-0.006304
0.050253
-0.000531
0.011694
-0.014896
0.018800
0.012018
0.004066
0.037303
-0.025292
0.005867
-0.040190
-0.009539
-0.040736
-0.021461
-0.061548
0.001718
-0.015782
0.056157
-0.012619
0.004121
-0.071372
-0.024434
-0.046268
0.004145
-0.007943
0.017389
-0.045899
0.024224
-0.016370
0.028929
-0.019192
0.020777
-0.037659
-0.029865
-0.040415
-0.020693
-0.079907
-0.037213
-0.003856
-0.003391
0.027913
0.055870
0.035679
0.034792
0.014661
-0.039475
-0.003680
-0.022127
0.028013
0.004243
0.060671
-0.020915
0.038197
-0.039365
0.026768
-0.033385
0.008687
-0.041778
-0.016223
-0.048103
-0.020234
-0.053771
0.003610
0.041381
0.023900
0.023074
0.044664
0.047840
0.047705
0.036907
-0.001673
0.040802
0.011140
0.049961
0.026002
0.092261
0.018836
0.063597
-0.003979
0.076955
-0.005686
0.057047
-0.003731
0.019781
-0.034547
-0.012725
-0.047238
-0.001488
0.032536
-0.000308
-0.000793
0.047394
0.035695
0.046202
0.029451
-0.030154
0.014111
-0.006245
0.043735
0.028742
0.068300
0.015350
0.055511
0.007937
0.028165
0.014676
0.029896
0.022698
0.006765
-0.019039
-0.017287
-0.034619
-0.002690
0.019837
-0.049914
-0.000766
-0.000559
0.065892
0.011919
0.032849
-0.026453
0.027225
-0.005239
0.036615
0.014600
0.057223
-0.008620
0.054151
-0.021857
0.045826
-0.007648
0.061244
0.007317
0.025821
-0.036721
-0.022700
-0.080817
-0.034272
-0.016278
-0.029302
-0.023378
0.038275
-0.005009
0.038204
-0.028337
-0.020314
-0.046214
0.007768
-0.033841
0.026950
-0.022837
0.017094
-0.041743
0.012165
-0.054865
0.009363
-0.021533
0.020083
-0.022588
-0.010051
-0.035143
-0.004666
-0.052605
-0.038781
-0.077781
-0.033014
-0.008213
0.007013
-0.004569
-0.029547
-0.037871
-0.038497
-0.005488
-0.045666
-0.003360
-0.043455
0.002409
-0.064004
-0.008485
-0.062257
0.008092
-0.023674
0.015651
-0.037730
-0.011310
-0.036756
-0.017002
-0.054613
-0.015949
-0.039916
0.012955
0.005018
0.038698
-0.008546
0.005153
-0.057545
-0.002344
-0.035002
0.006221
-0.013817
0.032466
-0.024695
0.035074
-0.036082
0.034817
-0.025738
0.032461
-0.025253
-0.009047
-0.060682
-0.047301
-0.113181
-0.071619
-0.030973
-0.031917
-0.043206
0.023212
-0.003991
0.050562
-0.046173
-0.028683
-0.063784
-0.002527
-0.031501
0.025270
-0.014888
0.008380
-0.025854
0.008967
-0.051867
0.018741
-0.011138
0.031725
-0.025821
-0.009358
-0.074608
-0.063233
-0.074078
-0.037576
-0.085128
-0.029640
-0.029598
-0.000008
-0.053063
-0.028966
-0.085677
-0.040622
-0.063465
-0.037828
-0.061115
-0.008740
-0.064573
-0.021560
-0.087956
-0.029132
-0.070823
-0.012915
-0.040329
-0.027402
-0.075026
-0.001645
-0.062843
-0.024749
-0.038923
-0.042024
-0.042439
-0.007274
-0.045034
-0.018312
-0.053855
-0.036052
-0.058825
-0.009622
-0.052726
-0.020949
-0.044088
-0.009699
-0.067513
-0.019747
-0.073536
0.012723
-0.028526
0.043946
-0.024650
0.013312
-0.084739
-0.080611
-0.113438
-0.046191
-0.089474
-0.057735
-0.066813
-0.007981
-0.055648
-0.015521
-0.096952
-0.035177
-0.064341
-0.027374
-0.057120
-0.022049
-0.055438
0.013476
0.007266
0.005966
-0.006247
-0.060937
-0.146850
-0.139502
-0.101618
-0.218866
-0.231770
-0.198725
-0.195339
-0.086571
-0.020349
0.040746
-0.002081
-0.027409
-0.038403
-0.043927
-0.042260
-0.039873
0.002116
0.015371
0.017473
0.023483
0.029011
0.030587
0.029008
0.025978
0.022324
0.017233
0.012052
0.007381
0.002704
-0.001364
-0.005668
-0.010700
-0.014579
-0.015109
-0.013320
-0.011448
-0.009757
-0.020135
-0.055790
-0.037557
0.009279
0.024039
0.001643
-0.029032
-0.018097
-0.000440
-0.000115
-0.006503
-0.030744
-0.014330
-0.000681
-0.016904
-0.061619
-0.078477
-0.057889
0.011432
0.040510
0.143338
0.298740
0.215287
0.119727
0.002419
0.004521
0.007645
0.001052
-0.002462
-0.003676
-0.005576
-0.009767
-0.015108
-0.020183
-0.024137
-0.026475
-0.030617
-0.034929
-0.037515
-0.038912
-0.044554
-0.038727
-0.037257
-0.075635
-0.049312
-0.034013
-0.034376
-0.029606
-0.029392
-0.035281
-0.036774
-0.020290
0.016023
0.008353
-0.011069
-0.011950
0.018585
0.032625
-0.064505
-0.133377
-0.358042
-0.458223
-0.012381
-0.031334
-0.049901
0.039720
-0.085364
-0.271569
-0.216174
-0.178608
-0.311234
-0.437027
-0.529370
-0.453900
-0.403169
-0.518195
-0.019535
-0.062971
-0.046919
-0.034406
-0.024054
-0.019190
-0.017889
-0.017651
-0.017086
-0.014838
-0.011582
-0.014364
-0.021196
-0.009188
-0.010360
-0.021424
-0.016612
-0.012712
-0.010610
0.003536
0.009395
0.016156
0.016884
0.020978
0.008010
-0.009654
-0.016957
-0.018718
-0.011936
0.004339
0.005674
0.010972
0.014507
-0.012283
-0.001962
0.004621
-0.014546
-0.012748
0.038454
0.062256
0.046689
0.043052
0.001794
-0.025412
-0.104223
-0.117237
-0.145847
-0.194110
-0.153911
-0.094232
-0.033344
-0.044658
-0.054971
-0.052398
-0.108817
-0.060399
-0.066928
-0.041826
-0.091105
-0.039134
-0.085093
-0.055790
-0.097949
-0.059477
-0.106004
-0.042523
-0.092082
-0.017003
-0.104686
-0.058193
-0.161309
-0.134701
-0.132300
-0.089380
-0.129968
-0.069498
-0.046230
-0.008791
0.035103
0.025615
0.024618
0.013935
0.061132
0.006432
0.045505
0.025559
0.064365
0.003493
0.052432
0.005946
0.087666
0.028020
0.078180
0.017364
0.039017
-0.059919
-0.058061
-0.057760
-0.005373
-0.042949
-0.011284
-0.011085
0.014029
-0.058819
-0.002802
-0.095884
-0.050249
-0.085334
-0.047696
-0.061412
-0.020616
-0.063793
-0.042129
-0.072750
-0.045390
-0.045578
-0.036423
-0.021110
-0.074412
-0.037448
-0.069169
-0.050446
-0.107574
-0.069065
-0.132501
-0.095312
-0.072459
0.021892
-0.009429
0.013932
-0.042077
0.006557
-0.015106
0.012610
-0.021352
0.014971
-0.021068
0.003299
-0.032792
-0.013959
-0.014520
0.021185
0.016247
-0.015290
-0.018184
-0.075125
-0.065532
-0.080712
-0.052520
-0.085262
-0.056564
-0.049284
0.026337
-0.045009
-0.012770
-0.104709
-0.037803
-0.073730
-0.028811
-0.038844
-0.007708
-0.063189
-0.016561
-0.085279
-0.032124
-0.052826
0.001744
-0.046437
-0.047465
-0.059919
-0.064979
-0.041549
-0.074034
-0.057705
-0.084626
-0.048061
-0.068909
-0.021665
-0.071710
-0.056958
-0.106558
-0.058891
-0.089059
-0.049653
-0.087475
-0.038606
-0.110450
-0.054607
-0.120225
-0.069128
-0.094978
-0.031675
-0.061926
-0.040219
-0.095860
-0.065266
-0.135896
-0.096248
-0.103088
-0.118163
-0.079389
-0.016099
-0.018684
-0.018946
-0.016499
-0.049968
-0.008830
-0.034101
-0.004024
-0.057470
0.000433
-0.046072
-0.021404
-0.059320
-0.005513
-0.041715
0.032543
-0.009350
0.009924
-0.042220
-0.068466
-0.124165
-0.074917
-0.069710
-0.064457
-0.087886
-0.046786
-0.103641
-0.050988
-0.119702
-0.101788
-0.134861
-0.087266
-0.121944
-0.082804
-0.112611
-0.092298
-0.123873
-0.095873
-0.145505
-0.076463
-0.093872
-0.051988
-0.109702
-0.070801
-0.121309
-0.098794
-0.132434
-0.080577
-0.112447
-0.099661
-0.103996
-0.046378
-0.088612
-0.062501
-0.133692
-0.079566
-0.097251
-0.067834
-0.107675
-0.076517
-0.094670
-0.085453
-0.108040
-0.093976
-0.092012
-0.064820
-0.064265
-0.096015
-0.072372
-0.082267
-0.059252
-0.098245
-0.055226
-0.105514
-0.082380
-0.078374
-0.021732
-0.063170
-0.043285
-0.085978
-0.043839
-0.067676
-0.035787
-0.079396
-0.049963
-0.073735
-0.049024
-0.077951
-0.062740
-0.060306
-0.039054
-0.041290
-0.069276
-0.074878
-0.071507
-0.055223
-0.093073
-0.051893
-0.061335
-0.038650
-0.059491
-0.011635
-0.076481
-0.050316
-0.129967
-0.074790
-0.102258
-0.065377
-0.089261
-0.050482
-0.079501
-0.061128
-0.076685
-0.069800
-0.071453
-0.054828
-0.059868
-0.083755
-0.075904
-0.081257
-0.069170
-0.089910
-0.040348
-0.038561
-0.030840
-0.057484
0.005715
-0.051857
-0.019089
-0.099813
-0.038683
-0.066702
-0.029030
-0.059385
-0.016762
-0.050079
-0.036810
-0.049726
-0.048263
-0.055836
-0.036453
-0.047276
-0.066095
-0.076144
-0.077428
-0.058772
-0.070803
-0.027448
-0.010998
-0.019875
-0.044414
0.013459
-0.050120
-0.020454
-0.107156
-0.038236
-0.071760
-0.031527
-0.065801
-0.015905
-0.039672
-0.028828
-0.044496
-0.036026
-0.024319
-0.033728
-0.002841
-0.059628
-0.032319
-0.061550
-0.039830
-0.084774
-0.046579
-0.057668
-0.076383
-0.074095
-0.002215
-0.049306
-0.004826
-0.082722
-0.039107
-0.056099
-0.023267
-0.036763
-0.006926
-0.046582
-0.026125
-0.045804
-0.035191
-0.042137
-0.006191
-0.001552
-0.027843
-0.015938
-0.046939
-0.075655
-0.104810
-0.079418
-0.099183
-0.106906
-0.096992
-0.035951
-0.018358
-0.040540
-0.036882
-0.085649
-0.031647
-0.062562
-0.016641
-0.054723
-0.012918
-0.068658
-0.011827
-0.080476
-0.017916
-0.069738
0.002937
-0.054053
-0.015875
-0.076911
-0.064634
-0.103924
-0.081694
-0.075229
-0.124810
-0.140448
-0.094917
-0.079020
-0.028541
-0.053495
-0.056161
-0.075988
-0.030327
-0.046482
-0.031781
-0.053227
-0.030084
-0.057254
-0.039784
-0.077659
-0.037591
-0.063251
0.003900
-0.028952
0.007723
-0.009541
-0.020280
-0.052944
-0.073736
-0.083273
-0.111657
-0.080185
-0.109779
-0.069407
-0.086789
-0.057930
-0.132423
-0.087896
-0.114775
-0.086470
-0.103425
-0.059671
-0.090346
-0.078045
-0.100884
-0.071668
-0.089119
-0.027405
-0.089572
-0.024366
-0.111590
-0.095051
-0.167065
-0.110914
-0.103541
-0.108456
-0.108428
-0.066865
-0.058220
-0.026062
-0.009205
-0.055797
0.000456
-0.017016
-0.007249
-0.032525
-0.003472
-0.019110
-0.014697
-0.034677
-0.008584
-0.014655
0.016005
0.029514
-0.008479
0.002327
-0.027223
-0.063919
-0.105688
-0.124884
-0.155976
-0.160879
-0.033854
-0.041219
0.030968
-0.066554
-0.042975
-0.090291
-0.032239
-0.066029
-0.011154
-0.057439
-0.043662
-0.077828
-0.050495
-0.116457
-0.040435
-0.058624
-0.006592
-0.057535
-0.027989
-0.099837
-0.128942
-0.132815
-0.108567
-0.125521
-0.155707
-0.145979
-0.082864
-0.064667
-0.033604
-0.019105
-0.075322
-0.016528
-0.030490
-0.020024
-0.041570
-0.016686
-0.036302
-0.030859
-0.050197
-0.021378
-0.043429
-0.003440
-0.005107
-0.040144
-0.007201
-0.052220
-0.059975
-0.088831
-0.094775
-0.129903
-0.128652
-0.089953
-0.022521
-0.022916
-0.049775
-0.072112
-0.104700
-0.058834
-0.085499
-0.044604
-0.080079
-0.053389
-0.091083
-0.062491
-0.127735
-0.066134
-0.120598
-0.070535
-0.127708
-0.108917
-0.116188
-0.103689
-0.141977
-0.104160
-0.112554
-0.128904
-0.127830
-0.075251
-0.070869
-0.087649
-0.097477
-0.138098
-0.084651
-0.112650
-0.094089
-0.125999
-0.081944
-0.134575
-0.089641
-0.141667
-0.084584
-0.102026
-0.043785
-0.090482
-0.070188
-0.141091
-0.112358
-0.156240
-0.117786
-0.131501
-0.141437
-0.118630
-0.068098
-0.094590
-0.055294
-0.096322
-0.081521
-0.094576
-0.058002
-0.102713
-0.071384
-0.104641
-0.068860
-0.127305
-0.081646
-0.126617
-0.045899
-0.058705
-0.019138
-0.065998
-0.039543
-0.109596
-0.122651
-0.112502
-0.086562
-0.150241
-0.139464
-0.139375
-0.135328
-0.129810
-0.128398
-0.129380
-0.142621
-0.107586
-0.129584
-0.114009
-0.141710
-0.111922
-0.153730
-0.113694
-0.160152
-0.107331
-0.116335
-0.043550
-0.090408
-0.050520
-0.109281
-0.103507
-0.163860
-0.140690
-0.170995
-0.121458
-0.144342
-0.146474
-0.172628
-0.152579
-0.142056
-0.149345
-0.151818
-0.149690
-0.118838
-0.155572
-0.134356
-0.154412
-0.139885
-0.176578
-0.140238
-0.175688
-0.096990
-0.105363
-0.071344
-0.125526
-0.105134
-0.178806
-0.154370
-0.175760
-0.172683
-0.196297
-0.190836
-0.136697
-0.113598
-0.097709
-0.101766
-0.152548
-0.103203
-0.115763
-0.111877
-0.139356
-0.117534
-0.133386
-0.130004
-0.143731
-0.133157
-0.118733
-0.071786
-0.065033
-0.098353
-0.085271
-0.127491
-0.149373
-0.156748
-0.141192
-0.164379
-0.200277
-0.160262
-0.163276
-0.128105
-0.183949
-0.181865
-0.184299
-0.159113
-0.183452
-0.169960
-0.198037
-0.185854
-0.202272
-0.174111
-0.208218
-0.138494
-0.125469
-0.081385
-0.134667
-0.105003
-0.175296
-0.174464
-0.202156
-0.167236
-0.202600
-0.169276
-0.160824
-0.088150
-0.127700
-0.095857
-0.164898
-0.106902
-0.131348
-0.111513
-0.148213
-0.115231
-0.133656
-0.123434
-0.140720
-0.133980
-0.128984
-0.106886
-0.101763
-0.137174
-0.132405
-0.148129
-0.132506
-0.148988
-0.110007
-0.135459
-0.109580
-0.120850
-0.044731
-0.102001
-0.081764
-0.132215
-0.085740
-0.110284
-0.089897
-0.124029
-0.100088
-0.018032
-0.014475
-0.016333
-0.005140
0.003458
0.008122
0.010867
0.013756
0.018030
0.019636
0.021069
0.039686
0.047360
0.033231
0.047249
0.061748
0.065821
0.057507
0.053727
0.041025
0.030518
0.028564
0.021545
0.003123
-0.000631
0.001469
0.021931
0.044104
0.046818
0.040985
0.039754
0.031765
0.036310
0.031843
0.014717
0.024936
0.040802
0.040429
0.052962
-0.042012
0.046738
-0.022113
-0.006603
-0.065056
-0.074525
-0.115980
-0.086156
-0.094108
-0.064190
-0.085719
-0.078398
-0.106733
-0.057633
-0.094383
-0.061731
-0.098764
-0.056640
-0.114481
-0.063066
-0.115726
-0.060896
-0.079464
-0.002593
-0.054169
-0.011251
-0.078074
-0.099570
-0.167048
-0.128649
-0.123756
-0.145501
-0.103854
-0.053454
-0.029767
-0.003154
0.014620
-0.037322
0.023362
0.009356
0.018906
-0.025048
0.024747
0.008688
0.007446
-0.019759
0.033409
-0.005702
0.021337
0.031204
-0.017220
0.013456
-0.030424
-0.053653
-0.066620
-0.041685
-0.050649
-0.064579
-0.035244
-0.034473
-0.019357
-0.048513
-0.102783
-0.058818
-0.077914
-0.042817
-0.053096
-0.035098
-0.066192
-0.039018
-0.078867
-0.057088
-0.055494
-0.034345
-0.038347
-0.082949
-0.071707
-0.099407
-0.075671
-0.109963
-0.073800
-0.146172
-0.094009
-0.077992
0.023874
-0.026207
-0.011755
-0.075967
-0.023714
-0.047444
-0.019471
-0.042539
-0.021520
-0.051143
-0.031346
-0.055013
-0.049393
-0.035884
-0.010232
-0.017060
-0.052034
-0.072174
-0.094282
-0.072608
-0.080605
-0.050480
-0.110876
-0.062903
-0.062074
-0.014237
-0.062298
-0.041093
-0.086948
-0.036815
-0.069246
-0.034436
-0.064276
-0.026114
-0.087278
-0.029770
-0.098534
-0.040402
-0.075308
-0.003348
-0.047372
-0.023234
-0.086689
-0.076107
-0.132597
-0.083332
-0.084731
-0.106872
-0.091412
-0.008222
-0.019996
0.024520
-0.034394
-0.028006
-0.037836
0.000205
-0.034097
-0.005559
-0.047199
-0.002812
-0.056001
-0.006765
-0.063041
0.013047
-0.013250
0.047437
0.000061
0.025511
-0.011715
-0.009157
-0.067681
-0.058635
-0.091104
-0.071148
-0.043685
-0.041240
-0.073050
-0.075340
-0.118139
-0.110014
-0.119726
-0.087502
-0.097773
-0.063077
-0.106538
-0.082899
-0.119010
-0.101091
-0.108261
-0.069140
-0.056882
-0.089397
-0.077532
-0.127945
-0.101470
-0.146671
-0.119974
-0.170242
-0.122481
-0.061684
-0.042170
-0.038002
-0.054628
-0.059958
-0.062661
-0.022617
-0.070706
-0.048794
-0.086088
-0.033449
-0.095731
-0.046897
-0.096403
-0.028522
-0.045666
0.017980
-0.025059
-0.003613
-0.060849
-0.064883
-0.123507
-0.073267
-0.071172
-0.077514
-0.096768
-0.097556
-0.128372
-0.104634
-0.150892
-0.119778
-0.138243
-0.105564
-0.139011
-0.100062
-0.157565
-0.106601
-0.165701
-0.117461
-0.150931
-0.081534
-0.096492
-0.081562
-0.136142
-0.103329
-0.161246
-0.120315
-0.134753
-0.141066
-0.157612
-0.086564
-0.082254
-0.082405
-0.085054
-0.116094
-0.082637
-0.099130
-0.066818
-0.120192
-0.084982
-0.121137
-0.083046
-0.141241
-0.088642
-0.124615
-0.047739
-0.061184
-0.042101
-0.089113
-0.093913
-0.142353
-0.101163
-0.119393
-0.107465
-0.167429
-0.135934
-0.149492
-0.128273
-0.141459
-0.164121
-0.158048
-0.164994
-0.135950
-0.170040
-0.143874
-0.180376
-0.151952
-0.199649
-0.155745
-0.198273
-0.122345
-0.124010
-0.097060
-0.151428
-0.140294
-0.187590
-0.155805
-0.161695
-0.151466
-0.216993
-0.167862
-0.150638
-0.105556
-0.130236
-0.110909
-0.163932
-0.104410
-0.120527
-0.114556
-0.150783
-0.115162
-0.129410
-0.129541
-0.141550
-0.121661
-0.114524
-0.093990
-0.084329
-0.134998
-0.120341
-0.136960
-0.122645
-0.149638
-0.126000
-0.197451
-0.162242
-0.161124
-0.115542
-0.150179
-0.128068
-0.159282
-0.119960
-0.149143
-0.126994
-0.170573
-0.137273
-0.170874
-0.141687
-0.175659
-0.140553
-0.147634
-0.084695
-0.107386
-0.108461
-0.155178
-0.146320
-0.204008
-0.164102
-0.177984
-0.190013
-0.182739
-0.119474
-0.146812
-0.109313
-0.154864
-0.146208
-0.153999
-0.123352
-0.161374
-0.143071
-0.183599
-0.148218
-0.197644
-0.164930
-0.200157
-0.136061
-0.118919
-0.068059
-0.105493
-0.090210
-0.133070
-0.161565
-0.229050
-0.167198
-0.176356
-0.168272
-0.191322
-0.156869
-0.192833
-0.182511
-0.228468
-0.199677
-0.216478
-0.206334
-0.224418
-0.217954
-0.245841
-0.234169
-0.243734
-0.245308
-0.209131
-0.149471
-0.133929
-0.177878
-0.169564
-0.224635
-0.213219
-0.240146
-0.216722
-0.245459
-0.261664
-0.244125
-0.190147
-0.184047
-0.181967
-0.182825
-0.217792
-0.177830
-0.180565
-0.191123
-0.210100
-0.176362
-0.217107
-0.199859
-0.216349
-0.188600
-0.180238
-0.122180
-0.153434
-0.144984
-0.182185
-0.175637
-0.191143
-0.169195
-0.185630
-0.221916
-0.242623
-0.221754
-0.224746
-0.183474
-0.194321
-0.189597
-0.196083
-0.162915
-0.186894
-0.188836
-0.206656
-0.179127
-0.220445
-0.192962
-0.215255
-0.179428
-0.158838
-0.109800
-0.147379
-0.134460
-0.180251
-0.177598
-0.194561
-0.178563
-0.208724
-0.241108
-0.266618
-0.255226
-0.264691
-0.231660
-0.245415
-0.235764
-0.244360
-0.215403
-0.243038
-0.235996
-0.251694
-0.246750
-0.269068
-0.249069
-0.272878
-0.207981
-0.183593
-0.177264
-0.222154
-0.201850
-0.205276
-0.237435
-0.221822
-0.215687
-0.252671
-0.217691
-0.217288
-0.189715
-0.206778
-0.201533
-0.229143
-0.198386
-0.205142
-0.199795
-0.226610
-0.216185
-0.223454
-0.232338
-0.236940
-0.231001
-0.208400
-0.173435
-0.151801
-0.197212
-0.194812
-0.195031
-0.206787
-0.227081
-0.200328
-0.221453
-0.217789
-0.231509
-0.181509
-0.187450
-0.200226
-0.210599
-0.212077
-0.187299
-0.207167
-0.212576
-0.230100
-0.199998
-0.244169
-0.231022
-0.241243
-0.227372
-0.197281
-0.142826
-0.160076
-0.156906
-0.180931
-0.191724
-0.257367
-0.204582
-0.235602
-0.247003
-0.281730
-0.283545
-0.323073
-0.299305
-0.308002
-0.279558
-0.300536
-0.276572
-0.305222
-0.291324
-0.318755
-0.303461
-0.331833
-0.295516
-0.308296
-0.252573
-0.245307
-0.249510
-0.290815
-0.206781
-0.240984
-0.226080
-0.251436
-0.230179
-0.257336
-0.240176
-0.242675
-0.206046
-0.215748
-0.232449
-0.249134
-0.239853
-0.216606
-0.256070
-0.252352
-0.243448
-0.228701
-0.266434
-0.238571
-0.264884
-0.213643
-0.207097
-0.194510
-0.233250
-0.142996
-0.182092
-0.162015
-0.185535
-0.154573
-0.199249
-0.196195
-0.210051
-0.185523
-0.188110
-0.204484
-0.202038
-0.202832
-0.183869
-0.215526
-0.213136
-0.199399
-0.159827
-0.197262
-0.159778
-0.189668
-0.140183
-0.154143
-0.115120
-0.158132
-0.132814
-0.158194
-0.165414
-0.171283
-0.135125
-0.172024
-0.217994
-0.247354
-0.215476
-0.222750
-0.212780
-0.238135
-0.216543
-0.223978
-0.220155
-0.244662
-0.219812
-0.230580
-0.238160
-0.246511
-0.241398
-0.214722
-0.202644
-0.201364
-0.246408
-0.193155
-0.207473
-0.200281
-0.205123
-0.182642
-0.210279
-0.242194
-0.263193
-0.207364
-0.184856
-0.171151
-0.168929
-0.211666
-0.159111
-0.177048
-0.187505
-0.205570
-0.160106
-0.200785
-0.191580
-0.203655
-0.169369
-0.166048
-0.117564
-0.156060
-0.149762
-0.184264
-0.174343
-0.179282
-0.166032
-0.171602
-0.204826
-0.236931
-0.220788
-0.223704
-0.183423
-0.162689
-0.176253
-0.153509
-0.157234
-0.140501
-0.168279
-0.161694
-0.168652
-0.171963
-0.186326
-0.163750
-0.165493
-0.117918
-0.105006
-0.094368
-0.131577
-0.121883
-0.190472
-0.168884
-0.184161
-0.158783
-0.205655
-0.182689
-0.206897
-0.180860
-0.211686
-0.179944
-0.225560
-0.207774
-0.223513
-0.198645
-0.233421
-0.222117
-0.249741
-0.245126
-0.271251
-0.248782
-0.267363
-0.197711
-0.180198
-0.167461
-0.212648
-0.191559
-0.229452
-0.210798
-0.219784
-0.198094
-0.234673
-0.256462
-0.253779
-0.222216
-0.216041
-0.182998
-0.214812
-0.188488
-0.190891
-0.171552
-0.208306
-0.194449
-0.200139
-0.201556
-0.221085
-0.193252
-0.200837
-0.141106
-0.141230
-0.137043
-0.183523
-0.180473
-0.206079
-0.187847
-0.201699
-0.204089
-0.250240
-0.237993
-0.242373
-0.218012
-0.205951
-0.210623
-0.205043
-0.208379
-0.183619
-0.218388
-0.207782
-0.227374
0.042667
0.037290
0.068514
0.049842
-0.071375
-0.193833
-0.258021
-0.212176
-0.169998
-0.232124
-0.278911
-0.228872
-0.182667
-0.134478
-0.009907
-0.158145
-0.318277
-0.470267
-0.653743
0.003738
-0.016741
-0.033168
-0.041373
-0.059925
-0.116008
-0.218046
-0.351250
-0.476636
-0.557167
-0.322572
-0.321122
-0.007366
-0.038628
-0.050115
-0.033089
-0.019921
-0.013237
-0.012169
-0.013343
-0.015350
-0.016489
-0.016335
-0.014882
-0.012406
-0.005963
-0.002619
-0.024110
-0.029484
-0.041768
-0.052134
-0.033996
-0.009125
-0.004396
0.009282
0.015432
0.024952
0.024252
0.028356
0.010854
0.004678
0.005125
0.002971
0.019335
0.019991
0.028656
0.033368
0.012558
0.037079
0.042181
0.035730
0.021987
0.060702
0.079286
0.061238
0.071682
-0.046166
-0.003374
-0.076844
-0.051537
-0.072235
-0.072933
-0.085089
-0.079205
-0.087605
-0.052604
-0.066225
-0.054028
-0.102421
-0.062813
-0.081841
-0.068554
-0.103438
-0.067075
-0.113418
-0.071927
-0.105596
-0.061963
-0.069017
-0.033329
-0.061609
-0.012361
-0.074449
-0.042690
-0.108380
-0.087360
-0.057731
-0.108848
-0.066009
-0.028305
0.023031
0.022334
0.070016
0.013875
0.055838
0.053667
0.082271
0.031266
0.079661
0.049679
0.073961
0.037237
0.083089
0.024998
0.076082
0.033895
0.071391
0.033765
0.013921
-0.015472
-0.027053
-0.020263
-0.011137
-0.022096
0.016694
0.070504
0.077692
0.062107
0.052008
-0.012429
0.029071
0.005611
0.056065
0.045232
0.063286
0.030274
0.063472
0.019116
0.043469
0.001547
0.048562
-0.000724
0.018855
-0.016768
-0.036993
-0.069219
-0.062522
-0.046929
-0.128907
-0.052694
-0.010468
0.105821
0.040279
0.045887
-0.017375
0.021695
0.005422
0.048730
0.040524
0.037977
0.009247
0.044817
-0.000890
0.020492
0.013158
0.037798
0.019834
-0.018149
-0.011072
-0.070913
-0.050814
-0.075175
-0.035639
-0.086654
-0.033640
-0.009434
0.054012
-0.002953
0.018403
-0.056354
-0.015137
-0.032529
0.008935
0.005948
0.014356
-0.011254
0.015188
-0.029192
-0.017999
-0.026780
-0.005345
-0.013303
-0.056373
-0.033866
-0.100373
-0.075905
-0.119808
-0.078796
-0.158031
-0.101302
-0.037723
0.078845
0.038827
0.048503
-0.033966
0.024317
0.004925
0.037965
0.028136
0.048291
0.008127
0.026846
-0.002785
0.013883
0.005928
0.019372
0.015592
-0.030407
-0.021390
-0.062264
-0.063020
-0.076857
-0.042923
-0.074572
-0.074048
-0.019110
-0.004803
-0.020063
-0.033011
-0.093662
-0.051995
-0.069223
-0.020445
-0.030617
-0.013626
-0.045931
-0.018031
-0.057817
-0.037215
-0.050169
-0.034258
-0.037206
-0.088501
-0.054986
-0.105347
-0.095136
-0.132049
-0.086726
-0.148447
-0.096850
-0.054582
0.060402
0.004712
0.030478
-0.062986
0.002648
-0.018411
0.011670
0.007195
0.026690
-0.011564
0.001057
-0.023378
-0.003976
-0.001246
0.016873
0.007864
-0.029344
-0.051406
-0.071340
-0.048514
-0.057064
-0.026276
-0.077062
-0.043482
-0.018939
0.013089
-0.000059
-0.030291
-0.033226
-0.045896
-0.001282
-0.032401
0.007169
-0.034826
0.012645
-0.041463
0.016165
-0.057064
0.021848
-0.030794
0.030715
-0.027925
0.010383
-0.063205
-0.084772
-0.082727
-0.058871
-0.121391
-0.111476
-0.075336
-0.025698
-0.023717
0.023775
-0.033325
0.016239
-0.002594
0.030320
0.010235
0.027249
-0.003380
0.022766
-0.005898
0.025183
-0.023823
0.020533
-0.007756
0.034551
-0.021774
0.000881
-0.039517
-0.043553
-0.035660
-0.053220
-0.074740
-0.098048
-0.004329
-0.050083
0.009369
-0.043009
-0.026618
-0.063960
-0.019169
-0.050112
-0.001132
-0.033880
-0.003822
-0.037620
-0.004340
-0.059845
-0.002440
-0.043198
0.025060
-0.033232
-0.003681
-0.052685
-0.079590
-0.088920
-0.062769
-0.031607
-0.067799
-0.013711
-0.015669
0.016512
0.025144
-0.028703
0.014543
0.003145
0.034290
0.001704
0.033929
0.005381
0.020316
-0.004954
0.024308
-0.024871
0.037910
0.001451
0.036655
-0.020229
-0.023422
-0.090450
-0.070492
-0.058173
-0.011864
-0.079050
-0.045605
-0.045901
0.011453
-0.022883
-0.009947
-0.071577
-0.016503
-0.035327
-0.010692
-0.026597
-0.014717
-0.029633
-0.019852
-0.042171
-0.023210
-0.043030
-0.017572
-0.003623
-0.051287
-0.006968
-0.055875
-0.063275
-0.117907
-0.073825
-0.117981
-0.096413
-0.085855
0.010689
-0.025128
-0.006835
-0.075791
-0.024490
-0.050284
-0.020220
-0.037859
-0.025238
-0.052237
-0.025277
-0.060972
-0.054858
-0.037012
0.000251
-0.000573
-0.041065
-0.017414
-0.070925
-0.088633
-0.106092
-0.087374
-0.104944
-0.106879
-0.050471
-0.025475
-0.020307
-0.033202
-0.087560
-0.036169
-0.057311
-0.030827
-0.056808
-0.033370
-0.058251
-0.040366
-0.062038
-0.051546
-0.044573
-0.008962
-0.001927
-0.034967
-0.013169
-0.047907
-0.080660
-0.137431
-0.146874
-0.190881
-0.215718
-0.058259
-0.063750
0.023795
-0.052623
-0.043832
-0.074311
-0.025273
-0.064889
-0.016525
-0.060948
-0.027545
-0.081307
-0.046862
-0.111024
-0.043623
-0.086726
-0.038359
-0.097340
-0.078740
-0.121800
-0.100374
-0.142502
-0.085613
-0.115446
-0.101759
-0.084162
0.034202
-0.022309
0.005958
-0.079443
-0.022792
-0.048811
-0.024999
-0.041769
-0.032243
-0.057565
-0.043278
-0.063009
-0.059764
-0.046127
-0.000907
0.009958
-0.021361
-0.016045
-0.078997
-0.104312
-0.124436
-0.093373
-0.110807
-0.119796
-0.097219
-0.050767
-0.065147
-0.014840
-0.047886
-0.035738
-0.042767
-0.011547
-0.039396
-0.015846
-0.049052
-0.024510
-0.062443
-0.025600
-0.075606
-0.009570
-0.021219
0.031198
-0.028213
0.027709
-0.026690
-0.013417
-0.056025
-0.058106
-0.106581
-0.092590
-0.100881
-0.054439
-0.076795
-0.060939
-0.106295
-0.075668
-0.093127
-0.070843
-0.083589
-0.066608
-0.085963
-0.070892
-0.092290
-0.085245
-0.077676
-0.044779
-0.032797
-0.075531
-0.059391
-0.111784
-0.122459
-0.142784
-0.150721
-0.171181
-0.170117
-0.095849
-0.071314
-0.052645
-0.066742
-0.117639
-0.069705
-0.083481
-0.071666
-0.094754
-0.077581
-0.085111
-0.094510
-0.102792
-0.093876
-0.084925
-0.052578
-0.046920
-0.088370
-0.062469
-0.102955
-0.110373
-0.137527
-0.104641
-0.167684
-0.126710
-0.119107
-0.042394
-0.085646
-0.075901
-0.129017
-0.081072
-0.102822
-0.083557
-0.106856
-0.096298
-0.104775
-0.108532
-0.114917
-0.110996
-0.089649
-0.054176
-0.044634
-0.087782
-0.079225
-0.128398
-0.136988
-0.162454
-0.141263
-0.183453
-0.149045
-0.123958
-0.056747
-0.064759
-0.094773
-0.118300
-0.120215
-0.093233
-0.120606
-0.100788
-0.139851
-0.115077
-0.148574
-0.120010
-0.158456
-0.090607
-0.076042
-0.021687
-0.068656
-0.040054
-0.109429
-0.118001
-0.188516
-0.170680
-0.214918
-0.202457
-0.219906
-0.062798
-0.064854
-0.017434
-0.102464
-0.073256
-0.114596
-0.057522
-0.104342
-0.067152
-0.092541
-0.067906
-0.117132
-0.085814
-0.137374
-0.064189
-0.087643
-0.052119
-0.118067
-0.089660
-0.158370
-0.134615
-0.157103
-0.110986
-0.172278
-0.125474
-0.123909
-0.064915
-0.101367
-0.082024
-0.134624
-0.080818
-0.098320
-0.093935
-0.117890
-0.102414
-0.110103
-0.114929
-0.122717
-0.117795
-0.095906
-0.061250
-0.045825
-0.085832
-0.072501
-0.112235
-0.128765
-0.145748
-0.127967
-0.167379
-0.165886
-0.178601
-0.124183
-0.155177
-0.149579
-0.195869
-0.153147
-0.171999
-0.158484
-0.176477
-0.172338
-0.180946
-0.181819
-0.183682
-0.184663
-0.145264
-0.101551
-0.096509
-0.137037
-0.121526
-0.183936
-0.177206
-0.216209
-0.184176
-0.229825
-0.216240
-0.190656
-0.138502
-0.123954
-0.130876
-0.147300
-0.154346
-0.125641
-0.143106
-0.140627
-0.165726
-0.145976
-0.183804
-0.159980
-0.187186
-0.129613
-0.104150
-0.050061
-0.075036
-0.051623
-0.106682
-0.111428
-0.176741
-0.153789
-0.199493
-0.187472
-0.251895
-0.143902
-0.157330
-0.104641
-0.157962
-0.151745
-0.177743
-0.133530
-0.168033
-0.151631
-0.169278
-0.158117
-0.198390
-0.166327
-0.203995
-0.146434
-0.151457
-0.102964
-0.161323
-0.131958
-0.172913
-0.155966
-0.187312
-0.154976
-0.187147
-0.216566
-0.199786
-0.157038
-0.154031
-0.158356
-0.180066
-0.188683
-0.154529
-0.169399
-0.172169
-0.189578
-0.160945
-0.200635
-0.181217
-0.201398
-0.177196
-0.168516
-0.105411
-0.121134
-0.109275
-0.130320
-0.148622
-0.208837
-0.205439
-0.206787
-0.249299
-0.219704
-0.237212
-0.176079
-0.196666
-0.187238
-0.239504
-0.197709
-0.208534
-0.209033
-0.231648
-0.217873
-0.058524
-0.056229
-0.046521
0.006723
0.075304
0.070076
-0.008318
-0.076140
-0.081293
-0.069225
-0.080820
-0.092684
-0.098868
-0.111928
-0.004030
-0.025986
-0.048246
-0.073563
-0.050965
-0.073883
-0.040947
-0.035837
-0.013949
0.005273
0.000517
0.003582
-0.000629
0.000444
0.001210
0.007199
-0.007934
-0.006906
-0.002622
-0.008475
0.015477
0.029942
0.034500
0.024601
0.018167
0.011459
-0.003352
0.001127
-0.020441
-0.021467
-0.037986
-0.046549
-0.017938
0.000485
0.001780
-0.003274
0.001294
-0.004407
0.003845
0.002816
-0.016722
0.019262
-0.002860
0.007290
-0.052522
0.016351
-0.040537
-0.036155
-0.060745
-0.021530
0.032212
-0.018904
0.006090
-0.018901
0.034415
0.007249
0.017885
-0.034428
0.022439
-0.005594
0.003552
-0.021482
0.059331
-0.009507
0.017925
-0.018018
0.031206
-0.016954
0.055592
-0.009418
0.026512
-0.026315
-0.012090
-0.052621
-0.050861
-0.039409
-0.074137
-0.013780
0.002293
0.023487
0.037431
0.010276
0.014663
0.016803
0.045107
0.008473
0.063849
-0.004580
0.059258
-0.001780
0.054456
-0.010837
0.064544
0.002156
0.059037
-0.008633
0.044499
-0.011844
-0.022462
-0.074668
-0.073982
-0.140509
-0.088038
0.007238
0.080863
0.046454
0.052190
-0.012473
0.026441
0.018185
0.058924
0.046316
0.061234
0.038601
0.056349
0.011261
0.029611
-0.010039
0.012957
0.014670
-0.039845
0.004130
-0.052389
-0.059191
-0.076304
-0.024613
-0.065372
-0.024198
-0.003998
0.044121
0.007645
0.002060
-0.048344
-0.008915
-0.026318
0.011369
0.002466
0.019913
-0.008294
0.020953
-0.027707
-0.013617
-0.014367
0.009301
0.004582
-0.041485
-0.008910
-0.070479
-0.042937
-0.071459
-0.047284
-0.149814
-0.057064
-0.035001
0.060007
0.011080
0.019307
-0.028903
0.019659
-0.004569
0.027613
0.013001
0.022960
0.015820
0.013864
-0.003388
0.014293
0.011161
0.022818
0.013930
-0.029575
-0.016660
-0.074363
-0.055445
-0.069526
-0.038314
-0.094092
-0.041575
0.008719
0.074214
0.018901
0.027606
-0.039292
0.008342
-0.012153
0.023771
0.013411
0.028950
0.002150
0.027022
-0.015435
0.006824
0.001524
0.013946
0.008753
-0.040519
-0.022790
-0.065043
-0.069122
-0.044787
-0.020277
-0.073726
-0.025565
-0.028010
0.061934
0.008703
0.017153
-0.043269
0.006460
-0.017984
0.016003
-0.000775
0.006037
-0.015325
0.008451
-0.018762
-0.002697
0.005678
0.023938
0.020099
-0.022368
-0.007081
-0.058424
-0.045315
-0.059779
-0.035660
-0.092491
-0.039927
-0.022812
0.051639
-0.002848
0.004461
-0.058275
-0.013804
-0.036308
-0.000088
-0.010680
0.002626
-0.037477
0.011333
-0.052847
-0.005536
-0.032286
0.029172
-0.025599
-0.019849
-0.111721
-0.058674
-0.111108
-0.070366
-0.069086
-0.116289
-0.093585
-0.028924
-0.012786
-0.024083
-0.027662
-0.056799
-0.020865
-0.038939
-0.015172
-0.026592
-0.024826
-0.014853
-0.029948
-0.033488
-0.021750
-0.023792
-0.007223
-0.014702
-0.046150
-0.050953
-0.068186
-0.046156
-0.053815
-0.039559
-0.096356
-0.048462
-0.047089
0.015411
-0.033555
-0.021701
-0.068277
-0.014853
-0.043001
-0.016147
-0.047373
-0.012416
-0.042953
-0.024346
-0.049083
-0.027695
-0.036817
-0.008780
0.007279
-0.032488
-0.013992
-0.043430
-0.071755
-0.097018
-0.104387
-0.126409
-0.128270
-0.066633
-0.032818
-0.026745
-0.048396
-0.088926
-0.052886
-0.066441
-0.045992
-0.057764
-0.059770
-0.057159
-0.059908
-0.073949
-0.068858
-0.061147
-0.031766
-0.028169
-0.073335
-0.036081
-0.102242
-0.088719
-0.121401
-0.078655
-0.140246
-0.098457
-0.072184
0.015257
-0.012406
-0.004492
-0.072372
-0.017086
-0.037027
-0.015177
-0.039758
-0.021330
-0.050115
-0.037351
-0.053908
-0.033781
-0.025308
0.003350
0.017008
-0.022560
-0.013940
-0.047155
-0.087509
-0.110776
-0.107216
-0.107554
-0.129265
-0.062384
-0.065939
-0.001578
-0.073284
-0.073562
-0.087256
-0.053308
-0.074355
-0.048328
-0.089873
-0.066269
-0.094017
-0.063914
-0.109448
-0.028543
-0.037815
0.011922
-0.040471
-0.007241
-0.069798
-0.081102
-0.119841
-0.129527
-0.146994
-0.197055
-0.132025
-0.080094
-0.004109
-0.040360
-0.026410
-0.095008
-0.049195
-0.066039
-0.042841
-0.057011
-0.048289
-0.066299
-0.057649
-0.084298
-0.067729
-0.080711
-0.043221
-0.038456
-0.072243
-0.052474
-0.089791
-0.147920
-0.192200
-0.192082
-0.204882
-0.277991
-0.108336
-0.078216
0.013632
-0.062815
-0.063810
-0.095496
-0.035041
-0.075212
-0.032027
-0.071997
-0.057351
-0.088430
-0.078413
-0.133096
-0.065140
-0.093510
-0.037864
-0.100528
-0.052871
-0.147758
-0.121250
-0.154090
-0.096216
-0.109968
-0.077805
-0.112383
-0.032278
-0.100856
-0.060890
-0.130706
-0.110130
-0.130685
-0.104209
-0.127431
-0.101864
-0.107574
-0.106756
-0.111357
-0.103273
-0.108758
-0.101017
-0.090620
-0.127323
-0.115312
-0.111480
-0.096123
-0.113415
-0.078539
-0.106402
-0.129244
-0.112450
-0.064302
-0.043412
-0.055029
-0.055886
-0.099160
-0.029555
-0.059626
-0.062612
-0.090584
-0.023241
-0.096636
-0.056794
-0.094436
-0.024191
-0.079960
-0.005857
-0.063804
-0.020924
-0.085260
-0.057559
-0.103385
-0.056737
-0.068655
-0.121597
-0.098965
-0.044158
-0.049950
0.009477
-0.031337
-0.021969
-0.034111
0.005173
-0.032217
-0.000475
-0.037244
0.000253
-0.049044
-0.008289
-0.062757
-0.003864
-0.003029
0.042849
-0.017637
0.052315
-0.029010
-0.003183
-0.031223
0.006208
-0.081747
-0.052047
-0.096963
-0.063576
-0.105182
-0.055522
-0.105414
-0.092843
-0.120568
-0.089886
-0.094822
-0.075467
-0.089211
-0.075449
-0.100148
-0.072434
-0.103792
-0.057501
-0.062067
-0.093686
-0.058976
-0.095889
-0.082822
-0.152770
-0.104532
-0.142611
-0.134468
-0.106006
0.014454
-0.026518
-0.016053
-0.093341
-0.050139
-0.064517
-0.047993
-0.073313
-0.059465
-0.097715
-0.082399
-0.091400
-0.053245
-0.034541
0.004027
0.018704
-0.010884
-0.002188
-0.037848
-0.060674
-0.143984
-0.136839
-0.187981
-0.210112
-0.192153
-0.018016
0.023036
0.031510
-0.014911
-0.010085
-0.026141
0.005103
-0.025618
-0.006353
-0.030110
-0.024765
-0.052289
-0.044960
-0.062886
-0.050005
-0.028486
-0.069808
-0.073254
-0.097665
-0.104039
-0.105786
-0.109315
-0.092385
-0.123597
-0.136582
-0.138269
-0.116802
-0.141513
-0.156513
-0.185544
-0.155758
-0.169403
-0.153469
-0.173859
-0.166548
-0.189691
-0.166599
-0.198895
-0.160527
-0.160589
-0.104676
-0.152784
-0.119428
-0.187649
-0.173631
-0.211949
-0.180640
-0.180928
-0.187383
-0.201973
-0.160853
-0.159247
-0.129808
-0.140071
-0.158876
-0.136415
-0.129917
-0.135356
-0.157873
-0.136994
-0.147839
-0.148333
-0.151084
-0.140597
-0.123350
-0.090928
-0.084535
-0.129555
-0.098661
-0.135733
-0.165339
-0.145075
-0.133667
-0.188768
-0.198075
-0.185490
-0.164808
-0.176078
-0.192885
-0.203587
-0.206432
-0.181526
-0.193862
-0.191889
-0.209287
-0.204530
-0.220404
-0.203251
-0.218331
-0.182769
-0.177748
-0.129800
-0.174107
-0.149641
-0.206350
-0.191375
-0.199542
-0.192502
-0.159584
-0.209567
-0.170284
-0.162660
-0.124284
-0.143341
-0.170989
-0.185561
-0.164075
-0.147197
-0.185849
-0.173572
-0.168466
-0.158043
-0.197843
-0.150996
-0.194262
-0.128749
-0.143847
-0.120468
-0.185667
-0.113480
-0.167970
-0.144809
-0.160784
-0.153753
-0.221193
-0.169616
-0.143129
-0.111072
-0.108053
-0.131039
-0.129140
-0.126031
-0.101062
-0.144351
-0.124506
-0.145347
-0.119243
-0.171188
-0.128949
-0.157254
-0.084645
-0.077314
-0.040833
-0.084194
-0.057246
-0.119020
-0.119118
-0.156079
-0.100871
-0.135221
-0.102476
-0.153046
-0.134971
-0.173108
-0.129141
-0.167361
-0.148385
-0.164612
-0.135660
-0.170485
-0.144738
-0.193394
-0.157804
-0.206177
-0.166297
-0.206560
-0.149542
-0.131004
-0.084698
-0.128581
-0.092016
-0.165609
-0.167458
-0.186252
-0.161407
-0.200568
-0.214383
-0.226945
-0.215590
-0.199281
-0.175628
-0.163485
-0.201521
-0.146931
-0.149358
-0.165388
-0.180907
-0.138235
-0.176318
-0.168583
-0.176539
-0.137256
-0.145457
-0.081598
-0.129714
-0.095836
-0.151693
-0.129115
-0.183571
-0.153921
-0.172381
-0.214443
-0.204772
-0.142556
-0.158873
-0.110839
-0.136339
-0.139081
-0.140089
-0.108108
-0.132313
-0.126809
-0.158001
0.040209
0.036492
0.043550
0.028198
-0.013239
-0.136297
-0.205734
-0.207805
-0.241487
-0.268939
-0.203383
-0.139440
-0.072665
-0.014702
0.044394
-0.029958
-0.143815
-0.191634
-0.157975
-0.146379
-0.014839
-0.049110
-0.034745
-0.022316
-0.009769
0.001855
0.013107
0.015782
-0.002808
0.023412
0.034682
0.043622
0.066313
0.056235
0.035215
0.029073
0.012156
-0.000975
-0.008881
-0.003178
-0.021338
-0.028656
-0.030676
-0.026089
0.008358
0.015038
0.010103
0.024648
0.002780
0.011470
0.008325
-0.016036
-0.020092
-0.027687
-0.023646
-0.016481
-0.041291
0.008696
-0.046859
-0.078081
-0.109568
-0.112246
-0.097928
-0.148012
-0.043653
0.007705
0.091868
0.038498
0.050222
-0.016497
0.062568
0.029015
0.037968
-0.008064
0.071613
0.018418
0.028932
-0.007623
0.059001
0.003188
0.050224
-0.005453
0.034053
0.001828
-0.033516
-0.063525
-0.065639
-0.055182
-0.065581
-0.009732
0.015437
0.057261
0.029584
0.011689
-0.029816
0.003009
-0.005581
0.026766
0.012850
0.031621
-0.000392
0.031203
-0.007988
0.027348
-0.003942
0.004801
0.018810
-0.044000
0.001387
-0.084538
-0.083834
-0.080495
-0.008064
-0.022087
0.007490
0.021165
0.047246
0.023575
0.022343
-0.024705
0.017920
0.001767
0.031967
0.027988
0.045684
0.024736
0.043747
-0.000288
0.015540
-0.002257
0.015222
0.015958
-0.029574
-0.006635
-0.041020
-0.044426
-0.063282
-0.055843
-0.100537
-0.102117
-0.001458
0.031558
0.046386
0.021989
-0.035861
0.009407
-0.010135
0.024857
0.015931
0.031062
0.003787
0.033676
-0.006874
0.010242
0.001840
0.023037
0.015502
-0.025648
0.001121
-0.060421
-0.055547
-0.076261
-0.048083
-0.114467
-0.083975
-0.051296
0.057038
0.014959
0.025430
-0.043929
0.007417
-0.015603
0.021123
0.009986
0.014963
-0.004368
0.012864
-0.017308
-0.009195
-0.010812
0.014638
0.019003
-0.022474
0.014721
-0.031367
-0.062243
-0.124912
-0.135459
-0.187504
-0.245086
-0.114598
-0.013385
0.027319
0.041603
-0.041252
0.017784
-0.010097
0.037104
0.019242
0.040307
0.001512
0.021670
-0.018847
-0.003195
-0.043869
-0.015567
-0.018411
-0.055451
0.007018
-0.102541
-0.115676
-0.178252
-0.150752
-0.174042
-0.167157
-0.174053
0.031548
0.064875
0.112247
0.038039
0.030027
-0.019479
0.070541
0.020936
0.088348
0.049724
0.076560
0.030853
0.039900
-0.021986
0.025665
-0.022732
0.004981
-0.061951
-0.029817
-0.069343
-0.068900
-0.065102
-0.020977
-0.054771
-0.047477
-0.020772
-0.009820
-0.016457
-0.039787
-0.088473
-0.048261
-0.068842
-0.035557
-0.039833
-0.030410
-0.051735
-0.029569
-0.071493
-0.068018
-0.058493
-0.023813
-0.025864
-0.068551
-0.041026
-0.092569
-0.104659
-0.107291
-0.109240
-0.156545
-0.137659
-0.057991
-0.006208
0.004952
-0.002817
-0.061134
-0.003182
-0.020774
-0.006601
-0.025816
-0.015418
-0.015925
-0.019811
-0.036537
-0.014793
-0.027244
0.000336
0.006722
-0.029579
0.003061
-0.034149
-0.055189
-0.123673
-0.114497
-0.149072
-0.175424
-0.086973
-0.007815
0.020853
0.002183
-0.061557
-0.011298
-0.035926
-0.001962
-0.022619
0.000497
-0.027516
-0.011071
-0.051908
-0.037601
-0.064947
-0.039865
-0.021085
-0.079444
-0.039627
-0.109551
-0.108221
-0.147002
-0.088534
-0.112851
-0.101798
-0.074641
0.043353
-0.002607
0.027768
-0.052112
0.000838
-0.023226
-0.001620
-0.016178
-0.009333
-0.041112
-0.029800
-0.043724
-0.022866
-0.017275
0.015225
0.034725
0.000628
0.017259
-0.038690
-0.045895
-0.106567
-0.098616
-0.127674
-0.156336
-0.134257
0.000982
0.010993
0.043135
-0.035555
-0.019065
-0.054341
-0.003481
-0.029130
0.001746
-0.038436
-0.026340
-0.046994
-0.041795
-0.091174
-0.040467
-0.046598
0.006556
-0.063766
0.001271
-0.101348
-0.098147
-0.127904
-0.096448
-0.146377
-0.140010
-0.088880
-0.017799
-0.022338
-0.017497
-0.076145
-0.045490
-0.068387
-0.047274
-0.068527
-0.037705
-0.049593
-0.051886
-0.082332
-0.053647
-0.088455
-0.036138
-0.057020
-0.028471
-0.074052
-0.077715
-0.125895
-0.165258
-0.181879
-0.233474
-0.227023
-0.148046
-0.018728
-0.030332
-0.000590
-0.090736
-0.034120
-0.048409
-0.028582
-0.055097
-0.031817
-0.070142
-0.061858
-0.089165
-0.080399
-0.089717
-0.072613
-0.039753
-0.084808
-0.067296
-0.097898
-0.110384
-0.147201
-0.131662
-0.106470
-0.170009
-0.112881
-0.077355
-0.049663
-0.052845
-0.129008
-0.083362
-0.097367
-0.074093
-0.094250
-0.078951
-0.108087
-0.099453
-0.113172
-0.107246
-0.110758
-0.069103
-0.049168
-0.080238
-0.058724
-0.094039
-0.119792
-0.184064
-0.180022
-0.164528
-0.250303
-0.161903
-0.122319
-0.016879
-0.050623
-0.042596
-0.090877
-0.039179
-0.066839
-0.044350
-0.076794
-0.058914
-0.087128
-0.067023
-0.120429
-0.069489
-0.108915
-0.054167
-0.103156
-0.052729
-0.125691
-0.107069
-0.190800
-0.146574
-0.159708
-0.159519
-0.208277
-0.131067
-0.149236
-0.069293
-0.111010
-0.084680
-0.140078
-0.092038
-0.113818
-0.098861
-0.127494
-0.117231
-0.130114
-0.118717
-0.157645
-0.107054
-0.135847
-0.092439
-0.131384
-0.095346
-0.147442
-0.165114
-0.203290
-0.180959
-0.124259
-0.150424
-0.135895
-0.123462
-0.099737
-0.103679
-0.106436
-0.144458
-0.108259
-0.117314
-0.111868
-0.138478
-0.111756
-0.119148
-0.131271
-0.140448
-0.134599
-0.129253
-0.100338
-0.050744
-0.106496
-0.076893
-0.138053
-0.170703
-0.147457
-0.129008
-0.163758
-0.189054
-0.160704
-0.122710
-0.097125
-0.094805
-0.116055
-0.125339
-0.086211
-0.102506
-0.101740
-0.125309
-0.084414
-0.133667
-0.108336
-0.138547
-0.097725
-0.104576
-0.045232
-0.067770
-0.036575
-0.065082
-0.069760
-0.111512
-0.119460
-0.135903
-0.169711
-0.166810
-0.199190
-0.143709
-0.146450
-0.133602
-0.176137
-0.149530
-0.158652
-0.150818
-0.170632
-0.144399
-0.179094
-0.151499
-0.182436
-0.140611
-0.156563
-0.103553
-0.157133
-0.124939
-0.186225
-0.143891
-0.210069
-0.159834
-0.169102
-0.180501
-0.186343
-0.135953
-0.117435
-0.115709
-0.133623
-0.170470
-0.128635
-0.141499
-0.141151
-0.158632
-0.154520
-0.152345
-0.166173
-0.164176
-0.157513
-0.137684
-0.114594
-0.110124
-0.151234
-0.125413
-0.192615
-0.137353
-0.145185
-0.122874
-0.158377
-0.205380
-0.192192
-0.179384
-0.181717
-0.194376
-0.197507
-0.205290
-0.177763
-0.190509
-0.191451
-0.207416
-0.196903
-0.215934
-0.193788
-0.217837
-0.171368
-0.168423
-0.120479
-0.169329
-0.144407
-0.192534
-0.177405
-0.191436
-0.159864
-0.188400
-0.225022
-0.214345
-0.169658
-0.177479
-0.157406
-0.203218
-0.180636
-0.171356
-0.160721
-0.195280
-0.176097
-0.171633
-0.172477
-0.196212
-0.160316
-0.186313
-0.123027
-0.150561
-0.120901
-0.186758
-0.152022
-0.207070
-0.173143
-0.178612
-0.162831
-0.229720
-0.183034
-0.159717
-0.108940
-0.084485
-0.117107
-0.119707
-0.116746
-0.088089
-0.126926
-0.112411
-0.129920
-0.102138
-0.155877
-0.114298
-0.151049
-0.095758
-0.082126
-0.037278
-0.085997
-0.045373
-0.108476
-0.105485
-0.130917
-0.095179
-0.142852
-0.123503
-0.166442
-0.147507
-0.171281
-0.130301
-0.184034
-0.165316
-0.177083
-0.150658
-0.179618
-0.163366
-0.166863
-0.173275
-0.179859
-0.162981
-0.170172
-0.129489
-0.111399
-0.138356
-0.126098
-0.169671
-0.166258
-0.194988
-0.181595
-0.157809
-0.209661
-0.163388
-0.145520
-0.114958
-0.114955
-0.146407
-0.146871
-0.134215
-0.115698
-0.146904
-0.136016
-0.154364
-0.141956
-0.179236
-0.149977
-0.174463
-0.106737
-0.096827
-0.058685
-0.109835
-0.074169
-0.148906
-0.139809
-0.177107
-0.121945
-0.178679
-0.158880
-0.173105
-0.156340
-0.164298
-0.143203
-0.178973
-0.144025
-0.159029
-0.151114
-0.166878
-0.174491
-0.179794
-0.192483
-0.196855
-0.192168
-0.193317
-0.148828
-0.100540
-0.130747
-0.101603
-0.159426
-0.162642
-0.222498
-0.181156
-0.207949
-0.219294
-0.251618
-0.225919
-0.235761
-0.156040
-0.174602
-0.156455
-0.204301
-0.160630
-0.176484
-0.184785
-0.196492
-0.197359
-0.194312
-0.201611
-0.203348
-0.180998
-0.168814
-0.157982
-0.147897
-0.189571
-0.134555
-0.221593
-0.231471
-0.273115
-0.206322
-0.284560
-0.233532
-0.244040
-0.129026
-0.177924
-0.118613
-0.218531
-0.164007
-0.187046
-0.190391
-0.204021
-0.189964
-0.018072
-0.015321
-0.008814
0.002657
0.008156
0.010333
0.011553
0.013645
0.016969
0.021287
0.025995
0.030137
0.032776
0.037720
0.032530
0.037096
0.049111
0.066590
0.080565
0.068400
0.054151
0.060834
0.064964
0.069737
0.065995
0.063239
0.054286
0.085764
0.054666
0.037738
0.027597
0.021219
0.031215
0.049552
0.049141
0.043651
0.040950
0.008263
0.009807
0.000792
-0.001298
0.015430
0.033374
0.078311
0.063890
0.080651
0.012351
0.036822
-0.000506
-0.012555
-0.036218
-0.030071
-0.126167
-0.057071
-0.068216
-0.004374
-0.048357
0.000069
-0.070714
-0.044589
-0.107531
-0.060186
-0.108204
-0.063734
-0.107442
-0.084828
-0.106014
-0.079431
-0.050385
-0.034696
-0.047764
-0.033280
-0.100766
-0.032777
-0.129877
-0.094539
-0.134406
-0.093546
-0.155002
-0.081536
-0.093803
-0.035221
-0.050657
-0.071655
-0.061971
-0.064629
-0.046771
-0.098248
-0.045111
-0.056975
-0.054622
-0.092695
-0.055955
-0.090172
-0.043663
-0.069556
-0.033788
-0.084804
-0.077211
-0.137502
-0.125005
-0.123123
-0.158808
-0.146154
-0.118721
0.004926
-0.035272
-0.007018
-0.085290
-0.035202
-0.055180
-0.036502
-0.055538
-0.044064
-0.073508
-0.069918
-0.077878
-0.056904
-0.054209
-0.027705
-0.020908
-0.061945
-0.051497
-0.108661
-0.075996
-0.120418
-0.076216
-0.053115
-0.062999
-0.064791
-0.037993
-0.045214
-0.059094
-0.054559
-0.106552
-0.064802
-0.078030
-0.059314
-0.083944
-0.060483
-0.086778
-0.076789
-0.099081
-0.057617
-0.076082
-0.040020
-0.080804
-0.062980
-0.093292
-0.098142
-0.107853
-0.081454
-0.025895
-0.085188
-0.099244
-0.115199
-0.074919
-0.074930
-0.061278
-0.109036
-0.062370
-0.071146
-0.063935
-0.086318
-0.070771
-0.080309
-0.084109
-0.094902
-0.081211
-0.079519
-0.056920
-0.039262
-0.095221
-0.056967
-0.114764
-0.120258
-0.160708
-0.124757
-0.145125
-0.162610
-0.105792
-0.063177
-0.065165
-0.066477
-0.135168
-0.082382
-0.103058
-0.086736
-0.104326
-0.096929
-0.119893
-0.115803
-0.138252
-0.124806
-0.127520
-0.089185
-0.065866
-0.104374
-0.048420
-0.144946
-0.145047
-0.213270
-0.166310
-0.210152
-0.220831
-0.261524
-0.097349
-0.075462
-0.020558
-0.089407
-0.079494
-0.110054
-0.060804
-0.092511
-0.059941
-0.105929
-0.079595
-0.116122
-0.101586
-0.146069
-0.088996
-0.101688
-0.067538
-0.115265
-0.079214
-0.129459
-0.176358
-0.232938
-0.217436
-0.232804
-0.316071
-0.165047
-0.097861
-0.061168
-0.064842
-0.131696
-0.073203
-0.106440
-0.079258
-0.108633
-0.083670
-0.106166
-0.103738
-0.136205
-0.128686
-0.134125
-0.103444
-0.079101
-0.124361
-0.080936
-0.136766
-0.136852
-0.200645
-0.164348
-0.183044
-0.179641
-0.170602
-0.085502
-0.128612
-0.088558
-0.171988
-0.138218
-0.145902
-0.127860
-0.154636
-0.142801
-0.152516
-0.156579
-0.160729
-0.155679
-0.150714
-0.112117
-0.087255
-0.126606
-0.125634
-0.142873
-0.154322
-0.174081
-0.159499
-0.142419
-0.208447
-0.157408
-0.130850
-0.068046
-0.103601
-0.105907
-0.146803
-0.102453
-0.114221
-0.113798
-0.132503
-0.119157
-0.138773
-0.118425
-0.146703
-0.101611
-0.111219
-0.073621
-0.102357
-0.084898
-0.134115
-0.123729
-0.190839
-0.153926
-0.158999
-0.158453
-0.236269
-0.176413
-0.186418
-0.123643
-0.152978
-0.127303
-0.190712
-0.147786
-0.167078
-0.159493
-0.178460
-0.185094
-0.203542
-0.201011
-0.208131
-0.202128
-0.171270
-0.132777
-0.117364
-0.135095
-0.102401
-0.162835
-0.166405
-0.211383
-0.178682
-0.233810
-0.209857
-0.237790
-0.210051
-0.204517
-0.178259
-0.197113
-0.226752
-0.201756
-0.208926
-0.205959
-0.220642
-0.220769
-0.231781
-0.224492
-0.217665
-0.214192
-0.193365
-0.164202
-0.168631
-0.196214
-0.184836
-0.214368
-0.206868
-0.212524
-0.210332
-0.184697
-0.238000
-0.186058
-0.180537
-0.167709
-0.205335
-0.228565
-0.230913
-0.217276
-0.209150
-0.236027
-0.225411
-0.219368
-0.227056
-0.237129
-0.222081
-0.206179
-0.187912
-0.168611
-0.229774
-0.163137
-0.168250
-0.161048
-0.194594
-0.168619
-0.195365
-0.232862
-0.218197
-0.152790
-0.170772
-0.155919
-0.206924
-0.178127
-0.177141
-0.164562
-0.192781
-0.185092
-0.196621
-0.202883
-0.207433
-0.200865
-0.183456
-0.135402
-0.094910
-0.120487
-0.112660
-0.147081
-0.156187
-0.239213
-0.194826
-0.215728
-0.217824
-0.265490
-0.203891
-0.203799
-0.181170
-0.200817
-0.243178
-0.199681
-0.218360
-0.217273
-0.237377
-0.243782
-0.248174
-0.270017
-0.264671
-0.268817
-0.239818
-0.214324
-0.202284
-0.249340
-0.227584
-0.241092
-0.249815
-0.275207
-0.240788
-0.250303
-0.251627
-0.239336
-0.188667
-0.221778
-0.235237
-0.272650
-0.255850
-0.252272
-0.238334
-0.261175
-0.259260
-0.258371
-0.268097
-0.272958
-0.266248
-0.240695
-0.207675
-0.192229
-0.243076
-0.214130
-0.199438
-0.190547
-0.218410
-0.191558
-0.202500
-0.230671
-0.240357
-0.179926
-0.178716
-0.193538
-0.206631
-0.236705
-0.192510
-0.203191
-0.215175
-0.232346
-0.205412
-0.228777
-0.219837
-0.238321
-0.210311
-0.216729
-0.192738
-0.231256
-0.223358
-0.199414
-0.201275
-0.208119
-0.192870
-0.217317
-0.237837
-0.277986
-0.253748
-0.252139
-0.231756
-0.238310
-0.266947
-0.237814
-0.233537
-0.242301
-0.257094
-0.248684
-0.246100
-0.262957
-0.251518
-0.250285
-0.232255
-0.224148
-0.220869
-0.254132
-0.236855
-0.230486
-0.242800
-0.251592
-0.228732
-0.255236
-0.284080
-0.311817
-0.273051
-0.268477
-0.263710
-0.274579
-0.295916
-0.264899
-0.271220
-0.286058
-0.294059
-0.267666
-0.301632
-0.292955
-0.294386
-0.272909
-0.259932
-0.237659
-0.270772
-0.270761
-0.238564
-0.258265
-0.266984
-0.269948
-0.258594
-0.312239
-0.302460
-0.292372
-0.246525
-0.265246
-0.279069
-0.311338
-0.293591
-0.289376
-0.280883
-0.300279
-0.302384
-0.303048
-0.316303
-0.317067
-0.312324
-0.287616
-0.254372
-0.236995
-0.276490
-0.278004
-0.236744
-0.241753
-0.261397
-0.242440
-0.246626
-0.265209
-0.302272
-0.266216
-0.262194
-0.265857
-0.285815
-0.306435
-0.275705
-0.278396
-0.294878
-0.303300
-0.291490
-0.305328
-0.314890
-0.304433
-0.309899
-0.268379
-0.241898
-0.248084
-0.281164
-0.227317
-0.229651
-0.246777
-0.238072
-0.234272
-0.258298
-0.286126
-0.304282
-0.272079
-0.279787
-0.283137
-0.291480
-0.306380
-0.289999
-0.282396
-0.295832
-0.303121
-0.296545
-0.309880
-0.306317
-0.290230
-0.291979
-0.283509
-0.268571
-0.282099
-0.269658
-0.292062
-0.290507
-0.324654
-0.240064
-0.266386
-0.287087
-0.332434
-0.361238
-0.359159
-0.361156
-0.347792
-0.352936
-0.350319
-0.358292
-0.319243
-0.326883
-0.329168
-0.318532
-0.336074
-0.332473
-0.322798
-0.314530
-0.303683
-0.300948
-0.289241
-0.324627
-0.231515
-0.276512
-0.268029
-0.282290
-0.257719
-0.297356
-0.307782
-0.365661
-0.320256
-0.349688
-0.328671
-0.332526
-0.282297
-0.267902
-0.272370
-0.279468
-0.258839
-0.263885
-0.287305
-0.278929
-0.297168
-0.270396
-0.259100
-0.249663
-0.266129
-0.200824
-0.250665
-0.239328
-0.271474
-0.265664
-0.288271
-0.324278
-0.353639
-0.346993
-0.352704
-0.345143
-0.356782
-0.357386
-0.352352
-0.327564
-0.342225
-0.356188
-0.354041
-0.360729
-0.368124
-0.370224
-0.363400
-0.338701
-0.314401
-0.315704
-0.335804
-0.339699
-0.287984
-0.291775
-0.288166
-0.322227
-0.317688
-0.366506
-0.371846
-0.378433
-0.375022
-0.384788
-0.388131
-0.396016
-0.389416
-0.381187
-0.374234
-0.374777
-0.381729
-0.402417
-0.412487
-0.402808
-0.406909
-0.402987
-0.395136
-0.383400
-0.407416
-0.396609
-0.419306
-0.485678
-0.122474
-0.102675
-0.138652
-0.166882
-0.201438
-0.261068
-0.300305
-0.343484
-0.347933
-0.338691
-0.338715
-0.316575
-0.241435
-0.231852
-0.236290
-0.211174
-0.189764
-0.172400
-0.156549
-0.125725
-0.091510
-0.085756
-0.108996
-0.119193
-0.137374
-0.150572
-0.171963
-0.183340
-0.197630
-0.232001
-0.282952
-0.283664
-0.264703
-0.006040
-0.020184
-0.026202
-0.000876
0.016431
0.021707
0.020330
0.018342
0.016399
0.014146
