-0.000000
-0.000069
-0.000020
0.000018
0.000029
0.000003
-0.000018
-0.000021
0.004648
-0.000866
-0.002232
-0.020144
0.021786
0.004504
0.003323
-0.006969
-0.012161
-0.015769
-0.022216
-0.013739
-0.017598
-0.006183
-0.005896
-0.005362
-0.006116
-0.016396
-0.028326
-0.020082
-0.018971
-0.017880
-0.060639
-0.107330
-0.119323
-0.132311
-0.102520
-0.074018
-0.007491
-0.032030
-0.008281
-0.037553
-0.032238
-0.022960
-0.010880
-0.020238
-0.052298
-0.070966
-0.075088
-0.068851
-0.023193
-0.010570
0.102146
0.010409
-0.012843
-0.032161
-0.045976
-0.062550
-0.055667
-0.083232
-0.069469
-0.090328
-0.054337
-0.052365
-0.032645
-0.059236
-0.042448
-0.043786
-0.064869
-0.066872
-0.086578
-0.083870
-0.075028
-0.068952
-0.070871
-0.040751
-0.036025
0.002823
0.000487
0.023510
-0.013456
-0.022864
-0.022330
0.007444
0.027792
0.038840
0.038618
0.059158
0.080398
0.073886
0.079566
0.057486
0.071816
0.075387
0.046391
0.070417
0.079006
0.044935
0.009362
0.022978
-0.009553
0.041546
0.022294
0.039710
0.013629
0.003935
0.014510
0.005067
0.008140
0.003717
0.008890
-0.000979
-0.002746
-0.003253
0.006694
0.033115
0.046441
0.013857
0.008625
-0.041779
-0.046171
-0.064862
-0.058765
-0.074133
-0.013463
-0.005572
0.059889
-0.019694
0.064521
-0.049425
0.009589
-0.009050
-0.001876
-0.007944
-0.016356
-0.013927
-0.037577
-0.030956
-0.014166
-0.010260
0.004575
-0.030857
0.042939
0.028079
0.034118
0.020898
0.000190
-0.051193
-0.063815
-0.076276
-0.040968
-0.058141
-0.030879
-0.031139
-0.030766
-0.044533
-0.050963
-0.054125
-0.054228
-0.048507
-0.044791
-0.068469
-0.055049
-0.049562
-0.021923
-0.002441
-0.026092
-0.011262
0.000439
-0.002366
-0.040038
-0.018438
-0.019404
-0.016059
-0.051707
-0.007374
-0.041090
0.003252
-0.030092
-0.032223
-0.030037
-0.041968
-0.051424
-0.032126
-0.041091
-0.044354
-0.016633
-0.005542
0.004021
0.006882
0.020052
0.002139
0.065295
0.052413
0.042630
0.026614
0.018014
-0.054828
-0.035665
-0.077032
-0.031573
-0.038785
-0.022247
-0.003228
-0.043037
-0.033318
-0.029979
-0.026329
-0.040739
-0.043048
-0.031995
-0.052316
-0.041285
-0.058608
-0.015514
-0.002279
-0.013966
-0.002458
-0.013142
-0.000693
-0.034158
-0.033962
-0.036361
-0.008089
-0.063364
-0.024415
-0.068292
0.007601
-0.048252
-0.029015
-0.040056
-0.045173
-0.043596
-0.030935
-0.032077
-0.023060
-0.051866
-0.016186
0.026039
0.038833
0.046986
0.031541
0.056355
0.062147
0.105717
0.088710
0.076470
0.039964
0.058301
-0.000937
0.020909
0.023617
0.050676
0.049619
0.036426
0.022184
0.003546
0.003603
0.005409
0.007505
-0.003832
-0.015420
-0.019694
-0.049012
-0.007987
0.013098
0.048004
0.029371
0.024453
0.017593
-0.001419
-0.010811
0.057617
-0.003876
0.015872
-0.055805
-0.013672
-0.060801
0.006581
-0.044142
-0.003776
-0.027477
-0.024137
-0.028631
-0.031803
-0.018033
-0.033802
-0.052341
-0.064763
-0.038597
-0.029984
0.006319
0.008749
-0.002803
0.016961
-0.045795
-0.039342
-0.112673
-0.051864
-0.102774
-0.055074
-0.099801
-0.069098
-0.099793
-0.049795
-0.049557
-0.056422
-0.071938
-0.071851
-0.067417
-0.038205
-0.030347
-0.020969
-0.044441
-0.030159
-0.031369
-0.017400
-0.010557
-0.029021
-0.005404
-0.013781
-0.024473
-0.037791
-0.039629
-0.079436
-0.059506
-0.112446
-0.061648
-0.088019
-0.034503
-0.085797
-0.029647
-0.085055
-0.070479
-0.066539
-0.056883
-0.068738
-0.075457
-0.081948
-0.062077
-0.037312
-0.031189
-0.007311
-0.005363
-0.015270
0.011716
-0.027881
-0.037965
-0.056787
-0.091061
-0.124290
-0.080096
-0.095086
-0.050444
-0.052028
-0.067316
-0.051956
-0.081998
-0.071395
-0.070281
-0.052822
-0.071310
-0.078014
-0.066967
-0.075935
-0.061903
-0.048647
-0.020169
-0.024485
-0.031154
-0.003711
-0.055988
-0.053377
-0.050898
-0.076912
-0.108921
-0.095144
-0.133993
-0.076731
-0.113723
-0.055699
-0.132886
-0.083520
-0.144622
-0.124335
-0.130930
-0.136835
-0.133211
-0.173536
-0.144787
-0.148663
-0.086380
-0.073318
-0.042442
-0.047222
-0.018194
0.003733
-0.007001
-0.014472
-0.079128
-0.073780
-0.118359
-0.100818
-0.085566
-0.052693
-0.082443
-0.044168
-0.094136
-0.079831
-0.093550
-0.077253
-0.079069
-0.073652
-0.075209
-0.092314
-0.072917
-0.062487
-0.022300
-0.020430
-0.044800
-0.009692
-0.053951
-0.043386
-0.070381
-0.041136
-0.087999
-0.062279
-0.113019
-0.055383
-0.096716
-0.034381
-0.095940
-0.057953
-0.073717
-0.084010
-0.067713
-0.071918
-0.041887
-0.066215
-0.058361
-0.060435
-0.027163
-0.015274
-0.027463
-0.014794
-0.044785
-0.014211
-0.040421
-0.046848
-0.042426
-0.038157
-0.077208
-0.040516
-0.078678
-0.036480
-0.060017
-0.056337
-0.065401
-0.073207
-0.070975
-0.047017
-0.065041
-0.066105
-0.100214
-0.083444
-0.052848
-0.021596
-0.008030
0.004949
0.005598
0.029364
0.028534
0.013676
-0.029065
-0.089861
-0.082940
-0.128036
-0.089762
-0.098466
-0.058168
-0.061097
-0.070757
-0.070447
-0.076898
-0.092368
-0.069713
-0.052045
-0.042822
-0.059891
-0.055983
-0.059807
-0.028404
-0.012308
-0.014606
-0.017534
0.002229
0.014271
-0.010673
-0.013225
-0.025454
-0.035867
-0.105025
-0.088435
-0.101685
-0.043055
-0.089397
-0.026851
-0.103706
-0.067090
-0.086996
-0.068535
-0.037002
-0.036390
-0.039754
-0.060884
-0.046459
-0.043643
0.002973
0.014307
-0.017153
0.003367
-0.020726
-0.009498
-0.046778
-0.012734
-0.055293
-0.033417
-0.095643
-0.054087
-0.081743
-0.051147
-0.050282
-0.062118
-0.064554
-0.068470
-0.067409
-0.040900
-0.047529
-0.036836
-0.064310
-0.041916
-0.055202
-0.029754
-0.035286
-0.054548
-0.033396
-0.025104
-0.051284
-0.055880
-0.053984
-0.095057
-0.075099
-0.118055
-0.073098
-0.091184
-0.064767
-0.057233
-0.078429
-0.072790
-0.076769
-0.084020
-0.056403
-0.058198
-0.040710
-0.055981
-0.032036
-0.030223
-0.009671
-0.013043
-0.032356
-0.007795
-0.003497
-0.025957
-0.039527
-0.035491
-0.095780
-0.069548
-0.114348
-0.073514
-0.088078
-0.046505
-0.081522
-0.038450
-0.092513
-0.080500
-0.087777
-0.052423
-0.064307
-0.069974
-0.066701
-0.069547
-0.042687
-0.041088
-0.011813
-0.014138
-0.031722
-0.002636
-0.053709
-0.056210
-0.070555
-0.085611
-0.133789
-0.097287
-0.124765
-0.073789
-0.081007
-0.086674
-0.085718
-0.104021
-0.096122
-0.109185
-0.092254
-0.098595
-0.114539
-0.118925
-0.128038
-0.137916
-0.119377
-0.069156
-0.092322
-0.070766
-0.066747
-0.077767
-0.099853
-0.116435
-0.176783
-0.155761
-0.185661
-0.140512
-0.153089
-0.109099
-0.139474
-0.090588
-0.147376
-0.128055
-0.149475
-0.120265
-0.127898
-0.137328
-0.132872
-0.149339
-0.124506
-0.124370
-0.074852
-0.074914
-0.084663
-0.052062
-0.102634
-0.104186
-0.140278
-0.128809
-0.178732
-0.149404
-0.174995
-0.125524
-0.128077
-0.135053
-0.121439
-0.141244
-0.134329
-0.142526
-0.133945
-0.156785
-0.165947
-0.163046
-0.179684
-0.156969
-0.153839
-0.092559
-0.093604
-0.110831
-0.087173
-0.141393
-0.135914
-0.166079
-0.144888
-0.193944
-0.160520
-0.192382
-0.140735
-0.153109
-0.145433
-0.141271
-0.156172
-0.152410
-0.167143
-0.155399
-0.157616
-0.176432
-0.175240
-0.201563
-0.192307
-0.184291
-0.117884
-0.124509
-0.132617
-0.109216
-0.141933
-0.147559
-0.183126
-0.155741
-0.195950
-0.187690
-0.218902
-0.169307
-0.182529
-0.179493
-0.162937
-0.185161
-0.174678
-0.210998
-0.179541
-0.181815
-0.194743
-0.194941
-0.211909
-0.205626
-0.194749
-0.131470
-0.139203
-0.152720
-0.093798
-0.124432
-0.138288
-0.148230
-0.177360
-0.218540
-0.198567
-0.233333
-0.178871
-0.190762
-0.186047
-0.183287
-0.183569
-0.193479
-0.194271
-0.195738
-0.204740
-0.208472
-0.209250
-0.222172
-0.193005
-0.185294
-0.128751
-0.129673
-0.091046
-0.078487
-0.108195
-0.100328
-0.141716
-0.113250
-0.160978
-0.163926
-0.205290
-0.163293
-0.186199
-0.139985
-0.177219
-0.137845
-0.182409
-0.180115
-0.160242
-0.153020
0.003958
-0.003204
-0.007816
-0.010754
-0.012328
-0.016430
-0.010369
-0.014426
-0.011743
-0.008772
-0.003093
-0.022486
-0.017293
-0.041292
-0.025988
-0.059264
-0.024875
-0.059073
-0.020997
-0.023867
-0.016190
-0.011040
-0.024736
-0.034153
-0.046934
-0.055010
-0.037558
-0.056801
-0.065602
-0.063975
-0.035376
-0.022069
0.003506
-0.010655
0.006547
-0.003668
-0.017540
-0.028310
-0.024442
-0.025654
-0.039147
-0.093631
-0.061913
-0.067348
-0.044185
-0.027257
-0.055858
-0.034281
-0.022798
-0.021312
-0.036508
-0.056707
-0.049563
-0.072380
-0.074216
-0.101954
-0.064188
-0.047367
-0.041085
-0.014622
-0.057134
-0.040890
-0.103977
-0.075009
-0.125244
-0.066862
-0.093572
-0.045317
-0.097352
-0.039572
-0.063897
-0.035067
-0.054146
-0.062833
-0.067883
-0.052952
-0.032557
-0.029542
-0.037623
-0.044627
-0.026962
-0.019503
-0.020040
-0.000826
-0.037348
-0.008538
-0.019676
-0.028725
-0.042127
-0.033526
-0.094047
-0.080515
-0.127331
-0.072715
-0.096845
-0.067346
-0.060522
-0.078327
-0.078070
-0.085268
-0.081408
-0.060286
-0.079432
-0.074250
-0.101205
-0.079910
-0.074071
-0.044814
-0.044138
-0.056539
0.002624
-0.029666
-0.037000
-0.055989
-0.062553
-0.120800
-0.099087
-0.148215
-0.100083
-0.106804
-0.103013
-0.070828
-0.124381
-0.086590
-0.104524
-0.104165
-0.098982
-0.100183
-0.092497
-0.126316
-0.106229
-0.128740
-0.074027
-0.063096
-0.078494
-0.043288
-0.050205
-0.050745
-0.074636
-0.102121
-0.161629
-0.141761
-0.186959
-0.136030
-0.149452
-0.133309
-0.110392
-0.144008
-0.118465
-0.128155
-0.127209
-0.121867
-0.131567
-0.119797
-0.144947
-0.115751
-0.138460
-0.080684
-0.077137
-0.090812
-0.039983
-0.059902
-0.058202
-0.101119
-0.081855
-0.142206
-0.116535
-0.175486
-0.131521
-0.147683
-0.133243
-0.109178
-0.145173
-0.123304
-0.134402
-0.151956
-0.120587
-0.124111
-0.110192
-0.137324
-0.101044
-0.125940
-0.077526
-0.070025
-0.085737
-0.068240
-0.046981
-0.068475
-0.087969
-0.094201
-0.158308
-0.133707
-0.187641
-0.146476
-0.165814
-0.142618
-0.128502
-0.148959
-0.142789
-0.145326
-0.161347
-0.139342
-0.145892
-0.133146
-0.156411
-0.124888
-0.149323
-0.098006
-0.088821
-0.102695
-0.036665
-0.058087
-0.066860
-0.096787
-0.092472
-0.164319
-0.148430
-0.211211
-0.169704
-0.183436
-0.168992
-0.143832
-0.176175
-0.160645
-0.181877
-0.181038
-0.181138
-0.181063
-0.170582
-0.193942
-0.166156
-0.195104
-0.141173
-0.127750
-0.137078
-0.040904
-0.059577
-0.065080
-0.102151
-0.080181
-0.164246
-0.154651
-0.217907
-0.197578
-0.210303
-0.167301
-0.172653
-0.161377
-0.176371
-0.159908
-0.184620
-0.164974
-0.143081
-0.145972
-0.177384
-0.173688
-0.182125
-0.136256
-0.116604
-0.098744
-0.095565
-0.091416
-0.090636
-0.127473
-0.117023
-0.160620
-0.131868
-0.194666
-0.181401
-0.201277
-0.156560
-0.200752
-0.141619
-0.194774
-0.166919
-0.174642
-0.186624
-0.166807
-0.168175
-0.165743
-0.200377
-0.185208
-0.208245
-0.129917
-0.119658
-0.127606
-0.131691
-0.122743
-0.149434
-0.166956
-0.164863
-0.194074
-0.172302
-0.227712
-0.188836
-0.222532
-0.176514
-0.221455
-0.176338
-0.195690
-0.206338
-0.203396
-0.203788
-0.207001
-0.216666
-0.208892
-0.210836
-0.179658
-0.163438
-0.122042
-0.157373
-0.098951
-0.115145
-0.136477
-0.155240
-0.143624
-0.173006
-0.156453
-0.217125
-0.167014
-0.217351
-0.160570
-0.219166
-0.171006
-0.193167
-0.199044
-0.194864
-0.218808
-0.208873
-0.233112
-0.230348
-0.241451
-0.210192
-0.173167
-0.124151
-0.144856
-0.135972
-0.164081
-0.185898
-0.220374
-0.220164
-0.201576
-0.230817
-0.215310
-0.259840
-0.217870
-0.247266
-0.212302
-0.243202
-0.219839
-0.268330
-0.271321
-0.257119
-0.261298
-0.262715
-0.294276
-0.274222
-0.305332
-0.236109
-0.225961
-0.211135
-0.120055
-0.162042
-0.171315
-0.201117
-0.182656
-0.241911
-0.239437
-0.281647
-0.251188
-0.257489
-0.257841
-0.214042
-0.268328
-0.226975
-0.247328
-0.267914
-0.303456
-0.306826
-0.299166
-0.344855
-0.315597
-0.368028
-0.248677
-0.246294
-0.233016
-0.236917
-0.221096
-0.237975
-0.266376
-0.246034
-0.283613
-0.258087
-0.300300
-0.277928
-0.292635
-0.260158
-0.282425
-0.239324
-0.269585
-0.258633
-0.274583
-0.274528
-0.273115
-0.293151
-0.294074
-0.314659
-0.304045
-0.296753
-0.230244
-0.232614
-0.238671
-0.189650
-0.215654
-0.226155
-0.242392
-0.222628
-0.257654
-0.248473
-0.286630
-0.247926
-0.268765
-0.253672
-0.239519
-0.251897
-0.246081
-0.242112
-0.300222
-0.259103
-0.266801
-0.265321
-0.295056
-0.265168
-0.278495
-0.186573
-0.178550
-0.181806
-0.186518
-0.184623
-0.195610
-0.211207
-0.177205
-0.226356
-0.218836
-0.278874
-0.250940
-0.281634
-0.261769
-0.257710
-0.256958
-0.262893
-0.252274
-0.282256
-0.249950
-0.281392
-0.265793
-0.307285
-0.251496
-0.286872
-0.233217
-0.220067
-0.231505
-0.218658
-0.157334
-0.181611
-0.190222
-0.179210
-0.207268
-0.207298
-0.265421
-0.257777
-0.277152
-0.251870
-0.276589
-0.238624
-0.263188
-0.266356
-0.286211
-0.288053
-0.279210
-0.301764
-0.304707
-0.297506
-0.263116
-0.259923
-0.206225
-0.204099
-0.217344
-0.163044
-0.184024
-0.199921
-0.193153
-0.226833
-0.251256
-0.242439
-0.285514
-0.239323
-0.253173
-0.247671
-0.230484
-0.243402
-0.239171
-0.301686
-0.273676
-0.266163
-0.280289
-0.285459
-0.305078
-0.318577
-0.311176
-0.240524
-0.243440
-0.214052
-0.172622
-0.196525
-0.211050
-0.209784
-0.193603
-0.234268
-0.240303
-0.294724
-0.258709
-0.278355
-0.257455
-0.252565
-0.248685
-0.256453
-0.244038
-0.289289
-0.273947
-0.280001
-0.276443
-0.309995
-0.283206
-0.315477
-0.230874
-0.222842
-0.218094
-0.217380
-0.197912
-0.211842
-0.226993
-0.206754
-0.253036
-0.234108
-0.286144
-0.260892
-0.283561
-0.255530
-0.276558
-0.236914
-0.262781
-0.261453
-0.259503
-0.298662
-0.265680
-0.290111
-0.292801
-0.308231
-0.289670
-0.277181
-0.216965
-0.220552
-0.225693
-0.187067
-0.218270
-0.232035
-0.217905
-0.244129
-0.221070
-0.279007
-0.265433
-0.281876
-0.254306
-0.263599
-0.235941
-0.251398
-0.245126
-0.245445
-0.250416
-0.213785
-0.226269
-0.240392
-0.261059
-0.219624
-0.226320
-0.183261
-0.193371
-0.188766
-0.150521
-0.170499
-0.184829
-0.184499
-0.183744
-0.204492
-0.213274
-0.288440
-0.258893
-0.275907
-0.240190
-0.262323
-0.230573
-0.241606
-0.275368
-0.254903
-0.264610
-0.266330
-0.298908
-0.261110
-0.300673
-0.274843
-0.272359
-0.224021
-0.240398
-0.205431
-0.209166
-0.234081
-0.262038
-0.231643
-0.270199
-0.233456
-0.272642
-0.239017
-0.256464
-0.224113
-0.246269
-0.209455
-0.236238
-0.230176
-0.223180
-0.228730
-0.207283
-0.260556
-0.258634
-0.276368
-0.253940
-0.244504
-0.174631
-0.178694
-0.184184
-0.161764
-0.181442
-0.191308
-0.189653
-0.196792
-0.173513
-0.246333
-0.221708
-0.259716
-0.208382
-0.246321
-0.223908
-0.230343
-0.221250
-0.246069
-0.240511
-0.231188
-0.281397
-0.319933
-0.304810
-0.298228
-0.258523
-0.241775
-0.195765
-0.236511
-0.186318
-0.194169
-0.208146
-0.203908
-0.210351
-0.223275
-0.229317
-0.284539
-0.244220
-0.259885
-0.247684
-0.223283
-0.248606
-0.232776
-0.232805
-0.251245
-0.234931
-0.243921
-0.244573
-0.275446
-0.268946
-0.279534
-0.200574
-0.200986
-0.201465
-0.146000
-0.163521
-0.163971
-0.189492
-0.159906
-0.205650
-0.199390
-0.250239
-0.221141
-0.246689
-0.211207
-0.230029
-0.201432
-0.225150
-0.228307
-0.221926
-0.203144
-0.218652
-0.237363
-0.235152
-0.248313
-0.225224
-0.186085
-0.150117
-0.156085
-0.159729
-0.180555
-0.173294
-0.195123
-0.212535
-0.205176
-0.247225
-0.238239
-0.282717
-0.237061
-0.283370
-0.235848
-0.274128
-0.246468
-0.247466
-0.281258
-0.294945
-0.306737
-0.300632
-0.344618
-0.275457
-0.310140
-0.223213
-0.196738
-0.205730
-0.176763
-0.159677
-0.179477
-0.184260
-0.187148
-0.264896
-0.245979
-0.280089
-0.235862
-0.255652
-0.224399
-0.210595
-0.211763
-0.214197
-0.202844
-0.230342
-0.208962
-0.237040
0.009980
0.000583
-0.003380
-0.016548
-0.031666
-0.070639
-0.100145
-0.108734
-0.125198
-0.135514
-0.176246
-0.240037
-0.343987
0.000240
-0.001112
0.000498
0.004452
0.006012
0.005244
0.003395
0.001868
0.001815
0.002858
0.003713
0.004349
0.004775
0.004576
0.004105
0.002894
0.001156
-0.000454
-0.001989
-0.012363
-0.012070
-0.000015
0.042761
-0.037479
-0.013826
0.026776
0.027214
0.015818
0.003806
-0.007505
-0.006294
-0.014071
0.040961
0.002164
-0.014882
-0.023918
-0.024872
-0.028814
-0.051170
-0.068615
-0.101857
-0.104598
-0.165997
-0.160820
-0.166879
-0.169024
-0.170847
-0.140325
-0.129890
-0.105550
-0.103128
-0.096582
-0.109266
-0.095297
-0.118019
-0.096246
-0.112819
-0.122455
-0.128554
-0.133050
-0.129657
-0.137202
-0.077365
-0.045312
-0.026646
0.016760
-0.032490
0.012224
-0.037503
-0.023747
-0.019104
0.003501
0.018194
-0.000032
-0.003205
0.012663
0.013205
0.039776
0.012084
0.051357
-0.020004
-0.012323
-0.022702
0.009770
-0.011013
0.037466
0.011345
0.044068
0.021595
0.072886
0.065204
0.062346
0.066260
0.039478
0.044248
0.047714
0.079045
0.071250
0.086170
0.084525
0.094022
0.086094
0.086795
0.097846
0.064949
0.093135
0.053390
0.060580
0.046650
0.048672
0.024189
-0.024182
0.001997
0.013330
0.036990
0.005272
0.066291
0.018359
0.046558
0.011493
0.029573
0.048369
0.057569
0.035200
0.023733
0.023727
0.050063
0.058319
0.053546
0.056350
0.044901
0.040742
0.006791
-0.012789
-0.025656
-0.030389
-0.001158
0.009602
0.024866
0.044456
0.033915
0.058570
0.030808
0.042706
0.017172
0.025159
0.031161
0.036181
0.036533
0.047926
0.052407
0.058202
0.084767
0.066901
0.091457
0.052645
0.113637
0.085159
0.096043
0.079335
0.086960
0.067219
0.043880
0.017760
0.054896
0.044301
0.053345
0.061043
0.026312
0.038977
0.013508
0.051158
0.073237
0.055710
0.054975
0.053082
0.057836
0.045343
0.032984
0.058751
-0.002072
0.060236
0.015438
0.042545
0.025789
0.046826
0.026353
0.004918
0.020307
0.013024
0.061514
-0.002517
0.067704
-0.016747
0.023694
0.010396
0.032750
0.028575
0.031804
0.030473
0.015366
0.025886
0.020606
0.021901
0.028337
-0.001492
0.048579
0.033558
0.036731
0.012223
-0.003180
-0.073547
-0.060088
-0.078267
-0.026269
-0.029338
-0.021517
0.002137
-0.045227
-0.017803
-0.058807
-0.020989
-0.030243
-0.026683
-0.018681
-0.029387
-0.009404
-0.017367
0.014709
0.015935
-0.009123
0.035031
0.000808
0.005774
-0.024929
-0.015423
-0.081590
-0.056036
-0.085695
-0.035222
-0.041956
-0.035684
-0.011741
-0.056769
-0.028835
-0.047617
-0.034580
-0.032319
-0.030683
0.004585
-0.020752
-0.008790
-0.006850
0.017916
0.026550
-0.003783
0.049986
0.008993
0.006639
-0.023519
0.005676
-0.061825
-0.028028
-0.078827
-0.025547
-0.026336
-0.037205
0.004969
-0.069674
-0.027704
-0.046960
-0.034644
-0.019693
-0.020400
-0.018100
-0.043504
-0.014616
-0.024715
0.002249
0.007796
-0.014080
0.028206
0.050846
0.054199
0.022707
0.035552
-0.062087
-0.045406
-0.083118
-0.053318
-0.050891
-0.014684
-0.011492
-0.034070
-0.028102
-0.047156
-0.072253
-0.036391
-0.000465
0.005834
-0.011269
-0.014583
0.029349
0.050186
0.048657
0.024028
0.036790
0.005620
0.023380
-0.015072
0.028950
-0.003793
-0.011146
-0.052009
-0.020771
-0.047847
-0.007113
-0.033380
-0.027954
-0.025416
-0.036472
-0.040046
-0.040373
-0.056769
-0.043627
-0.087090
-0.040232
-0.040248
-0.016857
-0.013356
-0.026476
-0.000993
-0.005432
0.003942
-0.019089
-0.017221
-0.053901
-0.022498
-0.069309
-0.019707
-0.028705
-0.014480
0.002609
-0.037883
-0.014346
-0.029579
-0.032768
-0.016845
-0.013356
0.004287
-0.015744
-0.007057
-0.003887
0.023229
0.028979
0.013645
0.024551
-0.003888
0.004823
-0.037979
-0.007211
-0.010959
-0.051418
-0.066335
-0.025114
-0.044751
-0.018539
-0.036861
-0.039509
-0.031889
-0.042640
-0.041278
-0.032914
-0.042559
-0.033365
-0.067585
-0.053513
-0.056882
-0.035996
-0.028850
-0.039047
-0.008959
-0.016056
-0.019069
-0.052103
-0.026442
-0.068997
-0.041712
-0.089558
-0.046347
-0.059942
-0.035725
-0.026353
-0.051090
-0.038462
-0.052926
-0.050833
-0.038450
-0.046690
-0.031798
-0.045158
-0.033606
-0.023580
-0.000868
0.006514
-0.007023
0.014134
0.008717
0.007741
-0.014964
-0.007563
-0.037458
-0.010333
-0.058101
-0.012399
-0.032353
-0.006219
-0.000882
-0.030096
-0.016724
-0.029608
-0.028839
-0.013704
-0.009507
0.006008
-0.021525
-0.012188
-0.005508
0.019266
0.015599
0.004150
0.015469
-0.008891
0.016514
-0.020121
-0.011529
-0.027570
-0.031741
-0.069391
-0.024717
-0.050985
-0.018061
-0.022825
-0.036864
-0.030950
-0.040917
-0.043043
-0.025296
-0.027650
-0.012648
-0.048748
-0.038805
-0.007465
0.011327
0.007497
-0.007089
0.011866
0.032081
0.027422
0.014049
0.019760
-0.046666
-0.020578
-0.062604
-0.027706
-0.042647
-0.002565
-0.004786
-0.022487
-0.018908
-0.030865
-0.038764
-0.011681
0.023327
0.035145
0.008810
0.010291
0.046718
0.058339
0.041122
0.038591
0.014685
0.024918
0.004399
0.004488
0.004341
0.023210
-0.037857
-0.000180
-0.052082
0.018932
-0.028181
0.026178
-0.038685
-0.000983
-0.016799
-0.022619
-0.028050
-0.035230
-0.023632
-0.025396
-0.021669
-0.012325
-0.001763
0.016478
-0.012989
0.008964
0.014929
0.045547
0.010587
0.016531
0.019306
0.008148
-0.019388
0.016698
-0.015453
0.020021
0.024750
-0.009457
0.002894
-0.016888
-0.006908
0.015687
0.012340
0.022130
0.007839
0.008428
0.032613
0.026071
0.048622
0.003499
0.081732
0.053093
0.079967
0.053798
0.056011
0.050299
0.064990
-0.008980
0.017282
0.003355
0.038281
0.033724
0.021672
0.018867
-0.002103
0.002291
0.025360
0.064835
0.047643
0.034405
0.033702
0.053802
0.051252
0.066691
0.022366
0.041779
0.016152
0.053001
0.032186
0.034368
0.042706
0.014030
-0.027235
0.019879
-0.014067
0.036676
0.023251
0.006962
0.014172
-0.003450
0.006462
0.024163
0.023368
0.031692
0.007745
0.012003
0.021765
0.024389
0.018207
0.036257
-0.007610
0.039481
0.014569
0.011727
-0.002272
-0.009829
-0.067424
-0.030491
-0.065941
0.000809
-0.037502
0.010248
-0.032678
-0.004315
-0.031717
-0.030582
-0.016977
-0.015720
-0.002169
-0.025647
-0.016693
-0.011128
0.001194
0.008086
0.006951
0.015842
-0.015021
0.021286
-0.007609
-0.007022
-0.035562
-0.048265
-0.097388
-0.046635
-0.084123
-0.005864
-0.057488
-0.002822
-0.067889
-0.044463
-0.053670
-0.031144
-0.021440
-0.019300
-0.028831
-0.037695
-0.010696
-0.014013
0.006732
0.008405
-0.018659
0.014290
-0.025744
-0.018118
-0.046980
-0.043511
-0.100051
-0.071506
-0.092760
-0.043917
-0.046505
-0.055381
-0.024992
-0.071788
-0.050129
-0.057469
-0.046736
-0.042920
-0.045254
-0.023686
-0.036857
-0.012449
-0.006034
0.024189
0.032530
-0.001255
0.057733
0.007905
0.012365
-0.012353
0.026038
-0.052197
-0.017355
-0.066898
-0.007470
-0.052076
0.014941
-0.063555
-0.009459
-0.054344
-0.045394
-0.029472
-0.024170
-0.023068
-0.041328
-0.045215
-0.040001
-0.013677
0.015708
0.002150
0.007109
0.001332
0.014222
-0.021566
-0.018036
-0.017623
0.011516
-0.043488
0.012065
-0.038774
0.047970
-0.044500
0.021632
-0.038626
-0.012762
-0.014824
-0.022435
-0.028040
-0.031443
-0.048373
-0.058883
-0.045199
-0.057031
-0.014755
-0.011752
-0.035592
-0.020446
-0.023705
-0.040822
-0.062364
-0.061703
-0.129531
-0.085638
-0.125310
-0.072287
-0.096303
-0.050614
-0.089750
-0.055597
-0.091040
-0.095228
-0.073057
-0.061313
-0.056269
-0.082126
-0.076509
-0.060619
-0.042996
-0.028411
-0.025516
-0.020764
0.002558
0.012521
-0.013421
-0.001975
-0.064762
-0.070497
-0.121669
-0.079398
-0.099490
-0.031210
-0.087267
-0.022349
-0.101421
-0.066592
-0.088205
-0.064668
-0.049018
-0.049000
-0.051609
-0.077002
-0.057231
-0.053851
-0.007058
0.005493
-0.021807
-0.001108
-0.027263
-0.017952
-0.074189
-0.025933
-0.084481
-0.040039
-0.100722
-0.050616
-0.086440
-0.028770
-0.079065
-0.038604
-0.070742
-0.068842
-0.065249
-0.068352
-0.056251
-0.005081
0.002298
0.002751
0.010004
0.038531
0.033558
-0.021587
-0.071452
-0.013668
-0.028198
-0.007634
-0.011732
-0.025435
-0.033529
-0.031432
-0.032083
-0.049545
-0.033196
-0.066124
-0.068589
-0.087277
-0.001417
-0.016243
-0.019649
-0.024270
-0.026515
-0.026210
-0.024421
-0.021923
-0.019266
-0.015875
-0.012913
-0.010660
-0.008859
-0.007849
-0.006880
-0.006779
-0.007026
-0.007556
-0.007809
-0.006460
-0.001060
-0.018618
-0.015315
-0.010026
0.029236
0.053777
-0.012435
-0.020052
-0.017123
-0.019412
-0.014967
-0.007447
0.022620
0.010248
0.015923
-0.004990
0.006840
-0.000273
0.019553
0.001968
0.025163
0.044899
0.043349
0.036949
0.007020
-0.000770
-0.046836
-0.039786
-0.031460
-0.026353
-0.025577
-0.026586
-0.027458
-0.027965
-0.028631
-0.028793
-0.025249
-0.027396
-0.028878
-0.028673
-0.025602
-0.020842
-0.017975
-0.027301
-0.017031
-0.015001
0.017780
0.027169
0.011939
0.008306
0.008361
0.009370
-0.002836
-0.048345
-0.044191
-0.034773
-0.035549
0.033689
0.038046
-0.058399
-0.243724
-0.427512
-0.465600
-0.003899
-0.022835
-0.056794
-0.089053
-0.079126
-0.077587
-0.144852
-0.223603
-0.274065
-0.392275
-0.441083
-0.261892
-0.235817
-0.338961
0.005043
-0.002134
-0.007786
-0.012429
-0.014424
-0.014321
-0.013056
-0.011415
-0.010396
-0.010614
-0.011295
-0.004017
-0.002809
-0.000977
-0.020577
-0.005611
-0.016879
-0.023032
-0.031211
-0.034565
-0.024441
-0.020799
-0.015070
-0.014205
-0.013442
0.001789
0.005098
0.002543
0.004542
-0.007458
-0.007572
-0.017704
-0.035917
-0.045678
-0.084560
-0.099072
-0.105586
-0.124700
-0.112388
-0.098728
-0.076507
-0.102063
-0.080859
-0.130232
-0.120620
-0.130836
-0.119015
-0.140997
-0.146472
-0.181267
-0.129093
-0.154328
-0.088336
-0.083200
-0.090066
-0.079488
-0.092108
-0.113356
-0.109763
-0.085434
-0.081506
-0.094465
-0.098650
-0.093379
-0.071914
-0.053500
-0.043190
-0.009925
-0.041563
-0.022846
-0.081006
-0.049341
-0.098988
-0.051725
-0.072302
-0.014538
-0.061506
-0.010382
-0.012149
-0.015992
0.014446
-0.038175
-0.030942
-0.030461
-0.004125
0.012197
0.016424
0.008911
-0.007598
-0.004465
-0.002530
0.025023
0.022640
0.000604
0.008636
-0.018307
-0.039969
-0.061006
-0.032425
-0.072255
-0.081225
-0.101294
-0.047190
-0.103801
-0.033448
-0.092009
-0.055535
-0.080338
-0.085027
-0.063257
-0.049542
-0.037403
-0.070961
-0.069480
-0.059091
-0.047680
-0.038364
-0.022101
-0.038920
0.000228
-0.056067
-0.041128
-0.087414
-0.036827
-0.095048
-0.034205
-0.071700
-0.001576
-0.060949
-0.003206
-0.045829
-0.020220
-0.044635
-0.043579
-0.042984
-0.058165
-0.044540
-0.065035
-0.048476
-0.060485
-0.034724
-0.020435
0.007646
-0.020319
-0.014309
-0.004425
-0.049571
-0.056259
-0.042886
-0.085854
-0.075623
-0.099170
-0.028323
-0.077345
-0.015656
-0.087815
-0.041667
-0.068801
-0.065526
-0.064976
-0.061329
-0.053420
-0.088289
-0.071368
-0.081114
-0.067241
-0.053884
-0.050085
-0.037156
-0.033355
-0.033662
-0.039861
-0.050350
-0.073588
-0.116825
-0.096430
-0.140428
-0.079078
-0.117114
-0.062262
-0.110653
-0.071195
-0.103010
-0.106304
-0.094185
-0.088637
-0.071980
-0.107857
-0.070932
-0.076647
-0.056485
-0.042990
-0.030799
-0.017645
-0.039849
-0.029330
-0.063956
-0.045583
-0.093045
-0.074003
-0.123762
-0.077504
-0.094101
-0.066726
-0.048250
-0.080886
-0.057770
-0.083867
-0.086426
-0.077719
-0.062552
-0.048027
-0.073555
-0.072703
-0.068777
-0.046063
-0.033347
-0.018631
-0.010451
-0.048018
-0.039779
-0.111336
-0.103851
-0.118438
-0.098627
-0.151185
-0.101660
-0.155963
-0.081293
-0.137077
-0.078791
-0.126648
-0.103685
-0.113331
-0.128738
-0.126144
-0.125762
-0.140377
-0.151444
-0.130461
-0.136740
-0.088006
-0.071455
-0.094501
-0.035066
-0.070655
-0.055105
-0.112763
-0.081561
-0.126962
-0.088254
-0.138653
-0.091890
-0.125681
-0.070753
-0.104387
-0.072003
-0.108577
-0.103471
-0.101188
-0.097709
-0.087490
-0.104208
-0.089008
-0.086448
-0.067277
-0.059448
-0.023432
-0.065013
0.014675
-0.014772
-0.010018
-0.054786
-0.022271
-0.084754
-0.067055
-0.123328
-0.058152
-0.115966
-0.056284
-0.109708
-0.064928
-0.104534
-0.093962
-0.094634
-0.095624
-0.088607
-0.094509
-0.087610
-0.087768
-0.058020
-0.044047
-0.007433
-0.054118
-0.003059
-0.013148
-0.008566
-0.035769
-0.003729
-0.045647
-0.031346
-0.092656
-0.031924
-0.094646
-0.021507
-0.105200
-0.044672
-0.084939
-0.073293
-0.080662
-0.080084
-0.071036
-0.081961
-0.084768
-0.084830
-0.050299
-0.041482
0.004200
-0.055474
0.034321
0.014070
0.014771
-0.010845
-0.000903
-0.009166
-0.001906
-0.074991
-0.011863
-0.071074
-0.002928
-0.079414
-0.027439
-0.064817
-0.054038
-0.050994
-0.048665
-0.041513
-0.052635
-0.052451
-0.039042
-0.022200
-0.022578
0.015111
-0.041666
0.018356
0.014814
0.016429
-0.004525
-0.000036
-0.022674
-0.021788
-0.078051
-0.013201
-0.068927
0.000406
-0.077735
-0.023603
-0.068347
-0.059108
-0.045722
-0.011487
-0.046115
-0.048905
-0.060977
-0.046976
-0.022866
-0.009663
0.020586
-0.015487
0.002901
-0.002990
-0.003262
-0.028325
-0.001180
-0.011811
0.001170
-0.045241
0.005179
-0.054499
0.005059
-0.035768
-0.015121
-0.041541
-0.035192
-0.036955
-0.042271
-0.031937
-0.049183
-0.051761
-0.070380
-0.063921
-0.052157
-0.015507
-0.029900
-0.022314
-0.047811
-0.042590
-0.082090
-0.072055
-0.092009
-0.043147
-0.095390
-0.040499
-0.065981
-0.053340
-0.033920
-0.066075
-0.055675
-0.060249
-0.059599
-0.042914
-0.063847
-0.053818
-0.077706
-0.066210
-0.076498
-0.059933
-0.061592
-0.072155
-0.041778
-0.078109
-0.067788
-0.077571
-0.071948
-0.109727
-0.062326
-0.110330
-0.078495
-0.107601
-0.064321
-0.070247
-0.041626
-0.058383
-0.057905
-0.062662
-0.073481
-0.052671
-0.054530
-0.067104
-0.081900
-0.072185
-0.081490
-0.056721
-0.058149
-0.041861
-0.056764
-0.054707
-0.091738
-0.077848
-0.101357
-0.086480
-0.114714
-0.093045
-0.139252
-0.081987
-0.115345
-0.060355
-0.138406
-0.075869
-0.105770
-0.098494
-0.063359
-0.048650
-0.062903
-0.094756
-0.090624
-0.073728
-0.059695
-0.036421
-0.048493
-0.011643
-0.066736
-0.045247
-0.114139
-0.059236
-0.110298
-0.047587
-0.087387
-0.053170
-0.088589
-0.035198
-0.035420
-0.040589
-0.035637
-0.056674
-0.056781
-0.055455
-0.044549
-0.033888
-0.055684
-0.056112
-0.062710
-0.043133
-0.019832
-0.003307
-0.010447
-0.021197
-0.037056
-0.070088
-0.048309
-0.055424
-0.056639
-0.111854
-0.044701
-0.089290
0.012093
-0.086720
-0.013089
-0.077030
-0.044314
-0.050365
-0.064347
-0.064594
-0.072072
-0.100472
-0.113770
-0.098086
-0.116096
-0.053372
-0.055104
-0.054733
-0.047531
-0.078723
-0.062636
-0.101109
-0.059252
-0.108018
-0.043401
-0.089943
-0.065266
-0.100988
-0.049072
-0.049962
-0.045002
-0.054163
-0.056249
-0.071211
-0.051500
-0.042022
-0.035498
-0.061357
-0.078516
-0.088870
-0.054871
-0.051084
-0.038443
-0.066832
-0.040362
-0.082282
-0.083220
-0.085073
-0.058352
-0.088292
-0.115923
-0.116029
-0.090074
-0.097824
-0.102764
-0.063099
-0.124653
-0.090909
-0.099858
-0.110313
-0.113997
-0.132500
-0.146814
-0.156072
-0.155959
-0.161263
-0.128560
-0.112510
-0.125773
-0.098462
-0.091079
-0.099725
-0.127984
-0.114251
-0.152009
-0.096576
-0.140355
-0.096510
-0.125214
-0.108682
-0.089247
-0.114112
-0.106452
-0.108742
-0.121338
-0.101836
-0.125958
-0.114738
-0.144283
-0.118287
-0.144291
-0.092764
-0.089815
-0.088408
-0.072692
-0.076843
-0.092986
-0.125893
-0.093380
-0.137155
-0.101776
-0.157528
-0.114635
-0.147011
-0.091480
-0.127337
-0.088670
-0.128803
-0.115451
-0.116129
-0.112589
-0.089647
-0.099678
-0.103139
-0.119668
-0.102796
-0.108126
-0.051980
-0.066084
-0.067828
-0.064217
-0.083446
-0.101047
-0.142421
-0.108960
-0.151247
-0.136081
-0.178133
-0.134384
-0.151816
-0.119272
-0.111858
-0.121705
-0.121802
-0.127132
-0.138317
-0.101171
-0.114807
-0.120967
-0.144178
-0.122036
-0.172238
-0.129442
-0.123266
-0.128162
-0.112374
-0.135362
-0.160508
-0.184636
-0.129322
-0.164597
-0.139927
-0.206333
-0.178722
-0.227746
-0.172482
-0.183734
-0.169259
-0.159223
-0.170093
-0.168232
-0.189814
-0.176574
-0.165155
-0.180283
-0.184474
-0.195069
-0.172254
-0.174120
-0.110220
-0.113702
-0.108920
-0.113206
-0.148414
-0.141244
-0.146959
-0.187875
-0.150439
-0.163203
-0.121959
-0.155338
-0.133245
-0.116063
-0.130893
-0.120620
-0.130484
-0.140169
-0.138248
-0.139186
-0.119814
-0.156679
-0.149576
-0.179748
-0.149276
-0.129551
-0.107113
-0.106726
-0.110799
-0.137278
-0.142217
-0.154597
-0.162165
-0.157580
-0.187231
-0.146105
-0.182053
-0.134177
-0.172286
-0.124780
-0.156143
-0.149005
-0.148484
-0.173009
-0.167080
-0.184253
-0.162320
-0.183790
-0.167383
-0.174087
-0.087629
-0.086992
-0.090959
-0.090260
-0.104421
-0.131018
-0.168315
-0.132556
-0.165383
-0.114537
-0.155548
-0.102314
-0.158159
-0.099637
-0.154072
-0.113230
-0.137549
-0.138114
-0.139123
-0.138141
-0.127326
-0.147747
-0.136254
-0.136439
-0.101596
-0.093301
-0.055316
-0.094631
-0.041979
-0.058326
-0.062278
-0.089895
-0.073438
-0.107812
-0.081060
-0.139989
-0.078825
-0.136096
-0.080050
-0.129112
-0.093370
-0.115287
-0.115899
-0.119535
-0.119818
0.006584
0.003127
-0.002288
-0.004581
-0.005043
-0.003870
-0.002436
-0.002030
-0.003453
0.001958
-0.001927
-0.010576
-0.005463
-0.013604
0.001532
-0.029398
-0.027892
-0.042808
-0.038802
-0.055374
-0.036173
-0.059658
-0.029323
-0.036504
-0.019657
-0.030521
-0.028441
-0.038913
-0.040057
-0.051454
-0.035744
-0.021847
-0.050285
-0.071551
-0.051227
-0.034477
-0.035205
-0.033571
-0.038736
-0.037402
-0.023720
-0.074003
-0.049341
-0.086745
-0.078061
-0.130579
-0.124163
-0.143854
-0.080986
-0.110181
-0.050542
-0.102709
-0.051794
-0.085527
-0.082417
-0.078099
-0.087333
-0.093824
-0.126120
-0.120022
-0.141091
-0.098163
-0.084944
-0.072467
-0.056254
-0.096244
-0.065969
-0.124903
-0.088558
-0.149077
-0.089325
-0.121186
-0.087904
-0.109813
-0.058591
-0.048287
-0.054333
-0.046659
-0.071748
-0.084397
-0.081637
-0.050125
-0.036606
-0.043904
-0.068156
-0.021851
-0.000610
0.014151
0.024057
-0.002949
0.013770
-0.011629
-0.023375
-0.014243
-0.004240
-0.001418
-0.048598
-0.036018
-0.074450
-0.018107
-0.047051
-0.053614
-0.040107
-0.059861
-0.058584
-0.061023
-0.061013
-0.050558
-0.085212
-0.076301
-0.085576
-0.067991
-0.059042
-0.027408
-0.058816
-0.037484
-0.059302
-0.061699
-0.083967
-0.054926
-0.106076
-0.045364
-0.090462
-0.019152
-0.081427
-0.025533
-0.070185
-0.043278
-0.063805
-0.065777
-0.069302
-0.081837
-0.073057
-0.102300
-0.087059
-0.097211
-0.073671
-0.056303
-0.027516
-0.067647
-0.048764
-0.038517
-0.041590
-0.057029
-0.051291
-0.091254
-0.064823
-0.100158
-0.038411
-0.081256
-0.035527
-0.080325
-0.048627
-0.073079
-0.074556
-0.066491
-0.062606
-0.052987
-0.091760
-0.070434
-0.066977
-0.046561
-0.034821
-0.025258
-0.009400
-0.051680
-0.019765
-0.054339
-0.037137
-0.081752
-0.036916
-0.090790
-0.049007
-0.082535
-0.020752
-0.066446
-0.022837
-0.067813
-0.053289
-0.054995
-0.062257
-0.041897
-0.057229
-0.061608
-0.077687
-0.060962
-0.082730
-0.026824
-0.025504
-0.042773
-0.024752
-0.057556
-0.060194
-0.062600
-0.044119
-0.090834
-0.109092
-0.122098
-0.098519
-0.118010
-0.094560
-0.107864
-0.098224
-0.117679
-0.119033
-0.115884
-0.103863
-0.094941
-0.140399
-0.123752
-0.121223
-0.097272
-0.087185
-0.047545
-0.093166
-0.020115
-0.070944
-0.049618
-0.105535
-0.077725
-0.123606
-0.104489
-0.142400
-0.100436
-0.096098
-0.113624
-0.064026
-0.121921
-0.095222
-0.101690
-0.106747
-0.086604
-0.088140
-0.083137
-0.108133
-0.080244
-0.109338
-0.050474
-0.043709
-0.057945
-0.043794
-0.060763
-0.078207
-0.071544
-0.067570
-0.097071
-0.105426
-0.157034
-0.140045
-0.153372
-0.126718
-0.126378
-0.128937
-0.130605
-0.139625
-0.139502
-0.132907
-0.119629
-0.152815
-0.150588
-0.152595
-0.136986
-0.124613
-0.100850
-0.084919
-0.092941
-0.060806
-0.106357
-0.095394
-0.148985
-0.106782
-0.161144
-0.134467
-0.157563
-0.125517
-0.111434
-0.134884
-0.105140
-0.137762
-0.137042
-0.133388
-0.128901
-0.119182
-0.142197
-0.132289
-0.155426
-0.134469
-0.127437
-0.077221
-0.081720
-0.100058
-0.082662
-0.159571
-0.148935
-0.175453
-0.135818
-0.180831
-0.156401
-0.204318
-0.157344
-0.171267
-0.166410
-0.150907
-0.167742
-0.160351
-0.167926
-0.176769
-0.155991
-0.176472
-0.175536
-0.189983
-0.180813
-0.186249
-0.127248
-0.127547
-0.137714
-0.107948
-0.153306
-0.131240
-0.173381
-0.150946
-0.180326
-0.160825
-0.196437
-0.159591
-0.186563
-0.140964
-0.153413
-0.144361
-0.158681
-0.168163
-0.159544
-0.151514
-0.130549
-0.155147
-0.162591
-0.153300
-0.131279
-0.112664
-0.090064
-0.118187
-0.078867
-0.107443
-0.110387
-0.129463
-0.105689
-0.157508
-0.148276
-0.197096
-0.140906
-0.189549
-0.138203
-0.175804
-0.143171
-0.168550
-0.173241
-0.165522
-0.164644
-0.151736
-0.198893
-0.184752
-0.200479
-0.163946
-0.161469
-0.122424
-0.114990
-0.143776
-0.114640
-0.162174
-0.146570
-0.187571
-0.143003
-0.202880
-0.168608
-0.207728
-0.150160
-0.189239
-0.140229
-0.184267
-0.168332
-0.167375
-0.186193
-0.170304
-0.184146
-0.183747
-0.207586
-0.175760
-0.204562
-0.122300
-0.111069
-0.113374
-0.110107
-0.143791
-0.168192
-0.163524
-0.120896
-0.156054
-0.145104
-0.211225
-0.179478
-0.216575
-0.183916
-0.205198
-0.185954
-0.200032
-0.208732
-0.217886
-0.242613
-0.220145
-0.267047
-0.250830
-0.294598
-0.284085
-0.241151
-0.203729
-0.211581
-0.202970
-0.216567
-0.214687
-0.255702
-0.230242
-0.266608
-0.213286
-0.251723
-0.216704
-0.237080
-0.221750
-0.199310
-0.206635
-0.204508
-0.201185
-0.221762
-0.207174
-0.205488
-0.187097
-0.230206
-0.190442
-0.230542
-0.181730
-0.172827
-0.167363
-0.163854
-0.168341
-0.155414
-0.173424
-0.149051
-0.195598
-0.164962
-0.227288
-0.213324
-0.241399
-0.207461
-0.224522
-0.189341
-0.218867
-0.201360
-0.199220
-0.215808
-0.197992
-0.199531
-0.192630
-0.222363
-0.188170
-0.243999
-0.179156
-0.168344
-0.173400
-0.165448
-0.173292
-0.205572
-0.230550
-0.205794
-0.241888
-0.230012
-0.271207
-0.254815
-0.267953
-0.243976
-0.253915
-0.226069
-0.247244
-0.239524
-0.237844
-0.244251
-0.253151
-0.278024
-0.274247
-0.294979
-0.298474
-0.297629
-0.221544
-0.228776
-0.219582
-0.155752
-0.201322
-0.217718
-0.230130
-0.225744
-0.246416
-0.212822
-0.243689
-0.209977
-0.229687
-0.210335
-0.209993
-0.204031
-0.208524
-0.217221
-0.209475
-0.219414
-0.197596
-0.226009
-0.227847
-0.239826
-0.219637
-0.191331
-0.157984
-0.169619
-0.165293
-0.145039
-0.172781
-0.195227
-0.177898
-0.205027
-0.177823
-0.235331
-0.198261
-0.222791
-0.224786
-0.191796
-0.224099
-0.208111
-0.206820
-0.226483
-0.214785
-0.218960
-0.204853
-0.254520
-0.221709
-0.285169
-0.224477
-0.211423
-0.201043
-0.196379
-0.207808
-0.211441
-0.224153
-0.208924
-0.272054
-0.236231
-0.298410
-0.283457
-0.301390
-0.275357
-0.292874
-0.255579
-0.284095
-0.268830
-0.275312
-0.290517
-0.264603
-0.291498
-0.291341
-0.315772
-0.303913
-0.302367
-0.254982
-0.260990
-0.257725
-0.189770
-0.203445
-0.212470
-0.254511
-0.236286
-0.266760
-0.235302
-0.269382
-0.234591
-0.252173
-0.244637
-0.220403
-0.251678
-0.241649
-0.243299
-0.254340
-0.244867
-0.251827
-0.240272
-0.259034
-0.245412
-0.234857
-0.177050
-0.169638
-0.171932
-0.077484
-0.109639
-0.112065
-0.150421
-0.128672
-0.174868
-0.175630
-0.224418
-0.190739
-0.197208
-0.207506
-0.167720
-0.213163
-0.189653
-0.198044
-0.197459
-0.197437
-0.199743
-0.195868
-0.219291
-0.181020
-0.182297
-0.126328
-0.120701
-0.131753
-0.127371
-0.111590
-0.147119
-0.154452
-0.126341
-0.152678
-0.175182
-0.234877
-0.205090
-0.222055
-0.216705
-0.217227
-0.210242
-0.212998
-0.222983
-0.224105
-0.212616
-0.260963
-0.290529
-0.282946
-0.263381
-0.225858
-0.215817
-0.186359
-0.215113
-0.138326
-0.143114
-0.155957
-0.161206
-0.145386
-0.174951
-0.142224
-0.217188
-0.184393
-0.205861
-0.194708
-0.174750
-0.188535
-0.187137
-0.181790
-0.199944
-0.170917
-0.165436
-0.148990
-0.192283
-0.191654
-0.232689
-0.182236
-0.189513
-0.195700
-0.186580
-0.190262
-0.142909
-0.159774
-0.139161
-0.162673
-0.139302
-0.201261
-0.185840
-0.227689
-0.190318
-0.199505
-0.180726
-0.184766
-0.184786
-0.197852
-0.199442
-0.211155
-0.182869
-0.204772
-0.207150
-0.229953
-0.206064
-0.195113
-0.137338
-0.141915
-0.149049
-0.128851
-0.201880
-0.152288
-0.180529
-0.144625
-0.191450
-0.161475
-0.211569
-0.192793
-0.230708
-0.186485
-0.224850
-0.186400
-0.209664
-0.199035
-0.215101
-0.236932
-0.219754
-0.247980
-0.263196
-0.286691
-0.279015
-0.284645
-0.210247
-0.205909
-0.211213
-0.200765
-0.188126
-0.177317
-0.209347
-0.177113
-0.217792
-0.193138
-0.231302
-0.210018
-0.227496
-0.199008
-0.197557
-0.188416
-0.205586
-0.206306
-0.201212
-0.206296
-0.187351
-0.204582
-0.209863
-0.238713
-0.219965
-0.217892
-0.164873
-0.162765
-0.178306
-0.129013
-0.170825
-0.171916
-0.207676
-0.179827
-0.229228
-0.224722
-0.260267
-0.223641
-0.231051
-0.237605
-0.206411
-0.233741
-0.225856
-0.223994
-0.233208
-0.207608
-0.014229
-0.019847
-0.036992
-0.008843
0.058455
0.069060
-0.004543
-0.110513
-0.160014
-0.125123
-0.098253
-0.087012
-0.062980
-0.040028
0.090719
-0.026952
-0.170203
-0.282603
-0.469563
0.037057
0.030950
0.015553
0.004349
-0.017016
-0.069222
-0.163524
-0.303495
-0.442489
-0.543214
-0.404737
-0.383873
0.003745
0.015145
0.016613
0.010635
0.008611
0.007879
0.007654
0.007145
0.005914
0.003113
-0.001165
-0.006654
-0.012729
-0.011744
-0.006934
0.031276
0.063117
0.043864
0.055669
0.027816
0.013803
-0.003777
-0.004697
-0.016202
-0.014072
-0.004070
-0.013199
0.008201
0.002735
0.011731
0.001041
0.001819
-0.004028
-0.011308
-0.013361
-0.020712
-0.057611
-0.081532
-0.083367
-0.072886
-0.067561
-0.052382
-0.051701
-0.059119
-0.068423
-0.052230
-0.077722
-0.054636
-0.095664
-0.088431
-0.140200
-0.120659
-0.128503
-0.075751
-0.084854
-0.026863
-0.049051
-0.008579
-0.040987
-0.036880
-0.025296
-0.027913
-0.036703
-0.056856
-0.057571
-0.060512
-0.023069
-0.020357
0.013708
-0.016384
0.014205
-0.047221
-0.014746
-0.079778
-0.031911
-0.074965
-0.027613
-0.056462
-0.015215
-0.033836
0.022116
0.004752
0.025275
-0.011306
-0.014022
-0.004139
0.016059
0.026738
0.028520
0.032061
0.026026
0.034933
0.043294
0.068890
0.041720
0.052133
0.040104
0.025003
0.034906
0.028145
0.015013
-0.005059
-0.013922
0.004431
-0.004950
0.020221
0.039559
-0.005673
0.019258
0.005660
0.002541
0.016273
0.003751
0.011967
-0.018327
-0.011787
-0.002252
0.017516
0.023270
0.024033
0.019794
0.017362
-0.000464
-0.031176
-0.028124
-0.001459
-0.059451
-0.010230
-0.044688
0.034923
-0.013477
0.024736
-0.016090
0.004790
-0.007208
-0.014239
-0.026251
-0.022151
-0.023762
-0.059387
-0.038438
-0.044030
-0.009291
0.000397
0.016387
-0.011774
0.001171
-0.033905
-0.028460
-0.059422
-0.044413
-0.057272
-0.021001
-0.041224
-0.000250
-0.040388
-0.007956
-0.027390
-0.020234
-0.035363
-0.036080
-0.036611
-0.048765
-0.040693
-0.071661
-0.049689
-0.044766
-0.025840
-0.016897
0.010006
-0.018479
0.000855
-0.026859
-0.028156
-0.062944
-0.027277
-0.078002
-0.005092
-0.047707
0.029720
-0.023572
0.028440
-0.024847
0.002778
-0.020609
-0.014721
-0.025001
-0.041820
-0.036983
-0.066762
-0.054257
-0.069290
-0.047537
-0.032839
-0.007774
-0.031034
-0.028638
-0.005378
-0.046843
-0.050667
-0.035883
-0.034339
-0.042646
-0.019645
-0.035388
-0.025947
-0.040426
-0.046337
-0.031575
-0.052936
-0.045112
-0.045063
-0.058845
-0.048726
-0.083008
-0.071762
-0.066868
-0.056092
-0.046745
-0.019039
-0.040614
-0.025444
-0.061527
-0.072634
-0.083165
-0.044916
-0.097468
-0.020634
-0.039593
0.043412
-0.033093
0.035264
-0.034557
0.002532
-0.021327
-0.015828
-0.023511
-0.039362
-0.038901
-0.064367
-0.060571
-0.085246
-0.057413
-0.045356
-0.018537
-0.057939
-0.032533
-0.005848
-0.014984
-0.017709
-0.017855
-0.035197
-0.021037
-0.067769
-0.013646
-0.023947
-0.015746
0.001773
-0.030335
-0.026254
-0.025729
-0.021963
0.010765
-0.011523
-0.023225
-0.032288
-0.008802
-0.025089
0.005312
0.004894
-0.026900
-0.002216
-0.028029
0.002467
-0.031233
0.003846
-0.044057
-0.018213
-0.066643
-0.034489
-0.048816
-0.009625
-0.005936
-0.007322
-0.018548
-0.030223
-0.026662
-0.017350
-0.006030
-0.024186
-0.020336
-0.065240
-0.030351
-0.019950
0.025659
0.004285
0.021799
-0.000128
-0.009000
-0.041087
-0.016506
-0.053890
-0.012898
-0.101192
-0.028243
-0.086748
-0.018835
-0.065396
-0.024110
-0.066563
-0.053428
-0.060930
-0.040763
-0.001565
-0.015042
-0.046197
-0.051879
-0.014791
-0.019039
0.007379
-0.005493
0.012125
-0.010734
-0.015380
-0.038953
-0.016893
-0.061171
-0.015466
-0.058561
-0.027261
-0.078564
-0.019132
-0.027521
-0.019426
-0.018926
-0.038024
-0.040699
-0.032612
-0.020462
-0.019502
-0.029826
-0.025142
-0.018326
-0.015348
-0.005321
0.012346
0.009125
-0.020720
0.011671
-0.050235
-0.012900
-0.051715
-0.036972
-0.061878
-0.046907
-0.082476
-0.037960
-0.054593
-0.026797
-0.032552
-0.032290
-0.042362
-0.049731
-0.044136
-0.049092
-0.034133
-0.060467
-0.065060
-0.063137
-0.046344
-0.026275
-0.011168
-0.027196
-0.003432
-0.054538
-0.029566
-0.077868
-0.038235
-0.072596
-0.027368
-0.068498
-0.007317
-0.057948
-0.014350
-0.045023
-0.032723
-0.043811
-0.052775
-0.060895
-0.081279
-0.073476
-0.106046
-0.081501
-0.099478
-0.064658
-0.043661
-0.030009
-0.031847
-0.039583
-0.062656
-0.074526
-0.079534
-0.095013
-0.060904
-0.088710
-0.034603
-0.072408
-0.031367
-0.031924
-0.036397
-0.039908
-0.047510
-0.052683
-0.037898
-0.044685
-0.034713
-0.069086
-0.068119
-0.092715
-0.081263
-0.067975
-0.063273
-0.048113
-0.069876
-0.071927
-0.121018
-0.096287
-0.105836
-0.088932
-0.163280
-0.075365
-0.127425
-0.028906
-0.104907
-0.042400
-0.101280
-0.073217
-0.082370
-0.099653
-0.110384
-0.105173
-0.116262
-0.119805
-0.097709
-0.104560
-0.058411
-0.038939
-0.055587
-0.045743
-0.039449
-0.033163
-0.082016
-0.049059
-0.080820
-0.015155
-0.081388
-0.005776
-0.078790
-0.019846
-0.062686
-0.039201
-0.058970
-0.059556
-0.066746
-0.075604
-0.067968
-0.099970
-0.085713
-0.104341
-0.079702
-0.058518
-0.020820
-0.034355
-0.027451
-0.048153
-0.046652
-0.083188
-0.050008
-0.103475
-0.057420
-0.102658
-0.072297
-0.095303
-0.051459
-0.058974
-0.037161
-0.060153
-0.066798
-0.063596
-0.069720
-0.050347
-0.061167
-0.067597
-0.075140
-0.055255
-0.054189
-0.002371
-0.016484
-0.014546
-0.010014
-0.047157
-0.037660
-0.056251
-0.032505
-0.070641
-0.064690
-0.108237
-0.064012
-0.096863
-0.063493
-0.088385
-0.070012
-0.086924
-0.090236
-0.087910
-0.079530
-0.067156
-0.109844
-0.106729
-0.112619
-0.094909
-0.074772
-0.068056
-0.056451
-0.077201
-0.069323
-0.126650
-0.104224
-0.138054
-0.100645
-0.134243
-0.087008
-0.120137
-0.086510
-0.071093
-0.094402
-0.080004
-0.095682
-0.099854
-0.101951
-0.098381
-0.090510
-0.117738
-0.116466
-0.127721
-0.113670
-0.100196
-0.085328
-0.088671
-0.081165
-0.097462
-0.119230
-0.135378
-0.099786
-0.148470
-0.097132
-0.135617
-0.080641
-0.119516
-0.073920
-0.101824
-0.082325
-0.102236
-0.107135
-0.110545
-0.120288
-0.120810
-0.149273
-0.142454
-0.179815
-0.155168
-0.133302
-0.104423
-0.108939
-0.116741
-0.112799
-0.159624
-0.162583
-0.153001
-0.173664
-0.108354
-0.140262
-0.097106
-0.124822
-0.118219
-0.094907
-0.120121
-0.116161
-0.113010
-0.149213
-0.141447
-0.162129
-0.157806
-0.179744
-0.150634
-0.175281
-0.083064
-0.070763
-0.067435
-0.068955
-0.091919
-0.127000
-0.172297
-0.132734
-0.170350
-0.131585
-0.224262
-0.115131
-0.168772
-0.098003
-0.158966
-0.103029
-0.148804
-0.135147
-0.143413
-0.127143
-0.119258
-0.130530
-0.163206
-0.171068
-0.135116
-0.136827
-0.093316
-0.077867
-0.101151
-0.073359
-0.087696
-0.058397
-0.115321
-0.080409
-0.125382
-0.096116
-0.142140
-0.092068
-0.128668
-0.081194
-0.105732
-0.088744
-0.105716
-0.111664
-0.113302
-0.112532
-0.097676
-0.134737
-0.131340
-0.163165
-0.142263
-0.113500
-0.102625
-0.102072
-0.103097
-0.123895
-0.121249
-0.137257
-0.135647
-0.151979
-0.140805
-0.182205
-0.142184
-0.169711
-0.133423
-0.153898
-0.132466
-0.145440
-0.157484
-0.161664
-0.167270
-0.154929
-0.191150
-0.187237
-0.243390
-0.214106
-0.187186
-0.168027
-0.162782
-0.161208
-0.198771
-0.204251
-0.233756
-0.193621
-0.230256
-0.164131
-0.199051
-0.166310
-0.187614
-0.181921
-0.151520
-0.176248
-0.167528
-0.165001
-0.191247
-0.179465
-0.192441
-0.178695
-0.206182
-0.180054
-0.201147
-0.110482
-0.085835
-0.065473
-0.073118
-0.091992
-0.124614
-0.172512
-0.126290
-0.187416
-0.118641
-0.228030
-0.138749
-0.199843
-0.133006
-0.181882
-0.139874
-0.174395
-0.156303
-0.161734
-0.180090
-0.153252
-0.175778
-0.210299
-0.225868
-0.206424
-0.230495
-0.175546
-0.156070
-0.177156
-0.152042
-0.158188
-0.152983
-0.194954
-0.165636
-0.207611
-0.160086
-0.199294
-0.165780
-0.191719
-0.171142
-0.152631
-0.174194
-0.165172
-0.163375
-0.183388
-0.169015
-0.171462
-0.164068
-0.205774
-0.186595
-0.232542
-0.187754
-0.178056
-0.152892
-0.172473
-0.166450
-0.204313
-0.207620
-0.202239
-0.183555
-0.201378
-0.184860
-0.243688
-0.201632
-0.234880
-0.202458
-0.222210
-0.209322
-0.213937
-0.229510
-0.234237
-0.246725
0.018863
0.004687
-0.008567
-0.026993
-0.060845
-0.105575
-0.133536
-0.155639
-0.183000
-0.221653
-0.223065
-0.210519
-0.207399
-0.218495
-0.124974
-0.121870
-0.137643
-0.142949
-0.128271
-0.128153
-0.094740
-0.076252
-0.048691
-0.026304
-0.001051
-0.005017
-0.003365
-0.004074
-0.004563
-0.003521
-0.000301
0.000502
0.006363
0.006593
0.011098
-0.016919
-0.025598
-0.035313
-0.044258
-0.027669
-0.053323
-0.022142
-0.034165
-0.012771
-0.019482
-0.011114
-0.016642
-0.024338
-0.034114
-0.041039
-0.041014
-0.042384
-0.069212
-0.075159
-0.071336
-0.075939
-0.036484
-0.016938
-0.017540
0.001021
-0.005923
-0.036736
-0.032234
-0.056284
-0.010570
-0.047819
-0.045102
-0.081891
-0.019190
-0.045966
0.000331
-0.047845
-0.029146
-0.052180
-0.040301
0.002565
0.028288
0.042819
0.015911
0.029127
0.036918
0.046034
0.022288
0.022856
0.017136
0.023735
-0.001949
0.003721
-0.029398
0.010388
-0.041374
-0.027854
-0.052433
0.000795
0.006906
-0.009759
0.017979
-0.016652
-0.013500
-0.012824
-0.015812
-0.001707
-0.011549
-0.005805
-0.015244
-0.021284
-0.020081
0.029302
0.028324
0.010226
0.032422
-0.018751
-0.022157
-0.020504
-0.012899
-0.033474
-0.028454
-0.018761
0.023062
-0.006534
0.022617
-0.010371
0.011349
-0.004888
-0.001475
-0.008874
-0.023860
-0.018405
-0.051754
-0.042419
-0.029546
-0.016218
-0.000953
0.026004
-0.010715
0.025530
-0.019683
-0.006279
-0.031290
0.000054
-0.013455
0.003807
-0.013177
0.011087
-0.006548
-0.003034
-0.014127
-0.004916
-0.016490
-0.016053
-0.011289
-0.017723
-0.014041
-0.051751
-0.034889
-0.036181
-0.018545
-0.020425
-0.000270
-0.027970
-0.001686
-0.030426
-0.035307
-0.052229
-0.033702
-0.088639
-0.033318
-0.063412
0.016113
-0.024833
0.011672
-0.025411
-0.003816
-0.022154
-0.021627
-0.031324
-0.032025
-0.030823
-0.054183
-0.041480
-0.028381
-0.008605
-0.002779
0.013538
-0.015965
0.004223
0.014580
0.003293
-0.009143
0.006297
-0.028793
-0.024661
-0.034727
0.010187
-0.030017
0.012650
-0.026883
-0.007629
-0.022125
-0.025116
-0.033593
-0.044527
-0.038564
-0.072503
-0.053004
-0.046379
-0.019902
-0.014694
0.006887
-0.026926
-0.003189
-0.000203
-0.000043
-0.016075
-0.005319
-0.031942
-0.010311
-0.052720
0.011428
-0.025989
0.010548
-0.015623
-0.004671
-0.017383
-0.022871
-0.024363
-0.020675
-0.015895
-0.048417
-0.032868
-0.042424
-0.012316
0.004333
0.018122
-0.008115
0.011330
0.008734
-0.010493
-0.020894
-0.007543
-0.057275
-0.033341
-0.067923
-0.010033
-0.053910
-0.010076
-0.050813
-0.026452
-0.042305
-0.046966
-0.056353
-0.048220
-0.041401
-0.085998
-0.062458
-0.072316
-0.033617
-0.029403
-0.028008
-0.011980
-0.007299
-0.008613
-0.034499
-0.026143
-0.055878
-0.027439
-0.083823
-0.028440
-0.044902
-0.028622
-0.008682
-0.043058
-0.020142
-0.040248
-0.037717
-0.043400
-0.044201
-0.038630
-0.064062
-0.052161
-0.037305
-0.027111
-0.027928
-0.012707
-0.043884
0.007421
-0.003773
-0.000035
-0.020212
-0.015357
-0.090376
-0.067890
-0.106391
-0.040551
-0.072848
-0.031234
-0.060650
-0.043687
-0.064071
-0.064588
-0.056952
-0.041502
-0.030534
-0.062552
-0.067404
-0.052731
-0.044074
-0.029369
-0.033485
-0.019224
-0.039473
-0.045861
-0.071942
-0.055726
-0.083952
-0.057948
-0.103560
-0.061710
-0.089089
-0.052971
-0.045945
-0.057720
-0.050052
-0.064382
-0.068961
-0.075434
-0.076113
-0.071656
-0.096788
-0.088482
-0.091638
-0.073635
-0.059891
-0.041987
-0.051432
-0.039178
-0.041810
-0.063930
-0.097281
-0.055377
-0.102462
-0.047554
-0.090735
-0.029316
-0.073395
-0.027383
-0.055395
-0.040707
-0.062036
-0.062132
-0.068534
-0.078533
-0.069268
-0.101612
-0.093304
-0.108836
-0.078992
-0.053604
-0.027402
-0.037485
-0.048873
-0.063231
-0.105555
-0.063817
-0.068436
-0.058550
-0.088719
-0.044330
-0.092251
-0.022046
-0.074650
-0.029272
-0.064545
-0.057753
-0.057637
-0.084118
-0.074907
-0.098930
-0.108584
-0.126664
-0.109616
-0.127698
-0.051644
-0.046338
-0.029815
-0.062601
-0.045508
-0.117031
-0.083954
-0.111265
-0.081554
-0.131368
-0.086648
-0.114034
-0.066562
-0.094516
-0.069479
-0.082558
-0.077754
-0.083961
-0.095011
-0.099794
-0.112518
-0.098240
-0.139767
-0.134057
-0.139137
-0.111454
-0.090180
-0.072754
-0.056851
-0.083315
-0.095969
-0.166970
-0.128695
-0.138533
-0.100352
-0.175919
-0.070298
-0.111491
-0.020866
-0.106882
-0.041996
-0.103640
-0.065991
-0.076672
-0.098565
-0.120552
-0.117943
-0.144862
-0.153227
-0.140879
-0.147937
-0.092922
-0.064356
-0.075848
-0.055208
-0.103808
-0.113180
-0.154240
-0.089604
-0.153259
-0.068242
-0.146609
-0.067627
-0.134267
-0.074077
-0.112463
-0.091241
-0.109313
-0.114102
-0.100763
-0.080131
-0.064028
-0.086375
-0.106471
-0.100462
-0.073598
-0.081473
-0.058001
-0.092734
-0.036310
-0.008574
-0.022729
-0.054105
-0.030836
-0.076154
-0.061771
-0.124920
-0.088745
-0.093511
-0.083325
-0.055242
-0.080075
-0.077719
-0.088722
-0.094406
-0.059432
-0.031467
-0.022219
-0.052141
-0.015457
-0.009015
0.017860
0.009215
0.003376
0.008239
-0.008237
-0.032639
-0.055902
-0.013645
-0.067440
-0.026654
-0.089065
-0.063486
-0.089943
-0.040584
-0.055611
-0.031933
-0.054774
-0.061393
-0.055607
-0.067368
-0.040505
-0.044882
-0.047962
-0.061286
-0.020085
-0.020660
0.016147
0.018848
0.013028
0.015945
-0.005433
-0.001230
-0.054706
0.013342
-0.076647
-0.031924
-0.121162
-0.067821
-0.111434
-0.057728
-0.094555
-0.070896
-0.093725
-0.091817
-0.091552
-0.066679
-0.047996
-0.078096
-0.090634
-0.103427
-0.087225
-0.085265
-0.049526
-0.086120
-0.036112
-0.090387
-0.073520
-0.133900
-0.073967
-0.121278
-0.055638
-0.105105
-0.031664
-0.099725
-0.047171
-0.076143
-0.059869
-0.082278
-0.085337
-0.094980
-0.114126
-0.101088
-0.133669
-0.122024
-0.146221
-0.094590
-0.066302
-0.018447
-0.021645
-0.032734
-0.059886
-0.070219
-0.128407
-0.080534
-0.121606
-0.132881
-0.202872
-0.108692
-0.113761
-0.074877
-0.101337
-0.074383
-0.123437
-0.103640
-0.108623
-0.108575
-0.108844
-0.129800
-0.146898
-0.143007
-0.133649
-0.115458
-0.095489
-0.086902
-0.103153
-0.099834
-0.139425
-0.159044
-0.142180
-0.114777
-0.135964
-0.150003
-0.157297
-0.150511
-0.143906
-0.153875
-0.146641
-0.147356
-0.139068
-0.173713
-0.178700
-0.172831
-0.170308
-0.211773
-0.204553
-0.244879
-0.187579
-0.187969
-0.170000
-0.147935
-0.186911
-0.156773
-0.193665
-0.150838
-0.200062
-0.151756
-0.179366
-0.153899
-0.181677
-0.143723
-0.141809
-0.132380
-0.138295
-0.136543
-0.157511
-0.147437
-0.144551
-0.124692
-0.164215
-0.173490
-0.212639
-0.166626
-0.153064
-0.132212
-0.145324
-0.121727
-0.177744
-0.172675
-0.202878
-0.182738
-0.218580
-0.194264
-0.226812
-0.194008
-0.211252
-0.191520
-0.173896
-0.190616
-0.182334
-0.182605
-0.213834
-0.202472
-0.206611
-0.215086
-0.237174
-0.221420
-0.244641
-0.184739
-0.170245
-0.152851
-0.181092
-0.172965
-0.196391
-0.165463
-0.213153
-0.172737
-0.200312
-0.165775
-0.207572
-0.163773
-0.185852
-0.168081
-0.159708
-0.173515
-0.179827
-0.176024
-0.164323
-0.128777
-0.140857
-0.149643
-0.164686
-0.142375
-0.145323
-0.108277
-0.105885
-0.124335
-0.062548
-0.118088
-0.099472
-0.132736
-0.098693
-0.142498
-0.136175
-0.165502
-0.142579
-0.131488
-0.145017
-0.114527
-0.147535
-0.138164
-0.136720
-0.138220
-0.119157
-0.130044
-0.130064
-0.158696
-0.152349
-0.158637
-0.091877
-0.111920
-0.105839
-0.105265
-0.115907
-0.116992
-0.146807
-0.085922
-0.152057
-0.092650
-0.170799
-0.146713
-0.185145
-0.129793
-0.164386
-0.130900
-0.157147
-0.148577
-0.162218
-0.175561
-0.153701
-0.180972
-0.186761
-0.204830
-0.182311
-0.213166
-0.138284
-0.152381
-0.128969
-0.139204
-0.164321
-0.143584
-0.198391
-0.158946
-0.199138
-0.186801
-0.223566
-0.202134
-0.221083
-0.192135
-0.175613
-0.185088
-0.162778
-0.162895
-0.184453
-0.161594
-0.142315
-0.128610
-0.173501
-0.154465
-0.185195
-0.139329
-0.135751
-0.127656
-0.105908
-0.122830
-0.116004
-0.156121
-0.123723
-0.177696
-0.133273
-0.192750
-0.172017
-0.207435
-0.158503
-0.185227
-0.134806
-0.177608
-0.160160
-0.160153
-0.193234
-0.170959
-0.013350
-0.015209
-0.015045
0.005760
0.036523
0.053426
-0.010083
-0.101058
-0.119804
-0.126485
-0.135562
-0.131111
-0.120907
-0.107556
-0.083400
-0.107763
-0.219512
-0.227092
-0.155102
-0.114775
0.012190
0.021105
0.004759
-0.001081
-0.001771
-0.000263
0.001983
-0.006026
-0.011112
-0.004240
-0.011635
0.011690
0.006846
-0.004651
-0.012901
-0.021794
-0.026685
-0.031031
-0.021288
-0.034828
-0.015102
-0.018160
-0.012373
-0.011799
-0.013822
-0.021701
-0.028325
-0.032794
-0.015664
-0.039037
-0.077775
-0.126780
-0.130734
-0.091965
-0.050407
-0.029366
-0.010501
-0.027845
-0.042691
-0.098082
-0.036541
-0.073106
-0.022443
-0.080790
-0.019171
-0.082021
0.011413
-0.053443
0.024489
-0.042682
-0.007387
-0.040655
-0.040329
-0.010052
0.019426
0.014839
-0.012608
-0.013340
0.018099
0.029305
0.026245
0.034243
0.028627
0.014405
-0.001181
-0.031178
-0.009820
0.001965
-0.020846
0.004279
-0.028390
0.014023
-0.001422
0.019068
-0.006058
0.005767
-0.009358
-0.010798
-0.020653
-0.031328
-0.025731
-0.052379
-0.043592
-0.050968
-0.033489
-0.007468
0.014065
-0.018164
0.005054
-0.017613
-0.014632
-0.046702
0.004444
-0.008455
0.022102
0.009951
0.015515
0.011638
0.010382
0.005009
0.008158
-0.004423
-0.001438
0.013043
-0.003622
0.002226
-0.024049
-0.008182
0.002384
0.003143
0.012343
0.014173
0.008631
0.007008
0.015701
-0.024146
-0.013505
-0.014496
-0.025528
-0.054114
-0.002313
-0.028393
0.003871
0.007526
-0.011501
-0.004370
-0.019283
-0.020197
-0.029583
-0.035978
-0.031919
-0.063616
-0.046262
-0.040938
-0.024920
-0.014778
-0.000857
-0.011360
-0.006651
-0.007045
-0.044746
-0.052289
-0.026478
-0.059416
-0.011127
-0.044638
0.022518
-0.022430
0.015841
-0.009576
-0.000523
-0.016662
-0.016228
-0.025602
-0.033105
-0.035393
-0.067175
-0.049939
-0.077522
-0.056600
-0.038836
-0.014301
-0.008185
-0.036550
-0.037471
-0.090454
-0.076611
-0.080348
-0.084614
-0.130738
-0.055969
-0.045708
-0.015587
-0.001768
-0.048226
-0.008515
-0.047887
-0.018218
-0.043286
-0.059448
-0.046365
-0.075970
-0.070595
-0.070280
-0.065863
-0.041300
0.004024
-0.015449
0.016794
-0.038683
-0.088821
-0.100408
-0.059846
-0.093755
-0.036829
-0.096061
0.026645
-0.014385
0.048619
-0.001514
0.036987
-0.026637
0.009229
-0.007556
-0.027339
-0.023582
-0.031699
-0.049715
-0.046649
-0.039559
-0.057406
-0.023707
-0.010163
-0.034559
-0.012572
-0.018659
-0.047970
-0.047191
-0.016778
-0.022730
-0.031935
-0.010867
-0.039607
-0.007856
-0.029702
-0.035880
-0.027928
-0.035877
-0.040561
-0.042441
-0.055409
-0.051894
-0.093678
-0.070731
-0.090753
-0.079676
-0.066951
-0.060224
-0.055795
-0.065949
-0.049820
-0.097940
-0.070809
-0.110960
-0.077142
-0.095163
-0.051723
-0.071437
-0.045327
-0.023618
-0.038144
-0.034196
-0.052179
-0.052261
-0.049592
-0.035395
-0.030576
-0.048177
-0.055885
-0.060575
-0.051169
-0.039436
-0.031159
-0.033370
-0.033854
-0.054621
-0.073984
-0.080084
-0.056132
-0.079750
-0.132283
-0.094858
-0.076947
-0.047497
-0.051471
-0.075828
-0.042721
-0.081815
-0.057282
-0.073286
-0.081640
-0.070209
-0.102702
-0.103579
-0.078885
-0.060744
-0.048545
-0.016046
-0.046049
-0.008950
-0.018601
-0.021684
-0.072193
-0.039508
-0.071449
-0.004622
-0.068062
0.005810
-0.061883
-0.005963
-0.042161
-0.023790
-0.044497
-0.041616
-0.052008
-0.065707
-0.055320
-0.083294
-0.078646
-0.101487
-0.068558
-0.042569
-0.001677
-0.008988
-0.014789
-0.023766
-0.055672
-0.059271
-0.046081
-0.062589
-0.071834
-0.126613
-0.049787
-0.081166
-0.023432
-0.071194
-0.036473
-0.064506
-0.055583
-0.062864
-0.080851
-0.073643
-0.093470
-0.114696
-0.114226
-0.088470
-0.079234
-0.029881
-0.017982
-0.031022
-0.012694
-0.057168
-0.079541
-0.108988
-0.068292
-0.092727
-0.119949
-0.113339
-0.089829
-0.094433
-0.086579
-0.086567
-0.083884
-0.099704
-0.096131
-0.088735
-0.060844
-0.063956
-0.103311
-0.113073
-0.090018
-0.059506
-0.056671
-0.016164
-0.037835
-0.019178
-0.069415
-0.083218
-0.100759
-0.066508
-0.104678
-0.086621
-0.139753
-0.038968
-0.081356
-0.019674
-0.079559
-0.040618
-0.082568
-0.062906
-0.079672
-0.097346
-0.083297
-0.107998
-0.117555
-0.121347
-0.112811
-0.084921
-0.056153
-0.058758
-0.067662
-0.053355
-0.094698
-0.109175
-0.115504
-0.066237
-0.117577
-0.068492
-0.105811
-0.074657
-0.070194
-0.087543
-0.076398
-0.096289
-0.091446
-0.099198
-0.117320
-0.100535
-0.124527
-0.123015
-0.135326
-0.130084
-0.109885
-0.076706
-0.069615
-0.086654
-0.088857
-0.121404
-0.121105
-0.134664
-0.081922
-0.136691
-0.087439
-0.123330
-0.046617
-0.083698
-0.047490
-0.081765
-0.072323
-0.071324
-0.087114
-0.091510
-0.105817
-0.110998
-0.133009
-0.153640
-0.179933
-0.143287
-0.120806
-0.124656
-0.093460
-0.135678
-0.129358
-0.183149
-0.134404
-0.175679
-0.103403
-0.191707
-0.101455
-0.170814
-0.095117
-0.141935
-0.094909
-0.127108
-0.113563
-0.117006
-0.146880
-0.147814
-0.158965
-0.174234
-0.196136
-0.201144
-0.211262
-0.158770
-0.147896
-0.106814
-0.133432
-0.116476
-0.192443
-0.146217
-0.191123
-0.144018
-0.164309
-0.125015
-0.149068
-0.132517
-0.142253
-0.140664
-0.133908
-0.131711
-0.141135
-0.150162
-0.137494
-0.114913
-0.108829
-0.139633
-0.146015
-0.141854
-0.151088
-0.129389
-0.113852
-0.122221
-0.101754
-0.106591
-0.115270
-0.144449
-0.118204
-0.155993
-0.106322
-0.156962
-0.129376
-0.147247
-0.131028
-0.097927
-0.129633
-0.117911
-0.121309
-0.137794
-0.113708
-0.113141
-0.101393
-0.136286
-0.126064
-0.154737
-0.108379
-0.098124
-0.074479
-0.103635
-0.095752
-0.127779
-0.123078
-0.122094
-0.119981
-0.135895
-0.138348
-0.185858
-0.138600
-0.163384
-0.141694
-0.164087
-0.147283
-0.154464
-0.168101
-0.152900
-0.147326
-0.135689
-0.190307
-0.203292
-0.233257
-0.187208
-0.187731
-0.182781
-0.152594
-0.163981
-0.155055
-0.202880
-0.151375
-0.192190
-0.139158
-0.186644
-0.147606
-0.174464
-0.155385
-0.144370
-0.156135
-0.146314
-0.152093
-0.165412
-0.168610
-0.165387
-0.153393
-0.186991
-0.193797
-0.244326
-0.196715
-0.177229
-0.152746
-0.163797
-0.146439
-0.179113
-0.134650
-0.184802
-0.147649
-0.189959
-0.175690
-0.214076
-0.189580
-0.198934
-0.187300
-0.173309
-0.179346
-0.178067
-0.181371
-0.202216
-0.179311
-0.196859
-0.210281
-0.230741
-0.208142
-0.244455
-0.190480
-0.172398
-0.169506
-0.173733
-0.144525
-0.159372
-0.194303
-0.152302
-0.203429
-0.164675
-0.204672
-0.174772
-0.192891
-0.165679
-0.162268
-0.154372
-0.173935
-0.178986
-0.176684
-0.160633
-0.129503
-0.142812
-0.153793
-0.174389
-0.158277
-0.158703
-0.131497
-0.116769
-0.145024
-0.078863
-0.132769
-0.114255
-0.154116
-0.113413
-0.146335
-0.131061
-0.172275
-0.139620
-0.138568
-0.140486
-0.117629
-0.140048
-0.140832
-0.136425
-0.146204
-0.119736
-0.129202
-0.130600
-0.146437
-0.120272
-0.139501
-0.080842
-0.101086
-0.094911
-0.095513
-0.102932
-0.119081
-0.151764
-0.086379
-0.141616
-0.110629
-0.179171
-0.146159
-0.182448
-0.132621
-0.170057
-0.131178
-0.162560
-0.160639
-0.166436
-0.150507
-0.120424
-0.143807
-0.166517
-0.202430
-0.185265
-0.167591
-0.148845
-0.116750
-0.147485
-0.115709
-0.161693
-0.135195
-0.181007
-0.145248
-0.174563
-0.146172
-0.183009
-0.152670
-0.154292
-0.158908
-0.123725
-0.161906
-0.155431
-0.160425
-0.170254
-0.154834
-0.166312
-0.171295
-0.190663
-0.164694
-0.158611
-0.089758
-0.096129
-0.095968
-0.092543
-0.119124
-0.113801
-0.154526
-0.097758
-0.135159
-0.123908
-0.163504
-0.158215
-0.163079
-0.147509
-0.146542
-0.141783
-0.151821
-0.154367
-0.178364
-0.178843
-0.164129
-0.192701
-0.199611
-0.211766
-0.219539
-0.190537
-0.156031
-0.145530
-0.145430
-0.163010
-0.191875
-0.221654
-0.160791
-0.214054
-0.147104
-0.207168
-0.170233
-0.226194
-0.166814
-0.198051
-0.161761
-0.183868
-0.176227
-0.178421
-0.211553
-0.210162
-0.216501
-0.220208
-0.241318
-0.251045
-0.265323
-0.218352
-0.197193
-0.171609
-0.189401
-0.181952
-0.246478
-0.250122
-0.275733
-0.188495
-0.264671
-0.183603
-0.255964
-0.154451
-0.231537
-0.141101
-0.223846
-0.170663
-0.193637
-0.206523
-0.231729
-0.261112
0.005972
-0.001038
-0.007507
-0.009796
-0.010471
-0.010145
-0.009792
-0.010673
-0.013004
-0.016549
-0.020680
-0.024517
-0.027164
-0.019879
-0.014064
-0.019703
-0.046878
-0.055842
-0.064992
-0.047187
-0.046127
-0.037463
-0.046534
-0.045170
-0.042171
-0.038145
-0.029507
-0.057257
-0.039647
-0.025973
-0.014247
-0.017698
-0.016223
-0.034538
-0.027123
-0.032750
-0.044175
-0.036686
-0.088207
-0.119606
-0.123395
-0.120164
-0.084099
-0.038995
-0.012090
-0.005791
-0.021378
-0.023618
-0.061097
0.009423
-0.034592
0.043028
-0.082613
0.000577
-0.096198
-0.007523
-0.089963
0.021345
-0.073442
0.004324
-0.068658
-0.054254
-0.071277
-0.085411
-0.114803
-0.151418
-0.149222
-0.168780
-0.149074
-0.110363
-0.079023
-0.064538
-0.081263
-0.070230
-0.147427
-0.102894
-0.164863
-0.108531
-0.189022
-0.101692
-0.142414
-0.075883
-0.095938
-0.080257
-0.059263
-0.067706
-0.079835
-0.072449
-0.049169
-0.053729
-0.066600
-0.074499
-0.094258
-0.072243
-0.063448
-0.022137
-0.044511
-0.027852
-0.060498
-0.094639
-0.104373
-0.070904
-0.102032
-0.051020
-0.108754
-0.032646
-0.100781
-0.039192
-0.084983
-0.054964
-0.086700
-0.077797
-0.097743
-0.120097
-0.112898
-0.137511
-0.140053
-0.161123
-0.134999
-0.108316
-0.068122
-0.084534
-0.082325
-0.106636
-0.072264
-0.104738
-0.081809
-0.093427
-0.065506
-0.104591
-0.083623
-0.101470
-0.091350
-0.079130
-0.090046
-0.091595
-0.091308
-0.102176
-0.080285
-0.081819
-0.087036
-0.114821
-0.125275
-0.132191
-0.091699
-0.082957
-0.072180
-0.090449
-0.088373
-0.072886
-0.058048
-0.086554
-0.043913
-0.077767
-0.086071
-0.124061
-0.094412
-0.099476
-0.087806
-0.083119
-0.089099
-0.095181
-0.105506
-0.100753
-0.107121
-0.089586
-0.132032
-0.141684
-0.152068
-0.113565
-0.089742
-0.066971
-0.091381
-0.065707
-0.123041
-0.098401
-0.096524
-0.074202
-0.075863
-0.087310
-0.096050
-0.078204
-0.088845
-0.070424
-0.095193
-0.071249
-0.097684
-0.091279
-0.099611
-0.123996
-0.122689
-0.162641
-0.163675
-0.180230
-0.147125
-0.117248
-0.066937
-0.072349
-0.064062
-0.101992
-0.136130
-0.170133
-0.102724
-0.166693
-0.091262
-0.183542
-0.075248
-0.116725
-0.051039
-0.110251
-0.055325
-0.100899
-0.085776
-0.096572
-0.116811
-0.123311
-0.135392
-0.167665
-0.177515
-0.169162
-0.181306
-0.124036
-0.119199
-0.099862
-0.125521
-0.134861
-0.203453
-0.184405
-0.171205
-0.152942
-0.210835
-0.132407
-0.119572
-0.086174
-0.089126
-0.118421
-0.079861
-0.115140
-0.093822
-0.118711
-0.133003
-0.155357
-0.203078
-0.204436
-0.196606
-0.174669
-0.163277
-0.125396
-0.134415
-0.112781
-0.165933
-0.127681
-0.196746
-0.151897
-0.192681
-0.126849
-0.186816
-0.125917
-0.181546
-0.122157
-0.160908
-0.126933
-0.157965
-0.154951
-0.154421
-0.151266
-0.149848
-0.171078
-0.177578
-0.180649
-0.186705
-0.169876
-0.142542
-0.134080
-0.143804
-0.117903
-0.161522
-0.146177
-0.169234
-0.122774
-0.157383
-0.124915
-0.160437
-0.118181
-0.148061
-0.116139
-0.124270
-0.128879
-0.123955
-0.150948
-0.143153
-0.163488
-0.147829
-0.183292
-0.184352
-0.220798
-0.151521
-0.131073
-0.114484
-0.122942
-0.135258
-0.130147
-0.176605
-0.136973
-0.165005
-0.109158
-0.198585
-0.124014
-0.186563
-0.127396
-0.169577
-0.126325
-0.161814
-0.138510
-0.139716
-0.176737
-0.180456
-0.198490
-0.197081
-0.245559
-0.237890
-0.279728
-0.221219
-0.191613
-0.159576
-0.158248
-0.169324
-0.179002
-0.199057
-0.248031
-0.184544
-0.230483
-0.156394
-0.234734
-0.202075
-0.244172
-0.195208
-0.214922
-0.207110
-0.204035
-0.196060
-0.224581
-0.228352
-0.241122
-0.223971
-0.269788
-0.267799
-0.314133
-0.248571
-0.242105
-0.219521
-0.203321
-0.241020
-0.205181
-0.229507
-0.207077
-0.253727
-0.207883
-0.254190
-0.208169
-0.252515
-0.208130
-0.235258
-0.206680
-0.209667
-0.218286
-0.222392
-0.220946
-0.215275
-0.199151
-0.209782
-0.227195
-0.236123
-0.230945
-0.222191
-0.193108
-0.217958
-0.122343
-0.137054
-0.143174
-0.175293
-0.151659
-0.187640
-0.155069
-0.216288
-0.175699
-0.215662
-0.184657
-0.186072
-0.175254
-0.197743
-0.191747
-0.194454
-0.200517
-0.194052
-0.206902
-0.209010
-0.229220
-0.226656
-0.195175
-0.157060
-0.143332
-0.159740
-0.178329
-0.175671
-0.230896
-0.155207
-0.182204
-0.158089
-0.238140
-0.180426
-0.226654
-0.182638
-0.200536
-0.211073
-0.186714
-0.203469
-0.217772
-0.229683
-0.261546
-0.245887
-0.304035
-0.297911
-0.341782
-0.316042
-0.291912
-0.271361
-0.273961
-0.251542
-0.251366
-0.278979
-0.305092
-0.264957
-0.286962
-0.245666
-0.274433
-0.241335
-0.259497
-0.245694
-0.239332
-0.230347
-0.248088
-0.242907
-0.250444
-0.256201
-0.244536
-0.258099
-0.265985
-0.276371
-0.269379
-0.242430
-0.210910
-0.223577
-0.160187
-0.151027
-0.163047
-0.192907
-0.170512
-0.200362
-0.168106
-0.240150
-0.204411
-0.228251
-0.224955
-0.209891
-0.213193
-0.218383
-0.208950
-0.227827
-0.215802
-0.224273
-0.199402
-0.248827
-0.268712
-0.305505
-0.249876
-0.249063
-0.259980
-0.243397
-0.155902
-0.205053
-0.224398
-0.198324
-0.237118
-0.210480
-0.280410
-0.245767
-0.274270
-0.253267
-0.261036
-0.247851
-0.251657
-0.243106
-0.260524
-0.253855
-0.257204
-0.232310
-0.272480
-0.288602
-0.321431
-0.288528
-0.280561
-0.275342
-0.278021
-0.255148
-0.224090
-0.250283
-0.266707
-0.242897
-0.261158
-0.246441
-0.300323
-0.267658
-0.289203
-0.281416
-0.268964
-0.278938
-0.273835
-0.267880
-0.287869
-0.265261
-0.287451
-0.282301
-0.330319
-0.314696
-0.353196
-0.300582
-0.301000
-0.290688
-0.289790
-0.229362
-0.279897
-0.276964
-0.300531
-0.272127
-0.300460
-0.290734
-0.309635
-0.283707
-0.297348
-0.294074
-0.286456
-0.282282
-0.288116
-0.285278
-0.294934
-0.304904
-0.291311
-0.310249
-0.315847
-0.333314
-0.322803
-0.292232
-0.269413
-0.276568
-0.274806
-0.205877
-0.232804
-0.255931
-0.230423
-0.255711
-0.232191
-0.299764
-0.269669
-0.292126
-0.286448
-0.290530
-0.294666
-0.281234
-0.275093
-0.291375
-0.284737
-0.288180
-0.266168
-0.319112
-0.309291
-0.342126
-0.320134
-0.290655
-0.294640
-0.294493
-0.220565
-0.245456
-0.254530
-0.257396
-0.251667
-0.264964
-0.258281
-0.306716
-0.279718
-0.303980
-0.293198
-0.297341
-0.286476
-0.291146
-0.273662
-0.299647
-0.288530
-0.294463
-0.271984
-0.326796
-0.320547
-0.363472
-0.312168
-0.321274
-0.301824
-0.310747
-0.294232
-0.307272
-0.334073
-0.257250
-0.290588
-0.304314
-0.322077
-0.355805
-0.353289
-0.349057
-0.334860
-0.349577
-0.316273
-0.341067
-0.302565
-0.314654
-0.311964
-0.286594
-0.326981
-0.354563
-0.412880
-0.369011
-0.368730
-0.348716
-0.328836
-0.338081
-0.242785
-0.283959
-0.278726
-0.306377
-0.275602
-0.330403
-0.313602
-0.381104
-0.324341
-0.358383
-0.331357
-0.324377
-0.265120
-0.240319
-0.266182
-0.260968
-0.252796
-0.239546
-0.294492
-0.302517
-0.354729
-0.306958
-0.296852
-0.269183
-0.251530
-0.193053
-0.236816
-0.234677
-0.283047
-0.276388
-0.304972
-0.315622
-0.362076
-0.341589
-0.356748
-0.350417
-0.356737
-0.330133
-0.339507
-0.316132
-0.315843
-0.390417
-0.391568
-0.404107
-0.403936
-0.415057
-0.388349
-0.373567
-0.328149
-0.322880
-0.315556
-0.333820
-0.307751
-0.336722
-0.312356
-0.356741
-0.341646
-0.378097
-0.387920
-0.404346
-0.391824
-0.389426
-0.385221
-0.381221
-0.370671
-0.359958
-0.361868
-0.354748
-0.369348
-0.465821
-0.489971
-0.467573
-0.467256
-0.454086
-0.442257
-0.420076
-0.430218
-0.407463
-0.409564
-0.457316
-0.177189
-0.160160
-0.165450
-0.168813
-0.176878
-0.220712
-0.240238
-0.287973
-0.283458
-0.266234
-0.254289
-0.222511
-0.137837
-0.110386
-0.106426
-0.096885
-0.058250
-0.045241
-0.045558
-0.068744
-0.103882
-0.157576
-0.181726
-0.190007
-0.194262
-0.214876
-0.200112
-0.218291
-0.201339
-0.246768
-0.254639
-0.298261
-0.284446
-0.004927
-0.014799
-0.038355
-0.046896
-0.050958
-0.052952
-0.053238
-0.054403
-0.056595
-0.059589
