-0.693087
-0.604586
-0.523184
-0.414736
-0.308940
-0.222895
-0.172485
-0.143676
-0.117735
-0.074543
-0.029332
0.030208
0.045224
0.047968
0.058420
0.073039
0.066900
0.056843
0.041262
0.032755
0.033195
0.024615
0.028888
0.020370
0.033970
0.037614
0.065654
0.073969
0.100472
0.067992
0.032187
0.033211
0.014735
-0.001390
-0.043512
-0.061284
-0.102718
-0.063699
-0.094486
-0.065747
-0.083972
-0.064727
-0.054358
-0.034072
-0.017218
0.041828
0.089387
0.108314
0.120714
0.134636
0.326455
0.310713
0.266484
0.282353
0.276508
0.299309
0.284860
0.307046
0.294923
0.316679
0.278515
0.290309
0.265826
0.283916
0.270303
0.267300
0.298345
0.298896
0.338843
0.315212
0.341411
0.322758
0.340203
0.330737
0.349975
0.344509
0.353344
0.352887
0.324152
0.335049
0.307181
0.327930
0.287416
0.310114
0.290648
0.299728
0.203897
0.184721
0.132272
0.166119
0.125220
0.145847
0.166534
0.170351
0.163574
0.159591
0.198647
0.229269
0.275378
0.288282
0.299546
0.306658
0.287210
0.294607
0.303952
0.332350
0.336742
0.300748
0.308678
0.300609
0.318123
0.247876
0.236417
0.155872
0.180350
0.178187
0.215471
0.248797
0.254999
0.231505
0.227290
0.266048
0.261208
0.267273
0.285362
0.309175
0.298038
0.300921
0.289864
0.303091
0.354995
0.377487
0.405818
0.383683
0.436370
0.367016
0.394992
0.299748
0.305716
0.311740
0.236158
0.202053
0.221095
0.234823
0.256195
0.239220
0.247794
0.282979
0.301125
0.332046
0.325575
0.332235
0.314630
0.327377
0.316986
0.376369
0.367563
0.369045
0.326275
0.382137
0.319591
0.360399
0.253972
0.262251
0.227321
0.259430
0.184750
0.222549
0.231512
0.226459
0.240534
0.243944
0.284657
0.315845
0.330560
0.329903
0.345181
0.319549
0.326806
0.323919
0.396972
0.397418
0.414040
0.389849
0.365533
0.323276
0.343169
0.303401
0.312820
0.303096
0.201615
0.176846
0.212255
0.235139
0.257201
0.246200
0.238215
0.293048
0.323387
0.346108
0.352188
0.349542
0.345862
0.341098
0.309938
0.339383
0.352290
0.351583
0.306118
0.350706
0.300677
0.339220
0.227930
0.240025
0.200856
0.234024
0.185207
0.188647
0.175745
0.211810
0.250794
0.233021
0.266655
0.294310
0.308124
0.306367
0.332513
0.299645
0.320232
0.301263
0.356177
0.366607
0.391587
0.360476
0.416752
0.339005
0.341789
0.270175
0.281080
0.271432
0.232292
0.179003
0.107709
0.117056
0.140384
0.153994
0.149087
0.225910
0.265415
0.295090
0.295224
0.294828
0.285311
0.299989
0.291850
0.350464
0.312304
0.316087
0.306662
0.332786
0.291103
0.301628
0.193914
0.175801
0.120478
0.163329
0.149384
0.152532
0.158951
0.156560
0.128181
0.095455
0.122627
0.151232
0.179794
0.181987
0.198133
0.212699
0.221103
0.170138
0.216510
0.234082
0.286072
0.237875
0.278398
0.285470
0.288315
0.239103
0.216882
0.128948
0.153143
0.127378
0.171260
0.149562
0.153283
0.184519
0.201737
0.179091
0.219306
0.244711
0.243247
0.267491
0.271140
0.299224
0.261994
0.300096
0.262565
0.321662
0.307376
0.328212
0.304370
0.365537
0.297169
0.336622
0.226287
0.240711
0.209576
0.238130
0.197193
0.233976
0.235756
0.248526
0.229097
0.216977
0.252570
0.271179
0.289535
0.296431
0.300141
0.273903
0.283738
0.309961
0.310959
0.353688
0.334393
0.374733
0.350244
0.356662
0.293528
0.288035
0.230007
0.258801
0.239306
0.214751
0.250030
0.271101
0.281164
0.233322
0.254568
0.259254
0.297079
0.302792
0.304326
0.302729
0.283753
0.298883
0.314817
0.304317
0.344052
0.338517
0.372575
0.337999
0.365598
0.303731
0.295302
0.231300
0.258913
0.221496
0.214898
0.233902
0.254414
0.253877
0.227238
0.233784
0.264602
0.295696
0.304272
0.316562
0.306325
0.308661
0.306802
0.334444
0.371177
0.359058
0.378709
0.348189
0.406744
0.322036
0.337838
0.264064
0.292756
0.228449
0.210570
0.133470
0.100940
0.107327
0.121179
0.153869
0.141216
0.216245
0.243607
0.271321
0.266622
0.281949
0.257022
0.274422
0.280887
0.261161
0.289993
0.276520
0.291866
0.267099
0.302505
0.248884
0.262378
0.158494
0.204959
0.181586
0.197159
0.159729
0.155487
0.185473
0.222053
0.201769
0.227171
0.254739
0.282488
0.278921
0.295376
0.275706
0.292989
0.273888
0.323303
0.319475
0.347618
0.301787
0.346646
0.310477
0.341665
0.244728
0.254961
0.197937
0.234140
0.222183
0.200249
0.187896
0.227766
0.264944
0.228025
0.265545
0.300038
0.306681
0.314220
0.333021
0.305017
0.320265
0.304956
0.356869
0.376225
0.411540
0.376853
0.426515
0.370677
0.368973
0.285996
0.300677
0.299879
0.261427
0.175295
0.188393
0.202098
0.198995
0.211567
0.172896
0.219286
0.222751
0.277037
0.260740
0.271297
0.253388
0.271255
0.247195
0.288058
0.268435
0.315994
0.285051
0.329705
0.283840
0.323605
0.209321
0.220105
0.179246
0.216360
0.133075
0.139983
0.127414
0.169421
0.201998
0.160901
0.197568
0.241319
0.243784
0.260532
0.275808
0.270557
0.258505
0.280019
0.267568
0.309466
0.262010
0.283096
0.264971
0.301078
0.231424
0.245182
0.132883
0.171589
0.134841
0.190081
0.128099
0.145921
0.169796
0.208145
0.202826
0.215692
0.243475
0.247347
0.276387
0.274545
0.294153
0.260977
0.293397
0.271426
0.332502
0.310588
0.336672
0.315036
0.375162
0.288874
0.326312
0.219697
0.254793
0.229207
0.256080
0.191945
0.235098
0.257075
0.264875
0.237159
0.210530
0.243855
0.248557
0.290204
0.279009
0.283445
0.262273
0.292761
0.272490
0.325065
0.298988
0.326245
0.301715
0.341225
0.251424
0.311867
0.205612
0.238800
0.208210
0.240161
0.182273
0.219045
0.232178
0.250975
0.242715
0.210121
0.248158
0.267529
0.288593
0.296393
0.290762
0.274533
0.278247
0.307752
0.308176
0.336699
0.317745
0.356986
0.322716
0.351827
0.283494
0.284135
0.209211
0.241561
0.237848
0.227514
0.245295
0.269229
0.253919
0.206208
0.222679
0.249374
0.280564
0.294364
0.300924
0.295939
0.279997
0.288760
0.307401
0.328923
0.356967
0.328756
0.365616
0.347357
0.351500
0.327504
0.302055
0.259591
0.295711
0.234926
0.187063
0.223631
0.240625
0.240498
0.226846
0.205141
0.249830
0.262061
0.281845
0.277999
0.277295
0.253568
0.275770
0.286120
0.291859
0.310700
0.292895
0.331685
0.293852
0.324470
0.251281
0.262139
0.183541
0.229152
0.200401
0.187858
0.200421
0.228950
0.223717
0.192583
0.206411
0.221665
0.269230
0.271107
0.277618
0.271780
0.253519
0.272419
0.286113
0.281543
0.306333
0.302565
0.336764
0.299326
0.331244
0.263200
0.279574
0.191544
0.239218
0.219377
0.216931
0.222841
0.241676
0.231007
0.212446
0.207072
0.222017
0.260233
0.264915
0.274588
0.257929
0.247973
0.255447
0.278869
0.281315
0.309606
0.286381
0.324298
0.291190
0.325524
0.266204
0.280051
0.204830
0.248045
0.233282
0.199793
0.191831
0.215920
0.240641
0.221118
0.196615
0.214402
0.259246
0.263354
0.276139
0.271592
0.266554
0.266792
0.289396
0.296658
0.325517
0.303088
0.342149
0.302948
0.337442
0.290062
0.312034
0.239603
0.280796
0.260673
0.185813
0.169292
0.192956
0.211227
0.204522
0.175216
0.199524
0.240293
0.235754
0.252292
0.248483
0.250926
0.245122
0.282745
0.253396
0.292791
0.273069
0.298584
0.262977
0.289777
0.220747
0.258999
0.178722
0.233848
0.116833
0.173216
0.114716
0.131836
0.154258
0.173584
0.157593
0.185657
0.224669
0.248462
0.250364
0.270377
0.240112
0.275626
0.276491
0.296596
0.255064
0.278930
-0.194648
-0.188216
-0.180270
-0.138417
-0.076815
-0.010872
0.028204
0.081718
0.128275
0.157592
0.179663
0.225812
0.282666
0.300953
0.286450
0.286744
0.253959
0.288817
0.283724
0.277981
0.254255
0.237754
0.263339
0.266262
0.270075
0.285655
0.283054
0.288430
0.300949
0.293174
0.259171
0.226051
0.175844
0.182875
0.185613
0.166802
0.167954
0.192894
0.191351
0.190561
0.201579
0.256164
0.290674
0.311540
0.325367
0.330003
0.327578
0.290289
0.255392
0.286868
0.293609
0.300308
0.270810
0.304745
0.262127
0.279607
0.181946
0.194286
0.131349
0.179550
0.163562
0.179403
0.165162
0.196659
0.231285
0.208939
0.254035
0.258972
0.278952
0.267604
0.299327
0.286661
0.298778
0.271619
0.310088
0.317656
0.343344
0.313209
0.356770
0.338820
0.345297
0.287303
0.259948
0.226646
0.243706
0.239754
0.216134
0.233531
0.248654
0.249850
0.199012
0.192571
0.238614
0.251267
0.282733
0.275166
0.283279
0.258075
0.288934
0.271773
0.332670
0.305493
0.349318
0.332304
0.379795
0.304823
0.321059
0.223130
0.249480
0.238825
0.197083
0.187949
0.223178
0.236555
0.202329
0.193660
0.203217
0.260884
0.266538
0.299487
0.297089
0.274373
0.291260
0.283907
0.278896
0.337634
0.322485
0.342704
0.315405
0.372114
0.300234
0.329449
0.239707
0.256143
0.258692
0.215678
0.173383
0.206351
0.221706
0.208690
0.187745
0.196706
0.257685
0.260538
0.290253
0.284836
0.280429
0.275621
0.293827
0.270592
0.313261
0.291939
0.329445
0.296252
0.348334
0.260515
0.303792
0.202306
0.234459
0.215708
0.200504
0.148060
0.184090
0.190848
0.216291
0.206861
0.199871
0.256491
0.259120
0.296663
0.291708
0.288066
0.277851
0.300913
0.276190
0.345102
0.314602
0.351900
0.306640
0.366785
0.272019
0.334537
0.232381
0.260627
0.244403
0.264959
0.170859
0.208287
0.221212
0.226122
0.203969
0.185869
0.237465
0.244362
0.281288
0.275027
0.279329
0.259316
0.291497
0.264335
0.336679
0.303113
0.341922
0.295888
0.354816
0.256933
0.320321
0.224642
0.257406
0.237687
0.196659
0.162717
0.204370
0.207688
0.214351
0.181283
0.179844
0.240024
0.248632
0.273819
0.275047
0.275043
0.262488
0.291757
0.281754
0.320746
0.307683
0.343310
0.302555
0.355182
0.257674
0.314481
0.215346
0.255481
0.232834
0.164385
0.110492
0.150824
0.139793
0.161570
0.172764
0.146128
0.202879
0.220579
0.241721
0.235194
0.257712
0.237089
0.260445
0.226132
0.266636
0.236598
0.270958
0.247516
0.280749
0.236725
0.284500
0.179466
0.221082
0.147355
0.211533
0.126640
0.149018
0.107522
0.163508
0.192471
0.165702
0.190861
0.223528
0.230440
0.260421
0.258322
0.261916
0.246805
0.285042
0.243248
0.300197
0.275743
0.321188
0.273290
0.332067
0.258914
0.313904
0.199057
0.239754
0.202287
0.239894
0.169407
0.186893
0.207219
0.242077
0.208114
0.204472
0.231371
0.275319
0.260494
0.279185
0.239934
0.261373
0.241350
0.296986
0.283759
0.323907
0.310739
0.329012
0.302593
0.309136
0.268521
0.250916
0.226463
0.228210
0.199503
0.178365
0.200661
0.226635
0.258644
0.232198
0.241402
0.275139
0.317132
0.309469
0.308775
0.288353
0.302494
0.288883
0.333719
0.316970
0.376764
0.331634
0.360736
0.338457
0.339346
0.302809
0.287381
0.258689
0.268978
0.255863
0.248919
0.206477
0.256619
0.269464
0.194772
0.187768
0.202679
0.205856
0.233085
0.229894
0.246830
0.197436
0.240358
0.256425
0.308348
0.274341
0.310051
0.276093
0.332896
0.240957
0.295223
0.212665
0.251386
0.173725
0.129734
0.134124
0.165371
0.162904
0.164754
0.160212
0.158803
0.215023
0.235950
0.239030
0.241537
0.206715
0.241174
0.248830
0.242540
0.266568
0.278575
0.300345
0.251527
0.308916
0.230199
0.287356
0.209844
0.255784
0.224729
0.249336
0.136039
0.124282
0.161047
0.171880
0.154320
0.122484
0.164204
0.189925
0.190217
0.221200
0.210988
0.215809
0.206396
0.247813
0.215340
0.254369
0.241017
0.280430
0.228531
0.276130
0.205863
0.254333
0.173776
0.223236
0.170384
0.148262
0.112906
0.144669
0.152021
0.171185
0.117690
0.140818
0.183110
0.184985
0.208191
0.207403
0.212652
0.201474
0.247022
0.198788
0.277766
0.242594
0.273047
0.219916
0.282557
0.205751
0.263906
0.169003
0.212392
0.172257
0.207926
0.116501
0.120636
0.141597
0.158453
0.144441
0.148024
0.164581
0.175923
0.216244
0.237359
0.270597
0.223597
0.278204
0.232093
0.278113
0.249100
0.363288
0.286993
0.330098
0.246370
0.318465
0.230208
0.259721
0.230767
0.232537
0.129234
0.162009
0.184138
0.193809
0.212719
0.166554
0.171205
0.212915
0.209725
0.256772
0.242446
0.259735
0.228134
0.272983
0.281900
0.324743
0.297123
0.336303
0.283378
0.315072
0.229171
0.270586
0.216832
0.245192
0.221770
0.146456
0.136064
0.161850
0.159613
0.166997
0.108849
0.133003
0.181790
0.176681
0.211037
0.207318
0.219005
0.203086
0.237029
0.240107
0.263096
0.244470
0.287071
0.236848
0.285320
0.239163
0.283873
0.200981
0.247222
0.102574
0.147185
0.103062
0.121863
0.120657
0.124904
0.083915
0.103076
0.158057
0.148505
0.184515
0.200917
0.215611
0.187250
0.238827
0.179586
0.258106
0.229948
0.290726
0.224865
0.288647
0.210728
0.277076
0.171906
0.222071
0.173718
0.210876
0.110151
0.123602
0.137691
0.162261
0.145293
0.124589
0.144366
0.173622
0.180549
0.229255
0.216508
0.218427
0.205260
0.250837
0.205730
0.291275
0.265171
0.310735
0.250583
0.301606
0.228590
0.268222
0.205606
0.238245
0.210205
0.138440
0.148635
0.173742
0.173078
0.161901
0.086976
0.131856
0.172671
0.178000
0.213777
0.192342
0.204863
0.185884
0.223151
0.187397
0.229520
0.203348
0.261213
0.186205
0.239431
0.167005
0.230177
0.132748
0.193559
0.139140
0.139718
0.111508
0.129394
0.143181
0.158192
0.084109
0.096076
0.138281
0.177471
0.192441
0.233970
0.200480
0.241471
0.204473
0.268535
0.220700
0.275594
0.258915
0.294626
0.231136
0.271589
0.209251
0.246517
0.181469
0.230643
0.156912
0.178058
0.162616
0.201048
0.208113
0.185252
0.144215
0.178660
0.193794
0.210367
0.243367
0.245860
0.247839
0.239528
0.270510
0.220183
0.264575
0.250401
0.320829
0.271033
0.328022
0.254047
0.293580
0.189811
0.231920
0.188185
0.171001
0.165728
0.153102
0.200205
0.235169
0.176350
0.193549
0.207710
0.203680
0.213433
0.236577
0.204741
0.222122
0.186056
0.238452
0.226137
0.276483
0.289014
0.335377
0.291853
0.297306
0.243456
0.236773
0.212400
0.227617
0.151285
0.142535
0.164443
0.166215
0.170502
0.111511
0.122188
0.192288
0.186048
0.214882
0.215239
0.214317
0.212821
0.248707
0.202269
0.259681
0.231341
0.280956
0.223828
0.286099
0.220553
0.268171
0.172443
0.226258
0.184224
0.151384
0.109363
0.132199
0.145881
0.166581
0.138889
0.148249
0.182738
0.217214
0.224930
0.251852
0.224870
0.244436
0.230749
0.271836
0.226389
0.267404
0.289881
0.312818
0.270147
0.295442
0.248451
0.225624
0.220347
0.188832
0.218339
0.195458
0.156419
0.192390
0.235922
0.228198
0.188681
0.202826
0.197486
0.242128
0.228468
0.255073
0.214044
0.252869
0.225731
0.294131
0.301316
0.330974
0.269607
0.324540
0.233177
0.278062
0.231366
0.253794
0.254940
0.145995
0.115537
0.151697
0.158615
0.158059
0.164272
0.115696
0.174011
0.188398
0.215599
0.204039
0.219900
0.182628
0.234630
0.192824
0.213745
0.185341
0.303472
-0.362936
-0.353936
-0.413575
-0.361858
-0.291521
-0.248916
-0.192318
-0.199702
-0.218952
-0.232431
-0.231702
-0.225526
-0.220958
-1.226990
-1.451896
-2.002117
-1.951836
-1.879258
-1.784620
-1.683948
-1.593377
-1.510904
-1.421242
-1.338159
-1.290790
-1.271234
-1.305606
-1.404056
-1.478549
-1.523909
-1.546648
0.667894
0.632334
0.562693
0.505184
0.465148
0.570932
0.608109
0.624443
0.673966
0.696348
0.558282
0.359913
0.283725
0.313680
0.472453
0.457033
0.319220
0.249999
0.264904
0.296392
0.373479
0.426389
0.283792
0.137637
0.106339
0.042925
0.011036
-0.019204
-0.027355
-0.068829
-0.074961
-0.096182
-0.096735
-0.113167
-0.062323
-0.092411
-0.044948
-0.079660
-0.023566
0.012185
0.055980
0.097561
0.151692
0.220103
0.216233
0.224266
0.197228
0.148886
0.115684
0.110041
0.084416
0.088206
0.077839
0.069020
0.055802
0.078083
0.086112
0.093514
0.080038
0.072464
0.073462
0.077206
0.081376
0.090092
0.123243
0.130012
0.151175
0.149512
0.206611
0.228807
0.244119
0.233792
0.245387
0.245211
0.230807
0.235834
0.247700
0.252764
0.268593
0.258134
0.285390
0.279451
0.283140
0.219775
0.180751
0.145545
0.153425
0.179402
0.174835
0.183419
0.176186
0.186796
0.114955
0.155686
0.155224
0.152229
0.156651
0.189421
0.199353
0.235488
0.202258
0.195536
0.241742
0.271125
0.276353
0.269024
0.319090
0.303430
0.290897
0.207273
0.182455
0.140907
0.169286
0.175016
0.204695
0.246731
0.229093
0.221981
0.188889
0.204800
0.188481
0.206223
0.240229
0.252385
0.273339
0.244363
0.268699
0.286829
0.321635
0.351051
0.328518
0.351879
0.344591
0.331456
0.273968
0.259089
0.235907
0.228471
0.142359
0.144550
0.159777
0.174288
0.192800
0.179509
0.213190
0.252894
0.270425
0.288235
0.307488
0.297086
0.288473
0.295484
0.296596
0.351244
0.331905
0.319631
0.299639
0.343628
0.281230
0.286715
0.212225
0.217897
0.211931
0.188543
0.188687
0.198083
0.206515
0.184946
0.183118
0.212048
0.229950
0.261400
0.261589
0.305647
0.283180
0.294155
0.283174
0.291397
0.352369
0.348233
0.350006
0.357443
0.389466
0.333801
0.333522
0.252857
0.263538
0.284447
0.176033
0.170257
0.184493
0.189886
0.149733
0.169643
0.190966
0.252821
0.261370
0.287166
0.295411
0.271904
0.289582
0.274096
0.291703
0.311734
0.311744
0.319997
0.312378
0.348556
0.281951
0.294272
0.206676
0.222977
0.228929
0.200969
0.190724
0.213087
0.231028
0.184522
0.194735
0.212806
0.259188
0.272827
0.296473
0.300862
0.277524
0.292582
0.284572
0.288037
0.334296
0.316277
0.330117
0.298638
0.343089
0.284441
0.304487
0.218006
0.229432
0.228427
0.201773
0.204420
0.229068
0.245311
0.207644
0.202210
0.209662
0.249840
0.259016
0.281970
0.296301
0.267076
0.284963
0.276689
0.279078
0.347497
0.322235
0.335690
0.321992
0.370751
0.298183
0.314490
0.228576
0.243426
0.249361
0.214215
0.117475
0.104892
0.144331
0.138168
0.149728
0.144252
0.207283
0.225358
0.268667
0.260319
0.270004
0.264546
0.264714
0.251977
0.308775
0.277787
0.285771
0.255704
0.296321
0.257248
0.291383
0.178747
0.197062
0.158103
0.195724
0.183659
0.190465
0.218733
0.180827
0.162005
0.170524
0.205119
0.233222
0.265658
0.266624
0.275212
0.253229
0.261141
0.260564
0.314677
0.325991
0.348097
0.321135
0.385100
0.295166
0.332546
0.245244
0.266174
0.243404
0.262958
0.209718
0.227517
0.235624
0.253983
0.269265
0.230972
0.258479
0.248480
0.294430
0.292421
0.282963
0.283037
0.290398
0.284528
0.323498
0.319379
0.338216
0.314066
0.360474
0.299983
0.351434
0.233437
0.245171
0.205733
0.236837
0.233367
0.245665
0.276415
0.250866
0.219744
0.172666
0.213006
0.242546
0.266171
0.273338
0.290099
0.259794
0.271582
0.270478
0.330911
0.336991
0.355803
0.328995
0.381434
0.297782
0.335329
0.232564
0.243854
0.218979
0.246390
0.172904
0.215896
0.227403
0.209708
0.211615
0.199110
0.240010
0.242710
0.284500
0.286534
0.281676
0.278157
0.283266
0.279467
0.318408
0.317751
0.340890
0.310431
0.357139
0.286463
0.336175
0.230535
0.244209
0.209503
0.238442
0.202928
0.225774
0.227560
0.244715
0.263903
0.226174
0.254526
0.248487
0.287212
0.285239
0.287483
0.272431
0.287947
0.275846
0.319524
0.320170
0.335156
0.313257
0.366304
0.314140
0.357886
0.242950
0.258802
0.217580
0.248536
0.246177
0.234163
0.263763
0.269875
0.263510
0.234183
0.254010
0.255135
0.293114
0.291775
0.299127
0.276245
0.291846
0.283614
0.336480
0.342155
0.360909
0.325565
0.392793
0.306082
0.350931
0.252959
0.273665
0.252691
0.272342
0.198436
0.211910
0.224001
0.225547
0.227655
0.177946
0.214126
0.226853
0.271108
0.265131
0.274500
0.254434
0.274680
0.257126
0.300317
0.289251
0.291163
0.277831
0.313415
0.273278
0.298138
0.224889
0.185584
0.203150
0.189506
0.227617
0.214390
0.245715
0.234549
0.197202
0.181500
0.212753
0.246064
0.262196
0.283702
0.276470
0.284412
0.270232
0.278175
0.329722
0.350789
0.375381
0.345461
0.354495
0.297499
0.328713
0.255008
0.261692
0.242375
0.260855
0.197677
0.181113
0.187634
0.197514
0.196750
0.166590
0.217669
0.238099
0.258096
0.273143
0.276819
0.269940
0.265739
0.272574
0.318125
0.323571
0.347076
0.317604
0.364314
0.303319
0.329616
0.245661
0.244295
0.234254
0.182354
0.141287
0.139280
0.141504
0.169608
0.195048
0.180293
0.220870
0.252270
0.275719
0.279786
0.288979
0.277958
0.285556
0.277019
0.313523
0.319838
0.328210
0.290586
0.335770
0.296491
0.320772
0.218843
0.216903
0.186598
0.216297
0.204364
0.182143
0.183878
0.207859
0.221866
0.171511
0.202386
0.220698
0.240089
0.247723
0.269369
0.257472
0.253459
0.252283
0.295550
0.314364
0.322829
0.299025
0.350323
0.320384
0.319496
0.251446
0.216831
0.199435
0.230168
0.197531
0.191072
0.200440
0.220690
0.216039
0.203839
0.201090
0.237247
0.251397
0.273603
0.267547
0.274475
0.261972
0.268539
0.303250
0.315339
0.334111
0.303882
0.362657
0.308968
0.337337
0.240131
0.239280
0.197607
0.230247
0.217132
0.185301
0.182322
0.200577
0.201952
0.158034
0.193859
0.213961
0.237910
0.250141
0.270963
0.247171
0.252053
0.265178
0.266489
0.326899
0.285295
0.314829
0.309581
0.330130
0.278135
0.273426
0.183568
0.204050
0.207941
0.203907
0.205419
0.233059
0.230318
0.186435
0.201575
0.210916
0.249509
0.268771
0.278684
0.284223
0.253573
0.278222
0.275290
0.274926
0.317425
0.299318
0.338027
0.298243
0.328729
0.280928
0.278498
0.184069
0.205669
0.202239
0.176471
0.180759
0.203640
0.202242
0.190095
0.180872
0.212288
0.263304
0.272852
0.299602
0.284317
0.296617
0.274645
0.286642
0.313975
0.326371
0.349040
0.292206
0.348037
0.297746
0.333460
0.227099
0.228818
0.191408
0.221964
0.170754
0.175026
0.164229
0.187720
0.219634
0.200889
0.240703
0.264913
0.272197
0.278199
0.293004
0.269919
0.258302
0.289852
0.296400
0.366856
0.352294
0.376505
0.375887
0.400021
0.331405
0.326753
0.222287
0.247036
0.242119
0.269647
0.223206
0.247696
0.272493
0.250208
0.200562
0.200669
0.240763
0.250879
0.266817
0.278503
0.276188
0.261942
0.273094
0.300321
0.306407
0.336562
0.296357
0.357534
0.304595
0.330611
0.248368
0.240040
0.213318
0.238200
0.149159
0.160120
0.179579
0.175714
0.174113
0.153021
0.208762
0.228840
0.267722
0.256952
0.278018
0.248317
0.266101
0.276176
0.282101
0.309187
0.276468
0.311140
0.286567
0.323853
0.244771
0.256392
0.148206
0.185834
0.156661
0.206062
0.149916
0.149080
0.174555
0.200671
0.186424
0.186317
0.219027
0.242634
0.258180
0.266102
0.263204
0.253011
0.255981
0.283511
0.294311
0.329202
0.297133
-0.337911
-0.331189
-0.320104
-0.287924
-0.314177
-0.326729
-0.341604
-0.337146
-0.422091
-0.425937
-0.425686
-0.455419
-0.484832
-0.518681
-0.541779
-0.610903
-0.635200
-0.699307
-0.695908
-0.740188
-0.758069
-3.435821
-3.280875
-2.868577
-2.800236
-2.754165
-2.680703
-2.577477
-2.444779
-2.291894
-2.136659
-2.020457
-1.972258
-1.946206
-1.961339
-2.079467
-2.247921
-2.368252
-2.358381
-2.363558
-2.385105
-2.414903
-2.462525
0.472221
0.434950
0.416660
0.438613
0.543247
0.419447
0.299209
0.321673
0.330242
0.339134
0.316370
0.328429
0.318835
0.384908
0.397334
0.320578
0.320350
0.335593
0.235044
0.243611
0.292112
0.187754
0.072524
-2.445744
-2.271832
-1.737610
-1.626826
-1.570517
-1.527204
-1.493977
-1.462325
-1.426535
-1.391487
-1.329699
-1.272476
-1.316315
-1.376719
-1.419100
-1.420625
-1.438986
-1.471485
-1.519728
-1.605318
-1.647723
-1.686741
-1.534303
-1.131541
-0.793739
-0.719155
-0.714213
0.313667
0.439867
0.375166
0.335277
0.303415
0.232722
0.236111
0.251506
0.310928
0.205175
0.110391
-0.336708
-0.323070
-0.619111
-0.581087
-0.561105
-0.556163
-0.475971
-0.414485
-0.351900
-0.249394
-0.161489
-0.071603
-0.021478
-0.000846
-1.274636
-1.194120
-0.930392
-0.866422
-0.786795
-0.698210
-0.609064
-0.523847
-0.449477
-0.377474
-0.301973
-0.265464
-0.243472
-0.197343
-0.170590
-0.160493
-0.191611
-0.220600
-0.231258
-0.249172
-0.204479
-0.145780
-0.126082
-0.121028
-0.113952
0.237358
0.295394
0.275059
0.240106
0.284865
0.277598
0.295770
0.302646
0.287473
0.272138
0.244618
0.192011
0.189140
0.108538
0.054285
0.022664
0.078018
0.078916
0.105048
0.107744
0.088517
0.083588
0.059356
0.096190
0.130816
0.153677
0.198162
0.198947
0.219918
0.223188
0.235885
0.229720
0.252751
0.240381
0.264882
0.226647
0.266608
0.246038
0.263889
0.189749
0.181199
0.113139
0.158180
0.128806
0.153390
0.137563
0.128457
0.163615
0.176465
0.192060
0.209480
0.237597
0.229287
0.256376
0.266491
0.267926
0.253925
0.272583
0.262043
0.295502
0.278432
0.315021
0.301469
0.330877
0.271859
0.262774
0.159636
0.193474
0.183686
0.219610
0.167433
0.174470
0.202170
0.212566
0.163099
0.175685
0.209103
0.213927
0.221090
0.241165
0.241750
0.230379
0.209205
0.259744
0.264116
0.287873
0.261875
0.310613
0.274679
0.277780
0.212033
0.175635
0.176336
0.173084
0.177702
0.182934
0.206997
0.201967
0.188127
0.187704
0.214422
0.227946
0.236051
0.268897
0.259367
0.273943
0.257037
0.272151
0.302219
0.306446
0.350315
0.314469
0.364070
0.328884
0.349473
0.273386
0.244080
0.215177
0.227607
0.244480
0.202166
0.248861
0.260947
0.257484
0.188586
0.206454
0.239921
0.271303
0.274837
0.282645
0.272262
0.269721
0.260206
0.315414
0.335465
0.369153
0.328362
0.392530
0.321645
0.355404
0.259694
0.269086
0.232662
0.262048
0.212130
0.209426
0.231342
0.228718
0.202990
0.177046
0.193388
0.225383
0.246849
0.266102
0.254925
0.262104
0.247276
0.262998
0.296742
0.293624
0.317825
0.276101
0.349784
0.255412
0.302558
0.212221
0.219892
0.179992
0.214580
0.184667
0.195641
0.188626
0.200481
0.223409
0.170428
0.204020
0.201633
0.252257
0.252599
0.244601
0.246451
0.243388
0.248201
0.279283
0.264715
0.300315
0.261962
0.316754
0.269531
0.313872
0.209326
0.218550
0.151190
0.197244
0.182341
0.182845
0.166578
0.198501
0.211263
0.155575
0.167543
0.196645
0.198663
0.220123
0.227120
0.231719
0.211411
0.236559
0.220800
0.299572
0.276705
0.304206
0.301710
0.331144
0.255640
0.281459
0.183188
0.209773
0.193064
0.173127
0.128434
0.137373
0.160368
0.194652
0.187552
0.191506
0.218567
0.236757
0.249588
0.260066
0.256543
0.251790
0.258521
0.277295
0.272963
0.314583
0.286374
0.326135
0.291259
0.299949
0.252721
0.233694
0.216014
0.232599
0.164457
0.157733
0.185145
0.203736
0.193383
0.170228
0.185807
0.242233
0.264348
0.297033
0.268715
0.280168
0.259548
0.284096
0.301590
0.298674
0.341790
0.317237
0.348702
0.312090
0.328717
0.274948
0.244982
0.223946
0.238789
0.214591
0.174230
0.199909
0.206424
0.194694
0.166871
0.205707
0.243740
0.264764
0.282203
0.272517
0.279277
0.255670
0.271274
0.297699
0.317308
0.360644
0.299274
0.336534
0.319091
0.318835
0.260027
0.230707
0.201924
0.221773
0.149456
0.133766
0.152882
0.167042
0.196962
0.191063
0.214433
0.251582
0.269231
0.284922
0.279929
0.284093
0.268373
0.274228
0.303936
0.318852
0.359795
0.336104
0.353368
0.338804
0.325003
0.284935
0.263571
0.229492
0.251303
0.198020
0.166472
0.188383
0.208659
0.237229
0.197702
0.208977
0.248252
0.273834
0.282059
0.278699
0.282211
0.270793
0.272888
0.306150
0.306352
0.329211
0.280707
0.306479
0.290438
0.274975
0.227919
0.175273
0.176077
0.155287
0.198656
0.155375
0.189301
0.191594
0.183925
0.172952
0.197757
0.239327
0.236278
0.238692
0.248945
0.255890
0.239164
0.241568
0.270436
0.293938
0.332062
0.303550
0.348815
0.337134
0.342511
0.294010
0.253419
0.206695
0.203777
0.229019
0.240664
0.230454
0.254899
0.257110
0.235131
0.226067
0.244427
0.232434
0.263456
0.264900
0.271616
0.254381
0.275299
0.259857
0.328023
0.310058
0.328453
0.320609
0.373170
0.288437
0.336978
0.220784
0.245018
0.205895
0.239873
0.217461
0.247437
0.185244
0.207874
0.222946
0.163340
0.195729
0.171350
0.195226
0.208139
0.217576
0.231222
0.213622
0.239118
0.224976
0.273350
0.262519
0.254851
0.269098
0.299428
0.235540
0.278245
0.183632
0.172386
0.119797
0.168407
0.166173
0.175791
0.184452
0.160358
0.166166
0.184504
0.207556
0.229601
0.237256
0.257730
0.267154
0.273634
0.245544
0.228265
0.260748
0.233167
0.236915
0.220141
0.254814
0.217114
0.235516
0.148923
0.159352
0.104862
0.164113
0.129472
0.150511
0.126305
0.145320
0.175894
0.148010
0.190132
0.186244
0.221932
0.227655
0.252353
0.237673
0.251739
0.236808
0.267406
0.266944
0.304377
0.278495
0.316106
0.289167
0.314652
0.227602
0.191906
0.170711
0.167986
0.203077
0.210570
0.243121
0.190718
0.153940
0.121493
0.169959
0.200145
0.219032
0.247410
0.249994
0.234167
0.215230
0.252444
0.257130
0.348066
0.324333
0.349817
0.353028
0.376527
0.299945
0.309846
0.192214
0.218753
0.196176
0.234216
0.213670
0.183965
0.188349
0.188797
0.197261
0.178773
0.198620
0.185317
0.222012
0.217252
0.246878
0.223703
0.250648
0.229219
0.271427
0.273185
0.282281
0.258902
0.303686
0.269299
0.314646
0.217867
0.207221
0.187159
0.185324
0.224176
0.216772
0.255487
0.226300
0.168307
0.096726
0.164740
0.189421
0.215918
0.221329
0.234649
0.231611
0.215320
0.226402
0.221290
0.308298
0.293138
0.310541
0.315893
0.357567
0.275755
0.319063
0.214802
0.241277
0.215868
0.218978
0.167836
0.182757
0.183270
0.209843
0.214460
0.200076
0.224250
0.221578
0.252600
0.250555
0.258739
0.241313
0.266168
0.243620
0.305077
0.282265
0.315817
0.294581
0.354157
0.266734
0.309484
0.192839
0.223991
0.192766
0.227614
0.157289
0.205075
0.205225
0.219679
0.206622
0.174680
0.208419
0.218413
0.247526
0.257389
0.253823
0.239100
0.245670
0.262083
0.251465
0.300602
0.268123
0.322742
0.287376
0.336764
0.260446
0.273276
0.162741
0.202208
0.180671
0.222800
0.187912
0.154687
0.179031
0.185049
0.138761
0.143613
0.184930
0.177251
0.214229
0.216944
0.231591
0.205140
0.243814
0.228580
0.280892
0.238236
0.275933
0.252150
0.289625
0.209836
0.279647
0.154464
0.185788
0.138720
0.199677
0.148832
0.211699
0.165938
0.155317
0.126718
0.090782
0.125274
0.129598
0.167535
0.169516
0.208667
0.214851
0.218427
0.215114
0.238265
0.230690
0.271132
0.241477
0.283303
0.248999
0.276212
0.206034
0.234919
0.137704
0.188358
0.161603
0.192945
0.149520
0.148513
0.157619
0.180085
0.127660
0.166067
0.157829
0.208020
0.219463
0.228709
0.216801
0.230560
0.224047
0.251959
0.240553
0.283751
0.248046
0.296377
0.253688
0.294905
0.222887
0.210948
0.191970
0.177594
0.215242
0.210203
0.195022
0.188746
0.207988
0.171644
0.186431
0.191489
0.214888
0.237430
0.233279
0.217235
0.217779
0.247204
0.237896
0.287428
0.261892
0.306089
0.258064
0.299119
0.239721
0.271717
0.160485
0.199848
0.162265
0.223071
0.152570
0.187160
0.196855
0.222094
0.185419
0.212786
0.244727
0.270560
0.276040
0.288725
0.273147
0.280801
0.269942
0.315532
0.308342
0.348867
0.319919
0.342207
0.305851
0.319379
0.264198
0.242455
0.224878
0.223923
0.199457
0.165604
0.188135
0.214437
0.247056
0.204521
0.211009
0.241506
0.274431
0.282268
0.277821
0.266553
0.268341
0.269862
0.302811
0.300219
0.342960
-1.575642
-1.568907
-2.734316
-2.701742
-2.629332
-2.544979
-2.451679
-2.361359
0.004115
0.060467
0.131275
0.194469
0.241361
0.293364
0.300382
0.310774
0.341189
0.333336
0.334440
0.324420
0.304372
0.293004
0.278668
0.281210
0.265987
0.237241
0.224957
0.247316
0.247551
0.257088
0.264377
0.262509
0.264819
0.273588
0.219542
0.193017
0.141186
0.117036
0.149883
0.094459
0.125204
0.141140
0.130113
0.111936
0.111958
0.145289
0.181781
0.225298
0.232482
0.264653
0.246483
0.255227
0.241169
0.240277
0.263499
0.238171
0.254560
0.237142
0.274004
0.215124
0.249743
0.133886
0.150931
0.098873
0.150154
0.138057
0.140376
0.124232
0.140181
0.186514
0.151004
0.197859
0.188847
0.233565
0.235902
0.255583
0.247245
0.256897
0.242170
0.263045
0.250291
0.290937
0.257113
0.297757
0.275310
0.299643
0.207672
0.187806
0.179306
0.169207
0.211576
0.190782
0.204255
0.170182
0.167994
0.156864
0.230154
0.232687
0.242582
0.236413
0.259497
0.238811
0.236266
0.231784
0.279610
0.304262
0.327990
0.296437
0.353987
0.319936
0.331958
0.264217
0.235073
0.211251
0.220217
0.235700
0.209044
0.243850
0.244555
0.235792
0.207537
0.241354
0.252583
0.258253
0.278514
0.276614
0.276786
0.268141
0.276339
0.316942
0.328695
0.367389
0.333655
0.385809
0.351591
0.360208
0.298510
0.264346
0.245918
0.270564
0.264768
0.208970
0.216729
0.241682
0.251613
0.211294
0.213194
0.243048
0.272809
0.278272
0.266789
0.261242
0.262871
0.266137
0.309295
0.310053
0.343944
0.297750
0.374012
0.282245
0.323817
0.218177
0.233625
0.176791
0.218950
0.210306
0.199838
0.182526
0.205684
0.235041
0.185123
0.209181
0.218090
0.248807
0.259088
0.261772
0.244151
0.246902
0.269019
0.265170
0.317996
0.290934
0.335361
0.317054
0.352113
0.295887
0.306431
0.177618
0.198044
0.177837
0.216523
0.208951
0.254953
0.217253
0.165155
0.087139
0.150808
0.187579
0.205957
0.214700
0.234089
0.234717
0.209739
0.220930
0.264784
0.290862
0.304047
0.265246
0.322559
0.263073
0.267618
0.201570
0.182649
0.170355
0.196659
0.153024
0.143129
0.149584
0.163414
0.160527
0.151935
0.160612
0.211754
0.227797
0.245033
0.255479
0.226770
0.251484
0.256989
0.234331
0.282834
0.255679
0.305233
0.271767
0.323299
0.260219
0.292000
0.164597
0.194027
0.170360
0.211919
0.167791
0.204669
0.141974
0.131627
0.116028
0.131300
0.165538
0.196227
0.208608
0.242031
0.221394
0.229207
0.215823
0.254333
0.254414
0.296740
0.242009
0.320089
0.260796
0.297555
0.219867
0.232940
0.173686
0.209740
0.164892
0.144767
0.146574
0.174335
0.207558
0.160201
0.172152
0.191217
0.242429
0.252109
0.247536
0.246559
0.232234
0.253554
0.274448
0.252029
0.305017
0.258583
0.324926
0.271018
0.325537
0.240554
0.258594
0.172687
0.212498
0.195067
0.195642
0.183054
0.211916
0.204647
0.177313
0.154762
0.165535
0.192033
0.202291
0.226680
0.223728
0.220906
0.213496
0.232390
0.228316
0.282695
0.237873
0.296629
0.254628
0.295036
0.228013
0.252374
0.158272
0.196151
0.176789
0.161875
0.140880
0.159159
0.186310
0.194218
0.157723
0.179346
0.202584
0.232338
0.247675
0.259719
0.243215
0.261518
0.250531
0.274982
0.247155
0.299578
0.258255
0.303626
0.263991
0.300320
0.240614
0.211553
0.216389
0.206120
0.172290
0.163988
0.203810
0.200479
0.193834
0.148967
0.167342
0.203342
0.235199
0.249562
0.231469
0.229947
0.232758
0.238415
0.275744
0.244744
0.301866
0.248487
0.330647
0.242632
0.316384
0.205025
0.245518
0.173910
0.215210
0.197839
0.173915
0.162112
0.193096
0.204891
0.140161
0.165001
0.191569
0.219738
0.238125
0.227913
0.206235
0.217027
0.242557
0.216096
0.277027
0.236119
0.299305
0.252892
0.308218
0.230802
0.279870
0.162807
0.197493
0.165231
0.211976
0.197766
0.231576
0.142851
0.124827
0.073496
0.120600
0.170290
0.193775
0.197872
0.211190
0.193494
0.195291
0.199332
0.237663
0.243446
0.287174
0.242157
0.298671
0.255694
0.262549
0.234302
0.207102
0.196533
0.183533
0.225238
0.141113
0.147647
0.165116
0.179407
0.155676
0.127127
0.159949
0.176404
0.214808
0.222154
0.229128
0.205104
0.237716
0.219398
0.245572
0.221710
0.269349
0.220848
0.290205
0.199429
0.285875
0.171066
0.209756
0.167600
0.206626
0.164555
0.141570
0.125493
0.142350
0.157197
0.099365
0.136908
0.150333
0.180395
0.210837
0.230612
0.230458
0.228813
0.249724
0.219354
0.256693
0.229146
0.284740
0.230760
0.297997
0.216550
0.292380
0.170523
0.209173
0.174067
0.219373
0.164523
0.169470
0.169621
0.171805
0.144999
0.113163
0.125225
0.146228
0.155175
0.202825
0.209856
0.211887
0.203099
0.237892
0.204920
0.245916
0.244058
0.291897
0.235710
0.279565
0.220718
0.267531
0.184309
0.231856
0.195693
0.107671
0.142734
0.138205
0.184888
0.195321
0.133616
0.146416
0.170751
0.187680
0.205273
0.214455
0.198719
0.218383
0.207237
0.238156
0.202996
0.256256
0.226471
0.260422
0.236754
0.249860
0.208245
0.183670
0.186756
0.154086
0.200807
0.115730
0.150181
0.164675
0.196613
0.149066
0.143148
0.171994
0.201946
0.233453
0.229117
0.206144
0.209129
0.237082
0.214993
0.255747
0.233768
0.284617
0.235042
0.312165
0.211588
0.300588
0.187943
0.222399
0.179800
0.218759
0.198203
0.227564
0.129755
0.153244
0.169896
0.108994
0.128276
0.158810
0.141996
0.175315
0.168432
0.164473
0.169313
0.189930
0.168052
0.228829
0.167554
0.249605
0.179273
0.223917
0.159366
0.201948
0.125070
0.176253
0.138113
0.129637
0.039922
0.082901
0.106833
0.140280
0.126083
0.165842
0.189928
0.219862
0.244891
0.237610
0.214838
0.227618
0.262103
0.203096
0.253948
0.264570
0.314149
0.229249
0.296458
0.231007
0.271623
0.183750
0.224801
0.166232
0.134211
0.101192
0.126411
0.151214
0.190275
0.157195
0.177300
0.218623
0.241416
0.257126
0.251352
0.225156
0.242851
0.269400
0.233366
0.271277
0.228115
0.269314
0.210306
0.266267
0.190090
0.252040
0.127780
0.187230
0.129483
0.199164
0.128056
0.162733
0.168565
0.196704
0.149851
0.172173
0.196617
0.205023
0.205107
0.234270
0.218970
0.225838
0.206653
0.240093
0.229964
0.274812
0.297015
0.326628
0.302604
0.285373
0.230480
0.212059
0.212979
0.197590
0.157613
0.117826
0.142691
0.161536
0.180601
0.146608
0.126306
0.166441
0.172951
0.209600
0.225169
0.238570
0.204877
0.251422
0.216000
0.254520
0.228694
0.275652
0.234015
0.297066
0.224953
0.306416
0.178870
0.229789
0.184608
0.226400
0.177334
0.129608
0.106889
0.115887
0.119536
0.067852
0.100209
0.112217
0.152516
0.171640
0.215618
0.204283
0.228715
0.214078
0.249592
0.233212
0.270969
0.237861
0.275901
0.241109
0.272118
0.207680
0.221363
0.153364
0.192095
0.151397
0.162926
0.160160
0.125461
0.113296
0.127241
0.071887
0.080563
0.088968
0.142407
0.133405
0.182503
0.157119
0.166077
0.144912
0.179558
0.176047
0.239748
0.193533
0.249529
0.219651
0.256958
0.177069
0.226042
0.129524
0.173396
0.137129
0.195377
0.070925
0.072713
0.089284
0.096314
0.077756
0.087816
0.118933
0.145057
0.171598
0.213896
0.192607
0.209955
0.215551
0.237689
0.193963
0.244698
0.229908
0.266986
0.221820
0.271597
0.191940
0.233345
0.147435
0.201449
0.164108
0.108261
0.101715
0.153299
0.169142
0.136458
0.105446
0.123641
0.161665
0.176072
0.214525
0.216259
0.206678
0.213073
0.244412
0.208272
0.255084
0.216310
-1.489485
-1.484602
-2.918851
-2.983633
-3.059178
-3.087387
-3.047772
-2.954190
-2.897404
-2.927846
-2.924006
-2.883016
-2.863962
-2.843405
-2.849971
-2.844812
-2.810402
-2.849066
-2.846113
-2.352541
-2.220351
-1.961075
-1.885189
-1.748953
-1.606095
-1.484190
-1.386892
-1.313325
-1.244041
-1.284091
-1.464643
-2.457086
-2.156202
-2.914346
-2.920343
-2.901355
-2.874784
-2.819533
-2.741560
-2.644927
-2.533783
-2.433562
-2.357282
0.114734
0.115919
0.205608
0.266799
0.313102
0.341852
0.371666
0.359025
0.367763
0.358186
0.367515
0.363042
0.347951
0.288555
0.268720
0.263496
0.269809
0.246031
0.208928
0.203179
0.224863
0.233382
0.251254
0.261087
0.264781
0.260454
0.209274
0.159681
0.105837
0.055332
0.040467
0.093112
0.064337
0.064831
0.069647
0.054964
0.072009
0.083307
0.138041
0.158086
0.197443
0.205452
0.235647
0.234653
0.220463
0.206921
0.204523
0.193394
0.172981
0.183261
0.168689
0.196846
0.173330
0.175469
0.091491
0.065941
0.046867
0.081467
0.059865
0.091864
0.074445
0.116466
0.126029
0.149608
0.167813
0.200971
0.203182
0.229158
0.234715
0.247783
0.235090
0.244611
0.246541
0.245851
0.277420
0.259903
0.292201
0.276879
0.299238
0.215873
0.187214
0.127131
0.158009
0.159805
0.155246
0.179846
0.139200
0.152590
0.119517
0.166288
0.173584
0.170318
0.187504
0.201080
0.214267
0.221126
0.198969
0.205015
0.257945
0.280358
0.284236
0.262896
0.315921
0.277585
0.291057
0.205169
0.195768
0.165957
0.199723
0.196325
0.200543
0.242110
0.210403
0.191564
0.184324
0.237986
0.216203
0.218161
0.238033
0.243139
0.245066
0.232449
0.239100
0.296056
0.326226
0.341172
0.322600
0.376560
0.334582
0.349982
0.262126
0.236480
0.220919
0.235452
0.252913
0.215278
0.206968
0.228997
0.231160
0.190704
0.274174
0.243120
0.228456
0.224583
0.242220
0.243596
0.229004
0.223343
0.276663
0.309655
0.331123
0.305430
0.362135
0.326873
0.330745
0.263554
0.236351
0.210771
0.221158
0.245681
0.205882
0.232008
0.240420
0.227698
0.198371
0.268431
0.252173
0.242946
0.255376
0.260831
0.264962
0.250063
0.261707
0.308988
0.345512
0.376205
0.355979
0.402799
0.373138
0.373211
0.291936
0.254972
0.230238
0.233672
0.258680
0.196879
0.239010
0.243218
0.242026
0.204501
0.294528
0.275260
0.254247
0.237340
0.255125
0.250467
0.232895
0.229371
0.283017
0.315385
0.335919
0.315487
0.369733
0.336917
0.339964
0.263938
0.234076
0.210942
0.209264
0.243285
0.231919
0.260448
0.255498
0.235197
0.215994
0.267033
0.285295
0.275532
0.285863
0.285539
0.288039
0.271711
0.280224
0.325489
0.361223
0.394435
0.372526
0.411871
0.390373
0.389197
0.320497
0.288579
0.270875
0.298686
0.276623
0.199841
0.213828
0.224160
0.234032
0.192857
0.179207
0.216173
0.218618
0.246426
0.244755
0.244916
0.228630
0.258111
0.255264
0.309870
0.276885
0.314906
0.304102
0.342568
0.278664
0.282558
0.167572
0.191661
0.184277
0.224303
0.202619
0.164862
0.173440
0.167471
0.151592
0.155533
0.179080
0.181766
0.203807
0.219412
0.212348
0.220555
0.208781
0.233369
0.247057
0.274200
0.240014
0.272384
0.267444
0.283754
0.219668
0.208585
0.141809
0.165089
0.140672
0.153730
0.177123
0.172894
0.185111
0.180517
0.174572
0.255780
0.213264
0.194166
0.200702
0.214609
0.224063
0.207236
0.223667
0.223190
0.287947
0.240731
0.276540
0.286798
0.304383
0.247724
0.234048
0.133529
0.157700
0.131703
0.175154
0.160773
0.140950
0.130468
0.163236
0.164633
0.203796
0.191012
0.221456
0.219328
0.251389
0.247277
0.244504
0.238806
0.261163
0.271979
0.304707
0.264453
0.303402
0.295094
0.305449
0.237217
0.222611
0.158149
0.188833
0.185646
0.182327
0.194790
0.135824
0.159835
0.188999
0.175704
0.175301
0.168382
0.192868
0.201835
0.222498
0.208330
0.212032
0.201225
0.243481
0.253384
0.280126
0.250672
0.304272
0.275266
0.291904
0.222075
0.190145
0.173104
0.163393
0.201842
0.203906
0.216585
0.203270
0.194318
0.164910
0.220521
0.231182
0.236792
0.239729
0.249515
0.254414
0.254695
0.248479
0.304427
0.325595
0.352750
0.326340
0.369539
0.321802
0.333545
0.262286
0.228887
0.213614
0.213410
0.245742
0.256776
0.243592
0.238492
0.247578
0.199832
0.216131
0.201343
0.239387
0.236391
0.255256
0.239664
0.253207
0.240646
0.286895
0.287785
0.304414
0.280357
0.321026
0.289808
0.315897
0.239487
0.202426
0.185959
0.182505
0.218613
0.227785
0.269214
0.231847
0.179605
0.126177
0.164798
0.176464
0.194032
0.218790
0.235907
0.219797
0.212023
0.231287
0.221980
0.304675
0.292188
0.316649
0.312552
0.348731
0.275651
0.301846
0.205996
0.226437
0.206998
0.235822
0.155377
0.160149
0.176848
0.198228
0.171131
0.203768
0.232684
0.236630
0.240959
0.249354
0.247528
0.243533
0.241931
0.278240
0.301835
0.333536
0.303811
0.353283
0.325265
0.323473
0.266108
0.232048
0.198840
0.202480
0.231622
0.211401
0.169263
0.167976
0.166473
0.176049
0.151500
0.169349
0.173023
0.194237
0.221090
0.215525
0.213934
0.200547
0.231243
0.234589
0.276841
0.244070
0.285105
0.280917
0.303329
0.231135
0.221697
0.133041
0.160159
0.128858
0.184190
0.171036
0.197781
0.158098
0.145540
0.147597
0.213361
0.196614
0.196439
0.206872
0.213576
0.224262
0.209584
0.203274
0.242687
0.260209
0.287399
0.260109
0.311284
0.269059
0.287396
0.217919
0.186943
0.183742
0.170694
0.210327
0.188973
0.227191
0.213877
0.192251
0.150786
0.183725
0.181339
0.222853
0.233896
0.239409
0.232718
0.235199
0.234185
0.268081
0.272164
0.310000
0.288641
0.321944
0.294227
0.316755
0.248594
0.219973
0.211178
0.202979
0.238644
0.206990
0.245275
0.229438
0.216477
0.172495
0.180558
0.188661
0.223854
0.237773
0.239962
0.234011
0.233136
0.241951
0.278625
0.282498
0.316219
0.297400
0.326449
0.299644
0.316089
0.248654
0.218069
0.200575
0.196034
0.233235
0.195642
0.239172
0.226516
0.213902
0.169309
0.185040
0.184816
0.205653
0.223856
0.227940
0.221325
0.222521
0.245244
0.236108
0.299866
0.282291
0.322761
0.300338
0.340415
0.269285
0.301279
0.188124
0.203460
0.166823
0.214849
0.167817
0.222933
0.190829
0.193849
0.131463
0.146493
0.159113
0.188922
0.215026
0.240463
0.227622
0.243623
0.191135
0.249253
0.237202
0.308800
0.269830
0.310433
0.288293
0.309754
0.235814
0.267152
0.167778
0.216152
0.187217
0.216599
0.127811
0.109985
0.140997
0.171175
0.129956
0.153858
0.169590
0.203916
0.218163
0.220981
0.207761
0.219691
0.217320
0.247371
0.241508
0.282920
0.254528
0.295303
0.265766
0.294073
0.230657
0.195073
0.193065
0.177013
0.217055
0.209460
0.190378
0.182663
0.180531
0.139365
0.150636
0.163305
0.201669
0.211401
0.219129
0.206372
0.209630
0.208816
0.246894
0.246197
0.280623
0.259838
0.283085
0.257490
0.277750
0.219280
0.193574
0.194681
0.176060
0.225153
0.184542
0.218229
0.201365
0.189791
0.146933
0.142278
0.161502
0.179241
0.212375
0.226346
0.217018
0.224861
0.238792
0.226759
0.272267
0.254526
0.298147
0.255323
0.310513
0.239955
0.279459
0.170581
0.186078
0.136736
0.195142
0.137215
0.191152
0.155675
0.165313
0.135348
0.143451
0.168533
0.180419
0.189248
0.212555
0.206273
0.211907
0.184934
0.224388
0.206901
0.294119
0.256142
0.296142
0.282320
0.318814
0.224207
0.274942
0.156952
0.201737
0.162507
0.216036
0.131635
0.140847
0.156062
0.185317
0.166723
0.135924
0.153586
0.171789
0.202396
0.206998
0.201897
0.195575
0.225333
0.205908
0.244199
0.231927
0.252951
0.223866
0.286488
0.193561
0.268570
0.167913
0.189243
0.140266
0.192476
0.181713
0.196968
0.180868
0.127454
0.101258
0.066692
0.102697
0.149325
0.200365
0.211736
0.228518
0.202589
0.224718
0.218543
0.250518
0.244936
0.295452
-0.989607
-0.978899
-1.268932
-1.069659
-0.922325
-0.961593
-1.070989
-1.187137
-1.173516
-1.140200
-1.127551
-1.148777
-1.145794
-1.162460
-1.140393
-1.235575
-1.321561
-1.386386
-1.380166
-1.403064
-1.371903
-1.360829
-1.348641
-1.363865
-0.314894
-0.279421
-0.126731
-0.078186
-0.030875
0.021064
0.065221
0.117266
0.169745
0.223391
0.253825
0.287733
0.348445
0.369474
0.363316
0.328287
0.298622
0.295010
0.318569
0.143849
0.169842
0.150855
0.131464
0.143928
0.140315
0.149456
0.167338
0.164010
0.180503
0.182481
0.144175
0.126955
0.079000
0.074354
0.062967
0.078132
0.061058
0.060962
0.063878
0.084287
0.097351
0.144949
0.176921
0.208287
0.212646
0.239622
0.246451
0.253575
0.233624
0.226218
0.260599
0.229630
0.238643
0.226360
0.263405
0.227395
0.222154
0.132802
0.146589
0.123660
0.162192
0.137767
0.160476
0.148788
0.146001
0.119728
0.137008
0.150121
0.189455
0.192728
0.210102
0.219929
0.197881
0.209651
0.215520
0.225087
0.266287
0.244601
0.287793
0.279409
0.302861
0.251969
0.237872
0.149586
0.167502
0.161016
0.193957
0.202918
0.227731
0.171487
0.148312
0.173304
0.260971
0.222548
0.186794
0.187617
0.199938
0.216225
0.190011
0.196552
0.251855
0.291279
0.307292
0.289616
0.349657
0.312166
0.324848
0.242508
0.220906
0.200121
0.199442
0.228527
0.213540
0.206753
0.205198
0.204661
0.180423
0.290880
0.264645
0.253010
0.243294
0.262826
0.264505
0.254466
0.252612
0.306156
0.334258
0.346380
0.325258
0.375198
0.326269
0.342200
0.255989
0.228846
0.220345
0.234413
0.260550
0.235098
0.271751
0.268435
0.230977
0.202528
0.193851
0.207439
0.232381
0.251784
0.242964
0.244644
0.238002
0.241952
0.287045
0.307070
0.340560
0.323612
0.358334
0.332467
0.340454
0.260886
0.230836
0.221981
0.233697
0.258273
0.184871
0.209038
0.219073
0.211535
0.153906
0.223327
0.209518
0.217100
0.231446
0.237742
0.240022
0.230234
0.234214
0.286926
0.315399
0.346784
0.322003
0.375742
0.326926
0.341525
0.260307
0.234791
0.227488
0.235656
0.261146
0.198710
0.195624
0.221585
0.231934
0.184890
0.216203
0.210835
0.227555
0.241669
0.247240
0.243623
0.238358
0.234927
0.286751
0.300247
0.324173
0.299208
0.351919
0.319928
0.334410
0.251318
0.213971
0.199878
0.209654
0.236624
0.198678
0.233710
0.232701
0.219410
0.161794
0.228042
0.223294
0.234503
0.250762
0.255204
0.257588
0.243402
0.245820
0.299395
0.324574
0.347423
0.315618
0.385112
0.313905
0.350536
0.240312
0.255012
0.223525
0.250308
0.187904
0.208722
0.209257
0.223025
0.234541
0.183564
0.200530
0.201635
0.247378
0.257395
0.246990
0.244878
0.236650
0.245162
0.280668
0.299365
0.329217
0.318656
0.347959
0.330492
0.327910
0.263630
0.233824
0.226301
0.245699
0.215325
0.190784
0.194842
0.220413
0.214182
0.162786
0.161987
0.196852
0.216405
0.230756
0.224758
0.224918
0.224468
0.221346
0.257343
0.254444
0.289511
0.255529
0.304476
0.264595
0.279253
0.204772
0.172201
0.171977
0.163737
0.202234
0.213400
0.214800
0.198176
0.170898
0.142991
0.178714
0.170147
0.215086
0.222657
0.230722
0.228270
0.223130
0.226433
0.259995
0.275294
0.301327
0.286721
0.319785
0.297698
0.310732
0.244947
0.213116
0.198311
0.194119
0.230638
0.171116
0.212895
0.219113
0.212602
0.177294
0.206229
0.227488
0.232339
0.249002
0.255179
0.257793
0.254484
0.260149
0.299370
0.311542
0.344240
0.320620
0.362600
0.336346
0.345849
0.263045
0.221695
0.197970
0.193931
0.228079
0.235310
0.272348
0.193474
0.169243
0.157498
0.204418
0.213581
0.218283
0.227077
0.237629
0.229710
0.220012
0.249362
0.258956
0.316611
0.302989
0.337575
0.323947
0.357115
0.294293
0.301952
0.179372
0.186567
0.151500
0.205009
0.170174
0.223396
0.198568
0.183601
0.145316
0.208808
0.220183
0.197313
0.211548
0.201982
0.225738
0.211285
0.217302
0.202512
0.258917
0.285226
0.301105
0.272930
0.327635
0.281238
0.303414
0.224893
0.209012
0.191105
0.171198
0.211901
0.215345
0.239440
0.188396
0.131209
0.084245
0.160252
0.206335
0.178573
0.195202
0.200250
0.197944
0.176849
0.212349
0.205197
0.302888
0.295576
0.323703
0.335278
0.355920
0.275255
0.294016
0.185564
0.208745
0.163340
0.220169
0.169415
0.151507
0.132733
0.153346
0.175170
0.202262
0.240404
0.267635
0.251637
0.280983
0.256954
0.263010
0.239986
0.279115
0.279327
0.299010
0.274311
0.304331
0.276951
0.270636
0.225155
0.212000
0.206803
0.216542
0.185032
0.090051
0.126946
0.145050
0.161212
0.159480
0.142218
0.200180
0.210023
0.245373
0.252056
0.247998
0.235012
0.265684
0.242953
0.275298
0.244685
0.260256
0.218649
0.276487
0.207372
0.252707
0.132258
0.177897
0.138116
0.188795
0.161616
0.180435
0.154645
0.160591
0.179569
0.138059
0.171653
0.165309
0.189535
0.209881
0.213761
0.216907
0.196571
0.223862
0.215406
0.260983
0.235601
0.272905
0.266958
0.293324
0.219587
0.206453
0.127372
0.129917
0.093511
0.158982
0.106358
0.135946
0.146308
0.152615
0.128006
0.182019
0.195297
0.175599
0.170759
0.184425
0.197859
0.191432
0.181088
0.197690
0.227513
0.245293
0.215405
0.264936
0.248351
0.267146
0.186368
0.174735
0.133920
0.153335
0.185429
0.161389
0.182303
0.181548
0.150599
0.136528
0.157595
0.191072
0.213213
0.240591
0.240687
0.243157
0.234130
0.250385
0.266770
0.280636
0.318717
0.296744
0.338279
0.319265
0.325750
0.263041
0.224995
0.182222
0.168048
0.207118
0.211548
0.230792
0.244868
0.185282
0.104166
0.149741
0.174267
0.198703
0.226148
0.242913
0.249416
0.238681
0.228516
0.263349
0.288395
0.341375
0.295252
0.337437
0.334700
0.329653
0.271742
0.237770
0.231010
0.201974
0.234575
0.206772
0.180586
0.207312
0.147772
0.138664
0.145077
0.183761
0.172697
0.204007
0.186321
0.208523
0.184730
0.205143
0.177681
0.257683
0.252418
0.271551
0.246834
0.302905
0.212762
0.273416
0.161616
0.206672
0.152144
0.204843
0.162705
0.146648
0.110816
0.128539
0.157167
0.119208
0.150944
0.163363
0.188640
0.210252
0.219563
0.206950
0.216941
0.218817
0.236766
0.220652
0.260750
0.228453
0.264746
0.222064
0.269685
0.184483
0.175207
0.175659
0.159532
0.214736
0.162247
0.125244
0.155739
0.169211
0.116584
0.127521
0.158289
0.164841
0.190894
0.186154
0.185231
0.182991
0.201888
0.187126
0.232218
0.221253
0.239640
0.231944
0.250723
0.190839
0.230830
0.137072
0.165654
0.119491
0.185066
0.129228
0.127951
0.112476
0.158439
0.180341
0.169620
0.193281
0.218499
0.237236
0.258112
0.238891
0.231071
0.227442
0.258074
0.230333
0.264134
0.230104
0.269735
0.232099
0.272614
0.200231
0.230228
0.146026
0.195923
0.171225
0.150574
0.143249
0.164697
0.169372
0.138866
0.121915
0.148569
0.193926
0.224153
0.238733
0.238766
0.222336
0.240157
0.252718
0.226277
0.265228
0.249374
0.303270
0.251048
0.309279
0.237477
0.249311
0.143507
0.188808
0.154147
0.213276
0.159540
0.173241
0.157513
0.137799
0.058889
0.059408
0.086377
0.121853
0.127659
0.169683
0.166340
0.171454
0.162742
0.184235
0.179504
0.237994
0.182436
0.256766
0.215509
0.254425
0.174293
0.218904
0.122359
0.168149
0.123056
0.186054
0.132357
0.091752
0.109592
0.110549
0.097481
0.103201
0.129624
0.135645
0.178486
0.202750
0.226166
0.195885
0.209005
0.194812
0.207643
0.187601
0.226380
0.188511
0.233853
0.158774
0.231318
0.112616
0.164080
0.108039
0.174207
0.097433
0.129354
0.103528
0.111237
0.131892
0.055737
0.110708
0.128705
0.159205
0.187295
0.199794
0.176577
0.195326
0.203975
0.181595
0.241574
0.197842
-0.730217
-0.726519
-0.918291
-0.836009
-0.905720
-1.007707
-1.159556
-1.303034
-1.303782
-1.307162
-0.367097
-0.353805
-0.366547
-0.375170
-0.366112
-0.375601
-0.329782
-0.332743
-0.358731
-0.380156
-0.638115
-0.595342
-0.357431
-0.262466
-0.192030
-0.147555
-0.109754
-0.055304
-0.014220
0.051474
0.118860
0.153455
0.173192
0.191797
0.215065
0.232534
0.230864
0.206189
0.178163
0.194080
0.184061
0.190213
0.181235
0.162399
0.149460
0.160380
0.161724
0.185115
0.186314
0.186652
0.195729
0.174756
0.161924
0.131961
0.088291
0.085595
0.072199
0.127467
0.116127
0.133977
0.042252
0.021397
-0.001243
0.061624
0.089435
0.138862
0.135011
0.182716
0.179703
0.206979
0.185506
0.198959
0.226821
0.206279
0.213724
0.198770
0.242845
0.207530
0.215171
0.127308
0.123869
0.097432
0.141325
0.143101
0.135935
0.176221
0.124733
0.121597
0.129803
0.174182
0.178164
0.176451
0.190344
0.204859
0.216329
0.195993
0.207021
0.249355
0.272354
0.297218
0.284698
0.327354
0.297810
0.304225
0.215239
0.184582
0.177509
0.172664
0.211459
0.151771
0.120765
0.146111
0.165814
0.155485
0.252575
0.248411
0.233647
0.225041
0.250466
0.243084
0.233441
0.229451
0.272717
0.305929
0.324081
0.300441
0.347579
0.314153
0.316846
0.245289
0.211544
0.202039
0.206162
0.234184
0.210755
0.252382
0.241924
0.214447
0.165866
0.238391
0.207178
0.213838
0.212378
0.229375
0.241084
0.230144
0.229162
0.278765
0.306350
0.338232
0.314895
0.365230
0.324313
0.328459
0.254742
0.222779
0.206712
0.211215
0.240751
0.214558
0.256208
0.253174
0.231747
0.198240
0.257158
0.218390
0.213337
0.219096
0.227195
0.238459
0.230899
0.236926
0.287127
0.315175
0.340595
0.319837
0.362105
0.330006
0.339822
0.258056
0.214025
0.178577
0.171589
0.218168
0.222719
0.263108
0.247452
0.189076
0.154943
0.272094
0.266773
0.198399
0.185561
0.195597
0.203222
0.185946
0.190196
0.225977
0.267543
0.310280
0.290799
0.348267
0.328299
0.331663
0.250383
0.226362
0.188309
0.176255
0.221653
0.185867
0.235481
0.194004
0.182529
0.160885
0.239377
0.262683
0.222156
0.199185
0.211709
0.224046
0.214985
0.162098
0.215671
0.227738
0.326933
0.319139
0.347313
0.355088
0.364162
0.301458
0.305717
0.226469
0.242802
0.225516
0.255055
0.203353
0.236404
0.238540
0.233244
0.199440
0.309688
0.264424
0.263036
0.244418
0.262391
0.256926
0.254177
0.248922
0.305696
0.339016
0.353321
0.333316
0.379650
0.331505
0.339247
0.264237
0.229562
0.223637
0.225077
0.258144
0.218015
0.253714
0.259813
0.251607
0.184150
0.199481
0.169932
0.213285
0.217236
0.229372
0.227482
0.230043
0.225352
0.255358
0.262726
0.291784
0.272011
0.311003
0.286880
0.312428
0.234097
0.199650
0.180660
0.174448
0.213961
0.217886
0.252039
0.218130
0.161816
0.088430
0.174632
0.177555
0.170460
0.182680
0.199838
0.204809
0.189190
0.197138
0.226319
0.261985
0.303558
0.269388
0.331367
0.301962
0.302143
0.228613
0.205155
0.189233
0.181605
0.219310
0.131381
0.131616
0.153030
0.176846
0.159841
0.185479
0.210406
0.215727
0.226325
0.233604
0.233878
0.228774
0.231712
0.264171
0.289251
0.322233
0.302515
0.346526
0.328636
0.330974
0.261449
0.218584
0.182089
0.165724
0.208643
0.179998
0.227283
0.178761
0.167396
0.136708
0.156329
0.160688
0.167336
0.183385
0.207700
0.203264
0.202955
0.166323
0.217936
0.238390
0.305663
0.259204
0.300036
0.315775
0.312894
0.249504
0.250079
0.181309
0.199870
0.169827
0.217975
0.177531
0.207392
0.196284
0.193851
0.089779
0.164863
0.167536
0.177918
0.176452
0.201639
0.185571
0.197635
0.175494
0.220281
0.235181
0.253670
0.227315
0.275818
0.246546
0.264971
0.170184
0.168696
0.109369
0.162973
0.141923
0.179166
0.189455
0.146124
0.087211
0.058923
0.113524
0.144358
0.143867
0.177379
0.185317
0.183529
0.169069
0.193112
0.210974
0.236952
0.291667
0.258675
0.313177
0.304669
0.299483
0.240478
0.202956
0.196252
0.169369
0.210501
0.174127
0.192024
0.194766
0.174552
0.152269
0.162652
0.199764
0.216870
0.221706
0.232362
0.220749
0.230332
0.227288
0.251932
0.278207
0.314844
0.290815
0.331884
0.315442
0.315958
0.258753
0.225324
0.191742
0.173730
0.222093
0.222279
0.223474
0.211217
0.165028
0.120791
0.120476
0.146042
0.148285
0.187950
0.200958
0.208205
0.195842
0.215385
0.209601
0.287192
0.279337
0.294994
0.284116
0.328120
0.245046
0.296294
0.191189
0.210068
0.165267
0.212930
0.164873
0.194684
0.163910
0.163508
0.156647
0.107637
0.157355
0.157505
0.149276
0.173927
0.176028
0.198771
0.183915
0.201664
0.190514
0.268060
0.254441
0.262820
0.265687
0.293250
0.218974
0.260186
0.152904
0.178702
0.123717
0.184743
0.133328
0.154973
0.109420
0.121143
0.166616
0.148666
0.190487
0.222893
0.220690
0.223442
0.243651
0.225173
0.242866
0.227238
0.257492
0.258392
0.283041
0.268317
0.294634
0.278599
0.284959
0.231294
0.180261
0.194791
0.159291
0.217305
0.137424
0.119685
0.157562
0.172302
0.149221
0.129814
0.153903
0.158050
0.199703
0.213117
0.205897
0.211412
0.227759
0.213813
0.252339
0.232580
0.254947
0.227583
0.287031
0.204050
0.271212
0.164193
0.164079
0.114634
0.176193
0.163169
0.175924
0.177073
0.128601
0.119117
0.115018
0.158903
0.172881
0.187108
0.201654
0.216924
0.213435
0.216064
0.207657
0.246801
0.235259
0.269015
0.230360
0.300986
0.216039
0.287319
0.168276
0.216495
0.166926
0.220679
0.138697
0.179864
0.159770
0.167171
0.165864
0.121574
0.159781
0.162771
0.207599
0.217318
0.223100
0.205312
0.222160
0.213578
0.241698
0.238618
0.267775
0.250301
0.273741
0.244475
0.286800
0.215344
0.197012
0.190673
0.167673
0.217213
0.161229
0.108338
0.141766
0.145122
0.136045
0.134313
0.173141
0.173856
0.192986
0.199422
0.205447
0.186725
0.220435
0.206921
0.245062
0.225223
0.247457
0.237289
0.268594
0.188734
0.248773
0.138179
0.165298
0.125003
0.191011
0.097369
0.106295
0.134393
0.158388
0.160195
0.135970
0.163313
0.195120
0.202131
0.234855
0.203040
0.214769
0.226371
0.238848
0.211974
0.238308
0.229399
0.256349
0.218282
0.256471
0.174140
0.210357
0.130490
0.192966
0.155545
0.118438
0.098034
0.137237
0.161852
0.143616
0.119410
0.143797
0.173611
0.196011
0.231038
0.223890
0.221473
0.221297
0.247137
0.216635
0.262876
0.239273
0.290219
0.251235
0.305067
0.230161
0.250772
0.155529
0.189358
0.148937
0.212741
0.147151
0.181935
0.172561
0.157096
0.082292
0.084034
0.103767
0.131716
0.139927
0.182456
0.180093
0.178680
0.174112
0.204751
0.209615
0.235500
0.193064
0.209464
0.202115
0.210132
0.153063
0.141321
0.125476
0.103010
0.165141
0.090762
0.123186
0.092169
0.122924
0.128382
0.117966
0.143343
0.182613
0.205606
0.231113
0.221504
0.200938
0.224957
0.235044
0.220573
0.259697
0.239954
0.278963
0.249603
0.294955
0.215822
0.228956
0.142049
0.181141
0.145391
0.204576
0.151000
0.156270
0.149438
0.147543
0.075895
0.084417
0.113895
0.142400
0.149798
0.189844
0.165539
0.182151
0.177848
0.197861
0.222496
0.236235
0.226543
0.256813
0.247997
0.248046
0.215243
0.179409
0.167838
0.127191
0.190200
0.131307
0.189535
0.133533
0.129685
0.109676
0.062360
0.078974
0.094399
0.108124
0.153724
0.165845
0.185536
0.163075
0.202714
0.184310
0.226904
0.229345
0.240866
0.243155
0.250113
0.203396
0.230169
0.162018
0.147805
0.158052
0.118976
0.201652
0.151431
0.178774
0.125110
0.107174
0.051379
0.096600
0.147976
0.213017
0.199161
0.247769
0.198536
0.220997
0.194850
0.235625
0.290659
0.335594
-1.067708
-1.060366
-1.587783
-1.439196
-1.344622
-1.248835
-1.162074
-1.088135
-1.030198
-0.980924
-0.939063
-0.910425
-0.865262
-0.818715
-0.799281
-0.780815
-0.814353
-0.827809
-0.759489
-0.656273
-0.540009
-0.532656
-0.528307
-0.524528
-0.520215
-0.513790
0.179843
0.311722
0.254729
0.223742
0.211007
0.217775
0.190956
0.237339
0.223533
0.210052
0.179199
0.135629
0.093263
0.063552
0.044115
0.028079
-0.037669
-0.065486
-0.122067
-0.079367
-0.094303
-0.053790
-0.017647
-0.043145
-0.038940
-0.030593
-0.014761
0.041679
0.105537
0.128770
0.174791
0.164025
0.123309
0.091529
0.084008
0.117846
0.102809
0.148698
0.131801
0.173741
0.140532
0.119940
0.084880
0.057004
0.033740
0.062015
0.025911
0.077515
0.053950
0.053948
0.063423
0.085179
0.132208
0.177907
0.204026
0.228190
0.245500
0.234281
0.193922
0.188466
0.202146
0.185235
0.222628
0.212554
0.243550
0.224333
0.254434
0.168688
0.160530
0.110620
0.159996
0.142301
0.161112
0.175020
0.169937
0.133724
0.114688
0.154380
0.210123
0.226945
0.243072
0.246828
0.250663
0.236396
0.253598
0.272390
0.301149
0.339451
0.323145
0.357467
0.344642
0.348569
0.282310
0.246126
0.214896
0.205702
0.242383
0.218684
0.145683
0.113462
0.123320
0.152471
0.156448
0.201405
0.203414
0.215098
0.219881
0.239827
0.216277
0.226000
0.211716
0.284934
0.269588
0.254845
0.268989
0.289712
0.239669
0.262268
0.162909
0.165622
0.129545
0.180164
0.155636
0.120896
0.075168
0.115199
0.153882
0.121113
0.148174
0.171231
0.184267
0.188625
0.220397
0.199895
0.218751
0.206001
0.247054
0.246927
0.278538
0.249303
0.294873
0.260094
0.290139
0.209222
0.182941
0.183599
0.165776
0.214038
0.206923
0.189451
0.113688
0.097243
0.062339
0.125610
0.163238
0.164244
0.167192
0.178352
0.165803
0.179237
0.176585
0.214285
0.237373
0.274213
0.256394
0.307439
0.284678
0.298458
0.216368
0.188722
0.158523
0.128377
0.202558
0.136663
0.190182
0.151545
0.155109
0.123607
0.129913
0.150624
0.170590
0.170214
0.187964
0.184430
0.190665
0.154366
0.198360
0.210386
0.290353
0.274324
0.304648
0.307304
0.322382
0.258968
0.277900
0.180008
0.202374
0.158542
0.216517
0.201223
0.222253
0.182874
0.118076
0.070511
0.119704
0.190918
0.172992
0.181536
0.191182
0.184726
0.208507
0.180115
0.233564
0.263306
0.308463
0.284307
0.339780
0.294995
0.302913
0.220031
0.199593
0.183026
0.156804
0.217436
0.200039
0.176438
0.171160
0.167001
0.160926
0.175516
0.213499
0.241444
0.237478
0.263984
0.242295
0.243574
0.248927
0.271372
0.274131
0.299964
0.284864
0.310410
0.303099
0.302196
0.261708
0.225817
0.209974
0.192407
0.230519
0.178685
0.201938
0.194884
0.200864
0.166789
0.148165
0.158792
0.181492
0.208077
0.218803
0.225065
0.208080
0.235552
0.221291
0.263128
0.254982
0.292127
0.258620
0.316158
0.244040
0.299255
0.194817
0.209037
0.165006
0.208566
0.162344
0.190230
0.154017
0.162192
0.151297
0.102876
0.116401
0.112293
0.132873
0.147171
0.141661
0.167509
0.142864
0.163432
0.148368
0.225311
0.225397
0.250245
0.240155
0.279069
0.212845
0.251949
0.172384
0.154504
0.137474
0.121328
0.185258
0.116789
0.149544
0.141292
0.135392
0.071581
0.098064
0.125002
0.135631
0.163529
0.174200
0.192751
0.169563
0.187860
0.172768
0.211504
0.211510
0.245246
0.214884
0.256897
0.184404
0.235885
0.155801
0.163573
0.151676
0.128166
0.187467
0.116053
0.091126
0.107545
0.150149
0.155234
0.168540
0.197957
0.232240
0.239249
0.239636
0.212023
0.210451
0.225352
0.228723
0.204552
0.237594
0.236797
0.256359
0.244687
0.259337
0.224006
0.190280
0.202761
0.176673
0.125232
0.085591
0.117560
0.120965
0.131850
0.108925
0.094920
0.143127
0.185981
0.210192
0.232644
0.203915
0.216507
0.234503
0.245060
0.227036
0.259954
0.256362
0.278707
0.260461
0.276250
0.237787
0.204284
0.190161
0.150055
0.203797
0.189206
0.204938
0.175813
0.131308
0.068401
0.037542
0.051946
0.115755
0.160607
0.190248
0.190892
0.154601
0.178600
0.178625
0.226323
0.231955
0.268285
0.251652
0.266847
0.249513
0.265285
0.220253
0.193756
0.205024
0.167945
0.215568
0.140445
0.168207
0.167088
0.183191
0.148048
0.154416
0.177894
0.217064
0.205534
0.214929
0.181852
0.191323
0.205565
0.215358
0.203433
0.225925
0.224418
0.242437
0.233029
0.240555
0.211455
0.185287
0.184613
0.160356
0.122485
0.079516
0.109376
0.121327
0.151748
0.130913
0.113912
0.157824
0.182928
0.221302
0.224165
0.222443
0.191978
0.237109
0.211100
0.237814
0.214998
0.276337
0.221933
0.296269
0.222769
0.305108
0.194372
0.236008
0.194688
0.221136
0.080761
0.134996
0.164348
0.186706
0.175366
0.121807
0.141104
0.147466
0.174671
0.194486
0.215315
0.180799
0.213673
0.204349
0.220587
0.203561
0.249047
0.228579
0.242308
0.225000
0.254502
0.213020
0.177555
0.202810
0.150771
0.199589
0.130768
0.133102
0.163090
0.194999
0.126013
0.110865
0.132089
0.146940
0.174279
0.188452
0.186910
0.158810
0.205775
0.180012
0.202200
0.180027
0.276304
0.217664
0.288976
0.189793
0.275889
0.166474
0.216409
0.170497
0.194626
0.133739
0.137156
0.159815
0.191657
0.175397
0.105518
0.125025
0.136457
0.181155
0.175149
0.187885
0.150529
0.167460
0.173712
0.188332
0.179950
0.203401
0.199602
0.214515
0.204275
0.215303
0.193439
0.163985
0.171860
0.128003
0.160039
0.078837
0.095830
0.117717
0.160099
0.148918
0.121625
0.141210
0.153240
0.193490
0.197297
0.197967
0.171503
0.195718
0.186142
0.199815
0.187986
0.239224
0.203444
0.245454
0.207795
0.234975
0.212561
0.158019
0.188855
0.144794
0.118078
0.119918
0.112267
0.152413
0.160275
0.085586
0.079880
0.098977
0.113598
0.141303
0.141868
0.158685
0.123278
0.160477
0.144872
0.164565
0.144796
0.195142
0.141855
0.208873
0.119217
0.211770
0.117846
0.158168
0.092840
0.155979
0.063686
0.108844
0.071486
0.128697
0.116206
0.121779
0.063646
0.078482
0.079322
0.080853
0.106861
0.135998
0.116858
0.123516
0.109136
0.099037
0.106341
0.117720
0.128255
0.098624
0.136520
0.073621
0.089731
0.047492
0.102526
0.017495
0.078442
0.001866
0.032377
0.057528
0.120707
0.104130
0.159819
0.124176
0.200708
0.149921
0.198731
0.094605
0.122889
0.067646
0.071367
0.068353
0.137176
0.099150
0.117404
0.086089
0.127224
0.077325
0.075322
0.101922
0.008110
0.050897
-0.020892
0.009245
0.031455
0.068863
0.048262
0.053201
0.072867
0.076784
0.096812
0.142900
0.147617
0.112028
0.117616
0.134715
0.072375
0.170352
0.178933
0.194103
0.157185
0.184011
0.135486
0.157050
0.133614
0.161008
0.119782
0.150373
0.052880
0.067344
0.058139
0.070858
0.056279
0.024950
0.049425
0.072891
0.087520
0.075602
0.087668
0.076081
0.072017
0.072088
0.077521
0.050930
0.090553
0.164407
0.156708
0.146831
0.155768
0.145245
0.134703
0.149325
0.130887
0.132460
0.103233
0.115298
-0.220833
-0.181121
-0.179765
-0.193446
-0.217518
-0.228014
-0.260767
-0.255601
-0.266603
-0.215176
-0.156535
-0.108251
-0.173311
-0.213703
-0.194776
-0.186396
-0.253648
-0.247769
-0.288755
-0.277108
-0.299100
-0.276163
-0.295038
-0.285519
-0.297069
-0.288905
-0.282561
-0.263120
-0.317793
-0.328551
-0.421250
-0.373136
-0.333946
-0.738836
-0.723819
-1.192984
-1.116563
-1.017874
-0.910447
-0.799945
-0.692441
-0.587978
-0.494165
