-0.198604
-0.198608
-0.198620
-0.198640
-0.198666
-0.198700
-0.198739
-0.198785
-0.198836
-0.198892
-0.198954
-0.199021
-0.199094
-0.199173
-0.199259
-0.199351
-0.199452
-0.199561
-0.199680
-0.199809
-0.199949
-0.200123
-0.200311
-0.200516
-0.200737
-0.200975
-0.201611
-0.202321
-0.203106
-0.203962
-0.204890
-0.206315
-0.207852
-0.209489
-0.211213
-0.213008
-0.215529
-0.218061
-0.220544
-0.222911
-0.225039
-0.227072
-0.228609
-0.229533
-0.230079
-0.230665
-0.231265
-0.231911
-0.232564
-0.233261
-0.233978
-0.234743
-0.235512
-0.236330
-0.237141
-0.238003
-0.238855
-0.239757
-0.240646
-0.225649
-0.225686
-0.225773
-0.225914
-0.226112
-0.226371
-0.226694
-0.227080
-0.227536
-0.228054
-0.228646
-0.229301
-0.230030
-0.230818
-0.231679
-0.232592
-0.233575
-0.234598
-0.235688
-0.236809
-0.237992
-0.239188
-0.240437
-0.241687
-0.242983
-0.244266
-0.245591
-0.246888
-0.248213
-0.249477
-0.250749
-0.251953
-0.253168
-0.254290
-0.255410
-0.256407
-0.257400
-0.258259
-0.259093
-0.259768
-0.260408
-0.260872
-0.261292
-0.261521
-0.261656
-0.261579
-0.261448
-0.261116
-0.260803
-0.260368
-0.259965
-0.259446
-0.258961
-0.258362
-0.257788
-0.257115
-0.256465
-0.255718
-0.254995
-0.254174
-0.253372
-0.252455
-0.251554
-0.250515
-0.249503
-0.248387
-0.247301
-0.246088
-0.244925
-0.243648
-0.242418
-0.241078
-0.239776
-0.238365
-0.236987
-0.235550
-0.234080
-0.232555
-0.231006
-0.229406
-0.227821
-0.226208
-0.224615
-0.223013
-0.221449
-0.219874
-0.218359
-0.216854
-0.215432
-0.214066
-0.212762
-0.211500
-0.210321
-0.209189
-0.194198
-0.194417
-0.194849
-0.195398
-0.195990
-0.196553
-0.197048
-0.197435
-0.197692
-0.197795
-0.197746
-0.197539
-0.197247
-0.196790
-0.196267
-0.195614
-0.194959
-0.194235
-0.193540
-0.192824
-0.192165
-0.191503
-0.190889
-0.190293
-0.189756
-0.189236
-0.188768
-0.188311
-0.187895
-0.187518
-0.187169
-0.186866
-0.171879
-0.171929
-0.172010
-0.172117
-0.172244
-0.172384
-0.172530
-0.172677
-0.172816
-0.172942
-0.173054
-0.173146
-0.173220
-0.173253
-0.173254
-0.173206
-0.173119
-0.172989
-0.172845
-0.172665
-0.172465
-0.172216
-0.171959
-0.171662
-0.171367
-0.171027
-0.170684
-0.170296
-0.169911
-0.169494
-0.169087
-0.168667
-0.168265
-0.167853
-0.167460
-0.167116
-0.166837
-0.166575
-0.166330
-0.166082
-0.165921
-0.165766
-0.165718
-0.165725
-0.165845
-0.166011
-0.166290
-0.166613
-0.167019
-0.167433
-0.167897
-0.168380
-0.168911
-0.169444
-0.170009
-0.170574
-0.171166
-0.171749
-0.172359
-0.172963
-0.173570
-0.174179
-0.174794
-0.175415
-0.176040
-0.176724
-0.177460
-0.178284
-0.179201
-0.180193
-0.181267
-0.182390
-0.183535
-0.184765
-0.186002
-0.187315
-0.188653
-0.190050
-0.191452
-0.192903
-0.194321
-0.195715
-0.197057
-0.198371
-0.199633
-0.200889
-0.202096
-0.203282
-0.204420
-0.205539
-0.206625
-0.207704
-0.208744
-0.209763
-0.210740
-0.211693
-0.212609
-0.213496
-0.146603
-0.147713
-0.150290
-0.154156
-0.159115
-0.164975
-0.171518
-0.178521
-0.185748
-0.192977
-0.199953
-0.206448
-0.212218
-0.216951
-0.220401
-0.222324
-0.222753
-0.222972
-0.223152
-0.223321
-0.223458
-0.223590
-0.223673
-0.223748
-0.223782
-0.223811
-0.223804
-0.223778
-0.223732
-0.223672
-0.223595
-0.223499
-0.208517
-0.208572
-0.208663
-0.208785
-0.208934
-0.209105
-0.209295
-0.209497
-0.209706
-0.209915
-0.210120
-0.210311
-0.210486
-0.210635
-0.210754
-0.210831
-0.210858
-0.210824
-0.210735
-0.210576
-0.210349
-0.210046
-0.209683
-0.209262
-0.208782
-0.208236
-0.207616
-0.206924
-0.206159
-0.205322
-0.204446
-0.203535
-0.202593
-0.201630
-0.200648
-0.199708
-0.198944
-0.198221
-0.197488
-0.196771
-0.196054
-0.195316
-0.194608
-0.193946
-0.193321
-0.192725
-0.192107
-0.191533
-0.191005
-0.190530
-0.190082
-0.189627
-0.189241
-0.188921
-0.188670
-0.188413
-0.188137
-0.187833
-0.187518
-0.187180
-0.186832
-0.186470
-0.186103
-0.185734
-0.185360
-0.185007
-0.184686
-0.184392
-0.184133
-0.183896
-0.183716
-0.183539
-0.183388
-0.183213
-0.183056
-0.182851
-0.182644
-0.182417
-0.182194
-0.181961
-0.181730
-0.181470
-0.181198
-0.180918
-0.180700
-0.180386
-0.180025
-0.179617
-0.179195
-0.178764
-0.178299
-0.177821
-0.177313
-0.176791
-0.176240
-0.175754
-0.175289
-0.174862
-0.174410
-0.173987
-0.173537
-0.139771
-0.140167
-0.141238
-0.142841
-0.144830
-0.147059
-0.149410
-0.151757
-0.154008
-0.156077
-0.157914
-0.159435
-0.160609
-0.161346
-0.161694
-0.161600
-0.161083
-0.160498
-0.159940
-0.159467
-0.159027
-0.158650
-0.158296
-0.158005
-0.157744
-0.157528
-0.157327
-0.157162
-0.157009
-0.156880
-0.156762
-0.156667
-0.141679
-0.141728
-0.141813
-0.141935
-0.142096
-0.142293
-0.142525
-0.142792
-0.143090
-0.143420
-0.143776
-0.144156
-0.144546
-0.144951
-0.145356
-0.145767
-0.146167
-0.146566
-0.146942
-0.147301
-0.147628
-0.147951
-0.148272
-0.148602
-0.148932
-0.149267
-0.149604
-0.149959
-0.150346
-0.150766
-0.151199
-0.151637
-0.152081
-0.152514
-0.152947
-0.153372
-0.153811
-0.154276
-0.154787
-0.155329
-0.155920
-0.156546
-0.157176
-0.157811
-0.158421
-0.159014
-0.159575
-0.160124
-0.160688
-0.161266
-0.161840
-0.162435
-0.163019
-0.163620
-0.164204
-0.164807
-0.165394
-0.166002
-0.166585
-0.167182
-0.167746
-0.168327
-0.168897
-0.169512
-0.170076
-0.170648
-0.171143
-0.171649
-0.172126
-0.172602
-0.173017
-0.173407
-0.173738
-0.174037
-0.174270
-0.174492
-0.174636
-0.174676
-0.174651
-0.174623
-0.174568
-0.174491
-0.174363
-0.174220
-0.174136
-0.174080
-0.174035
-0.174035
-0.174081
-0.174169
-0.174245
-0.174342
-0.174405
-0.174487
-0.159655
-0.160149
-0.160913
-0.161881
-0.162977
-0.164148
-0.165326
-0.166470
-0.167529
-0.168478
-0.169262
-0.169871
-0.170239
-0.170430
-0.170416
-0.170187
-0.169932
-0.169684
-0.169504
-0.169339
-0.169235
-0.169150
-0.169119
-0.169131
-0.169187
-0.169267
-0.169373
-0.169498
-0.169649
-0.169816
-0.169999
-0.155010
-0.155060
-0.155149
-0.155275
-0.155437
-0.155631
-0.155854
-0.156103
-0.156378
-0.156669
-0.156977
-0.157292
-0.157609
-0.157926
-0.158230
-0.158520
-0.158784
-0.159034
-0.159233
-0.159394
-0.159502
-0.159582
-0.159661
-0.159744
-0.159820
-0.159887
-0.159943
-0.160005
-0.160059
-0.160116
-0.160163
-0.160213
-0.160317
-0.160417
-0.160527
-0.160657
-0.160798
-0.160945
-0.161164
-0.161466
-0.161836
-0.162294
-0.162794
-0.163362
-0.163984
-0.164662
-0.165382
-0.166085
-0.166778
-0.167462
-0.168161
-0.168866
-0.169574
-0.170268
-0.170953
-0.171631
-0.172306
-0.172995
-0.173678
-0.174363
-0.175028
-0.175692
-0.176340
-0.176978
-0.177612
-0.178218
-0.178799
-0.179395
-0.179960
-0.180514
-0.181022
-0.181482
-0.181897
-0.182242
-0.182546
-0.182779
-0.182962
-0.183044
-0.183083
-0.183045
-0.182978
-0.182856
-0.182683
-0.182454
-0.182184
-0.181857
-0.181489
-0.181140
-0.180811
-0.180457
-0.180088
-0.179681
-0.179262
-0.178807
-0.178316
-0.141958
-0.143033
-0.144721
-0.146862
-0.149304
-0.151911
-0.154555
-0.157131
-0.159544
-0.161704
-0.163536
-0.164971
-0.165970
-0.166488
-0.166491
-0.165953
-0.165261
-0.164601
-0.164012
-0.163456
-0.162962
-0.162505
-0.162113
-0.161747
-0.161428
-0.161131
-0.160873
-0.160642
-0.160435
-0.160241
-0.160070
-0.145078
-0.145120
-0.145200
-0.145321
-0.145481
-0.145681
-0.145919
-0.146195
-0.146507
-0.146852
-0.147227
-0.147628
-0.148054
-0.148496
-0.148951
-0.149414
-0.149877
-0.150346
-0.150822
-0.151309
-0.151800
-0.152296
-0.152787
-0.153273
-0.153750
-0.154244
-0.154752
-0.155276
-0.155807
-0.156358
-0.156937
-0.157529
-0.158128
-0.158733
-0.159345
-0.159962
-0.160590
-0.161247
-0.161940
-0.162662
-0.163421
-0.164162
-0.164905
-0.165624
-0.166302
-0.166946
-0.167529
-0.168081
-0.168620
-0.169162
-0.169682
-0.170203
-0.170704
-0.171207
-0.171696
-0.172189
-0.172671
-0.173166
-0.173645
-0.174137
-0.174608
-0.175111
-0.175577
-0.176081
-0.176512
-0.176959
-0.177361
-0.177767
-0.178119
-0.178455
-0.178723
-0.178993
-0.179194
-0.179385
-0.179495
-0.179575
-0.179583
-0.179661
-0.179634
-0.179569
-0.179464
-0.179325
-0.179121
-0.178892
-0.178635
-0.178371
-0.178139
-0.177919
-0.177688
-0.177417
-0.177351
-0.177296
-0.177256
-0.177196
-0.159313
-0.159840
-0.160684
-0.161766
-0.163005
-0.164328
-0.165667
-0.166968
-0.168174
-0.169243
-0.170132
-0.170816
-0.171275
-0.171487
-0.171436
-0.171109
-0.170698
-0.170308
-0.169979
-0.169682
-0.169436
-0.169221
-0.169075
-0.168948
-0.168865
-0.168798
-0.168766
-0.168760
-0.168773
-0.168799
-0.168837
-0.153843
-0.153886
-0.153966
-0.154082
-0.154230
-0.154406
-0.154622
-0.154872
-0.155154
-0.155460
-0.155794
-0.156144
-0.156506
-0.156876
-0.157247
-0.157616
-0.157971
-0.158320
-0.158644
-0.158954
-0.159252
-0.159551
-0.159843
-0.160135
-0.160425
-0.160716
-0.161006
-0.161292
-0.161576
-0.161853
-0.162127
-0.162414
-0.162741
-0.163097
-0.163475
-0.163866
-0.164278
-0.164712
-0.165200
-0.165736
-0.166334
-0.166929
-0.167550
-0.168172
-0.168789
-0.169383
-0.169934
-0.170473
-0.171022
-0.171588
-0.172148
-0.172728
-0.173295
-0.173887
-0.174469
-0.175081
-0.175673
-0.176295
-0.176891
-0.177512
-0.178103
-0.178724
-0.179313
-0.179936
-0.180501
-0.181079
-0.181615
-0.182133
-0.182615
-0.183060
-0.183458
-0.183842
-0.184162
-0.184456
-0.184678
-0.184862
-0.184942
-0.184965
-0.184907
-0.184807
-0.184821
-0.184832
-0.184770
-0.184666
-0.184502
-0.184317
-0.184148
-0.183990
-0.183812
-0.183599
-0.183349
-0.183062
-0.182749
-0.182389
-0.145748
-0.146788
-0.148471
-0.150645
-0.153164
-0.155887
-0.158884
-0.162046
-0.165194
-0.168223
-0.171041
-0.173539
-0.175591
-0.177111
-0.177967
-0.178100
-0.177917
-0.177710
-0.177497
-0.177268
-0.177038
-0.176794
-0.176577
-0.176369
-0.176185
-0.176006
-0.175847
-0.175710
-0.175589
-0.175476
-0.175372
-0.160377
-0.160417
-0.160493
-0.160602
-0.160740
-0.160911
-0.161108
-0.161326
-0.161564
-0.161815
-0.162077
-0.162342
-0.162606
-0.162860
-0.163101
-0.163321
-0.163515
-0.163682
-0.163816
-0.163926
-0.164011
-0.164068
-0.164093
-0.164084
-0.164041
-0.163960
-0.163883
-0.163789
-0.163697
-0.163598
-0.163520
-0.163436
-0.163360
-0.163282
-0.163223
-0.163164
-0.163134
-0.163145
-0.163229
-0.163366
-0.163583
-0.163808
-0.164089
-0.164388
-0.164717
-0.165042
-0.165340
-0.165634
-0.165910
-0.166185
-0.166436
-0.166689
-0.166914
-0.167138
-0.167346
-0.167552
-0.167750
-0.167956
-0.168147
-0.168343
-0.168526
-0.168728
-0.168927
-0.169152
-0.169346
-0.169537
-0.169725
-0.169890
-0.170024
-0.170114
-0.170182
-0.170433
-0.170722
-0.170985
-0.171258
-0.171502
-0.171645
-0.171741
-0.171755
-0.171734
-0.171670
-0.171559
-0.171402
-0.171216
-0.170993
-0.170748
-0.170607
-0.170571
-0.170559
-0.170544
-0.170528
-0.170518
-0.170503
-0.170498
-0.155601
-0.156021
-0.156711
-0.157602
-0.158622
-0.159713
-0.160812
-0.161880
-0.162863
-0.163736
-0.164450
-0.164992
-0.165353
-0.165522
-0.165485
-0.165228
-0.164899
-0.164593
-0.164352
-0.164143
-0.163985
-0.163856
-0.163788
-0.163732
-0.163717
-0.163714
-0.163743
-0.163796
-0.163873
-0.163964
-0.164071
-0.149077
-0.149118
-0.149197
-0.149313
-0.149463
-0.149644
-0.149854
-0.150089
-0.150374
-0.150693
-0.151045
-0.151418
-0.151818
-0.152235
-0.152667
-0.153108
-0.153553
-0.153998
-0.154448
-0.154915
-0.155395
-0.155882
-0.156368
-0.156855
-0.157337
-0.157811
-0.158275
-0.158719
-0.159147
-0.159550
-0.159933
-0.160321
-0.160718
-0.161153
-0.161604
-0.162051
-0.162508
-0.162986
-0.163522
-0.164107
-0.164750
-0.165405
-0.166095
-0.166800
-0.167508
-0.168201
-0.168844
-0.169468
-0.170089
-0.170734
-0.171376
-0.172042
-0.172699
-0.173387
-0.174063
-0.174774
-0.175456
-0.176170
-0.176854
-0.177570
-0.178254
-0.178990
-0.179711
-0.180449
-0.181155
-0.181858
-0.182537
-0.183195
-0.183783
-0.184367
-0.184876
-0.185413
-0.185869
-0.186331
-0.186698
-0.187044
-0.187271
-0.187449
-0.187547
-0.187612
-0.187627
-0.187586
-0.187482
-0.187341
-0.187141
-0.186906
-0.186655
-0.186390
-0.186103
-0.185781
-0.185428
-0.185063
-0.184680
-0.184261
-0.143822
-0.144767
-0.146452
-0.148711
-0.151378
-0.154304
-0.157347
-0.160382
-0.163284
-0.166040
-0.168645
-0.170894
-0.172695
-0.173966
-0.174633
-0.174614
-0.174170
-0.173708
-0.173288
-0.172884
-0.172522
-0.172181
-0.171896
-0.171633
-0.171419
-0.171224
-0.171069
-0.170942
-0.170836
-0.170738
-0.170654
-0.155655
-0.155687
-0.155755
-0.155857
-0.155995
-0.156166
-0.156367
-0.156595
-0.156848
-0.157118
-0.157405
-0.157706
-0.158015
-0.158328
-0.158642
-0.158945
-0.159240
-0.159515
-0.159768
-0.159977
-0.160156
-0.160314
-0.160443
-0.160540
-0.160604
-0.160633
-0.160628
-0.160576
-0.160503
-0.160410
-0.160293
-0.160145
-0.160004
-0.159857
-0.159725
-0.159589
-0.159502
-0.159467
-0.159513
-0.159620
-0.159814
-0.160042
-0.160351
-0.160702
-0.161096
-0.161506
-0.161916
-0.162333
-0.162759
-0.163200
-0.163641
-0.164094
-0.164523
-0.164955
-0.165368
-0.165786
-0.166186
-0.166591
-0.166973
-0.167356
-0.167713
-0.168094
-0.168456
-0.168802
-0.169120
-0.169421
-0.169711
-0.169995
-0.170209
-0.170429
-0.170569
-0.170728
-0.170813
-0.170902
-0.170900
-0.170876
-0.170735
-0.170655
-0.170606
-0.170525
-0.170409
-0.170338
-0.170270
-0.170161
-0.170069
-0.169960
-0.169954
-0.169952
-0.169999
-0.170031
-0.170101
-0.170189
-0.170283
-0.170374
-0.155429
-0.155780
-0.156422
-0.157292
-0.158321
-0.159457
-0.160632
-0.161811
-0.162921
-0.163950
-0.164827
-0.165557
-0.166115
-0.166509
-0.166688
-0.166645
-0.166451
-0.166312
-0.166223
-0.166181
-0.166180
-0.166218
-0.166307
-0.166433
-0.166592
-0.166775
-0.166991
-0.167214
-0.167466
-0.167728
-0.168019
-0.168322
-0.153343
-0.153403
-0.153504
-0.153645
-0.153823
-0.154038
-0.154284
-0.154562
-0.154864
-0.155191
-0.155539
-0.155910
-0.156298
-0.156693
-0.157090
-0.157484
-0.157868
-0.158230
-0.158594
-0.158961
-0.159323
-0.159674
-0.160017
-0.160351
-0.160673
-0.160976
-0.161249
-0.161493
-0.161713
-0.161900
-0.162078
-0.162172
-0.162248
-0.162343
-0.162469
-0.162639
-0.162715
-0.162746
-0.162792
-0.162883
-0.163011
-0.163269
-0.163563
-0.163907
-0.164289
-0.164713
-0.165175
-0.165657
-0.166149
-0.166653
-0.167138
-0.167646
-0.168171
-0.168731
-0.169319
-0.169951
-0.170614
-0.171314
-0.172038
-0.172797
-0.173580
-0.174403
-0.175245
-0.176122
-0.177016
-0.177961
-0.178860
-0.179760
-0.180590
-0.181406
-0.182222
-0.182993
-0.183780
-0.184504
-0.185218
-0.185874
-0.186522
-0.187091
-0.187615
-0.188079
-0.188450
-0.188759
-0.189012
-0.189233
-0.189425
-0.189543
-0.189636
-0.189668
-0.189670
-0.189616
-0.189581
-0.189549
-0.189545
-0.189540
-0.189543
-0.189499
-0.189415
-0.149981
-0.150659
-0.152131
-0.154250
-0.156862
-0.159825
-0.162999
-0.166259
-0.169479
-0.172545
-0.175332
-0.177764
-0.179747
-0.181201
-0.182019
-0.182138
-0.181632
-0.181065
-0.180485
-0.179966
-0.179468
-0.179036
-0.178627
-0.178291
-0.177996
-0.177753
-0.177548
-0.177388
-0.177273
-0.177193
-0.177136
-0.177108
-0.162128
-0.162186
-0.162280
-0.162407
-0.162562
-0.162742
-0.162940
-0.163156
-0.163380
-0.163611
-0.163839
-0.164069
-0.164287
-0.164491
-0.164669
-0.164821
-0.164931
-0.165001
-0.165044
-0.165101
-0.165288
-0.165455
-0.165601
-0.165746
-0.165865
-0.165979
-0.166053
-0.166108
-0.166113
-0.166093
-0.166018
-0.165970
-0.165881
-0.165830
-0.165770
-0.165751
-0.165756
-0.165779
-0.165775
-0.165845
-0.165957
-0.166153
-0.166423
-0.166772
-0.167159
-0.167626
-0.168099
-0.168630
-0.169181
-0.169771
-0.170366
-0.170981
-0.171614
-0.172274
-0.172966
-0.173688
-0.174438
-0.175204
-0.175997
-0.176804
-0.177635
-0.178472
-0.179325
-0.180172
-0.181033
-0.181882
-0.182727
-0.183559
-0.184375
-0.185146
-0.185888
-0.186563
-0.187242
-0.187837
-0.188435
-0.188944
-0.189495
-0.189959
-0.190438
-0.190848
-0.191234
-0.191485
-0.191684
-0.191794
-0.191879
-0.191903
-0.191879
-0.191809
-0.191712
-0.191576
-0.191413
-0.191284
-0.191163
-0.191031
-0.190851
-0.190645
-0.190368
-0.142932
-0.143606
-0.145244
-0.147672
-0.150711
-0.154182
-0.157917
-0.161759
-0.165562
-0.169201
-0.172549
-0.175486
-0.177899
-0.179675
-0.180736
-0.181003
-0.180511
-0.179914
-0.179340
-0.178818
-0.178346
-0.177918
-0.177535
-0.177199
-0.176930
-0.176701
-0.176520
-0.176363
-0.176240
-0.176153
-0.176078
-0.176016
-0.161032
-0.161085
-0.161173
-0.161294
-0.161442
-0.161614
-0.161804
-0.162012
-0.162230
-0.162458
-0.162704
-0.162991
-0.163280
-0.163568
-0.163850
-0.164119
-0.164374
-0.164615
-0.164850
-0.165073
-0.165287
-0.165489
-0.165682
-0.165861
-0.166025
-0.166174
-0.166301
-0.166425
-0.166539
-0.166710
-0.166891
-0.167081
-0.167281
-0.167489
-0.167699
-0.167936
-0.168205
-0.168540
-0.168936
-0.169406
-0.169930
-0.170529
-0.171130
-0.171782
-0.172423
-0.173113
-0.173773
-0.174451
-0.175125
-0.175822
-0.176504
-0.177209
-0.177902
-0.178598
-0.179279
-0.179963
-0.180634
-0.181307
-0.181964
-0.182608
-0.183239
-0.183844
-0.184440
-0.185048
-0.185626
-0.186181
-0.186685
-0.187149
-0.187587
-0.187995
-0.188364
-0.188694
-0.188996
-0.189271
-0.189484
-0.189662
-0.189781
-0.189788
-0.189708
-0.189577
-0.189404
-0.189208
-0.188932
-0.188631
-0.188308
-0.188025
-0.187701
-0.187401
-0.187131
-0.186882
-0.186613
-0.186319
-0.185956
-0.185551
-0.146518
-0.147643
-0.149448
-0.151775
-0.154459
-0.157366
-0.160352
-0.163305
-0.166101
-0.168701
-0.171045
-0.173017
-0.174497
-0.175460
-0.175839
-0.175570
-0.175085
-0.174598
-0.174176
-0.173782
-0.173445
-0.173138
-0.172885
-0.172688
-0.172538
-0.172414
-0.172322
-0.172250
-0.172224
-0.172199
-0.172183
-0.157190
-0.157232
-0.157310
-0.157422
-0.157564
-0.157730
-0.157933
-0.158174
-0.158445
-0.158745
-0.159070
-0.159415
-0.159770
-0.160134
-0.160497
-0.160861
-0.161213
-0.161562
-0.161894
-0.162209
-0.162508
-0.162796
-0.163065
-0.163319
-0.163552
-0.163774
-0.164009
-0.164271
-0.164562
-0.164881
-0.165241
-0.165628
-0.166033
-0.166449
-0.166887
-0.167331
-0.167815
-0.168337
-0.168926
-0.169555
-0.170250
-0.170982
-0.171730
-0.172481
-0.173213
-0.173950
-0.174663
-0.175363
-0.176061
-0.176760
-0.177437
-0.178115
-0.178762
-0.179403
-0.180011
-0.180610
-0.181180
-0.181751
-0.182285
-0.182812
-0.183291
-0.183762
-0.184186
-0.184639
-0.185033
-0.185426
-0.185742
-0.186045
-0.186311
-0.186567
-0.186767
-0.186939
-0.187076
-0.187181
-0.187232
-0.187261
-0.187226
-0.187079
-0.186854
-0.186571
-0.186256
-0.185911
-0.185501
-0.185224
-0.184943
-0.184657
-0.184339
-0.184042
-0.183777
-0.183524
-0.183247
-0.182938
-0.182578
-0.182173
-0.142646
-0.143763
-0.145575
-0.147917
-0.150646
-0.153624
-0.156710
-0.159780
-0.162724
-0.165430
-0.167807
-0.169778
-0.171238
-0.172161
-0.172472
-0.172111
-0.171511
-0.170911
-0.170384
-0.169886
-0.169445
-0.169033
-0.168675
-0.168373
-0.168121
-0.167898
-0.167706
-0.167537
-0.167403
-0.167283
-0.167183
-0.152189
-0.152230
-0.152306
-0.152415
-0.152553
-0.152714
-0.152902
-0.153140
-0.153408
-0.153705
-0.154029
-0.154374
-0.154731
-0.155103
-0.155479
-0.155860
-0.156234
-0.156606
-0.156964
-0.157306
-0.157638
-0.157966
-0.158285
-0.158602
-0.158911
-0.159218
-0.159518
-0.159830
-0.160183
-0.160547
-0.160922
-0.161306
-0.161702
-0.162100
-0.162508
-0.162922
-0.163322
-0.163716
-0.164163
-0.164647
-0.165190
-0.165774
-0.166369
-0.166964
-0.167538
-0.168087
-0.168605
-0.169088
-0.169581
-0.170067
-0.170550
-0.171031
-0.171505
-0.171976
-0.172436
-0.172894
-0.173344
-0.173810
-0.174267
-0.174737
-0.175180
-0.175628
-0.176068
-0.176514
-0.176916
-0.177309
-0.177646
-0.177995
-0.178339
-0.178669
-0.178952
-0.179192
-0.179387
-0.179519
-0.179616
-0.179654
-0.179796
-0.179980
-0.180082
-0.180088
-0.180070
-0.180010
-0.179930
-0.179804
-0.179654
-0.179460
-0.179239
-0.179057
-0.178872
-0.178677
-0.178427
-0.178153
-0.177785
-0.177385
-0.142191
-0.143165
-0.144754
-0.146816
-0.149203
-0.151777
-0.154413
-0.156997
-0.159442
-0.161676
-0.163623
-0.165225
-0.166376
-0.167042
-0.167266
-0.167019
-0.166553
-0.166096
-0.165696
-0.165358
-0.165067
-0.164830
-0.164630
-0.164491
-0.164387
-0.164325
-0.164286
-0.164277
-0.164314
-0.164366
-0.164427
-0.149433
-0.149473
-0.149555
-0.149680
-0.149847
-0.150058
-0.150310
-0.150602
-0.150930
-0.151295
-0.151688
-0.152113
-0.152559
-0.153026
-0.153507
-0.153995
-0.154485
-0.154976
-0.155459
-0.155924
-0.156367
-0.156797
-0.157216
-0.157628
-0.158017
-0.158393
-0.158739
-0.159086
-0.159408
-0.159715
-0.159983
-0.160227
-0.160451
-0.160641
-0.160824
-0.161023
-0.161207
-0.161451
-0.161777
-0.162171
-0.162614
-0.163129
-0.163667
-0.164274
-0.164877
-0.165513
-0.166135
-0.166719
-0.167268
-0.167823
-0.168377
-0.168952
-0.169512
-0.170072
-0.170612
-0.171152
-0.171680
-0.172207
-0.172714
-0.173209
-0.173687
-0.174144
-0.174622
-0.175056
-0.175492
-0.175868
-0.176232
-0.176553
-0.176846
-0.177106
-0.177338
-0.177527
-0.177717
-0.177868
-0.177988
-0.178064
-0.178084
-0.177990
-0.177832
-0.177613
-0.177361
-0.177079
-0.176894
-0.176746
-0.176562
-0.176375
-0.176167
-0.175987
-0.175850
-0.175734
-0.175614
-0.175491
-0.175432
-0.175380
-0.138664
-0.139173
-0.140444
-0.142341
-0.144717
-0.147439
-0.150371
-0.153391
-0.156385
-0.159246
-0.161865
-0.164153
-0.166013
-0.167393
-0.168236
-0.168474
-0.168118
-0.167678
-0.167253
-0.166864
-0.166510
-0.166203
-0.165930
-0.165733
-0.165577
-0.165463
-0.165367
-0.165305
-0.165259
-0.165242
-0.165230
-0.165244
-0.150260
-0.150312
-0.150402
-0.150525
-0.150678
-0.150857
-0.151059
-0.151281
-0.151516
-0.151813
-0.152134
-0.152483
-0.152847
-0.153226
-0.153612
-0.154005
-0.154397
-0.154802
-0.155222
-0.155661
-0.156118
-0.156583
-0.157044
-0.157503
-0.157949
-0.158388
-0.158804
-0.159214
-0.159592
-0.159957
-0.160283
-0.160636
-0.160956
-0.161311
-0.161701
-0.162127
-0.162558
-0.163053
-0.163592
-0.164203
-0.164859
-0.165543
-0.166256
-0.166994
-0.167715
-0.168437
-0.169106
-0.169784
-0.170451
-0.171158
-0.171858
-0.172584
-0.173299
-0.174033
-0.174763
-0.175506
-0.176261
-0.177016
-0.177779
-0.178539
-0.179304
-0.180066
-0.180833
-0.181548
-0.182263
-0.182924
-0.183625
-0.184273
-0.184905
-0.185495
-0.186049
-0.186599
-0.187101
-0.187582
-0.187993
-0.188362
-0.188623
-0.188838
-0.188972
-0.189077
-0.189138
-0.189136
-0.189069
-0.188955
-0.188794
-0.188594
-0.188380
-0.188164
-0.187943
-0.187702
-0.187451
-0.187202
-0.186947
-0.186662
-0.143349
-0.144143
-0.145808
-0.148188
-0.151121
-0.154462
-0.158051
-0.161761
-0.165433
-0.168953
-0.172164
-0.174979
-0.177288
-0.179005
-0.179991
-0.180202
-0.179716
-0.179220
-0.178730
-0.178307
-0.177911
-0.177579
-0.177296
-0.177065
-0.176873
-0.176723
-0.176612
-0.176539
-0.176486
-0.176456
-0.176434
-0.161436
-0.161457
-0.161517
-0.161613
-0.161741
-0.161897
-0.162079
-0.162281
-0.162498
-0.162725
-0.162963
-0.163206
-0.163459
-0.163729
-0.164002
-0.164266
-0.164515
-0.164745
-0.164964
-0.165182
-0.165394
-0.165597
-0.165779
-0.165946
-0.166088
-0.166208
-0.166302
-0.166369
-0.166406
-0.166412
-0.166387
-0.166366
-0.166356
-0.166410
-0.166507
-0.166611
-0.166736
-0.166851
-0.166982
-0.167158
-0.167419
-0.167704
-0.168052
-0.168431
-0.168851
-0.169284
-0.169706
-0.170140
-0.170588
-0.171067
-0.171564
-0.172088
-0.172616
-0.173173
-0.173734
-0.174334
-0.174924
-0.175542
-0.176142
-0.176770
-0.177375
-0.178015
-0.178630
-0.179259
-0.179864
-0.180459
-0.181049
-0.181612
-0.182121
-0.182611
-0.183042
-0.183485
-0.183863
-0.184227
-0.184514
-0.184768
-0.184908
-0.185006
-0.185025
-0.185011
-0.184951
-0.184838
-0.184652
-0.184470
-0.184390
-0.184264
-0.184121
-0.183979
-0.183811
-0.183619
-0.183393
-0.183166
-0.182920
-0.182651
-0.142078
-0.142774
-0.144270
-0.146407
-0.149022
-0.151967
-0.155097
-0.158285
-0.161396
-0.164315
-0.166928
-0.169145
-0.170918
-0.172132
-0.172922
-0.173135
-0.172763
-0.172373
-0.172019
-0.171714
-0.171466
-0.171259
-0.171112
-0.170997
-0.170932
-0.170888
-0.170883
-0.170907
-0.170949
-0.170995
-0.171053
-0.171111
-0.156131
-0.156190
-0.156287
-0.156422
-0.156600
-0.156819
-0.157074
-0.157365
-0.157691
-0.158051
-0.158438
-0.158856
-0.159292
-0.159745
-0.160207
-0.160678
-0.161148
-0.161624
-0.162105
-0.162591
-0.163071
-0.163552
-0.164012
-0.164453
-0.164856
-0.165253
-0.165617
-0.165968
-0.166278
-0.166586
-0.166901
-0.167231
-0.167552
-0.167884
-0.168208
-0.168545
-0.168884
-0.169297
-0.169758
-0.170294
-0.170850
-0.171471
-0.172107
-0.172784
-0.173454
-0.174073
-0.174663
-0.175231
-0.175816
-0.176394
-0.176974
-0.177525
-0.178071
-0.178588
-0.179101
-0.179594
-0.180090
-0.180561
-0.181031
-0.181472
-0.181925
-0.182339
-0.182723
-0.183066
-0.183388
-0.183697
-0.183991
-0.184229
-0.184449
-0.184601
-0.184770
-0.184881
-0.185001
-0.185029
-0.185064
-0.184981
-0.184859
-0.184641
-0.184407
-0.184101
-0.183738
-0.183315
-0.182866
-0.182384
-0.181880
-0.181489
-0.181161
-0.180822
-0.180467
-0.180097
-0.179730
-0.179353
-0.178941
-0.140372
-0.140989
-0.142355
-0.144306
-0.146681
-0.149354
-0.152170
-0.155022
-0.157774
-0.160344
-0.162614
-0.164526
-0.166038
-0.167101
-0.167626
-0.167586
-0.167032
-0.166472
-0.165949
-0.165477
-0.165047
-0.164664
-0.164354
-0.164081
-0.163847
-0.163640
-0.163463
-0.163316
-0.163182
-0.163071
-0.162966
-0.162881
-0.147900
-0.147957
-0.148048
-0.148172
-0.148323
-0.148505
-0.148723
-0.148970
-0.149243
-0.149541
-0.149858
-0.150193
-0.150540
-0.150892
-0.151247
-0.151596
-0.151936
-0.152275
-0.152621
-0.152971
-0.153321
-0.153661
-0.153996
-0.154318
-0.154627
-0.154919
-0.155190
-0.155437
-0.155653
-0.155844
-0.156064
-0.156293
-0.156529
-0.156778
-0.157036
-0.157308
-0.157545
-0.157828
-0.158166
-0.158578
-0.159011
-0.159506
-0.160021
-0.160578
-0.161120
-0.161619
-0.162074
-0.162506
-0.162933
-0.163375
-0.163809
-0.164251
-0.164685
-0.165134
-0.165582
-0.166039
-0.166507
-0.166977
-0.167461
-0.167949
-0.168474
-0.169005
-0.169562
-0.170086
-0.170605
-0.171102
-0.171596
-0.172074
-0.172518
-0.172947
-0.173373
-0.173795
-0.174176
-0.174528
-0.174814
-0.175013
-0.175157
-0.175257
-0.175313
-0.175319
-0.175237
-0.175119
-0.174947
-0.174738
-0.174489
-0.174273
-0.174079
-0.173997
-0.173925
-0.173872
-0.173866
-0.173858
-0.173840
-0.173795
-0.151917
-0.152429
-0.153348
-0.154583
-0.156044
-0.157650
-0.159304
-0.160936
-0.162467
-0.163848
-0.165006
-0.165974
-0.166690
-0.167135
-0.167270
-0.167080
-0.166730
-0.166387
-0.166113
-0.165863
-0.165681
-0.165560
-0.165510
-0.165494
-0.165519
-0.165565
-0.165632
-0.165716
-0.165812
-0.165929
-0.166052
-0.151055
-0.151087
-0.151158
-0.151267
-0.151410
-0.151585
-0.151789
-0.152017
-0.152267
-0.152531
-0.152828
-0.153180
-0.153564
-0.153968
-0.154390
-0.154818
-0.155255
-0.155687
-0.156136
-0.156603
-0.157081
-0.157561
-0.158047
-0.158532
-0.159020
-0.159489
-0.159958
-0.160402
-0.160840
-0.161246
-0.161674
-0.162078
-0.162506
-0.162918
-0.163352
-0.163813
-0.164227
-0.164634
-0.165049
-0.165497
-0.166009
-0.166656
-0.167351
-0.168072
-0.168838
-0.169577
-0.170305
-0.171022
-0.171725
-0.172425
-0.173148
-0.173897
-0.174649
-0.175434
-0.176228
-0.177051
-0.177875
-0.178720
-0.179571
-0.180442
-0.181314
-0.182207
-0.183091
-0.183988
-0.184867
-0.185742
-0.186602
-0.187448
-0.188255
-0.189029
-0.189760
-0.190488
-0.191148
-0.191794
-0.192363
-0.192936
-0.193429
-0.193888
-0.194285
-0.194650
-0.194893
-0.195083
-0.195198
-0.195297
-0.195347
-0.195356
-0.195322
-0.195251
-0.195141
-0.194969
-0.194838
-0.194709
-0.194580
-0.194396
-0.194195
-0.193887
-0.145374
-0.146660
-0.148836
-0.151726
-0.155145
-0.158914
-0.162870
-0.166850
-0.170705
-0.174330
-0.177610
-0.180448
-0.182792
-0.184507
-0.185442
-0.185499
-0.185145
-0.184787
-0.184490
-0.184241
-0.184034
-0.183862
-0.183725
-0.183622
-0.183550
-0.183496
-0.183468
-0.183447
-0.183444
-0.183463
-0.183473
-0.168478
-0.168515
-0.168589
-0.168698
-0.168838
-0.169005
-0.169196
-0.169405
-0.169631
-0.169865
-0.170106
-0.170343
-0.170631
-0.170965
-0.171301
-0.171638
-0.171971
-0.172296
-0.172607
-0.172907
-0.173191
-0.173462
-0.173712
-0.173938
-0.174134
-0.174292
-0.174411
-0.174484
-0.174546
-0.174635
-0.174759
-0.174876
-0.175004
-0.175145
-0.175297
-0.175458
-0.175678
-0.175960
-0.176319
-0.176748
-0.177259
-0.177831
-0.178482
-0.179141
-0.179824
-0.180522
-0.181233
-0.181948
-0.182673
-0.183411
-0.184138
-0.184881
-0.185613
-0.186354
-0.187075
-0.187792
-0.188490
-0.189181
-0.189857
-0.190525
-0.191167
-0.191791
-0.192380
-0.192943
-0.193483
-0.194006
-0.194486
-0.194936
-0.195346
-0.195751
-0.196099
-0.196426
-0.196684
-0.196949
-0.197128
-0.197276
-0.197359
-0.197416
-0.197349
-0.197237
-0.197039
-0.196834
-0.196572
-0.196279
-0.195950
-0.195583
-0.195173
-0.194723
-0.194334
-0.193958
-0.193594
-0.193191
-0.192787
-0.192286
-0.148701
-0.149547
-0.151215
-0.153534
-0.156327
-0.159424
-0.162670
-0.165922
-0.169080
-0.172214
-0.175112
-0.177695
-0.179847
-0.181475
-0.182478
-0.182768
-0.182467
-0.182129
-0.181786
-0.181483
-0.181202
-0.180957
-0.180735
-0.180547
-0.180394
-0.180268
-0.180169
-0.180083
-0.180014
-0.179970
-0.179919
-0.164920
-0.164944
-0.165006
-0.165102
-0.165228
-0.165381
-0.165556
-0.165747
-0.165954
-0.166168
-0.166388
-0.166625
-0.166905
-0.167187
-0.167466
-0.167737
-0.167999
-0.168246
-0.168479
-0.168700
-0.168906
-0.169096
-0.169270
-0.169419
-0.169539
-0.169622
-0.169672
-0.169673
-0.169662
-0.169632
-0.169640
-0.169654
-0.169674
-0.169701
-0.169740
-0.169791
-0.169872
-0.169986
-0.170171
-0.170423
-0.170754
-0.171146
-0.171620
-0.172108
-0.172661
-0.173210
-0.173817
-0.174403
-0.175013
-0.175620
-0.176255
-0.176877
-0.177528
-0.178163
-0.178799
-0.179416
-0.180039
-0.180646
-0.181257
-0.181841
-0.182417
-0.182965
-0.183495
-0.183999
-0.184507
-0.184979
-0.185427
-0.185823
-0.186188
-0.186531
-0.186847
-0.187121
-0.187362
-0.187566
-0.187749
-0.187864
-0.187943
-0.187965
-0.187873
-0.187708
-0.187489
-0.187241
-0.186992
-0.186835
-0.186645
-0.186414
-0.186187
-0.185939
-0.185726
-0.185553
-0.185404
-0.185239
-0.185054
-0.184811
-0.184526
-0.141998
-0.143330
-0.145408
-0.148063
-0.151126
-0.154448
-0.157914
-0.161394
-0.164751
-0.167874
-0.170642
-0.172983
-0.174760
-0.175930
-0.176389
-0.176083
-0.175565
-0.175032
-0.174556
-0.174106
-0.173716
-0.173355
-0.173051
-0.172805
-0.172616
-0.172458
-0.172337
-0.172238
-0.172182
-0.172140
-0.172111
-0.157121
-0.157167
-0.157249
-0.157365
-0.157510
-0.157681
-0.157872
-0.158080
-0.158316
-0.158601
-0.158908
-0.159227
-0.159553
-0.159883
-0.160212
-0.160536
-0.160846
-0.161145
-0.161425
-0.161679
-0.161917
-0.162141
-0.162349
-0.162546
-0.162727
-0.162895
-0.163061
-0.163276
-0.163523
-0.163792
-0.164089
-0.164404
-0.164744
-0.165087
-0.165450
-0.165814
-0.166200
-0.166609
-0.167085
-0.167603
-0.168189
-0.168815
-0.169462
-0.170117
-0.170769
-0.171418
-0.172049
-0.172667
-0.173294
-0.173930
-0.174555
-0.175200
-0.175824
-0.176458
-0.177069
-0.177686
-0.178284
-0.178894
-0.179473
-0.180057
-0.180597
-0.181142
-0.181639
-0.182182
-0.182651
-0.183132
-0.183527
-0.183921
-0.184276
-0.184631
-0.184923
-0.185195
-0.185422
-0.185620
-0.185757
-0.185873
-0.185919
-0.185859
-0.185708
-0.185504
-0.185260
-0.185212
-0.185106
-0.184990
-0.184827
-0.184659
-0.184453
-0.184279
-0.184115
-0.183968
-0.183778
-0.183562
-0.183261
-0.182927
-0.145161
-0.146303
-0.148102
-0.150407
-0.153060
-0.155932
-0.158882
-0.161799
-0.164562
-0.167102
-0.169306
-0.171130
-0.172421
-0.173202
-0.173363
-0.172914
-0.172255
-0.171615
-0.171023
-0.170499
-0.170012
-0.169589
-0.169196
-0.168893
-0.168620
-0.168410
-0.168213
-0.168069
-0.167949
-0.167877
-0.167808
-0.152817
-0.152861
-0.152941
-0.153054
-0.153196
-0.153379
-0.153602
-0.153859
-0.154147
-0.154467
-0.154813
-0.155187
-0.155578
-0.155981
-0.156389
-0.156800
-0.157208
-0.157615
-0.158022
-0.158425
-0.158822
-0.159211
-0.159588
-0.159947
-0.160286
-0.160626
-0.160937
-0.161263
-0.161571
-0.161888
-0.162218
-0.162559
-0.162899
-0.163259
-0.163617
-0.163995
-0.164396
-0.164862
-0.165371
-0.165947
-0.166561
-0.167240
-0.167917
-0.168633
-0.169318
-0.170031
-0.170699
-0.171349
-0.171975
-0.172602
-0.173201
-0.173804
-0.174387
-0.174957
-0.175498
-0.176032
-0.176540
-0.177044
-0.177522
-0.177981
-0.178415
-0.178823
-0.179199
-0.179572
-0.179909
-0.180221
-0.180482
-0.180674
-0.180863
-0.181006
-0.181134
-0.181204
-0.181295
-0.181336
-0.181364
-0.181359
-0.181303
-0.181149
-0.180936
-0.180661
-0.180365
-0.180074
-0.179799
-0.179511
-0.179205
-0.178889
-0.178565
-0.178271
-0.178022
-0.177776
-0.177530
-0.177253
-0.176917
-0.176531
-0.136963
-0.138120
-0.139967
-0.142342
-0.145079
-0.148035
-0.151067
-0.154057
-0.156910
-0.159537
-0.161835
-0.163741
-0.165149
-0.166032
-0.166332
-0.166002
-0.165476
-0.164954
-0.164489
-0.164046
-0.163666
-0.163312
-0.163021
-0.162792
-0.162631
-0.162500
-0.162407
-0.162332
-0.162297
-0.162280
-0.162273
-0.147280
-0.147323
-0.147402
-0.147516
-0.147660
-0.147828
-0.148021
-0.148260
-0.148532
-0.148832
-0.149160
-0.149506
-0.149864
-0.150228
-0.150593
-0.150955
-0.151308
-0.151653
-0.151980
-0.152300
-0.152618
-0.152926
-0.153237
-0.153537
-0.153840
-0.154129
-0.154423
-0.154725
-0.155073
-0.155444
-0.155858
-0.156282
-0.156738
-0.157202
-0.157698
-0.158197
-0.158747
-0.159337
-0.159997
-0.160702
-0.161478
-0.162292
-0.163118
-0.163947
-0.164752
-0.165557
-0.166332
-0.167096
-0.167859
-0.168635
-0.169395
-0.170171
-0.170919
-0.171670
-0.172390
-0.173107
-0.173800
-0.174493
-0.175154
-0.175805
-0.176413
-0.177012
-0.177554
-0.178117
-0.178615
-0.179112
-0.179532
-0.179937
-0.180305
-0.180668
-0.180976
-0.181261
-0.181521
-0.181750
-0.181932
-0.182096
-0.182194
-0.182190
-0.182223
-0.182190
-0.182156
-0.182095
-0.181989
-0.181867
-0.181719
-0.181557
-0.181376
-0.181220
-0.181104
-0.180993
-0.180873
-0.180724
-0.180521
-0.180271
-0.140290
-0.141431
-0.143292
-0.145716
-0.148537
-0.151616
-0.154811
-0.158000
-0.161071
-0.163930
-0.166476
-0.168620
-0.170247
-0.171319
-0.171767
-0.171518
-0.171020
-0.170519
-0.170064
-0.169626
-0.169248
-0.168897
-0.168606
-0.168381
-0.168222
-0.168093
-0.168001
-0.167931
-0.167902
-0.167893
-0.167894
-0.152901
-0.152942
-0.153020
-0.153132
-0.153275
-0.153444
-0.153636
-0.153847
-0.154074
-0.154335
-0.154641
-0.154966
-0.155304
-0.155649
-0.155998
-0.156344
-0.156685
-0.157020
-0.157339
-0.157660
-0.157979
-0.158294
-0.158612
-0.158923
-0.159240
-0.159545
-0.159858
-0.160171
-0.160499
-0.160866
-0.161268
-0.161677
-0.162118
-0.162566
-0.163041
-0.163520
-0.164038
-0.164586
-0.165202
-0.165860
-0.166589
-0.167357
-0.168140
-0.168931
-0.169700
-0.170475
-0.171223
-0.171965
-0.172709
-0.173470
-0.174216
-0.174984
-0.175725
-0.176476
-0.177196
-0.177921
-0.178619
-0.179326
-0.179994
-0.180665
-0.181288
-0.181911
-0.182463
-0.183044
-0.183551
-0.184064
-0.184494
-0.184923
-0.185318
-0.185715
-0.186053
-0.186373
-0.186658
-0.186916
-0.187116
-0.187294
-0.187405
-0.187410
-0.187331
-0.187196
-0.187036
-0.187019
-0.186945
-0.186861
-0.186739
-0.186613
-0.186458
-0.186332
-0.186224
-0.186126
-0.185992
-0.185827
-0.185599
-0.185332
-0.145302
-0.146406
-0.148235
-0.150630
-0.153429
-0.156492
-0.159674
-0.162853
-0.165914
-0.168753
-0.171261
-0.173363
-0.174935
-0.175953
-0.176353
-0.176052
-0.175472
-0.174887
-0.174359
-0.173861
-0.173426
-0.173023
-0.172681
-0.172406
-0.172192
-0.172014
-0.171873
-0.171758
-0.171688
-0.171641
-0.171608
-0.156615
-0.156653
-0.156729
-0.156838
-0.156978
-0.157142
-0.157328
-0.157530
-0.157752
-0.158037
-0.158347
-0.158680
-0.159034
-0.159396
-0.159764
-0.160131
-0.160495
-0.160850
-0.161199
-0.161547
-0.161891
-0.162230
-0.162559
-0.162865
-0.163154
-0.163409
-0.163645
-0.163861
-0.164068
-0.164254
-0.164442
-0.164592
-0.164750
-0.164880
-0.165038
-0.165193
-0.165385
-0.165624
-0.165969
-0.166370
-0.166859
-0.167404
-0.167995
-0.168630
-0.169295
-0.169987
-0.170686
-0.171348
-0.172008
-0.172682
-0.173365
-0.174070
-0.174756
-0.175437
-0.176087
-0.176734
-0.177356
-0.177983
-0.178580
-0.179171
-0.179726
-0.180276
-0.180814
-0.181325
-0.181808
-0.182255
-0.182666
-0.183037
-0.183382
-0.183710
-0.184003
-0.184256
-0.184501
-0.184702
-0.184869
-0.185002
-0.185086
-0.185057
-0.184950
-0.184786
-0.184591
-0.184407
-0.184349
-0.184272
-0.184148
-0.184016
-0.183847
-0.183708
-0.183580
-0.183463
-0.183305
-0.183121
-0.182889
-0.182628
-0.139647
-0.140443
-0.142081
-0.144397
-0.147217
-0.150386
-0.153748
-0.157167
-0.160515
-0.163678
-0.166538
-0.168999
-0.170968
-0.172364
-0.173107
-0.173121
-0.172535
-0.171906
-0.171278
-0.170689
-0.170151
-0.169652
-0.169200
-0.168817
-0.168487
-0.168196
-0.167937
-0.167709
-0.167513
-0.167343
-0.167189
-0.152191
-0.152212
-0.152271
-0.152363
-0.152484
-0.152630
-0.152795
-0.152983
-0.153223
-0.153485
-0.153774
-0.154085
-0.154412
-0.154750
-0.155093
-0.155436
-0.155774
-0.156104
-0.156427
-0.156748
-0.157063
-0.157373
-0.157662
-0.157930
-0.158168
-0.158378
-0.158552
-0.158718
-0.158873
-0.158998
-0.159120
-0.159259
-0.159420
-0.159579
-0.159761
-0.159941
-0.160146
-0.160367
-0.160654
-0.160985
-0.161388
-0.161838
-0.162316
-0.162818
-0.163320
-0.163828
-0.164324
-0.164794
-0.165257
-0.165728
-0.166193
-0.166675
-0.167142
-0.167613
-0.168059
-0.168512
-0.168946
-0.169391
-0.169812
-0.170237
-0.170633
-0.171033
-0.171430
-0.171808
-0.172161
-0.172481
-0.172763
-0.173030
-0.173263
-0.173503
-0.173685
-0.173855
-0.173974
-0.174132
-0.174441
-0.174728
-0.174945
-0.175068
-0.175111
-0.175107
-0.175069
-0.175007
-0.174895
-0.174767
-0.174606
-0.174434
-0.174237
-0.174075
-0.173947
-0.173840
-0.173722
-0.173590
-0.173414
-0.173200
-0.133786
-0.134477
-0.135952
-0.138062
-0.140653
-0.143582
-0.146708
-0.149909
-0.153070
-0.156092
-0.158863
-0.161297
-0.163296
-0.164780
-0.165659
-0.165857
-0.165459
-0.165007
-0.164552
-0.164136
-0.163757
-0.163426
-0.163137
-0.162919
-0.162758
-0.162641
-0.162553
-0.162495
-0.162465
-0.162464
-0.162471
-0.147472
-0.147493
-0.147552
-0.147647
-0.147774
-0.147929
-0.148121
-0.148349
-0.148609
-0.148895
-0.149211
-0.149545
-0.149900
-0.150266
-0.150639
-0.151011
-0.151383
-0.151746
-0.152116
-0.152489
-0.152874
-0.153263
-0.153652
-0.154018
-0.154373
-0.154695
-0.155002
-0.155274
-0.155526
-0.155732
-0.155911
-0.156036
-0.156174
-0.156303
-0.156455
-0.156604
-0.156775
-0.156963
-0.157223
-0.157523
-0.157892
-0.158306
-0.158746
-0.159216
-0.159711
-0.160187
-0.160672
-0.161111
-0.161557
-0.161997
-0.162474
-0.162950
-0.163450
-0.163935
-0.164428
-0.164912
-0.165405
-0.165903
-0.166407
-0.166913
-0.167424
-0.167939
-0.168464
-0.169003
-0.169482
-0.169958
-0.170374
-0.170820
-0.171226
-0.171602
-0.171949
-0.172257
-0.172562
-0.172819
-0.173058
-0.173247
-0.173482
-0.173645
-0.173759
-0.173792
-0.173796
-0.173763
-0.173700
-0.173607
-0.173511
-0.173438
-0.173370
-0.173395
-0.173451
-0.173545
-0.173648
-0.173774
-0.173937
-0.174108
-0.174279
-0.158262
-0.158617
-0.198658
-0.198909
-0.199613
-0.200698
-0.202087
-0.203710
-0.204200
-0.204696
-0.205195
-0.205695
-0.206203
-0.206900
-0.207611
-0.208336
-0.209074
-0.209826
-0.211410
-0.212960
-0.214447
-0.215840
-0.217054
-0.218248
-0.219095
-0.219530
-0.219704
-0.219907
-0.220152
-0.220436
-0.220763
-0.221128
-0.221553
-0.222019
-0.222538
-0.223083
-0.223672
-0.224293
-0.224958
-0.225638
-0.226351
-0.211353
-0.211388
-0.211470
-0.211601
-0.211786
-0.212026
-0.212322
-0.212678
-0.213092
-0.213567
-0.214100
-0.214696
-0.215351
-0.216070
-0.216847
-0.217688
-0.218585
-0.219544
-0.220556
-0.221628
-0.222749
-0.223924
-0.225145
-0.226414
-0.227725
-0.229078
-0.230466
-0.231889
-0.233338
-0.234811
-0.236298
-0.237801
-0.239314
-0.240825
-0.242323
-0.243803
-0.245253
-0.246678
-0.248049
-0.249372
-0.250617
-0.251810
-0.252910
-0.253924
-0.254751
-0.255443
-0.255993
-0.256400
-0.256751
-0.257064
-0.257348
-0.257600
-0.257836
-0.258019
-0.258190
-0.258303
-0.258399
-0.258414
-0.258414
-0.258346
-0.258263
-0.258107
-0.257935
-0.257669
-0.257373
-0.257001
-0.256554
-0.256103
-0.255588
-0.255062
-0.254477
-0.253899
-0.253284
-0.252657
-0.251980
-0.251247
-0.250473
-0.249642
-0.248779
-0.247874
-0.246956
-0.245981
-0.244967
-0.243907
-0.242826
-0.241703
-0.240580
-0.239438
-0.238283
-0.237082
-0.235853
-0.234609
-0.233395
-0.232162
-0.150401
-0.152254
-0.155593
-0.160085
-0.165417
-0.171289
-0.177429
-0.183558
-0.189463
-0.194889
-0.199689
-0.203637
-0.206631
-0.208461
-0.209071
-0.208293
-0.206696
-0.205075
-0.203534
-0.202009
-0.200566
-0.199143
-0.197797
-0.196479
-0.195229
-0.194004
-0.192846
-0.191715
-0.190648
-0.189601
-0.188610
-0.173612
-0.173638
-0.173691
-0.173761
-0.173837
-0.173910
-0.173971
-0.174030
-0.174118
-0.174198
-0.174267
-0.174318
-0.174346
-0.174338
-0.174301
-0.174218
-0.174089
-0.173900
-0.173669
-0.173371
-0.173013
-0.172617
-0.172187
-0.171709
-0.171198
-0.170649
-0.170083
-0.169501
-0.168905
-0.168293
-0.167671
-0.167073
-0.166488
-0.165913
-0.165353
-0.164806
-0.164292
-0.163836
-0.163467
-0.163179
-0.162992
-0.162846
-0.162785
-0.162785
-0.162855
-0.162977
-0.163128
-0.163318
-0.163508
-0.163712
-0.163911
-0.164120
-0.164309
-0.164499
-0.164680
-0.164864
-0.165049
-0.165249
-0.165442
-0.165646
-0.165842
-0.166057
-0.166269
-0.166498
-0.166721
-0.166934
-0.167170
-0.167443
-0.167747
-0.168068
-0.168384
-0.168742
-0.169089
-0.169458
-0.169798
-0.170119
-0.170326
-0.170498
-0.170584
-0.170643
-0.170653
-0.170625
-0.170551
-0.170457
-0.170334
-0.170199
-0.170154
-0.170195
-0.170281
-0.170383
-0.170498
-0.170624
-0.170731
-0.170825
-0.155576
-0.155925
-0.156571
-0.157451
-0.158493
-0.159645
-0.160840
-0.162043
-0.163186
-0.164254
-0.165183
-0.165971
-0.166609
-0.167076
-0.167311
-0.167311
-0.167132
-0.166973
-0.166808
-0.166697
-0.166609
-0.166572
-0.166563
-0.166596
-0.166661
-0.166761
-0.166886
-0.167052
-0.167239
-0.167451
-0.167669
-0.152671
-0.152701
-0.152772
-0.152882
-0.153029
-0.153209
-0.153421
-0.153659
-0.153923
-0.154203
-0.154502
-0.154809
-0.155128
-0.155446
-0.155817
-0.156222
-0.156638
-0.157049
-0.157481
-0.157930
-0.158406
-0.158885
-0.159378
-0.159871
-0.160373
-0.160865
-0.161357
-0.161830
-0.162291
-0.162724
-0.163139
-0.163557
-0.163959
-0.164367
-0.164791
-0.165224
-0.165686
-0.166077
-0.166493
-0.166891
-0.167289
-0.167708
-0.168220
-0.168751
-0.169319
-0.169906
-0.170481
-0.171078
-0.171644
-0.172214
-0.172779
-0.173383
-0.173998
-0.174664
-0.175348
-0.176086
-0.176820
-0.177602
-0.178374
-0.179189
-0.179992
-0.180845
-0.181687
-0.182562
-0.183412
-0.184228
-0.185032
-0.185799
-0.186533
-0.187219
-0.187844
-0.188488
-0.189100
-0.189712
-0.190249
-0.190781
-0.191222
-0.191630
-0.191971
-0.192285
-0.192533
-0.192680
-0.192748
-0.192785
-0.192777
-0.192748
-0.192661
-0.192567
-0.192409
-0.192237
-0.192029
-0.191867
-0.191700
-0.191552
-0.191345
-0.191130
-0.143691
-0.144509
-0.146266
-0.148787
-0.151893
-0.155417
-0.159178
-0.163033
-0.166813
-0.170400
-0.173669
-0.176559
-0.178926
-0.180672
-0.181650
-0.181849
-0.181322
-0.180762
-0.180188
-0.179687
-0.179217
-0.178820
-0.178445
-0.178142
-0.177855
-0.177654
-0.177464
-0.177338
-0.177213
-0.177143
-0.177081
-0.177052
-0.162072
-0.162131
-0.162224
-0.162350
-0.162505
-0.162683
-0.162880
-0.163092
-0.163317
-0.163550
-0.163827
-0.164142
-0.164470
-0.164802
-0.165136
-0.165465
-0.165784
-0.166110
-0.166434
-0.166753
-0.167064
-0.167368
-0.167658
-0.167939
-0.168208
-0.168459
-0.168693
-0.168901
-0.169127
-0.169383
-0.169676
-0.169955
-0.170257
-0.170562
-0.170861
-0.171149
-0.171504
-0.171908
-0.172370
-0.172891
-0.173471
-0.174090
-0.174766
-0.175429
-0.176084
-0.176735
-0.177377
-0.178023
-0.178675
-0.179329
-0.179964
-0.180610
-0.181241
-0.181891
-0.182524
-0.183164
-0.183788
-0.184417
-0.185036
-0.185668
-0.186279
-0.186898
-0.187435
-0.188033
-0.188561
-0.189123
-0.189593
-0.190071
-0.190488
-0.190929
-0.191282
-0.191641
-0.191901
-0.192186
-0.192368
-0.192531
-0.192616
-0.192683
-0.192618
-0.192491
-0.192281
-0.192054
-0.191777
-0.191471
-0.191126
-0.190745
-0.190318
-0.189858
-0.189457
-0.189073
-0.188752
-0.188376
-0.187991
-0.187476
-0.148369
-0.149459
-0.151220
-0.153494
-0.156123
-0.158960
-0.161870
-0.164728
-0.167413
-0.169865
-0.172013
-0.173797
-0.175116
-0.175902
-0.176116
-0.175783
-0.175237
-0.174698
-0.174228
-0.173810
-0.173454
-0.173139
-0.172876
-0.172652
-0.172488
-0.172353
-0.172260
-0.172185
-0.172140
-0.172129
-0.172127
-0.157133
-0.157173
-0.157250
-0.157362
-0.157503
-0.157671
-0.157860
-0.158070
-0.158320
-0.158594
-0.158888
-0.159191
-0.159504
-0.159815
-0.160122
-0.160417
-0.160695
-0.160959
-0.161197
-0.161404
-0.161580
-0.161731
-0.161858
-0.161967
-0.162070
-0.162160
-0.162295
-0.162429
-0.162604
-0.162785
-0.162990
-0.163185
-0.163404
-0.163619
-0.163856
-0.164090
-0.164359
-0.164679
-0.165074
-0.165520
-0.166044
-0.166618
-0.167266
-0.167912
-0.168580
-0.169253
-0.169936
-0.170620
-0.171307
-0.171994
-0.172656
-0.173319
-0.173966
-0.174613
-0.175237
-0.175850
-0.176444
-0.177023
-0.177600
-0.178172
-0.178728
-0.179266
-0.179750
-0.180256
-0.180714
-0.181162
-0.181559
-0.181919
-0.182276
-0.182624
-0.182944
-0.183221
-0.183451
-0.183631
-0.183753
-0.183851
-0.183881
-0.183885
-0.183776
-0.183598
-0.183329
-0.183135
-0.183003
-0.182848
-0.182665
-0.182472
-0.182253
-0.182019
-0.181841
-0.181660
-0.181476
-0.181234
-0.180974
-0.180597
-0.139075
-0.140218
-0.142099
-0.144559
-0.147435
-0.150570
-0.153820
-0.157050
-0.160128
-0.162978
-0.165508
-0.167634
-0.169240
-0.170241
-0.170579
-0.170209
-0.169554
-0.168901
-0.168312
-0.167783
-0.167322
-0.166905
-0.166544
-0.166220
-0.165966
-0.165751
-0.165581
-0.165434
-0.165318
-0.165239
-0.165177
-0.150182
-0.150221
-0.150296
-0.150404
-0.150543
-0.150706
-0.150893
-0.151114
-0.151367
-0.151644
-0.151944
-0.152260
-0.152590
-0.152920
-0.153250
-0.153568
-0.153874
-0.154159
-0.154425
-0.154675
-0.154908
-0.155121
-0.155313
-0.155496
-0.155687
-0.155874
-0.156067
-0.156228
-0.156418
-0.156618
-0.156871
-0.157134
-0.157424
-0.157714
-0.158030
-0.158347
-0.158704
-0.159109
-0.159579
-0.160087
-0.160659
-0.161268
-0.161936
-0.162594
-0.163266
-0.163928
-0.164588
-0.165242
-0.165881
-0.166509
-0.167103
-0.167696
-0.168262
-0.168833
-0.169378
-0.169917
-0.170436
-0.170946
-0.171452
-0.171960
-0.172451
-0.172937
-0.173403
-0.173849
-0.174288
-0.174687
-0.175076
-0.175406
-0.175723
-0.176019
-0.176289
-0.176515
-0.176698
-0.176862
-0.176964
-0.177034
-0.177307
-0.177530
-0.177633
-0.177665
-0.177615
-0.177547
-0.177428
-0.177309
-0.177165
-0.177020
-0.176853
-0.176680
-0.176564
-0.176438
-0.176312
-0.176130
-0.175934
-0.175619
-0.135006
-0.136097
-0.137920
-0.140322
-0.143144
-0.146231
-0.149444
-0.152665
-0.155769
-0.158707
-0.161369
-0.163689
-0.165534
-0.166820
-0.167464
-0.167398
-0.167013
-0.166623
-0.166292
-0.166009
-0.165795
-0.165617
-0.165490
-0.165391
-0.165351
-0.165335
-0.165361
-0.165399
-0.165464
-0.165554
-0.165650
-0.150655
-0.150693
-0.150770
-0.150883
-0.151029
-0.151205
-0.151408
-0.151647
-0.151925
-0.152231
-0.152567
-0.152922
-0.153302
-0.153689
-0.154085
-0.154475
-0.154864
-0.155239
-0.155616
-0.155985
-0.156356
-0.156716
-0.157076
-0.157419
-0.157758
-0.158069
-0.158371
-0.158634
-0.158912
-0.159204
-0.159531
-0.159848
-0.160168
-0.160489
-0.160815
-0.161142
-0.161517
-0.161946
-0.162448
-0.163017
-0.163661
-0.164353
-0.165113
-0.165863
-0.166630
-0.167390
-0.168147
-0.168891
-0.169623
-0.170359
-0.171075
-0.171798
-0.172504
-0.173216
-0.173908
-0.174594
-0.175264
-0.175926
-0.176583
-0.177239
-0.177877
-0.178502
-0.179104
-0.179682
-0.180250
-0.180780
-0.181289
-0.181744
-0.182188
-0.182614
-0.183006
-0.183357
-0.183657
-0.183947
-0.184167
-0.184349
-0.184475
-0.184565
-0.184535
-0.184449
-0.184271
-0.184083
-0.183933
-0.183800
-0.183629
-0.183442
-0.183236
-0.183019
-0.182864
-0.182705
-0.182550
-0.182337
-0.182109
-0.181788
-0.137564
-0.138431
-0.140153
-0.142561
-0.145485
-0.148756
-0.152215
-0.155723
-0.159186
-0.162506
-0.165555
-0.168239
-0.170464
-0.172113
-0.173076
-0.173278
-0.172861
-0.172408
-0.171953
-0.171562
-0.171213
-0.170912
-0.170648
-0.170423
-0.170246
-0.170102
-0.169990
-0.169905
-0.169842
-0.169814
-0.169791
-0.154791
-0.154816
-0.154878
-0.154976
-0.155105
-0.155263
-0.155446
-0.155647
-0.155869
-0.156137
-0.156441
-0.156765
-0.157113
-0.157474
-0.157841
-0.158210
-0.158576
-0.158935
-0.159283
-0.159628
-0.159962
-0.160290
-0.160603
-0.160902
-0.161180
-0.161431
-0.161691
-0.161915
-0.162156
-0.162382
-0.162637
-0.162898
-0.163179
-0.163460
-0.163762
-0.164068
-0.164400
-0.164749
-0.165163
-0.165620
-0.166144
-0.166709
-0.167340
-0.167963
-0.168605
-0.169239
-0.169874
-0.170499
-0.171113
-0.171734
-0.172334
-0.172946
-0.173540
-0.174146
-0.174729
-0.175315
-0.175882
-0.176449
-0.177008
-0.177572
-0.178116
-0.178654
-0.179168
-0.179668
-0.180156
-0.180618
-0.181051
-0.181442
-0.181807
-0.182167
-0.182476
-0.182760
-0.182980
-0.183202
-0.183345
-0.183454
-0.183501
-0.183517
-0.183406
-0.183239
-0.182996
-0.182947
-0.182836
-0.182698
-0.182504
-0.182299
-0.182079
-0.181852
-0.181685
-0.181517
-0.181350
-0.181127
-0.180887
-0.180549
-0.138360
-0.139119
-0.140700
-0.142941
-0.145695
-0.148822
-0.152167
-0.155596
-0.158972
-0.162208
-0.165193
-0.167854
-0.170094
-0.171789
-0.172825
-0.173121
-0.172774
-0.172370
-0.171959
-0.171599
-0.171277
-0.170998
-0.170755
-0.170551
-0.170396
-0.170278
-0.170196
-0.170139
-0.170104
-0.170106
-0.170113
-0.155113
-0.155135
-0.155195
-0.155290
-0.155419
-0.155576
-0.155758
-0.155960
-0.156208
-0.156482
-0.156778
-0.157092
-0.157421
-0.157749
-0.158077
-0.158394
-0.158702
-0.158990
-0.159264
-0.159518
-0.159760
-0.159982
-0.160191
-0.160379
-0.160557
-0.160706
-0.160848
-0.160975
-0.161121
-0.161258
-0.161410
-0.161553
-0.161714
-0.161877
-0.162061
-0.162244
-0.162451
-0.162676
-0.162968
-0.163310
-0.163724
-0.164183
-0.164714
-0.165241
-0.165793
-0.166339
-0.166893
-0.167435
-0.167953
-0.168467
-0.168955
-0.169450
-0.169926
-0.170410
-0.170872
-0.171333
-0.171777
-0.172218
-0.172655
-0.173099
-0.173526
-0.173953
-0.174362
-0.174761
-0.175150
-0.175507
-0.175846
-0.176134
-0.176409
-0.176674
-0.176898
-0.177090
-0.177225
-0.177353
-0.177405
-0.177470
-0.177643
-0.177821
-0.177893
-0.177909
-0.177822
-0.177722
-0.177570
-0.177409
-0.177206
-0.176994
-0.176746
-0.176487
-0.176273
-0.176059
-0.175838
-0.175566
-0.175267
-0.174879
-0.134476
-0.135023
-0.136378
-0.138383
-0.140876
-0.143698
-0.146700
-0.149758
-0.152765
-0.155650
-0.158310
-0.160677
-0.162670
-0.164186
-0.165138
-0.165464
-0.165162
-0.164761
-0.164361
-0.164027
-0.163738
-0.163498
-0.163295
-0.163133
-0.163015
-0.162937
-0.162888
-0.162866
-0.162860
-0.162892
-0.162928
-0.162979
-0.147993
-0.148046
-0.148136
-0.148262
-0.148425
-0.148625
-0.148859
-0.149128
-0.149425
-0.149755
-0.150105
-0.150482
-0.150871
-0.151270
-0.151668
-0.152069
-0.152458
-0.152856
-0.153253
-0.153659
-0.154060
-0.154470
-0.154864
-0.155249
-0.155605
-0.155946
-0.156244
-0.156536
-0.156812
-0.157088
-0.157331
-0.157562
-0.157780
-0.157915
-0.158055
-0.158214
-0.158388
-0.158626
-0.158958
-0.159357
-0.159798
-0.160306
-0.160827
-0.161417
-0.162016
-0.162630
-0.163230
-0.163773
-0.164279
-0.164743
-0.165213
-0.165667
-0.166135
-0.166579
-0.167037
-0.167471
-0.167919
-0.168353
-0.168810
-0.169255
-0.169724
-0.170177
-0.170671
-0.171148
-0.171602
-0.172015
-0.172397
-0.172766
-0.173123
-0.173410
-0.173694
-0.173904
-0.174141
-0.174336
-0.174545
-0.174691
-0.174847
-0.174964
-0.175072
-0.175106
-0.175130
-0.175076
-0.174985
-0.174839
-0.174686
-0.174500
-0.174307
-0.174148
-0.174019
-0.173887
-0.173753
-0.173607
-0.173472
-0.173312
-0.173135
-0.131305
-0.131842
-0.133241
-0.135346
-0.137992
-0.141034
-0.144315
-0.147711
-0.151068
-0.154293
-0.157237
-0.159833
-0.162010
-0.163694
-0.164744
-0.165116
-0.164768
-0.164312
-0.163852
-0.163448
-0.163066
-0.162742
-0.162470
-0.162253
-0.162067
-0.161922
-0.161801
-0.161719
-0.161643
-0.161602
-0.161559
-0.161550
-0.146564
-0.146615
-0.146703
-0.146825
-0.146975
-0.147154
-0.147353
-0.147573
-0.147845
-0.148158
-0.148495
-0.148862
-0.149247
-0.149650
-0.150062
-0.150481
-0.150899
-0.151330
-0.151775
-0.152242
-0.152712
-0.153189
-0.153665
-0.154145
-0.154614
-0.155082
-0.155530
-0.155966
-0.156371
-0.156758
-0.157141
-0.157532
-0.157928
-0.158366
-0.158810
-0.159279
-0.159693
-0.160173
-0.160696
-0.161287
-0.161893
-0.162592
-0.163302
-0.164053
-0.164786
-0.165485
-0.166144
-0.166784
-0.167411
-0.168062
-0.168701
-0.169362
-0.170019
-0.170702
-0.171382
-0.172075
-0.172767
-0.173460
-0.174156
-0.174853
-0.175577
-0.176298
-0.177032
-0.177702
-0.178362
-0.178995
-0.179606
-0.180179
-0.180700
-0.181198
-0.181704
-0.182201
-0.182660
-0.183084
-0.183449
-0.183748
-0.183985
-0.184166
-0.184302
-0.184391
-0.184378
-0.184330
-0.184223
-0.184183
-0.184157
-0.184115
-0.184057
-0.183991
-0.183906
-0.183800
-0.183746
-0.183668
-0.183591
-0.183452
-0.138803
-0.139422
-0.140956
-0.143240
-0.146112
-0.149413
-0.152984
-0.156678
-0.160350
-0.163866
-0.167088
-0.169946
-0.172341
-0.174140
-0.175244
-0.175567
-0.175155
-0.174632
-0.174123
-0.173651
-0.173224
-0.172863
-0.172554
-0.172293
-0.172065
-0.171873
-0.171723
-0.171603
-0.171503
-0.171427
-0.171366
-0.171351
-0.156366
-0.156418
-0.156507
-0.156629
-0.156781
-0.156958
-0.157156
-0.157372
-0.157598
-0.157838
-0.158145
-0.158488
-0.158849
-0.159229
-0.159616
-0.160008
-0.160397
-0.160790
-0.161198
-0.161606
-0.162012
-0.162413
-0.162810
-0.163199
-0.163577
-0.163945
-0.164289
-0.164618
-0.164912
-0.165224
-0.165535
-0.165894
-0.166252
-0.166638
-0.167032
-0.167436
-0.167865
-0.168360
-0.168901
-0.169487
-0.170124
-0.170808
-0.171521
-0.172274
-0.172984
-0.173716
-0.174408
-0.175123
-0.175840
-0.176582
-0.177302
-0.178041
-0.178770
-0.179513
-0.180249
-0.180983
-0.181702
-0.182417
-0.183122
-0.183821
-0.184513
-0.185179
-0.185834
-0.186420
-0.187054
-0.187643
-0.188240
-0.188770
-0.189267
-0.189732
-0.190186
-0.190602
-0.190974
-0.191305
-0.191544
-0.191738
-0.191870
-0.191966
-0.192003
-0.191940
-0.191801
-0.191618
-0.191393
-0.191139
-0.190841
-0.190521
-0.190163
-0.189795
-0.189403
-0.189034
-0.188707
-0.188451
-0.188162
-0.187838
-0.150901
-0.151858
-0.153469
-0.155605
-0.158155
-0.160989
-0.163966
-0.166992
-0.169927
-0.172693
-0.175173
-0.177333
-0.179002
-0.180149
-0.180639
-0.180494
-0.180002
-0.179526
-0.179063
-0.178660
-0.178290
-0.177983
-0.177696
-0.177462
-0.177245
-0.177095
-0.176955
-0.176860
-0.176765
-0.176709
-0.176674
-0.161678
-0.161714
-0.161788
-0.161895
-0.162032
-0.162196
-0.162382
-0.162613
-0.162879
-0.163179
-0.163503
-0.163856
-0.164222
-0.164604
-0.164991
-0.165383
-0.165772
-0.166153
-0.166531
-0.166891
-0.167235
-0.167566
-0.167880
-0.168174
-0.168448
-0.168711
-0.168946
-0.169165
-0.169347
-0.169544
-0.169731
-0.169955
-0.170205
-0.170473
-0.170746
-0.171044
-0.171342
-0.171699
-0.172102
-0.172551
-0.173030
-0.173561
-0.174125
-0.174738
-0.175317
-0.175932
-0.176520
-0.177143
-0.177769
-0.178414
-0.179025
-0.179646
-0.180249
-0.180860
-0.181453
-0.182040
-0.182609
-0.183166
-0.183712
-0.184247
-0.184775
-0.185273
-0.185761
-0.186186
-0.186665
-0.187086
-0.187523
-0.187884
-0.188226
-0.188533
-0.188844
-0.189103
-0.189327
-0.189498
-0.189574
-0.189603
-0.189567
-0.189494
-0.189362
-0.189131
-0.188842
-0.188513
-0.188141
-0.187731
-0.187262
-0.187035
-0.186871
-0.186703
-0.186506
-0.186334
-0.186179
-0.186210
-0.186362
-0.186493
-0.162684
-0.163306
-0.164382
-0.165831
-0.167559
-0.169483
-0.171497
-0.173540
-0.175506
-0.177354
-0.178991
-0.180403
-0.181446
-0.182132
-0.182350
-0.182144
-0.181652
-0.181176
-0.180708
-0.180294
-0.179917
-0.179607
-0.179323
-0.179100
-0.178896
-0.178769
-0.178663
-0.178613
-0.178574
-0.178583
-0.178618
-0.163621
-0.163657
-0.163730
-0.163840
-0.163983
-0.164155
-0.164354
-0.164573
-0.164810
-0.165061
-0.165320
-0.165579
-0.165835
-0.166080
-0.166441
-0.166831
-0.167225
-0.167624
-0.168032
-0.168433
-0.168823
-0.169211
-0.169584
-0.169949
-0.170287
-0.170605
-0.170888
-0.171143
-0.171361
-0.171631
-0.171878
-0.172124
-0.172351
-0.172577
-0.172810
-0.173016
-0.173188
-0.173313
-0.173441
-0.173601
-0.173819
-0.174067
-0.174345
-0.174649
-0.174945
-0.175204
-0.175450
-0.175654
-0.175862
-0.176069
-0.176298
-0.176529
-0.176782
-0.177049
-0.177330
-0.177628
-0.177936
-0.178264
-0.178600
-0.178972
-0.179352
-0.179761
-0.180172
-0.180569
-0.180969
-0.181369
-0.181749
-0.182118
-0.182434
-0.182771
-0.183079
-0.183360
-0.183596
-0.183783
-0.183939
-0.184022
-0.184060
-0.184041
-0.184245
-0.184389
-0.184459
-0.184448
-0.184420
-0.184344
-0.184271
-0.184156
-0.184033
-0.183859
-0.183668
-0.183513
-0.183352
-0.183165
-0.182933
-0.182661
-0.182263
-0.144740
-0.145866
-0.147635
-0.149897
-0.152505
-0.155315
-0.158198
-0.161032
-0.163705
-0.166161
-0.168340
-0.170179
-0.171571
-0.172437
-0.172714
-0.172374
-0.171860
-0.171339
-0.170878
-0.170476
-0.170144
-0.169853
-0.169613
-0.169404
-0.169243
-0.169107
-0.169002
-0.168916
-0.168851
-0.168821
-0.168793
-0.153801
-0.153845
-0.153928
-0.154053
-0.154218
-0.154424
-0.154669
-0.154950
-0.155265
-0.155612
-0.155992
-0.156396
-0.156823
-0.157262
-0.157712
-0.158163
-0.158615
-0.159066
-0.159512
-0.159937
-0.160347
-0.160744
-0.161136
-0.161520
-0.161915
-0.162301
-0.162698
-0.163088
-0.163500
-0.163904
-0.164348
-0.164807
-0.165292
-0.165787
-0.166301
-0.166806
-0.167363
-0.167961
-0.168606
-0.169277
-0.169997
-0.170740
-0.171521
-0.172286
-0.173021
-0.173736
-0.174419
-0.175095
-0.175755
-0.176403
-0.177013
-0.177612
-0.178185
-0.178749
-0.179284
-0.179797
-0.180283
-0.180744
-0.181196
-0.181628
-0.182040
-0.182419
-0.182739
-0.183059
-0.183340
-0.183595
-0.183807
-0.183976
-0.184153
-0.184316
-0.184454
-0.184546
-0.184594
-0.184562
-0.184469
-0.184337
-0.184153
-0.183967
-0.183949
-0.183901
-0.183770
-0.183619
-0.183421
-0.183221
-0.183009
-0.182793
-0.182552
-0.182303
-0.182100
-0.181881
-0.181656
-0.181378
-0.181082
-0.180666
-0.144616
-0.145676
-0.147352
-0.149501
-0.151978
-0.154643
-0.157373
-0.160049
-0.162563
-0.164862
-0.166870
-0.168532
-0.169750
-0.170449
-0.170616
-0.170209
-0.169643
-0.169067
-0.168556
-0.168066
-0.167647
-0.167252
-0.166916
-0.166601
-0.166359
-0.166138
-0.165964
-0.165803
-0.165678
-0.165593
-0.165540
-0.150548
-0.150591
-0.150670
-0.150783
-0.150925
-0.151093
-0.151283
-0.151487
-0.151707
-0.152002
-0.152335
-0.152698
-0.153094
-0.153505
-0.153933
-0.154364
-0.154805
-0.155262
-0.155736
-0.156208
-0.156691
-0.157164
-0.157648
-0.158107
-0.158565
-0.158988
-0.159404
-0.159775
-0.160162
-0.160530
-0.160916
-0.161299
-0.161687
-0.162080
-0.162417
-0.162762
-0.163147
-0.163567
-0.164040
-0.164611
-0.165230
-0.165876
-0.166571
-0.167247
-0.167948
-0.168603
-0.169276
-0.169904
-0.170524
-0.171128
-0.171750
-0.172357
-0.172984
-0.173599
-0.174221
-0.174827
-0.175447
-0.176055
-0.176671
-0.177273
-0.177872
-0.178461
-0.179036
-0.179631
-0.180165
-0.180690
-0.181149
-0.181592
-0.181969
-0.182330
-0.182658
-0.182965
-0.183224
-0.183496
-0.183725
-0.183926
-0.184086
-0.184207
-0.184215
-0.184366
-0.184444
-0.184510
-0.184551
-0.184531
-0.184505
-0.184444
-0.184375
-0.184278
-0.184210
-0.184165
-0.184134
-0.184077
-0.183996
-0.183864
-0.183693
-0.140211
-0.141390
-0.143375
-0.146001
-0.149097
-0.152511
-0.156085
-0.159687
-0.163192
-0.166501
-0.169484
-0.172039
-0.174021
-0.175400
-0.176090
-0.175994
-0.175559
-0.175114
-0.174714
-0.174329
-0.174000
-0.173694
-0.173444
-0.173242
-0.173096
-0.172971
-0.172877
-0.172799
-0.172752
-0.172710
-0.172679
-0.157684
-0.157722
-0.157796
-0.157905
-0.158044
-0.158208
-0.158395
-0.158640
-0.158929
-0.159253
-0.159614
-0.160006
-0.160430
-0.160872
-0.161334
-0.161808
-0.162292
-0.162778
-0.163272
-0.163775
-0.164287
-0.164805
-0.165319
-0.165813
-0.166292
-0.166736
-0.167160
-0.167553
-0.167928
-0.168262
-0.168572
-0.168832
-0.169115
-0.169311
-0.169594
-0.169884
-0.170209
-0.170557
-0.170998
-0.171479
-0.172026
-0.172615
-0.173220
-0.173872
-0.174531
-0.175187
-0.175810
-0.176408
-0.176973
-0.177535
-0.178110
-0.178714
-0.179304
-0.179909
-0.180497
-0.181102
-0.181697
-0.182307
-0.182903
-0.183507
-0.184096
-0.184692
-0.185289
-0.185899
-0.186495
-0.187030
-0.187531
-0.188017
-0.188466
-0.188902
-0.189274
-0.189635
-0.189980
-0.190317
-0.190596
-0.190856
-0.191043
-0.191150
-0.191185
-0.191179
-0.191124
-0.191033
-0.190838
-0.190629
-0.190361
-0.190084
-0.189816
-0.189689
-0.189560
-0.189442
-0.189309
-0.189176
-0.189087
-0.188975
-0.188856
-0.188679
-0.148809
-0.149921
-0.151779
-0.154240
-0.157161
-0.160404
-0.163831
-0.167307
-0.170703
-0.173894
-0.176761
-0.179234
-0.181181
-0.182497
-0.183098
-0.182893
-0.182364
-0.181818
-0.181323
-0.180853
-0.180441
-0.180080
-0.179775
-0.179510
-0.179286
-0.179094
-0.178950
-0.178831
-0.178739
-0.178666
-0.178617
-0.163622
-0.163661
-0.163737
-0.163847
-0.163987
-0.164153
-0.164343
-0.164551
-0.164772
-0.165000
-0.165232
-0.165458
-0.165683
-0.166012
-0.166367
-0.166731
-0.167100
-0.167467
-0.167848
-0.168245
-0.168641
-0.169025
-0.169400
-0.169754
-0.170096
-0.170402
-0.170686
-0.170921
-0.171122
-0.171265
-0.171409
-0.171523
-0.171639
-0.171733
-0.171880
-0.172025
-0.172117
-0.172205
-0.172338
-0.172512
-0.172733
-0.173057
-0.173419
-0.173802
-0.174225
-0.174628
-0.175038
-0.175449
-0.175864
-0.176287
-0.176727
-0.177202
-0.177690
-0.178221
-0.178770
-0.179357
-0.179961
-0.180596
-0.181246
-0.181924
-0.182608
-0.183310
-0.184005
-0.184711
-0.185405
-0.186082
-0.186739
-0.187370
-0.187963
-0.188519
-0.189046
-0.189561
-0.190018
-0.190456
-0.190825
-0.191182
-0.191458
-0.191703
-0.191889
-0.192045
-0.192083
-0.192083
-0.192004
-0.191915
-0.191772
-0.191584
-0.191343
-0.191068
-0.190758
-0.190427
-0.190122
-0.189844
-0.189801
-0.189697
-0.189564
-0.189372
-0.147359
-0.148348
-0.150137
-0.152573
-0.155499
-0.158757
-0.162196
-0.165680
-0.169087
-0.172596
-0.175860
-0.178782
-0.181226
-0.183064
-0.184169
-0.184440
-0.184153
-0.183822
-0.183489
-0.183158
-0.182839
-0.182526
-0.182233
-0.181948
-0.181699
-0.181471
-0.181274
-0.181094
-0.180944
-0.180824
-0.180723
-0.165725
-0.165756
-0.165823
-0.165924
-0.166055
-0.166212
-0.166390
-0.166584
-0.166797
-0.167078
-0.167381
-0.167710
-0.168062
-0.168431
-0.168810
-0.169196
-0.169580
-0.169962
-0.170331
-0.170690
-0.171032
-0.171357
-0.171658
-0.171927
-0.172158
-0.172346
-0.172483
-0.172566
-0.172611
-0.172609
-0.172605
-0.172584
-0.172538
-0.172493
-0.172408
-0.172333
-0.172271
-0.172228
-0.172244
-0.172335
-0.172493
-0.172694
-0.172964
-0.173237
-0.173562
-0.173869
-0.174213
-0.174542
-0.174868
-0.175198
-0.175557
-0.175928
-0.176336
-0.176749
-0.177194
-0.177640
-0.178120
-0.178605
-0.179108
-0.179603
-0.180102
-0.180595
-0.181083
-0.181593
-0.182061
-0.182532
-0.182950
-0.183359
-0.183738
-0.184085
-0.184419
-0.184696
-0.184961
-0.185172
-0.185379
-0.185505
-0.185616
-0.185653
-0.185583
-0.185425
-0.185257
-0.185412
-0.185530
-0.185573
-0.185604
-0.185591
-0.185568
-0.185508
-0.185473
-0.185439
-0.185423
-0.185368
-0.185292
-0.185176
-0.185035
-0.141141
-0.142044
-0.143809
-0.146270
-0.149259
-0.152620
-0.156197
-0.159849
-0.163530
-0.167137
-0.170474
-0.173425
-0.175877
-0.177730
-0.178886
-0.179235
-0.178965
-0.178666
-0.178352
-0.178049
-0.177774
-0.177507
-0.177274
-0.177075
-0.176908
-0.176763
-0.176638
-0.176532
-0.176450
-0.176380
-0.176323
-0.161324
-0.161350
-0.161413
-0.161510
-0.161639
-0.161795
-0.161973
-0.162191
-0.162458
-0.162758
-0.163091
-0.163453
-0.163841
-0.164247
-0.164667
-0.165097
-0.165530
-0.165964
-0.166394
-0.166824
-0.167246
-0.167663
-0.168059
-0.168430
-0.168766
-0.169066
-0.169322
-0.169568
-0.169796
-0.169983
-0.170167
-0.170358
-0.170571
-0.170760
-0.170972
-0.171193
-0.171443
-0.171713
-0.172059
-0.172441
-0.172883
-0.173362
-0.173852
-0.174348
-0.174815
-0.175279
-0.175707
-0.176109
-0.176491
-0.176899
-0.177311
-0.177757
-0.178197
-0.178662
-0.179112
-0.179583
-0.180045
-0.180518
-0.180970
-0.181427
-0.181860
-0.182295
-0.182731
-0.183122
-0.183486
-0.183806
-0.184096
-0.184364
-0.184601
-0.184830
-0.185015
-0.185178
-0.185312
-0.185429
-0.185482
-0.185525
-0.185509
-0.185389
-0.185195
-0.184956
-0.184672
-0.184576
-0.184593
-0.184591
-0.184545
-0.184492
-0.184406
-0.184342
-0.184275
-0.184223
-0.184130
-0.184013
-0.183874
-0.183710
-0.183508
-0.142646
-0.143989
-0.146048
-0.148657
-0.151665
-0.154917
-0.158279
-0.161614
-0.164806
-0.167729
-0.170283
-0.172364
-0.173897
-0.174810
-0.175030
-0.174554
-0.173919
-0.173282
-0.172668
-0.172094
-0.171558
-0.171067
-0.170644
-0.170272
-0.169942
-0.169642
-0.169371
-0.169129
-0.168910
-0.168707
-0.168528
-0.153540
-0.153587
-0.153669
-0.153782
-0.153920
-0.154093
-0.154321
-0.154586
-0.154889
-0.155229
-0.155604
-0.156009
-0.156442
-0.156894
-0.157366
-0.157848
-0.158343
-0.158848
-0.159372
-0.159908
-0.160459
-0.161004
-0.161538
-0.162051
-0.162541
-0.163002
-0.163432
-0.163830
-0.164182
-0.164495
-0.164749
-0.165042
-0.165263
-0.165501
-0.165735
-0.165990
-0.166261
-0.166569
-0.166917
-0.167329
-0.167784
-0.168270
-0.168830
-0.169411
-0.170002
-0.170578
-0.171120
-0.171651
-0.172157
-0.172665
-0.173192
-0.173729
-0.174287
-0.174847
-0.175429
-0.176020
-0.176629
-0.177242
-0.177867
-0.178494
-0.179135
-0.179782
-0.180444
-0.181094
-0.181687
-0.182246
-0.182789
-0.183303
-0.183797
-0.184239
-0.184665
-0.185059
-0.185448
-0.185777
-0.186091
-0.186335
-0.186547
-0.186689
-0.186793
-0.186844
-0.186861
-0.186771
-0.186704
-0.186822
-0.186901
-0.186935
-0.186972
-0.186989
-0.186999
-0.186986
-0.186955
-0.186973
-0.186976
-0.186975
-0.186918
-0.140278
-0.140916
-0.142518
-0.144916
-0.147942
-0.151435
-0.155230
-0.159173
-0.163111
-0.166904
-0.170411
-0.173546
-0.176190
-0.178200
-0.179464
-0.179886
-0.179507
-0.178997
-0.178491
-0.178014
-0.177575
-0.177184
-0.176837
-0.176530
-0.176258
-0.176020
-0.175820
-0.175650
-0.175500
-0.175376
-0.175265
-0.175204
-0.160218
-0.160270
-0.160357
-0.160477
-0.160625
-0.160797
-0.160989
-0.161196
-0.161411
-0.161702
-0.162028
-0.162386
-0.162764
-0.163162
-0.163575
-0.163996
-0.164420
-0.164859
-0.165322
-0.165787
-0.166248
-0.166701
-0.167141
-0.167569
-0.167972
-0.168360
-0.168708
-0.169029
-0.169300
-0.169574
-0.169820
-0.170067
-0.170285
-0.170556
-0.170838
-0.171018
-0.171217
-0.171463
-0.171757
-0.172103
-0.172592
-0.173122
-0.173675
-0.174267
-0.174837
-0.175428
-0.175977
-0.176548
-0.177082
-0.177637
-0.178195
-0.178795
-0.179397
-0.180040
-0.180680
-0.181351
-0.182019
-0.182723
-0.183427
-0.184150
-0.184858
-0.185573
-0.186271
-0.186968
-0.187627
-0.188280
-0.188889
-0.189476
-0.190005
-0.190510
-0.190990
-0.191447
-0.191857
-0.192241
-0.192580
-0.192902
-0.193153
-0.193373
-0.193535
-0.193594
-0.193579
-0.193516
-0.193414
-0.193289
-0.193087
-0.192874
-0.192609
-0.192307
-0.192032
-0.191920
-0.191847
-0.191791
-0.191717
-0.191624
-0.191495
-0.191328
-0.149926
-0.151202
-0.153224
-0.155830
-0.158860
-0.162167
-0.165605
-0.169042
-0.172353
-0.175422
-0.178250
-0.180684
-0.182546
-0.183816
-0.184396
-0.184219
-0.183824
-0.183405
-0.183028
-0.182664
-0.182350
-0.182052
-0.181806
-0.181598
-0.181432
-0.181287
-0.181171
-0.181070
-0.181004
-0.180935
-0.180885
-0.165894
-0.165939
-0.166019
-0.166133
-0.166277
-0.166446
-0.166636
-0.166845
-0.167088
-0.167414
-0.167773
-0.168166
-0.168589
-0.169037
-0.169505
-0.169990
-0.170484
-0.170989
-0.171496
-0.172008
-0.172517
-0.173024
-0.173513
-0.173985
-0.174426
-0.174839
-0.175208
-0.175560
-0.175875
-0.176216
-0.176532
-0.176836
-0.177147
-0.177426
-0.177717
-0.178034
-0.178365
-0.178751
-0.179214
-0.179738
-0.180305
-0.180935
-0.181569
-0.182254
-0.182918
-0.183627
-0.184294
-0.184957
-0.185601
-0.186281
-0.186963
-0.187682
-0.188389
-0.189113
-0.189821
-0.190549
-0.191261
-0.191979
-0.192663
-0.193339
-0.193979
-0.194603
-0.195215
-0.195765
-0.196285
-0.196766
-0.197206
-0.197625
-0.198017
-0.198386
-0.198717
-0.199012
-0.199285
-0.199527
-0.199716
-0.199877
-0.199982
-0.199996
-0.199932
-0.199827
-0.199674
-0.199507
-0.199240
-0.198961
-0.198620
-0.198269
-0.197866
-0.197477
-0.197096
-0.196733
-0.196345
-0.195940
-0.195527
-0.195079
-0.156298
-0.156995
-0.158434
-0.160450
-0.162878
-0.165571
-0.168489
-0.171484
-0.174444
-0.177281
-0.179895
-0.182215
-0.184151
-0.185634
-0.186555
-0.186848
-0.186583
-0.186285
-0.185959
-0.185641
-0.185335
-0.185046
-0.184775
-0.184534
-0.184298
-0.184074
-0.183851
-0.183636
-0.183438
-0.183238
-0.183033
-0.168033
-0.168054
-0.168111
-0.168200
-0.168316
-0.168454
-0.168609
-0.168775
-0.168947
-0.169118
-0.169300
-0.169541
-0.169788
-0.170038
-0.170285
-0.170525
-0.170752
-0.170961
-0.171153
-0.171334
-0.171501
-0.171657
-0.171782
-0.171871
-0.171918
-0.171921
-0.171877
-0.171787
-0.171651
-0.171461
-0.171223
-0.170924
-0.170636
-0.170327
-0.170039
-0.169753
-0.169496
-0.169255
-0.169140
-0.169101
-0.169130
-0.169223
-0.169359
-0.169541
-0.169768
-0.170029
-0.170338
-0.170634
-0.170990
-0.171351
-0.171769
-0.172205
-0.172682
-0.173159
-0.173676
-0.174201
-0.174766
-0.175349
-0.175964
-0.176585
-0.177229
-0.177880
-0.178547
-0.179210
-0.179878
-0.180485
-0.181073
-0.181649
-0.182185
-0.182688
-0.183138
-0.183555
-0.183966
-0.184349
-0.184705
-0.185006
-0.185283
-0.185474
-0.185620
-0.185720
-0.185979
-0.186198
-0.186330
-0.186419
-0.186484
-0.186520
-0.186534
-0.186529
-0.186517
-0.186477
-0.186425
-0.186346
-0.186302
-0.186261
-0.186225
-0.186152
-0.186060
-0.142757
-0.143992
-0.146017
-0.148674
-0.151803
-0.155258
-0.158878
-0.162538
-0.166139
-0.169544
-0.172668
-0.175445
-0.177692
-0.179319
-0.180183
-0.180238
-0.179966
-0.179689
-0.179444
-0.179222
-0.179028
-0.178850
-0.178706
-0.178576
-0.178488
-0.178421
-0.178386
-0.178342
-0.178320
-0.178285
-0.178291
-0.163297
-0.163338
-0.163415
-0.163526
-0.163668
-0.163837
-0.164027
-0.164251
-0.164529
-0.164843
-0.165188
-0.165566
-0.165966
-0.166391
-0.166822
-0.167267
-0.167707
-0.168158
-0.168614
-0.169083
-0.169542
-0.170005
-0.170450
-0.170897
-0.171307
-0.171703
-0.172052
-0.172380
-0.172650
-0.172936
-0.173202
-0.173477
-0.173734
-0.174000
-0.174276
-0.174461
-0.174646
-0.174888
-0.175137
-0.175431
-0.175820
-0.176248
-0.176700
-0.177192
-0.177665
-0.178187
-0.178676
-0.179196
-0.179688
-0.180178
-0.180664
-0.181175
-0.181681
-0.182217
-0.182750
-0.183310
-0.183868
-0.184458
-0.185046
-0.185657
-0.186256
-0.186868
-0.187472
-0.188082
-0.188715
-0.189300
-0.189874
-0.190388
-0.190885
-0.191337
-0.191754
-0.192148
-0.192500
-0.192825
-0.193133
-0.193415
-0.193639
-0.193838
-0.193985
-0.194025
-0.193987
-0.193905
-0.193769
-0.193613
-0.193372
-0.193122
-0.192817
-0.192502
-0.192138
-0.191780
-0.191406
-0.191033
-0.190620
-0.190186
-0.189847
-0.189602
-0.149868
-0.150532
-0.151990
-0.154108
-0.156736
-0.159736
-0.162967
-0.166301
-0.169614
-0.172790
-0.175708
-0.178270
-0.180372
-0.181921
-0.182848
-0.183064
-0.182648
-0.182160
-0.181676
-0.181222
-0.180807
-0.180428
-0.180091
-0.179809
-0.179566
-0.179358
-0.179177
-0.179025
-0.178908
-0.178815
-0.178746
-0.178699
-0.163719
-0.163776
-0.163869
-0.163995
-0.164148
-0.164327
-0.164526
-0.164742
-0.164970
-0.165203
-0.165466
-0.165811
-0.166178
-0.166564
-0.166963
-0.167374
-0.167784
-0.168210
-0.168645
-0.169101
-0.169567
-0.170037
-0.170492
-0.170939
-0.171366
-0.171777
-0.172164
-0.172525
-0.172855
-0.173150
-0.173409
-0.173686
-0.173954
-0.174242
-0.174542
-0.174859
-0.175187
-0.175510
-0.175835
-0.176166
-0.176544
-0.176936
-0.177371
-0.177812
-0.178240
-0.178652
-0.179001
-0.179353
-0.179676
-0.180039
-0.180387
-0.180788
-0.181187
-0.181654
-0.182121
-0.182658
-0.183191
-0.183788
-0.184381
-0.185033
-0.185676
-0.186389
-0.187093
-0.187803
-0.188465
-0.189110
-0.189735
-0.190369
-0.190926
-0.191501
-0.191993
-0.192522
-0.192965
-0.193420
-0.193774
-0.194135
-0.194370
-0.194567
-0.194682
-0.194773
-0.194797
