0.188100
0.188099
0.188096
0.188092
0.188086
0.188078
0.188069
0.188058
0.188046
0.188032
0.188016
0.187999
0.187981
0.187961
0.187939
0.187916
0.187892
0.187866
0.187839
0.187810
0.187780
0.187744
0.187706
0.187666
0.187625
0.187582
0.187455
0.187318
0.187170
0.187013
0.186848
0.186591
0.186320
0.186040
0.185752
0.185460
0.185045
0.184639
0.184252
0.183894
0.183581
0.183282
0.183066
0.182951
0.181712
0.178049
0.173428
0.168197
0.164026
0.159827
0.156956
0.155867
0.159561
0.161393
0.171524
0.168858
0.184175
0.187480
0.205330
0.113366
0.113521
0.113851
0.114349
0.115007
0.115818
0.116772
0.117864
0.119084
0.120427
0.121881
0.123441
0.125098
0.126844
0.128670
0.130570
0.132534
0.134553
0.136620
0.138728
0.140870
0.143033
0.145214
0.147402
0.149594
0.151779
0.153952
0.156094
0.158211
0.160290
0.162324
0.164300
0.166216
0.168056
0.169824
0.171502
0.173093
0.174576
0.175951
0.177204
0.178332
0.179324
0.180176
0.180873
0.181386
0.181728
0.181903
0.181940
0.182112
0.182478
0.183042
0.183774
0.184638
0.185811
0.186870
0.188606
0.189321
0.191321
0.192171
0.194727
0.195308
0.198187
0.199128
0.203231
0.203236
0.206069
0.207023
0.211368
0.208621
0.212038
0.209477
0.214827
0.211195
0.215540
0.212338
0.215474
0.219475
0.226527
0.225629
0.230186
0.220136
0.240642
0.236542
0.235132
0.224698
0.221409
0.210271
0.203560
0.205600
0.207321
0.202923
0.207974
0.201005
0.202605
0.187470
0.187315
0.186963
0.186432
0.185739
0.184914
0.183972
0.182956
0.181880
0.180800
0.179726
0.178727
0.177808
0.177071
0.176501
0.176201
0.176174
0.177044
0.177728
0.181122
0.180808
0.186077
0.183677
0.188038
0.183814
0.189840
0.183142
0.195138
0.190070
0.188976
0.183637
0.182294
0.111282
0.111517
0.111921
0.112488
0.113208
0.114078
0.115083
0.116224
0.117480
0.118862
0.120335
0.121924
0.123598
0.125362
0.127187
0.129087
0.131030
0.133036
0.135073
0.137164
0.139268
0.141322
0.143375
0.145455
0.147521
0.149601
0.151226
0.152861
0.154476
0.156087
0.157673
0.159019
0.160353
0.161661
0.162967
0.164251
0.165590
0.166901
0.168222
0.169511
0.170755
0.172405
0.173927
0.175327
0.176571
0.177684
0.178635
0.179442
0.180034
0.180469
0.180714
0.180824
0.181069
0.181815
0.182870
0.184796
0.186796
0.189875
0.192597
0.197104
0.200789
0.207118
0.211129
0.218743
0.223337
0.288018
0.299432
0.316389
0.325192
0.341549
0.344761
0.356226
0.352888
0.359099
0.361698
0.372403
0.371880
0.383951
0.382368
0.394811
0.391279
0.410541
0.407894
0.429057
0.424552
0.441854
0.440908
0.458436
0.453976
0.473145
0.468859
0.488463
0.478450
0.499876
0.485847
0.505938
0.488407
0.509827
0.303676
0.301717
0.297235
0.290610
0.282213
0.272438
0.261640
0.250237
0.238578
0.227088
0.216087
0.206030
0.197218
0.190143
0.185053
0.182470
0.183401
0.192222
0.206212
0.229732
0.251450
0.286534
0.314187
0.353703
0.381483
0.421641
0.445309
0.486169
0.497523
0.528302
0.524992
0.543882
0.274243
0.273897
0.273323
0.272533
0.271536
0.270346
0.268971
0.267427
0.265717
0.263862
0.261860
0.259733
0.257485
0.255131
0.252679
0.250138
0.247521
0.244837
0.242102
0.239317
0.236503
0.233647
0.230775
0.227885
0.225005
0.222122
0.219269
0.216429
0.213643
0.210890
0.208208
0.205581
0.203073
0.200646
0.198367
0.196196
0.195686
0.195167
0.194725
0.194268
0.193829
0.192949
0.192116
0.191272
0.190478
0.189672
0.188618
0.187600
0.186693
0.185831
0.185098
0.184246
0.183610
0.183128
0.182878
0.183092
0.184331
0.186406
0.189571
0.193256
0.198619
0.204040
0.210926
0.217720
0.226113
0.233806
0.242598
0.251030
0.260721
0.270249
0.280068
0.290918
0.303863
0.316953
0.330740
0.343571
0.348483
0.361263
0.363370
0.381321
0.374895
0.401241
0.395005
0.424032
0.413885
0.457447
0.449102
0.479304
0.461426
0.489372
0.479866
0.505946
0.491688
0.519461
0.501584
0.501295
0.493171
0.501150
0.485910
0.500427
0.471829
0.285185
0.283904
0.280357
0.274865
0.267773
0.259404
0.250117
0.240194
0.230031
0.219884
0.210179
0.201123
0.193199
0.186566
0.181775
0.178967
0.178988
0.183784
0.195011
0.204429
0.223183
0.231380
0.255547
0.255075
0.284628
0.271382
0.299699
0.277265
0.298570
0.271719
0.283597
0.256318
0.214762
0.214633
0.214403
0.214077
0.213660
0.213156
0.212573
0.211908
0.211169
0.210353
0.209475
0.208527
0.207507
0.206423
0.205285
0.204095
0.202861
0.201587
0.200273
0.198918
0.197539
0.196145
0.194758
0.193381
0.192021
0.190684
0.189372
0.188086
0.186838
0.185637
0.184482
0.183387
0.182326
0.181314
0.180354
0.179470
0.178632
0.177883
0.177185
0.176600
0.176061
0.175654
0.175308
0.175114
0.174938
0.174917
0.174956
0.175524
0.176993
0.179710
0.182904
0.187919
0.192582
0.199852
0.205817
0.215116
0.222230
0.233250
0.241181
0.254065
0.262849
0.277198
0.286054
0.300002
0.310105
0.324490
0.334975
0.348387
0.357435
0.372306
0.381208
0.396567
0.403403
0.419655
0.425575
0.440094
0.445919
0.473508
0.468590
0.484184
0.476403
0.498039
0.495084
0.514431
0.506855
0.511683
0.492474
0.499275
0.490795
0.495861
0.486087
0.483935
0.471514
0.471000
0.277807
0.274516
0.269372
0.262687
0.254762
0.245925
0.236458
0.226725
0.216979
0.207644
0.198921
0.191272
0.184853
0.180173
0.177343
0.177254
0.182225
0.195301
0.206602
0.231290
0.241852
0.275930
0.281107
0.316279
0.316704
0.349175
0.345555
0.368595
0.362240
0.370231
0.362763
0.211704
0.211588
0.211382
0.211087
0.210708
0.210245
0.209704
0.209082
0.208386
0.207612
0.206770
0.205852
0.204850
0.203777
0.202629
0.201414
0.200125
0.198790
0.197432
0.196010
0.194517
0.192972
0.191414
0.189794
0.188161
0.186530
0.184898
0.183278
0.181639
0.180050
0.178461
0.176949
0.175437
0.174162
0.172908
0.171731
0.170581
0.169478
0.168339
0.167329
0.166430
0.165678
0.165046
0.164560
0.164218
0.164026
0.163942
0.164023
0.164464
0.165980
0.168318
0.171970
0.176131
0.181903
0.187590
0.195280
0.202234
0.211525
0.219674
0.230933
0.240365
0.252971
0.264114
0.277121
0.289571
0.301901
0.314556
0.330429
0.338669
0.351259
0.363016
0.374144
0.384702
0.393482
0.407226
0.413407
0.436521
0.437482
0.459519
0.456444
0.479168
0.470187
0.500969
0.489210
0.514458
0.499346
0.525430
0.507111
0.531695
0.515924
0.538341
0.512477
0.538787
0.509807
0.542133
0.331201
0.326147
0.317950
0.307124
0.294153
0.279604
0.263922
0.247742
0.231476
0.215802
0.201084
0.188046
0.177015
0.168753
0.163582
0.162403
0.167753
0.180866
0.196865
0.219943
0.240526
0.266485
0.285892
0.308293
0.326183
0.337268
0.352008
0.343668
0.357691
0.330739
0.338976
0.268634
0.268305
0.267688
0.266797
0.265645
0.264246
0.262609
0.260754
0.258691
0.256435
0.254001
0.251399
0.248638
0.245730
0.242693
0.239537
0.236274
0.232913
0.229481
0.225986
0.222450
0.218871
0.215265
0.211640
0.208013
0.204392
0.200793
0.197240
0.193749
0.190322
0.186977
0.183735
0.180614
0.177635
0.174803
0.172138
0.169629
0.167301
0.165158
0.163231
0.161507
0.160054
0.158826
0.157902
0.157156
0.156769
0.156597
0.157022
0.158359
0.161086
0.164199
0.169427
0.173990
0.181456
0.187215
0.196684
0.203956
0.215216
0.224088
0.236834
0.246912
0.261200
0.270110
0.284433
0.295165
0.309601
0.323246
0.335020
0.343960
0.360139
0.368842
0.383998
0.392696
0.409088
0.416614
0.438599
0.433231
0.459726
0.460370
0.483135
0.473079
0.504452
0.491588
0.514178
0.494622
0.517444
0.497663
0.526722
0.503801
0.551466
0.523984
0.544154
0.502672
0.532214
0.297006
0.292873
0.286101
0.277136
0.266379
0.254327
0.241323
0.227930
0.214437
0.201473
0.189263
0.178491
0.169335
0.162525
0.158218
0.157271
0.162437
0.176428
0.191358
0.218224
0.235718
0.270759
0.286243
0.322332
0.334319
0.365349
0.372659
0.388908
0.393827
0.395817
0.394867
0.208441
0.208292
0.208008
0.207593
0.207051
0.206387
0.205614
0.204737
0.203766
0.202698
0.201554
0.200321
0.199001
0.197605
0.196143
0.194617
0.193037
0.191404
0.189727
0.188003
0.186267
0.184504
0.182737
0.180969
0.179210
0.177467
0.175740
0.174041
0.172365
0.170726
0.169119
0.167564
0.166074
0.164686
0.163374
0.162175
0.161036
0.160003
0.159043
0.158215
0.157468
0.156872
0.156370
0.156025
0.155741
0.155637
0.155642
0.156089
0.157506
0.160290
0.163639
0.169001
0.173913
0.181789
0.187852
0.198347
0.205631
0.218334
0.227129
0.241748
0.251864
0.268031
0.278722
0.295763
0.306536
0.323086
0.335992
0.349789
0.359090
0.377368
0.385664
0.402788
0.411352
0.429459
0.436208
0.459886
0.465838
0.491675
0.490286
0.513665
0.482777
0.518689
0.511303
0.538017
0.523857
0.546004
0.529334
0.554443
0.538932
0.569274
0.543864
0.578291
0.544452
0.583456
0.333748
0.328686
0.320287
0.309100
0.295643
0.280514
0.264287
0.247581
0.230794
0.214623
0.199482
0.186077
0.174806
0.166378
0.161177
0.159978
0.166335
0.181478
0.202707
0.230046
0.260608
0.293011
0.326767
0.355317
0.389698
0.407842
0.439047
0.438105
0.465487
0.447006
0.463009
0.270712
0.270407
0.269816
0.268951
0.267824
0.266461
0.264867
0.263057
0.261046
0.258846
0.256476
0.253939
0.251242
0.248403
0.245438
0.242359
0.239177
0.235902
0.232544
0.229121
0.225653
0.222140
0.218596
0.215036
0.211469
0.207916
0.204375
0.200878
0.197423
0.194041
0.190705
0.187509
0.184400
0.181479
0.178671
0.176075
0.173590
0.171326
0.169201
0.167321
0.165602
0.164173
0.162942
0.162013
0.161274
0.160864
0.160691
0.161081
0.162479
0.165292
0.168689
0.174002
0.179190
0.186725
0.193549
0.202828
0.211699
0.222246
0.233238
0.244835
0.257554
0.270145
0.281075
0.293404
0.306899
0.319886
0.334300
0.346333
0.356064
0.373836
0.377591
0.385917
0.386055
0.407069
0.396849
0.421907
0.429601
0.450581
0.451638
0.471912
0.462396
0.493828
0.479206
0.501089
0.484369
0.506820
0.497910
0.508004
0.483816
0.503424
0.470529
0.491969
0.458490
0.480091
0.273810
0.270643
0.265321
0.258197
0.249598
0.239907
0.229416
0.218557
0.207593
0.197008
0.187010
0.178142
0.170541
0.164831
0.161077
0.160015
0.163861
0.175831
0.187475
0.212017
0.224458
0.258256
0.267465
0.303849
0.308204
0.341476
0.340957
0.361644
0.359185
0.366147
0.360730
0.200323
0.200211
0.199989
0.199660
0.199228
0.198694
0.198062
0.197333
0.196533
0.195656
0.194711
0.193690
0.192615
0.191488
0.190312
0.189087
0.187822
0.186517
0.185194
0.183852
0.182510
0.181146
0.179771
0.178387
0.176994
0.175594
0.174193
0.172800
0.171400
0.170007
0.168610
0.167258
0.165974
0.164793
0.163660
0.162627
0.161620
0.160679
0.159790
0.159015
0.158302
0.157716
0.157195
0.156816
0.156468
0.156267
0.156154
0.156321
0.157257
0.159377
0.162026
0.166483
0.170566
0.177478
0.182530
0.192042
0.198093
0.209927
0.217035
0.231075
0.238948
0.254889
0.263245
0.281380
0.288743
0.307362
0.316753
0.334235
0.338629
0.354114
0.362931
0.377352
0.386587
0.400322
0.409509
0.428894
0.435639
0.458635
0.455912
0.479907
0.470980
0.505675
0.496919
0.523779
0.510312
0.537862
0.526189
0.553903
0.533177
0.566925
0.536445
0.570024
0.539629
0.575492
0.328195
0.324145
0.316743
0.306524
0.293993
0.279718
0.264170
0.247972
0.231555
0.215638
0.200623
0.187165
0.175640
0.166778
0.160925
0.158800
0.163117
0.177219
0.197173
0.224813
0.253347
0.286631
0.317090
0.347613
0.376764
0.397657
0.421745
0.424908
0.445686
0.431503
0.442096
0.281464
0.281207
0.280635
0.279760
0.278599
0.277167
0.275475
0.273543
0.271385
0.269016
0.266451
0.263712
0.260808
0.257773
0.254625
0.251376
0.248036
0.244625
0.241157
0.237616
0.234031
0.230414
0.226785
0.223156
0.219540
0.215951
0.212391
0.208893
0.205452
0.202091
0.198793
0.195646
0.192603
0.189762
0.187041
0.184549
0.182175
0.180020
0.177991
0.176197
0.174540
0.173163
0.171956
0.171038
0.170265
0.169812
0.169590
0.169808
0.170837
0.173074
0.175904
0.180374
0.184761
0.191329
0.196843
0.205202
0.211858
0.221303
0.229158
0.239559
0.248365
0.259221
0.268612
0.282032
0.288559
0.303289
0.311399
0.327190
0.332923
0.343548
0.354372
0.364298
0.375295
0.387261
0.397653
0.417032
0.428271
0.428977
0.437796
0.458363
0.456183
0.485312
0.462239
0.484827
0.434345
0.466169
0.414178
0.434547
0.398623
0.424328
0.381391
0.395629
0.367649
0.384483
0.239815
0.238151
0.235044
0.230703
0.225324
0.219140
0.212332
0.205177
0.197857
0.190673
0.183772
0.177514
0.171994
0.167651
0.164541
0.163158
0.164653
0.171778
0.179041
0.194271
0.202491
0.225001
0.230944
0.254563
0.263756
0.287775
0.292908
0.320755
0.312207
0.340740
0.317297
0.345138
0.173430
0.173381
0.173300
0.173189
0.173044
0.172871
0.172663
0.172429
0.172158
0.171864
0.171531
0.171180
0.170807
0.170410
0.169984
0.169536
0.169057
0.168528
0.167972
0.167413
0.166831
0.166243
0.165637
0.165028
0.164393
0.163782
0.163166
0.162579
0.161977
0.161420
0.160844
0.160430
0.160010
0.159659
0.159342
0.159092
0.158855
0.158609
0.158331
0.158098
0.157839
0.157512
0.157169
0.156911
0.156639
0.156458
0.156259
0.156075
0.155898
0.155791
0.155726
0.156120
0.157019
0.158747
0.160726
0.163900
0.166953
0.171666
0.175679
0.181942
0.187137
0.194630
0.201253
0.209656
0.217930
0.227022
0.239818
0.247861
0.258814
0.264411
0.277278
0.280378
0.293812
0.298590
0.311711
0.316666
0.327291
0.330517
0.349476
0.344085
0.362999
0.360795
0.378770
0.371358
0.389890
0.391446
0.410621
0.400033
0.420038
0.404309
0.427432
0.412237
0.424950
0.401553
0.415864
0.395170
0.415873
0.271956
0.269974
0.265621
0.259244
0.251182
0.241802
0.231445
0.220497
0.209284
0.198238
0.187621
0.177942
0.169421
0.162621
0.157705
0.155279
0.156132
0.163811
0.175228
0.193508
0.209120
0.234473
0.249382
0.279216
0.286028
0.319400
0.314494
0.352553
0.332067
0.363789
0.337513
0.355789
0.205887
0.205690
0.205368
0.204928
0.204372
0.203711
0.202944
0.202081
0.201119
0.200074
0.198938
0.197726
0.196446
0.195094
0.193680
0.192204
0.190670
0.189061
0.187413
0.185756
0.184147
0.182492
0.180830
0.179138
0.177463
0.175747
0.174064
0.172374
0.170716
0.169043
0.167413
0.165800
0.164602
0.163438
0.162359
0.161325
0.160385
0.159791
0.159237
0.158668
0.158155
0.157633
0.156723
0.155868
0.155150
0.154494
0.154003
0.153515
0.153227
0.153023
0.153032
0.153465
0.154908
0.156856
0.160259
0.163389
0.169201
0.173454
0.181334
0.186301
0.196202
0.201929
0.213399
0.220492
0.233364
0.241519
0.257161
0.262541
0.278348
0.283497
0.299985
0.305129
0.319277
0.325465
0.340850
0.346311
0.357039
0.364734
0.377117
0.378510
0.397082
0.407069
0.427693
0.425855
0.445976
0.440827
0.471449
0.456656
0.485049
0.465463
0.496587
0.470358
0.503490
0.473751
0.517352
0.474945
0.523074
0.296192
0.294157
0.289144
0.281601
0.271944
0.260649
0.248102
0.234840
0.221174
0.207722
0.194735
0.182864
0.172304
0.163816
0.157560
0.154279
0.154629
0.163052
0.175867
0.198401
0.215846
0.246888
0.263426
0.297726
0.309482
0.338313
0.345886
0.366515
0.368074
0.370682
0.371571
0.360650
0.242495
0.242172
0.241621
0.240851
0.239870
0.238686
0.237308
0.235742
0.233997
0.232081
0.230018
0.227839
0.225519
0.223070
0.220501
0.217830
0.215060
0.212215
0.209294
0.206319
0.203291
0.200231
0.197134
0.194019
0.190902
0.187788
0.184692
0.181623
0.178613
0.175657
0.172785
0.169995
0.167332
0.164907
0.162651
0.160502
0.158538
0.156673
0.154906
0.153276
0.151883
0.150644
0.149686
0.148913
0.148380
0.148076
0.148028
0.148400
0.149780
0.152044
0.155520
0.159525
0.165153
0.170669
0.178107
0.184762
0.193849
0.201411
0.211675
0.220529
0.232106
0.241580
0.254403
0.262438
0.276639
0.285514
0.299237
0.310265
0.319999
0.334045
0.341181
0.357407
0.358665
0.377198
0.379377
0.402472
0.398288
0.431717
0.427805
0.452696
0.438950
0.466535
0.465053
0.490138
0.476575
0.493896
0.474754
0.496918
0.481374
0.501532
0.480005
0.504184
0.481386
0.507894
0.300700
0.296259
0.288950
0.279243
0.267591
0.254493
0.240379
0.225794
0.211130
0.197019
0.183834
0.172173
0.162326
0.155005
0.150437
0.149467
0.155280
0.170515
0.188312
0.216258
0.238901
0.273277
0.295411
0.325550
0.344684
0.368979
0.382356
0.392487
0.401014
0.394078
0.398071
0.244440
0.244173
0.243660
0.242911
0.241935
0.240739
0.239342
0.237758
0.235996
0.234066
0.231985
0.229750
0.227366
0.224841
0.222195
0.219433
0.216577
0.213619
0.210585
0.207466
0.204297
0.201074
0.197817
0.194533
0.191240
0.187947
0.184669
0.181423
0.178241
0.175144
0.172114
0.169194
0.166374
0.163700
0.161134
0.158757
0.156486
0.154440
0.152513
0.150832
0.149290
0.148013
0.146920
0.146123
0.145482
0.145170
0.145035
0.145425
0.146679
0.149222
0.152178
0.156978
0.161381
0.168214
0.173926
0.182057
0.189198
0.197675
0.206009
0.215521
0.224926
0.235325
0.245152
0.253468
0.265631
0.274421
0.287241
0.296254
0.306534
0.318424
0.327102
0.340746
0.342831
0.360351
0.361970
0.380996
0.380013
0.416189
0.409085
0.438029
0.421340
0.452180
0.449064
0.449178
0.439591
0.461346
0.443984
0.460126
0.445999
0.464198
0.446502
0.470101
0.446730
0.475555
0.287268
0.283116
0.276213
0.267007
0.255941
0.243496
0.230064
0.216190
0.202215
0.188743
0.176055
0.164821
0.155265
0.148095
0.143522
0.142342
0.147158
0.160325
0.175283
0.199652
0.218206
0.248448
0.265968
0.292679
0.308174
0.328255
0.339588
0.345479
0.353084
0.343191
0.347185
0.206381
0.206198
0.205842
0.205317
0.204627
0.203779
0.202780
0.201660
0.200410
0.199040
0.197561
0.195971
0.194267
0.192464
0.190573
0.188600
0.186562
0.184451
0.182286
0.180057
0.177799
0.175499
0.173187
0.170860
0.168532
0.166211
0.163907
0.161630
0.159395
0.157212
0.155085
0.153031
0.151040
0.149134
0.147313
0.145597
0.143972
0.142462
0.141052
0.139805
0.138659
0.137704
0.136879
0.136274
0.135768
0.135503
0.135388
0.135707
0.136914
0.139350
0.142353
0.147082
0.151705
0.158726
0.164725
0.173728
0.180959
0.191927
0.199825
0.213355
0.221954
0.237510
0.246275
0.261581
0.270940
0.286359
0.296480
0.309267
0.318887
0.331311
0.345291
0.353852
0.369387
0.375457
0.393349
0.391959
0.388834
0.398797
0.426504
0.422949
0.442713
0.431304
0.459558
0.448074
0.471713
0.458887
0.482795
0.460448
0.493231
0.465801
0.505580
0.466848
0.520572
0.468287
0.287682
0.283370
0.276150
0.266466
0.254813
0.241620
0.227445
0.212657
0.197889
0.183460
0.170055
0.157952
0.147879
0.140076
0.135352
0.134033
0.139821
0.152792
0.172242
0.194362
0.220436
0.245981
0.270061
0.294707
0.310149
0.332399
0.331734
0.349819
0.328942
0.347439
0.310062
0.261383
0.261035
0.260354
0.259354
0.258050
0.256458
0.254589
0.252466
0.250096
0.247510
0.244703
0.241715
0.238539
0.235200
0.231732
0.228155
0.224478
0.220723
0.216905
0.213019
0.209081
0.205105
0.201106
0.197092
0.193110
0.189125
0.185216
0.181300
0.177483
0.173688
0.170025
0.166396
0.162962
0.160054
0.157346
0.154730
0.152309
0.149959
0.147492
0.145160
0.143102
0.141205
0.139636
0.138264
0.137188
0.136351
0.135876
0.135701
0.136229
0.137545
0.140017
0.142899
0.147518
0.151741
0.158171
0.162959
0.171384
0.176298
0.186057
0.191368
0.202476
0.207717
0.219882
0.224803
0.235994
0.242703
0.254398
0.264663
0.273853
0.278434
0.290851
0.299381
0.302911
0.316283
0.319298
0.337234
0.335668
0.372252
0.364831
0.395598
0.380299
0.410482
0.394845
0.418387
0.406699
0.425072
0.408563
0.415596
0.399619
0.413766
0.394958
0.416308
0.400538
0.414178
0.252526
0.250894
0.246783
0.240561
0.232585
0.223244
0.212861
0.201863
0.190519
0.179351
0.168543
0.158688
0.149896
0.142823
0.137531
0.134729
0.134806
0.141755
0.151728
0.172148
0.183883
0.216212
0.223846
0.260646
0.263707
0.302279
0.298030
0.331164
0.322174
0.342244
0.331607
0.334004
0.176061
0.175911
0.175652
0.175289
0.174823
0.174261
0.173601
0.172851
0.172006
0.171114
0.170146
0.169124
0.168044
0.166914
0.165732
0.164513
0.163246
0.161962
0.160654
0.159348
0.158036
0.156715
0.155381
0.154037
0.152686
0.151323
0.149965
0.148597
0.147245
0.145878
0.144533
0.143213
0.142061
0.140957
0.139968
0.139033
0.138186
0.137367
0.136639
0.135949
0.135360
0.134825
0.134374
0.133991
0.133682
0.133484
0.133404
0.133465
0.134163
0.135754
0.138292
0.141672
0.146047
0.150903
0.156982
0.163176
0.170749
0.178432
0.187394
0.196315
0.206564
0.217068
0.228132
0.243377
0.251484
0.265953
0.272413
0.288432
0.288897
0.306309
0.308815
0.325525
0.328672
0.347046
0.348626
0.373659
0.375684
0.399591
0.395702
0.419105
0.407536
0.446449
0.434979
0.465628
0.444722
0.477483
0.457849
0.487646
0.456168
0.493099
0.450987
0.484763
0.451709
0.488304
0.283506
0.280774
0.275009
0.266681
0.256247
0.244199
0.230960
0.217055
0.202879
0.188988
0.175736
0.163714
0.153234
0.144916
0.139055
0.136299
0.138069
0.148525
0.164128
0.188904
0.210298
0.244759
0.264441
0.302039
0.318295
0.357419
0.365072
0.394347
0.397142
0.414542
0.409196
0.190715
0.190638
0.190423
0.190075
0.189601
0.189005
0.188294
0.187472
0.186548
0.185521
0.184405
0.183197
0.181928
0.180607
0.179232
0.177797
0.176316
0.174783
0.173232
0.171653
0.170071
0.168460
0.166837
0.165199
0.163555
0.161899
0.160246
0.158599
0.156952
0.155312
0.153679
0.152095
0.150578
0.149183
0.147880
0.146685
0.145571
0.144556
0.143584
0.142721
0.141930
0.141276
0.140706
0.140282
0.139918
0.139710
0.139606
0.139716
0.140495
0.142476
0.145126
0.149527
0.153808
0.160574
0.166111
0.175332
0.182058
0.193713
0.201398
0.215404
0.224162
0.240037
0.249612
0.267057
0.275534
0.293603
0.302924
0.321352
0.326099
0.342808
0.350943
0.366625
0.375241
0.392115
0.398989
0.422477
0.428252
0.452767
0.450560
0.476059
0.465263
0.502293
0.494274
0.496167
0.487830
0.522487
0.500931
0.529357
0.509339
0.539842
0.511636
0.541027
0.517248
0.547645
0.317416
0.314380
0.307741
0.298037
0.285791
0.271576
0.255885
0.239339
0.222405
0.205749
0.189792
0.175269
0.162552
0.152382
0.145246
0.141817
0.143609
0.154930
0.173538
0.198520
0.226766
0.257031
0.288959
0.316345
0.348117
0.364936
0.393048
0.393295
0.418961
0.401339
0.415673
0.381601
0.274840
0.274313
0.273446
0.272256
0.270760
0.268974
0.266915
0.264603
0.262050
0.259282
0.256298
0.253136
0.249803
0.246315
0.242686
0.238927
0.235055
0.231085
0.227039
0.222932
0.218776
0.214567
0.210331
0.206061
0.201799
0.197516
0.193279
0.189053
0.184916
0.180793
0.176816
0.172922
0.169252
0.165697
0.162396
0.159231
0.156335
0.153586
0.151132
0.148852
0.146919
0.145196
0.143838
0.142706
0.141985
0.141486
0.141443
0.141965
0.143607
0.145697
0.149606
0.152931
0.158928
0.162977
0.170947
0.175544
0.184714
0.190912
0.200400
0.208083
0.217386
0.225492
0.236198
0.242259
0.254136
0.263828
0.278096
0.280349
0.293612
0.298970
0.309170
0.315575
0.327999
0.334654
0.347068
0.353369
0.371836
0.373961
0.391448
0.389420
0.425090
0.413422
0.441547
0.422528
0.454069
0.413309
0.445998
0.420361
0.457886
0.418388
0.451078
0.415040
0.455097
0.272358
0.270222
0.265378
0.258228
0.249169
0.238638
0.226994
0.214703
0.202110
0.189718
0.177815
0.166961
0.157399
0.149731
0.144145
0.141330
0.141989
0.149986
0.160589
0.181108
0.194120
0.222959
0.233283
0.263248
0.270931
0.297976
0.301182
0.316244
0.317778
0.321351
0.318343
0.306077
0.189692
0.189500
0.189178
0.188731
0.188161
0.187480
0.186703
0.185827
0.184859
0.183808
0.182666
0.181459
0.180189
0.178859
0.177471
0.176036
0.174551
0.173043
0.171503
0.169963
0.168388
0.166802
0.165195
0.163582
0.161956
0.160331
0.158716
0.157099
0.155496
0.153892
0.152341
0.150848
0.149434
0.148052
0.146764
0.145504
0.144416
0.143348
0.142383
0.141449
0.140640
0.139814
0.139141
0.138544
0.138051
0.137680
0.137514
0.137544
0.138320
0.139823
0.142411
0.145544
0.149914
0.154499
0.160649
0.166807
0.174796
0.182030
0.192048
0.200080
0.211881
0.221185
0.234746
0.246183
0.257737
0.267184
0.280752
0.291491
0.299762
0.309891
0.319636
0.330403
0.338513
0.353951
0.358523
0.386527
0.380814
0.406513
0.396071
0.429525
0.428452
0.460538
0.447434
0.476790
0.454604
0.472567
0.457470
0.474337
0.442594
0.459877
0.423155
0.453743
0.416485
0.445785
0.254471
0.251786
0.246866
0.240073
0.231742
0.222258
0.211928
0.201188
0.190274
0.179697
0.169621
0.160620
0.152801
0.146804
0.142668
0.141116
0.143360
0.153328
0.161931
0.186073
0.192109
0.226974
0.225879
0.268414
0.258423
0.303162
0.288195
0.326204
0.305892
0.332007
0.309799
0.186203
0.186109
0.185898
0.185575
0.185145
0.184609
0.183977
0.183245
0.182425
0.181512
0.180529
0.179488
0.178393
0.177249
0.176057
0.174808
0.173513
0.172173
0.170820
0.169446
0.168059
0.166647
0.165224
0.163786
0.162336
0.160883
0.159418
0.157965
0.156496
0.155041
0.153589
0.152218
0.150874
0.149604
0.148376
0.147256
0.146532
0.145878
0.145225
0.144635
0.144055
0.143288
0.142582
0.142011
0.141509
0.141169
0.140857
0.140737
0.140675
0.140948
0.141914
0.144047
0.146512
0.150803
0.154440
0.161167
0.165742
0.174450
0.179757
0.190402
0.196519
0.208774
0.216495
0.230108
0.239071
0.254631
0.261405
0.276904
0.283645
0.299719
0.305481
0.319284
0.326562
0.342475
0.347906
0.362960
0.366614
0.390292
0.385237
0.410661
0.415997
0.442362
0.434832
0.457126
0.445048
0.482806
0.462874
0.496320
0.471751
0.515593
0.478162
0.517718
0.481645
0.530149
0.480866
0.537919
0.299940
0.295750
0.288541
0.278820
0.267040
0.253740
0.239330
0.224424
0.209352
0.194800
0.181036
0.168801
0.158356
0.150474
0.145316
0.143719
0.147851
0.161177
0.175716
0.201699
0.218896
0.252676
0.267977
0.303333
0.314871
0.344090
0.351109
0.369756
0.371631
0.372647
0.375947
0.261552
0.261258
0.260659
0.259765
0.258589
0.257142
0.255435
0.253481
0.251291
0.248873
0.246245
0.243411
0.240441
0.237336
0.234074
0.230674
0.227154
0.223526
0.219809
0.216006
0.212141
0.208216
0.204252
0.200252
0.196236
0.192226
0.188229
0.184270
0.180358
0.176544
0.172802
0.169218
0.165743
0.162480
0.159524
0.156807
0.154213
0.151846
0.149608
0.147500
0.145567
0.143934
0.142496
0.141415
0.140509
0.139996
0.139700
0.139837
0.140638
0.142647
0.145107
0.149347
0.153068
0.159711
0.164522
0.172773
0.178478
0.188100
0.194334
0.204323
0.212762
0.223004
0.232670
0.243236
0.251034
0.262633
0.271253
0.283969
0.294214
0.305366
0.313361
0.327680
0.333179
0.344211
0.350027
0.370515
0.367776
0.390436
0.399943
0.417944
0.418200
0.436056
0.431562
0.464316
0.447709
0.481325
0.464237
0.496469
0.459560
0.497120
0.458251
0.505808
0.453315
0.512107
0.293202
0.290195
0.284120
0.275462
0.264662
0.252239
0.238596
0.224316
0.209736
0.195593
0.182072
0.169897
0.159224
0.150880
0.145016
0.142438
0.144249
0.154720
0.168218
0.193035
0.210235
0.244582
0.260318
0.297795
0.309546
0.341126
0.347764
0.370798
0.371934
0.378302
0.379098
0.230051
0.229909
0.229539
0.228950
0.228150
0.227149
0.225954
0.224574
0.223017
0.221288
0.219402
0.217380
0.215260
0.213016
0.210657
0.208192
0.205641
0.203003
0.200300
0.197528
0.194709
0.191846
0.188956
0.186036
0.183096
0.180158
0.177214
0.174300
0.171392
0.168569
0.165764
0.163070
0.160426
0.157945
0.155743
0.153728
0.151813
0.150076
0.148420
0.146818
0.145333
0.144079
0.142956
0.142108
0.141420
0.140949
0.140678
0.140657
0.141102
0.142584
0.144933
0.148505
0.152561
0.158255
0.163812
0.171198
0.177950
0.186788
0.194399
0.203980
0.212986
0.223474
0.233382
0.244833
0.252529
0.265586
0.274428
0.287406
0.297729
0.307524
0.320906
0.328434
0.344159
0.345337
0.363933
0.366624
0.391014
0.385602
0.424313
0.416097
0.446151
0.428401
0.451047
0.441403
0.472785
0.451932
0.475686
0.451522
0.472146
0.451196
0.470613
0.447042
0.471759
0.445612
0.477143
0.286660
0.282061
0.274747
0.265178
0.253785
0.241056
0.227415
0.213396
0.199345
0.185872
0.173240
0.162158
0.152830
0.146005
0.141838
0.141351
0.147338
0.162697
0.178603
0.206612
0.225237
0.260959
0.277438
0.311147
0.323774
0.352432
0.358899
0.375033
0.377121
0.376158
0.375244
0.219453
0.219209
0.218763
0.218123
0.217294
0.216285
0.215101
0.213749
0.212246
0.210618
0.208865
0.206976
0.204953
0.202807
0.200556
0.198202
0.195766
0.193243
0.190652
0.187979
0.185268
0.182507
0.179722
0.176919
0.174111
0.171314
0.168533
0.165798
0.163110
0.160513
0.157984
0.155571
0.153218
0.151008
0.148877
0.146918
0.145039
0.143340
0.141745
0.140358
0.139092
0.138051
0.137172
0.136551
0.136060
0.135853
0.135806
0.136299
0.137658
0.140343
0.143393
0.148520
0.152988
0.160347
0.166176
0.175193
0.182454
0.192358
0.200766
0.212158
0.221400
0.234421
0.244031
0.256009
0.267337
0.279229
0.291173
0.302482
0.313235
0.326905
0.335674
0.350751
0.354267
0.372418
0.375043
0.394651
0.394392
0.426896
0.424509
0.449083
0.429710
0.442201
0.441635
0.465015
0.451981
0.474089
0.456622
0.472739
0.467303
0.480657
0.470835
0.489042
0.477172
0.492987
0.288719
0.284072
0.276584
0.266727
0.254957
0.241771
0.227607
0.213000
0.198367
0.184261
0.171091
0.159425
0.149660
0.142366
0.137919
0.137070
0.142990
0.156848
0.173774
0.198407
0.218407
0.250014
0.265030
0.297007
0.302522
0.333064
0.323863
0.348666
0.325077
0.343610
0.307927
0.238558
0.238245
0.237660
0.236811
0.235704
0.234363
0.232799
0.231019
0.229032
0.226860
0.224504
0.221993
0.219329
0.216516
0.213566
0.210501
0.207325
0.204054
0.200693
0.197263
0.193766
0.190223
0.186633
0.183016
0.179398
0.175764
0.172160
0.168548
0.165016
0.161481
0.158062
0.154691
0.151502
0.148400
0.145510
0.142729
0.140178
0.137745
0.135560
0.133513
0.131741
0.130135
0.128857
0.127783
0.127010
0.126492
0.126301
0.126537
0.127749
0.129730
0.132910
0.136373
0.141628
0.146304
0.153247
0.158729
0.167237
0.173273
0.182623
0.189909
0.200236
0.207959
0.219893
0.224090
0.238659
0.243094
0.258223
0.265695
0.276525
0.286650
0.294055
0.307824
0.302857
0.325225
0.318369
0.344432
0.334861
0.372935
0.362374
0.393922
0.371953
0.393869
0.382774
0.413074
0.387950
0.419267
0.388701
0.410468
0.386097
0.410834
0.379918
0.409577
0.383604
0.416018
0.244273
0.240696
0.234838
0.227076
0.217762
0.207311
0.196034
0.184407
0.172678
0.161411
0.150763
0.141371
0.133343
0.127386
0.123545
0.122670
0.126682
0.139125
0.151124
0.175557
0.187913
0.221671
0.229810
0.263451
0.266658
0.297970
0.293986
0.314419
0.307021
0.311885
0.305076
0.183417
0.183238
0.182897
0.182398
0.181746
0.180946
0.180003
0.178945
0.177763
0.176466
0.175063
0.173551
0.171930
0.170201
0.168386
0.166480
0.164508
0.162459
0.160348
0.158171
0.155963
0.153710
0.151430
0.149141
0.146831
0.144545
0.142239
0.139988
0.137737
0.135564
0.133410
0.131373
0.129378
0.127518
0.125715
0.124066
0.122486
0.121060
0.119701
0.118513
0.117404
0.116483
0.115679
0.115101
0.114589
0.114335
0.114184
0.114488
0.115542
0.117805
0.120380
0.124792
0.128619
0.134923
0.139823
0.147544
0.153596
0.161904
0.168727
0.178020
0.185613
0.196030
0.205522
0.214163
0.223653
0.232989
0.243084
0.251265
0.258944
0.270864
0.277095
0.290854
0.289530
0.308533
0.306518
0.326040
0.322493
0.357081
0.339651
0.365295
0.344406
0.376106
0.365888
0.390092
0.369731
0.394757
0.369707
0.383859
0.365085
0.381902
0.359506
0.381141
0.359059
0.386604
0.229779
0.226364
0.220679
0.213091
0.203948
0.193652
0.182513
0.170999
0.159362
0.148151
0.137561
0.128181
0.120134
0.114111
0.110170
0.109109
0.112890
0.125047
0.137191
0.162080
0.174969
0.209532
0.218406
0.254608
0.258702
0.294117
0.290673
0.317050
0.309708
0.319833
0.312754
0.167981
0.167815
0.167491
0.167015
0.166392
0.165626
0.164723
0.163685
0.162519
0.161238
0.159870
0.158395
0.156814
0.155124
0.153355
0.151491
0.149567
0.147563
0.145507
0.143390
0.141249
0.139058
0.136848
0.134624
0.132384
0.130159
0.127918
0.125716
0.123521
0.121389
0.119274
0.117254
0.115280
0.113428
0.111647
0.110013
0.108451
0.107036
0.105698
0.104525
0.103439
0.102534
0.101754
0.101191
0.100692
0.100448
0.100302
0.100568
0.101529
0.103672
0.106090
0.110409
0.113991
0.120389
0.124939
0.133150
0.138609
0.148053
0.153910
0.164994
0.171210
0.183786
0.192770
0.203678
0.211964
0.223038
0.231827
0.241223
0.247779
0.261024
0.266240
0.281637
0.280755
0.299820
0.298206
0.319276
0.314231
0.348959
0.340553
0.368954
0.346978
0.365711
0.360967
0.385520
0.367468
0.390664
0.369273
0.384141
0.373565
0.387845
0.375595
0.396040
0.377413
0.401795
0.229640
0.226022
0.219913
0.211717
0.201823
0.190666
0.178599
0.166119
0.153528
0.141375
0.129902
0.119734
0.111048
0.104524
0.100263
0.099044
0.103008
0.115118
0.128737
0.152378
0.168614
0.199535
0.213744
0.243060
0.253887
0.279919
0.284727
0.299537
0.301492
0.300776
0.300617
0.174981
0.174777
0.174371
0.173770
0.172981
0.172009
0.170860
0.169540
0.168060
0.166461
0.164728
0.162868
0.160895
0.158800
0.156610
0.154316
0.151952
0.149499
0.146994
0.144420
0.141811
0.139155
0.136466
0.133753
0.131010
0.128271
0.125499
0.122764
0.120024
0.117368
0.114719
0.112171
0.109675
0.107522
0.105446
0.103555
0.101725
0.100047
0.098293
0.096725
0.095242
0.093966
0.092818
0.091915
0.091115
0.090599
0.090235
0.090192
0.090716
0.092263
0.094295
0.097869
0.101187
0.106773
0.110942
0.118256
0.123192
0.131528
0.137193
0.146180
0.152898
0.162394
0.170506
0.181004
0.187383
0.198876
0.205567
0.219639
0.222568
0.232848
0.238200
0.252699
0.249736
0.269788
0.265313
0.288717
0.280620
0.318693
0.309598
0.339106
0.319927
0.316694
0.318503
0.346905
0.331151
0.355800
0.337676
0.347674
0.337924
0.352051
0.339946
0.361978
0.339735
0.366623
0.207021
0.204745
0.199974
0.193080
0.184417
0.174393
0.163326
0.151685
0.139735
0.128015
0.116725
0.106492
0.097449
0.090282
0.085069
0.082553
0.083567
0.091791
0.103333
0.123183
0.138607
0.165539
0.180728
0.206398
0.220420
0.242354
0.251803
0.262855
0.269379
0.264880
0.270073
0.153746
0.153634
0.153321
0.152814
0.152116
0.151235
0.150176
0.148949
0.147593
0.146090
0.144463
0.142712
0.140855
0.138883
0.136821
0.134661
0.132438
0.130131
0.127776
0.125356
0.122908
0.120415
0.117902
0.115358
0.112803
0.110234
0.107666
0.105097
0.102533
0.100020
0.097483
0.095015
0.092595
0.090322
0.088126
0.086100
0.084164
0.082400
0.080719
0.079215
0.077803
0.076585
0.075506
0.074666
0.073905
0.073422
0.073099
0.073103
0.073665
0.075262
0.077346
0.080984
0.084361
0.090028
0.094354
0.101840
0.106980
0.115997
0.121843
0.132106
0.138630
0.150383
0.158007
0.172606
0.176667
0.193252
0.195787
0.213754
0.212231
0.226538
0.230409
0.247628
0.246439
0.247510
0.244696
0.266459
0.259973
0.296981
0.287057
0.315950
0.292376
0.323790
0.309588
0.336122
0.312468
0.339736
0.312725
0.326706
0.305837
0.319938
0.298260
0.317501
0.294394
0.323353
0.186878
0.184846
0.180449
0.174043
0.165968
0.156614
0.146285
0.135426
0.124284
0.113373
0.102874
0.093378
0.084993
0.078380
0.073569
0.071307
0.072257
0.080638
0.091854
0.112928
0.127577
0.158422
0.172281
0.204546
0.216156
0.247355
0.253328
0.276415
0.278470
0.287733
0.288357
0.106937
0.106888
0.106743
0.106505
0.106177
0.105761
0.105274
0.104719
0.104103
0.103417
0.102686
0.101889
0.101061
0.100192
0.099298
0.098360
0.097413
0.096424
0.095432
0.094415
0.093408
0.092397
0.091379
0.090361
0.089329
0.088311
0.087267
0.086246
0.085208
0.084199
0.083169
0.082180
0.081198
0.080399
0.079626
0.078948
0.078298
0.077724
0.077128
0.076609
0.076088
0.075644
0.075227
0.074897
0.074597
0.074337
0.074165
0.074116
0.074219
0.074983
0.076560
0.079001
0.082256
0.086409
0.090949
0.096724
0.102337
0.109879
0.116518
0.125559
0.133045
0.144128
0.152557
0.165704
0.179943
0.188321
0.202335
0.207480
0.221451
0.223210
0.234371
0.240741
0.251941
0.257761
0.273937
0.272750
0.292113
0.294515
0.321654
0.320272
0.345185
0.330731
0.370615
0.348229
0.375624
0.342628
0.373702
0.320774
0.336187
0.301241
0.325613
0.281630
0.295398
0.261054
0.278186
0.168106
0.166070
0.188121
0.188068
0.187921
0.187695
0.187405
0.187067
0.186962
0.186854
0.186742
0.186626
0.186506
0.186344
0.186178
0.186008
0.185835
0.185659
0.185299
0.184947
0.184611
0.184297
0.184016
0.183725
0.183503
0.183366
0.183051
0.182493
0.182254
0.182878
0.184712
0.188157
0.192533
0.200091
0.208611
0.220469
0.231318
0.243125
0.254403
0.269649
0.277608
0.155988
0.156043
0.156163
0.156345
0.156586
0.156881
0.157228
0.157622
0.158060
0.158537
0.159052
0.159597
0.160174
0.160773
0.161398
0.162038
0.162695
0.163357
0.164031
0.164706
0.165389
0.166061
0.166733
0.167389
0.168048
0.168682
0.169316
0.169904
0.170500
0.171046
0.171608
0.172105
0.172602
0.173029
0.173479
0.173848
0.174242
0.174542
0.174862
0.175092
0.175344
0.175507
0.175695
0.175790
0.175837
0.175793
0.175749
0.175711
0.176395
0.177818
0.180174
0.183102
0.186964
0.191387
0.196564
0.202128
0.206955
0.213018
0.220350
0.227004
0.235367
0.239302
0.247763
0.256232
0.266743
0.274976
0.289548
0.292366
0.304947
0.307191
0.320314
0.318033
0.332416
0.330965
0.347868
0.350265
0.359394
0.365924
0.374150
0.380055
0.384399
0.390574
0.399144
0.402294
0.411571
0.411901
0.441610
0.427133
0.453387
0.435259
0.460880
0.445936
0.459142
0.438090
0.343403
0.339370
0.331906
0.321541
0.308810
0.294245
0.278395
0.261785
0.244987
0.228518
0.212973
0.198848
0.186783
0.177248
0.170903
0.168206
0.170583
0.178276
0.190869
0.204476
0.221777
0.235873
0.253973
0.263135
0.275134
0.278969
0.283942
0.277259
0.276147
0.258379
0.251536
0.280974
0.280735
0.280193
0.279357
0.278235
0.276839
0.275173
0.273266
0.271149
0.268825
0.266293
0.263582
0.260688
0.257627
0.254413
0.251067
0.247589
0.244001
0.240319
0.236554
0.232707
0.228829
0.224917
0.220991
0.217055
0.213139
0.209260
0.205445
0.201703
0.198052
0.194497
0.191043
0.187698
0.184515
0.181478
0.178643
0.175949
0.173464
0.171128
0.169036
0.167113
0.165473
0.164041
0.162915
0.161988
0.161410
0.161107
0.161258
0.162237
0.164478
0.167302
0.171992
0.176535
0.183436
0.189485
0.198343
0.206326
0.216717
0.226814
0.238665
0.250478
0.264019
0.277399
0.290852
0.302762
0.317613
0.329218
0.343321
0.347207
0.362136
0.364750
0.376147
0.377286
0.389431
0.388932
0.408532
0.416014
0.434283
0.435940
0.455094
0.446187
0.472938
0.455846
0.475845
0.455489
0.477607
0.458322
0.471601
0.442700
0.459849
0.425666
0.444519
0.419963
0.441185
0.265582
0.263299
0.258999
0.252992
0.245581
0.237098
0.227828
0.218131
0.208277
0.198656
0.189497
0.181245
0.174084
0.168482
0.164609
0.162986
0.164944
0.173364
0.184023
0.203493
0.215792
0.245532
0.254424
0.287385
0.289869
0.331613
0.321824
0.359344
0.342822
0.372088
0.349405
0.196227
0.196162
0.196010
0.195775
0.195461
0.195070
0.194605
0.194066
0.193462
0.192784
0.192047
0.191236
0.190368
0.189447
0.188501
0.187528
0.186512
0.185454
0.184378
0.183286
0.182188
0.181069
0.179929
0.178786
0.177619
0.176459
0.175269
0.174101
0.172905
0.171732
0.170532
0.169389
0.168345
0.167379
0.166432
0.165579
0.164754
0.164177
0.163598
0.163101
0.162567
0.162106
0.161531
0.161061
0.160616
0.160282
0.159945
0.159758
0.159601
0.159634
0.160163
0.161761
0.163819
0.167385
0.170530
0.176198
0.180289
0.188257
0.192958
0.202929
0.208355
0.219770
0.225203
0.238455
0.244643
0.262426
0.267674
0.284700
0.288062
0.304838
0.306053
0.316558
0.321714
0.334699
0.341383
0.354613
0.359521
0.379835
0.377085
0.399065
0.394549
0.427856
0.426084
0.448327
0.437138
0.462515
0.458837
0.481374
0.475541
0.495642
0.476427
0.487246
0.478897
0.489434
0.481411
0.493009
0.297091
0.294656
0.289343
0.281585
0.271797
0.260429
0.247895
0.234667
0.221128
0.207791
0.195008
0.183327
0.173081
0.164851
0.158964
0.156017
0.157107
0.165785
0.179547
0.200385
0.218263
0.244985
0.263605
0.292380
0.307758
0.330366
0.339617
0.355620
0.354486
0.362681
0.345554
0.353082
0.245968
0.245601
0.244998
0.244169
0.243119
0.241860
0.240395
0.238738
0.236889
0.234865
0.232694
0.230403
0.227975
0.225410
0.222718
0.219915
0.217015
0.214042
0.211001
0.207894
0.204738
0.201538
0.198309
0.195062
0.191810
0.188575
0.185357
0.182178
0.179045
0.176005
0.173031
0.170191
0.167440
0.164853
0.162580
0.160491
0.158491
0.156673
0.154955
0.153286
0.151763
0.150487
0.149374
0.148552
0.147868
0.147516
0.147345
0.147672
0.148731
0.151027
0.153572
0.158105
0.161788
0.168698
0.173431
0.182155
0.187832
0.198227
0.204898
0.216688
0.225300
0.238222
0.249723
0.260103
0.270303
0.281798
0.292359
0.303038
0.314377
0.324161
0.335207
0.346480
0.356372
0.364938
0.374565
0.391428
0.392726
0.411443
0.420438
0.444350
0.438458
0.459435
0.449271
0.482963
0.464365
0.496793
0.477892
0.507224
0.473941
0.500689
0.465054
0.514948
0.461507
0.523010
0.296433
0.292208
0.285170
0.275793
0.264488
0.251779
0.238035
0.223851
0.209533
0.195737
0.182714
0.171160
0.161301
0.153904
0.149151
0.147949
0.152781
0.166562
0.182330
0.207523
0.226510
0.258329
0.276405
0.307490
0.320642
0.342972
0.352181
0.361166
0.364502
0.355013
0.360163
0.247080
0.246807
0.246274
0.245491
0.244466
0.243209
0.241726
0.240036
0.238168
0.236117
0.233897
0.231508
0.228959
0.226262
0.223428
0.220466
0.217397
0.214228
0.210962
0.207605
0.204184
0.200709
0.197195
0.193656
0.190097
0.186578
0.183051
0.179611
0.176189
0.172893
0.169641
0.166545
0.163520
0.160678
0.157925
0.155382
0.152937
0.150711
0.148603
0.146742
0.145021
0.143572
0.142283
0.141324
0.140545
0.140126
0.139906
0.140193
0.141260
0.143586
0.146267
0.150775
0.154821
0.161295
0.166697
0.174280
0.181136
0.189394
0.197776
0.205967
0.217391
0.225301
0.238563
0.243648
0.259220
0.264502
0.280703
0.284625
0.298852
0.304637
0.317893
0.327013
0.336332
0.347738
0.353869
0.368833
0.371468
0.389100
0.399616
0.420163
0.418174
0.422083
0.419641
0.449247
0.435256
0.459872
0.442655
0.466070
0.435664
0.471569
0.437357
0.482986
0.434440
0.497106
0.275653
0.271812
0.265340
0.256678
0.246207
0.234409
0.221631
0.208428
0.195075
0.182194
0.170017
0.159195
0.149936
0.142961
0.138443
0.137112
0.141415
0.153542
0.168278
0.189494
0.208239
0.233449
0.252301
0.273961
0.290762
0.301840
0.316278
0.312259
0.322284
0.299237
0.311180
0.228122
0.227872
0.227375
0.226640
0.225672
0.224479
0.223067
0.221465
0.219675
0.217711
0.215581
0.213299
0.210876
0.208314
0.205625
0.202815
0.199905
0.196897
0.193810
0.190643
0.187418
0.184138
0.180821
0.177462
0.174065
0.170686
0.167300
0.163985
0.160673
0.157460
0.154272
0.151231
0.148252
0.145444
0.142713
0.140182
0.137739
0.135502
0.133373
0.131479
0.129714
0.128208
0.126850
0.125810
0.124943
0.124433
0.124120
0.124296
0.125158
0.127258
0.129589
0.133827
0.137243
0.143584
0.148156
0.155762
0.161542
0.170035
0.177301
0.186047
0.195983
0.204866
0.216693
0.224998
0.235234
0.245261
0.255161
0.266476
0.274581
0.283491
0.292940
0.304565
0.310392
0.321408
0.324996
0.340853
0.330414
0.359206
0.365305
0.389938
0.384714
0.406064
0.395008
0.420770
0.403456
0.427016
0.405245
0.431224
0.393785
0.436210
0.394192
0.445376
0.390610
0.456601
0.246833
0.243420
0.237591
0.229747
0.220237
0.209509
0.197864
0.185845
0.173670
0.161957
0.150832
0.140977
0.132489
0.126116
0.121906
0.120630
0.124191
0.136064
0.148288
0.171755
0.186029
0.217242
0.228997
0.261456
0.269097
0.294987
0.298569
0.314028
0.313841
0.311550
0.315490
0.188582
0.188405
0.188046
0.187512
0.186807
0.185939
0.184912
0.183748
0.182448
0.181021
0.179476
0.177817
0.176063
0.174215
0.172278
0.170253
0.168163
0.166003
0.163789
0.161520
0.159212
0.156870
0.154499
0.152109
0.149685
0.147281
0.144839
0.142438
0.140020
0.137680
0.135360
0.133156
0.130991
0.128969
0.127131
0.125454
0.123822
0.122327
0.120879
0.119503
0.118200
0.117084
0.116055
0.115268
0.114583
0.114173
0.113876
0.113893
0.114491
0.116235
0.118370
0.122200
0.125515
0.131511
0.135888
0.143265
0.148664
0.157093
0.163622
0.172202
0.181436
0.190123
0.201208
0.209985
0.218669
0.229232
0.238157
0.249721
0.257140
0.266872
0.274894
0.287784
0.292593
0.304263
0.307662
0.331100
0.323707
0.351192
0.355862
0.380133
0.376316
0.397366
0.373099
0.410373
0.392190
0.422256
0.395065
0.427429
0.386707
0.428715
0.386675
0.443707
0.385389
0.452519
0.246947
0.244224
0.238719
0.230865
0.221050
0.209744
0.197299
0.184267
0.170942
0.157956
0.145488
0.134237
0.124339
0.116591
0.111082
0.108588
0.110223
0.119874
0.132996
0.154728
0.172385
0.201453
0.219074
0.248877
0.264319
0.286529
0.299609
0.309532
0.319164
0.311563
0.322652
0.185429
0.185300
0.184962
0.184422
0.183687
0.182764
0.181659
0.180378
0.178929
0.177354
0.175651
0.173818
0.171878
0.169822
0.167662
0.165400
0.163063
0.160643
0.158166
0.155618
0.153031
0.150392
0.147729
0.145032
0.142320
0.139608
0.136885
0.134205
0.131521
0.128914
0.126315
0.123818
0.121361
0.119053
0.116840
0.114806
0.112866
0.111101
0.109417
0.107909
0.106498
0.105293
0.104198
0.103364
0.102631
0.102199
0.101902
0.101940
0.102535
0.104295
0.106456
0.110394
0.113718
0.119983
0.124353
0.132230
0.137524
0.146787
0.153091
0.162890
0.171492
0.181828
0.191926
0.202587
0.209845
0.223009
0.230176
0.244612
0.250995
0.263009
0.269833
0.285024
0.288775
0.302444
0.305139
0.329768
0.322066
0.350128
0.354631
0.380180
0.370963
0.370807
0.366015
0.401867
0.383540
0.412363
0.383584
0.415169
0.375154
0.415979
0.375952
0.430051
0.374098
0.440694
0.238568
0.236054
0.230715
0.222988
0.213277
0.202070
0.189715
0.176768
0.163489
0.150522
0.138022
0.126730
0.116772
0.108935
0.103312
0.100671
0.101974
0.111262
0.124502
0.146435
0.164993
0.194653
0.213869
0.244446
0.260791
0.284701
0.299029
0.311618
0.322367
0.317772
0.330609
0.166794
0.166697
0.166421
0.165973
0.165358
0.164583
0.163652
0.162573
0.161378
0.160063
0.158629
0.157089
0.155453
0.153713
0.151891
0.149977
0.148004
0.145956
0.143862
0.141701
0.139509
0.137273
0.135015
0.132731
0.130423
0.128135
0.125822
0.123542
0.121246
0.119029
0.116826
0.114716
0.112625
0.110640
0.108771
0.107043
0.105375
0.103846
0.102370
0.100998
0.099698
0.098573
0.097532
0.096712
0.095981
0.095507
0.095160
0.095088
0.095451
0.096888
0.098837
0.102364
0.105521
0.111201
0.115479
0.122638
0.128010
0.136329
0.143152
0.152011
0.161315
0.170644
0.181758
0.191546
0.200263
0.211927
0.219939
0.233514
0.237687
0.248995
0.256054
0.270468
0.274578
0.288805
0.291053
0.302433
0.288796
0.310737
0.317200
0.341968
0.339741
0.358703
0.346480
0.375037
0.356456
0.380695
0.359968
0.386333
0.350186
0.385571
0.352622
0.396793
0.352845
0.408248
0.217457
0.215728
0.211344
0.204695
0.196139
0.186099
0.174906
0.163061
0.150837
0.138818
0.127141
0.116482
0.106925
0.099238
0.093459
0.090368
0.090315
0.096871
0.106752
0.124683
0.139189
0.164756
0.179178
0.205748
0.218013
0.238164
0.250157
0.258391
0.269512
0.259871
0.276993
0.251913
0.155702
0.155456
0.155030
0.154431
0.153674
0.152767
0.151715
0.150530
0.149214
0.147786
0.146234
0.144593
0.142860
0.141044
0.139140
0.137178
0.135143
0.133062
0.130923
0.128757
0.126558
0.124342
0.122105
0.119840
0.117590
0.115306
0.113071
0.110792
0.108573
0.106323
0.104145
0.101944
0.099832
0.098279
0.096823
0.095379
0.094028
0.092670
0.091119
0.089599
0.088214
0.086866
0.085688
0.084479
0.083480
0.082551
0.081878
0.081355
0.081148
0.081286
0.082294
0.083680
0.086558
0.089007
0.093774
0.096724
0.103460
0.107129
0.115677
0.120390
0.130051
0.135954
0.146624
0.152288
0.167758
0.169132
0.185780
0.187771
0.204859
0.201324
0.215016
0.217219
0.228832
0.230218
0.244454
0.245348
0.259789
0.255516
0.267740
0.269039
0.288400
0.282353
0.319923
0.304665
0.330900
0.308382
0.336839
0.302642
0.325523
0.299419
0.332575
0.293854
0.318239
0.290256
0.317929
0.183923
0.182552
0.178925
0.173368
0.166200
0.157764
0.148358
0.138357
0.128045
0.117828
0.107919
0.098806
0.090659
0.084005
0.078983
0.076195
0.075972
0.081383
0.089636
0.106487
0.116977
0.144400
0.150941
0.184424
0.185356
0.223673
0.218100
0.250255
0.241608
0.266096
0.250711
0.261994
0.116386
0.116240
0.115985
0.115626
0.115164
0.114604
0.113947
0.113203
0.112397
0.111527
0.110580
0.109584
0.108528
0.107434
0.106283
0.105106
0.103873
0.102641
0.101370
0.100115
0.098816
0.097515
0.096192
0.094857
0.093511
0.092140
0.090779
0.089395
0.088022
0.086627
0.085277
0.083968
0.082744
0.081569
0.080492
0.079469
0.078678
0.077890
0.077168
0.076449
0.075822
0.075113
0.074527
0.073996
0.073548
0.073208
0.073024
0.072950
0.073315
0.074405
0.076382
0.078967
0.082476
0.086337
0.091354
0.096412
0.102744
0.108556
0.116622
0.122814
0.132532
0.139382
0.150772
0.163032
0.171522
0.180786
0.191246
0.200105
0.204027
0.211847
0.215458
0.225432
0.229231
0.245644
0.245289
0.267077
0.260180
0.289061
0.274391
0.308555
0.306312
0.336729
0.322711
0.331281
0.314664
0.347753
0.324102
0.354842
0.326559
0.361186
0.311870
0.356266
0.313478
0.364821
0.197874
0.196092
0.191618
0.184851
0.176161
0.165984
0.154644
0.142659
0.130274
0.118097
0.106285
0.095516
0.085898
0.078170
0.072366
0.069296
0.069341
0.076351
0.086330
0.107047
0.120138
0.150622
0.162704
0.199187
0.206627
0.244709
0.248174
0.277413
0.278874
0.294904
0.294149
0.289146
0.117489
0.117309
0.117001
0.116569
0.116016
0.115350
0.114572
0.113692
0.112707
0.111635
0.110515
0.109327
0.108070
0.106756
0.105376
0.103942
0.102457
0.100948
0.099404
0.097841
0.096233
0.094613
0.092957
0.091293
0.089605
0.087910
0.086212
0.084502
0.082792
0.081091
0.079446
0.077857
0.076357
0.074927
0.073611
0.072486
0.071453
0.070463
0.069569
0.068728
0.067939
0.067225
0.066651
0.066160
0.065757
0.065511
0.065380
0.065523
0.066409
0.068178
0.070822
0.074151
0.078481
0.083208
0.089054
0.095187
0.102284
0.109511
0.118172
0.125943
0.135882
0.144856
0.156177
0.168604
0.176861
0.188749
0.195695
0.210567
0.212402
0.227018
0.229600
0.246499
0.247227
0.267376
0.266169
0.293267
0.284229
0.312102
0.299684
0.341203
0.329095
0.359239
0.335723
0.368892
0.353260
0.387758
0.362263
0.392431
0.359734
0.385041
0.338891
0.365815
0.345149
0.372427
0.212447
0.208527
0.201739
0.192559
0.181445
0.168879
0.155306
0.141223
0.127063
0.113313
0.100421
0.088883
0.079123
0.071660
0.066900
0.065378
0.069929
0.082679
0.100441
0.125340
0.148945
0.181651
0.205478
0.242192
0.261546
0.296078
0.308866
0.340071
0.341773
0.364796
0.349716
0.136206
0.136036
0.135687
0.135167
0.134485
0.133649
0.132667
0.131565
0.130343
0.129016
0.127577
0.126063
0.124440
0.122743
0.120957
0.119119
0.117214
0.115277
0.113304
0.111301
0.109261
0.107206
0.105120
0.103023
0.100911
0.098796
0.096692
0.094585
0.092498
0.090433
0.088439
0.086512
0.084705
0.082973
0.081377
0.079888
0.078523
0.077229
0.076061
0.074981
0.074055
0.073225
0.072558
0.072000
0.071591
0.071353
0.071260
0.071450
0.072521
0.074558
0.077641
0.081364
0.086375
0.091461
0.098423
0.104513
0.113206
0.120019
0.130790
0.137883
0.150313
0.158458
0.172377
0.183047
0.193119
0.205243
0.213842
0.228659
0.231520
0.244028
0.246934
0.265583
0.266540
0.288970
0.291035
0.317540
0.312788
0.340187
0.329090
0.377422
0.362715
0.394374
0.372982
0.405730
0.395411
0.351058
0.346821
0.372411
0.351332
0.363720
0.350591
0.396995
0.362608
0.375681
0.215799
0.211962
0.205243
0.196096
0.184962
0.172312
0.158597
0.144297
0.129865
0.115788
0.102530
0.090595
0.080428
0.072547
0.067398
0.065522
0.069210
0.079840
0.094492
0.115485
0.134766
0.162867
0.180518
0.212212
0.222975
0.253736
0.256769
0.283999
0.275951
0.297671
0.276348
0.130024
0.129862
0.129523
0.129012
0.128336
0.127499
0.126510
0.125373
0.124097
0.122684
0.121143
0.119479
0.117700
0.115821
0.113909
0.111909
0.109831
0.107686
0.105499
0.103232
0.100897
0.098507
0.096074
0.093599
0.091106
0.088600
0.086081
0.083552
0.081026
0.078533
0.076094
0.073728
0.071432
0.069232
0.067113
0.065381
0.063713
0.062130
0.060602
0.059189
0.057656
0.056303
0.055071
0.054044
0.053168
0.052448
0.051943
0.051660
0.051762
0.052546
0.053968
0.056371
0.058973
0.063135
0.067000
0.073048
0.078015
0.085724
0.091954
0.101089
0.108984
0.119617
0.129045
0.142131
0.148566
0.162035
0.171521
0.182935
0.193008
0.199051
0.211096
0.216444
0.233112
0.234669
0.252376
0.253460
0.278473
0.271113
0.255208
0.262940
0.293990
0.284102
0.306221
0.289710
0.317758
0.299251
0.325671
0.305346
0.332807
0.301325
0.335604
0.304385
0.344032
0.305665
0.355636
0.178097
0.174190
0.167884
0.159588
0.149649
0.138542
0.126555
0.114247
0.101834
0.089937
0.078695
0.068800
0.060357
0.054121
0.050153
0.049298
0.052719
0.062722
0.072835
0.090235
0.102606
0.124483
0.136023
0.156585
0.165351
0.178318
0.187739
0.188409
0.198389
0.184495
0.201804
0.139447
0.139162
0.138633
0.137870
0.136884
0.135687
0.134291
0.132706
0.130950
0.129019
0.126950
0.124724
0.122358
0.119854
0.117241
0.114510
0.111701
0.108805
0.105846
0.102813
0.099741
0.096624
0.093475
0.090304
0.087113
0.083961
0.080799
0.077702
0.074612
0.071617
0.068680
0.065893
0.063180
0.060646
0.058211
0.055976
0.053837
0.051880
0.050035
0.048402
0.046895
0.045615
0.044480
0.043624
0.042922
0.042532
0.042338
0.042618
0.043622
0.045699
0.048083
0.051906
0.055374
0.060606
0.065177
0.071040
0.076850
0.082987
0.090286
0.095616
0.106037
0.110331
0.124423
0.124644
0.141842
0.139718
0.159417
0.153762
0.165552
0.165281
0.177577
0.182801
0.191712
0.202913
0.209400
0.223241
0.223620
0.220807
0.212130
0.230210
0.234384
0.241389
0.239296
0.245493
0.238682
0.238955
0.232234
0.232763
0.208688
0.229843
0.210503
0.237616
0.208649
0.258750
0.133423
0.130489
0.125694
0.119346
0.111697
0.103109
0.093798
0.084205
0.074476
0.065122
0.056234
0.048388
0.041647
0.036610
0.033316
0.032455
0.034956
0.042729
0.049952
0.065551
0.073336
0.093714
0.098374
0.120165
0.121723
0.141662
0.138709
0.151185
0.146965
0.147526
0.152346
0.074596
0.074453
0.074181
0.073782
0.073258
0.072610
0.071844
0.070959
0.069964
0.068910
0.067762
0.066538
0.065237
0.063867
0.062407
0.060897
0.059310
0.057714
0.056046
0.054363
0.052616
0.050866
0.049059
0.047256
0.045405
0.043572
0.041690
0.039840
0.037950
0.036110
0.034291
0.032566
0.030876
0.029304
0.028112
0.027039
0.025992
0.025022
0.024055
0.022936
0.021865
0.020928
0.020048
0.019344
0.018735
0.018240
0.017895
0.017703
0.017768
0.018440
0.019733
0.021762
0.024198
0.027712
0.031302
0.036005
0.040467
0.046385
0.051599
0.058245
0.064435
0.072267
0.078859
0.089120
0.099529
0.107275
0.116081
0.122072
0.133545
0.134086
0.139600
0.143836
0.157232
0.148932
0.171202
0.161815
0.189919
0.174631
0.213103
0.186338
0.210482
0.190403
0.224126
0.213383
0.241748
0.218131
0.247027
0.219353
0.232623
0.212770
0.228195
0.209582
0.233050
0.208131
0.240098
0.120875
0.117959
0.112968
0.106239
0.098089
0.088886
0.078898
0.068561
0.058075
0.047979
0.038394
0.029899
0.022556
0.017031
0.013280
0.012070
0.014215
0.022970
0.030925
0.050207
0.057910
0.086738
0.090166
0.123454
0.123029
0.158237
0.152532
0.181906
0.173272
0.193254
0.185199
0.071203
0.071046
0.070726
0.070251
0.069627
0.068858
0.067954
0.066937
0.065808
0.064568
0.063237
0.061803
0.060301
0.058709
0.057060
0.055333
0.053572
0.051746
0.049895
0.047990
0.046069
0.044111
0.042143
0.040160
0.038170
0.036183
0.034187
0.032203
0.030212
0.028255
0.026298
0.024394
0.022543
0.021214
0.019970
0.018854
0.017792
0.016808
0.015737
0.014758
0.013812
0.012962
0.012171
0.011385
0.010698
0.010183
0.009725
0.009487
0.009366
0.009574
0.010308
0.011956
0.013881
0.017245
0.019987
0.025145
0.028464
0.035361
0.039186
0.047309
0.051639
0.061149
0.066302
0.076856
0.084079
0.100701
0.105450
0.116321
0.122055
0.131535
0.133476
0.142124
0.141567
0.152856
0.154848
0.170865
0.170131
0.199118
0.196558
0.221322
0.207434
0.239076
0.235851
0.264388
0.247625
0.273824
0.211411
0.231718
0.211778
0.240761
0.212434
0.241816
0.197021
0.236941
0.197712
0.246329
0.134470
0.130949
0.125008
0.117055
0.107447
0.096643
0.084938
0.072874
0.060666
0.048935
0.037821
0.028009
0.019584
0.013305
0.009195
0.008076
0.011413
0.022237
0.033173
0.056036
0.068688
0.100239
0.111788
0.148070
0.154843
0.191574
0.194415
0.221906
0.223316
0.238932
0.236677
0.053533
0.053413
0.053176
0.052826
0.052370
0.051810
0.051157
0.050409
0.049582
0.048668
0.047690
0.046626
0.045523
0.044412
0.043263
0.042069
0.040848
0.039596
0.038346
0.037081
0.035810
0.034520
0.033225
0.031922
0.030613
0.029315
0.028024
0.026757
0.025496
0.024267
0.023047
0.021877
0.020740
0.019681
0.018675
0.017794
0.017379
0.017032
0.016667
0.016334
0.015999
0.015418
0.014889
0.014474
0.014118
0.013897
0.013689
0.013647
0.013667
0.013922
0.014722
0.016489
0.018557
0.022105
0.025080
0.030741
0.034493
0.041786
0.046381
0.055393
0.060576
0.070622
0.077240
0.089069
0.096185
0.111892
0.114701
0.130707
0.132159
0.151228
0.146590
0.164375
0.163031
0.184726
0.181490
0.204260
0.201183
0.228697
0.218053
0.248217
0.249638
0.278840
0.269262
0.293061
0.276066
0.316954
0.298543
0.334736
0.302301
0.340839
0.292635
0.249596
0.229744
0.290096
0.236396
0.298552
0.165696
0.162078
0.155430
0.146235
0.134917
0.122013
0.107901
0.093219
0.078246
0.063831
0.050074
0.037779
0.027089
0.018903
0.013291
0.011144
0.013758
0.024359
0.037092
0.060391
0.077611
0.109979
0.127621
0.163849
0.178931
0.211117
0.226394
0.249921
0.262264
0.271701
0.279352
0.099239
0.099052
0.098634
0.097996
0.097147
0.096098
0.094860
0.093441
0.091862
0.090155
0.088311
0.086341
0.084268
0.082081
0.079804
0.077436
0.075008
0.072513
0.069972
0.067372
0.064740
0.062068
0.059376
0.056673
0.053977
0.051290
0.048624
0.045986
0.043370
0.040792
0.038260
0.035768
0.033329
0.031011
0.029322
0.027778
0.026306
0.024930
0.023621
0.022073
0.020662
0.019445
0.018376
0.017521
0.016816
0.016251
0.015904
0.015783
0.015937
0.016834
0.018521
0.021230
0.024413
0.028960
0.033752
0.039645
0.046069
0.053221
0.061174
0.068652
0.078289
0.086683
0.097757
0.107699
0.120957
0.127168
0.143463
0.147774
0.165862
0.167404
0.180581
0.185317
0.203321
0.202462
0.222893
0.222477
0.247467
0.242328
0.281844
0.282826
0.262647
0.219448
0.259193
0.252000
0.280483
0.254405
0.283807
0.251929
0.268604
0.250906
0.272336
0.253367
0.283197
0.255468
0.286853
0.160098
0.157117
0.151218
0.142847
0.132428
0.120442
0.107271
0.093469
0.079411
0.065717
0.052622
0.040837
0.030548
0.022515
0.016873
0.014408
0.016095
0.024664
0.036625
0.055816
0.072465
0.097929
0.116206
0.141099
0.160999
0.181042
0.199856
0.210271
0.226495
0.224336
0.236914
0.110139
0.109970
0.109547
0.108877
0.107971
0.106839
0.105490
0.103951
0.102242
0.100361
0.098329
0.096149
0.093843
0.091403
0.088860
0.086210
0.083485
0.080678
0.077812
0.074883
0.071914
0.068902
0.065874
0.062835
0.059802
0.056780
0.053786
0.050812
0.047862
0.044961
0.042065
0.039226
0.036479
0.034095
0.031817
0.029733
0.027759
0.025967
0.024116
0.022463
0.020923
0.019596
0.018422
0.017497
0.016658
0.016134
0.015795
0.015820
0.016233
0.017541
0.019263
0.022334
0.025178
0.030081
0.033801
0.040367
0.044887
0.052890
0.057876
0.066917
0.072565
0.082776
0.089384
0.103206
0.107555
0.120855
0.124495
0.138812
0.139626
0.148433
0.153060
0.167332
0.165660
0.181491
0.182213
0.199629
0.193858
0.229177
0.227335
0.253972
0.238506
0.200385
0.203968
0.233318
0.213050
0.237683
0.213236
0.224476
0.206521
0.222084
0.205588
0.233923
0.200904
0.233516
0.201748
0.127249
0.123530
0.117730
0.110180
0.101255
0.091247
0.080589
0.069521
0.058559
0.047870
0.038044
0.029184
0.021944
0.016349
0.013143
0.012427
0.016602
0.023158
0.037114
0.045841
0.067914
0.075433
0.100400
0.106811
0.132540
0.135196
0.155772
0.155622
0.165969
0.166523
0.164997
0.087337
0.087074
0.086604
0.085935
0.085072
0.084034
0.082837
0.081484
0.079977
0.078344
0.076570
0.074697
0.072711
0.070637
0.068463
0.066228
0.063908
0.061537
0.059102
0.056640
0.054135
0.051617
0.049078
0.046540
0.044003
0.041482
0.038971
0.036481
0.034042
0.031631
0.029301
0.027031
0.025239
0.023509
0.021922
0.020409
0.019039
0.017804
0.016678
0.015578
0.014592
0.013654
0.012615
0.011688
0.010972
0.010323
0.009946
0.009732
0.009801
0.010232
0.011453
0.013089
0.015944
0.018534
0.023147
0.026488
0.032969
0.037206
0.044747
0.049792
0.058647
0.064157
0.073322
0.080131
0.094368
0.097368
0.111159
0.113759
0.128053
0.126972
0.140121
0.139026
0.153800
0.153096
0.172805
0.168742
0.191031
0.187347
0.214368
0.201766
0.233924
0.232273
0.203888
0.198488
0.228856
0.208278
0.234863
0.208490
0.239853
0.207977
0.242194
0.191343
0.231975
0.190610
0.242900
0.122306
0.120768
0.116853
0.110912
0.103258
0.094286
0.084260
0.073661
0.062679
0.051881
0.041377
0.031799
0.023196
0.016266
0.011016
0.008211
0.008020
0.013354
0.020799
0.037556
0.047356
0.073826
0.082873
0.115629
0.120561
0.156107
0.156290
0.186623
0.186459
0.206442
0.204666
0.208005
0.065489
0.065278
0.064913
0.064403
0.063751
0.062967
0.062054
0.061023
0.059874
0.058657
0.057338
0.055951
0.054484
0.052958
0.051352
0.049701
0.047986
0.046256
0.044492
0.042713
0.040895
0.039065
0.037211
0.035349
0.033476
0.031602
0.029746
0.027888
0.026056
0.024234
0.022466
0.020735
0.019090
0.017520
0.016092
0.015378
0.014746
0.014111
0.013521
0.012936
0.011942
0.011028
0.010259
0.009582
0.009073
0.008672
0.008372
0.008237
0.008248
0.008581
0.009592
0.011299
0.013740
0.016757
0.020707
0.025118
0.030245
0.035920
0.042149
0.048843
0.055233
0.063289
0.070472
0.079522
0.090372
0.096655
0.106790
0.113973
0.123857
0.128008
0.134133
0.143694
0.148469
0.162303
0.161999
0.180661
0.177963
0.203483
0.192811
0.233028
0.224406
0.254714
0.232108
0.266386
0.254989
0.284236
0.261203
0.299845
0.221482
0.239361
0.217270
0.245121
0.217969
0.253088
0.218733
0.258641
0.141804
0.137637
0.130935
0.122125
0.111598
0.099822
0.087130
0.074073
0.060918
0.048308
0.036503
0.026181
0.017428
0.011049
0.007059
0.006420
0.010692
0.022732
0.034866
0.058080
0.072364
0.103275
0.116091
0.147860
0.159045
0.187610
0.195488
0.215900
0.218106
0.228557
0.227217
0.085967
0.085722
0.085269
0.084615
0.083769
0.082739
0.081535
0.080163
0.078652
0.077030
0.075284
0.073418
0.071441
0.069353
0.067180
0.064920
0.062600
0.060212
0.057779
0.055292
0.052773
0.050217
0.047653
0.045076
0.042509
0.039947
0.037416
0.034902
0.032444
0.030031
0.027693
0.025409
0.023274
0.021478
0.019866
0.018368
0.017030
0.015748
0.014436
0.013208
0.012158
0.011200
0.010444
0.009790
0.009270
0.008923
0.008789
0.008886
0.009580
0.010970
0.013245
0.015969
0.019904
0.023929
0.029170
0.034340
0.040683
0.046769
0.052963
0.060549
0.066916
0.075718
0.082333
0.093944
0.098779
0.109040
0.114511
0.127325
0.131284
0.141725
0.144088
0.160115
0.156576
0.174683
0.172739
0.193972
0.188105
0.218778
0.218805
0.240646
0.228766
0.255207
0.253600
0.280378
0.261988
0.291661
0.268811
0.290485
0.269091
0.293092
0.266994
0.303656
0.257394
0.305442
0.150579
0.148064
0.142757
0.135099
0.125507
0.114446
0.102354
0.089705
0.076786
0.064224
0.052160
0.041338
0.031782
0.024330
0.018954
0.016553
0.017582
0.026173
0.036043
0.059702
0.070586
0.108404
0.115674
0.159937
0.160451
0.210619
0.203101
0.251907
0.238634
0.272882
0.258025
0.094356
0.094247
0.093939
0.093443
0.092769
0.091924
0.090923
0.089765
0.088474
0.087038
0.085504
0.083871
0.082152
0.080345
0.078467
0.076516
0.074515
0.072457
0.070362
0.068227
0.066072
0.063894
0.061707
0.059513
0.057322
0.055141
0.052977
0.050829
0.048704
0.046618
0.044570
0.042581
0.040677
0.039161
0.037751
0.036506
0.035376
0.034441
0.033949
0.033587
0.033201
0.032881
0.032575
0.031980
0.031479
0.031149
0.030919
0.030804
0.030849
0.031044
0.031540
0.032785
0.034777
0.037653
0.040879
0.045229
0.049428
0.055401
0.060690
0.067827
0.074363
0.082884
0.090253
0.100980
0.109570
0.125769
0.134716
0.145388
0.156016
0.164327
0.172494
0.173920
0.181538
0.183527
0.199518
0.201292
0.221502
0.221499
0.251052
0.240581
0.241389
0.233850
0.283871
0.268141
0.300830
0.275616
0.309163
0.278270
0.307376
0.280365
0.313576
0.281647
0.292126
0.272067
0.289358
0.268443
0.291466
0.157144
0.153615
0.147739
0.139907
0.130470
0.119854
0.108400
0.096565
0.084729
0.073343
0.062673
0.053207
0.045182
0.039166
0.035351
0.034384
0.038188
0.049248
0.061495
0.083749
0.097593
0.128391
0.139805
0.176817
0.180761
0.221944
0.215499
0.256357
0.241192
0.273482
0.249167
0.105089
0.104895
0.104518
0.103963
0.103241
0.102356
0.101321
0.100140
0.098843
0.097416
0.095886
0.094238
0.092500
0.090660
0.088748
0.086746
0.084693
0.082576
0.080428
0.078224
0.075992
0.073710
0.071416
0.069079
0.066758
0.064408
0.062092
0.059753
0.057470
0.055178
0.052969
0.050806
0.048768
0.046803
0.045013
0.043998
0.043118
0.042272
0.041546
0.040840
0.039877
0.038962
0.038180
0.037451
0.036889
0.036321
0.035912
0.035654
0.035577
0.035642
0.036285
0.037662
0.039965
0.042732
0.046763
0.050788
0.056298
0.061336
0.068234
0.074164
0.082411
0.089036
0.098707
0.105752
0.117547
0.129156
0.140133
0.150074
0.158564
0.167988
0.172373
0.176172
0.184044
0.194383
0.194435
0.211214
0.211749
0.232132
0.224340
0.265671
0.262441
0.290611
0.275269
0.305624
0.303164
0.328632
0.313889
0.337199
0.320622
0.335194
0.321848
0.343510
0.325210
0.354487
0.265250
0.298504
0.181030
0.178595
0.173169
0.165207
0.155134
0.143434
0.130483
0.116835
0.102803
0.089025
0.075733
0.063647
0.052929
0.044370
0.038094
0.034950
0.035427
0.042785
0.052486
0.072705
0.084592
0.116861
0.126018
0.165451
0.170825
0.214355
0.213589
0.254869
0.250186
0.278845
0.272536
0.286994
0.082656
0.082463
0.082145
0.081708
0.081157
0.080501
0.079740
0.078889
0.077944
0.076923
0.075827
0.074690
0.073495
0.072247
0.070954
0.069620
0.068258
0.066862
0.065457
0.064023
0.062591
0.061128
0.059655
0.058157
0.056651
0.055126
0.053596
0.052055
0.050501
0.048940
0.047376
0.045862
0.044508
0.043241
0.042066
0.041002
0.040028
0.039243
0.038532
0.037827
0.037158
0.036571
0.035938
0.035429
0.035007
0.034738
0.034569
0.034591
0.034970
0.036254
0.038014
0.041144
0.043884
0.049029
0.052341
0.059712
0.063333
0.072882
0.076913
0.088695
0.092951
0.107007
0.110763
0.130268
0.132295
0.151183
0.149996
0.170853
0.172782
0.188627
0.192203
0.206573
0.211019
0.226270
0.229787
0.246055
0.249271
0.275423
0.269156
0.294648
0.284300
